variable,Albania489,Albania490,Albania491,Albania492,Albania493,Albania494,Albania495,Albania496,Albania497,Albania498,Albania499,Albania500,Albania501,Albania502,Albania503,Albania504,Algeria867,Algeria868,Algeria869,Algeria870,Algeria871,Algeria872,Algeria873,Algeria874,Algeria875,Algeria876,Algeria877,Algeria878,Algeria879,Algeria880,Algeria881,Algeria882,Algeria883,Algeria884,Algeria885,Algeria886,Algeria887,Algeria888,Algeria889,Algeria890,Algeria891,Algeria892,Algeria893,Algeria894,Algeria895,Algeria896,Algeria897,Algeria898,Algeria899,Algeria900,Algeria901,Algeria902,Angola1206,Angola1207,Angola1208,Angola1211,Angola1212,Angola1213,Angola1214,Angola1215,Angola1216,Angola1217,Angola1218,Angola1219,Angola1220,Angola1221,Angola1222,Angola1223,Angola1224,Angola1225,Angola1226,Angola1227,Angola1228,Angola1229,Angola1230,Angola1231,Angola1232,Angola1233,Angola1234,Angola1235,AntiguaandBarbuda8103,AntiguaandBarbuda8106,Argentina4333,Argentina4334,Argentina4347,Argentina4348,Argentina4349,Argentina4350,Argentina4375,Argentina4376,Argentina4377,Argentina4378,Argentina4379,Argentina4380,Argentina4381,Argentina4382,Argentina4383,Argentina4413,Argentina4467,Argentina4468,Argentina4469,Argentina4474,Argentina4492,Argentina4493,Argentina4494,Argentina4495,Argentina4496,Argentina4497,Argentina4519,Argentina4534,Argentina4535,Argentina4536,Argentina4543,Argentina4544,Argentina4545,Argentina4546,Argentina4547,Argentina4548,Argentina4549,Argentina4550,Argentina8424,Argentina8564,Argentina8566,Argentina8567,Argentina8568,Argentina8570,Argentina8571,Argentina8572,Argentina8573,Argentina8818,Aruba8014,Australia10193,Australia10223,Australia10434,Australia10920,Australia10921,Australia10922,Australia10923,Australia10924,Australia10925,Australia10926,Australia10927,Australia10928,Australia10929,Australia10930,Australia10931,Australia10932,Australia10933,Australia10934,Australia10935,Australia10936,Australia10937,Australia10938,Australia10939,Australia10940,Australia10941,Australia10942,Australia10943,Australia10944,Australia10945,Australia10946,Australia10947,Australia10948,Australia10949,Australia10950,Australia10951,Australia10952,Australia10953,Australia10954,Australia10955,Australia10956,Australia10957,Australia10958,Australia10959,Australia10960,Australia10961,Australia10962,Australia10963,Australia10964,Australia10965,Australia10966,Australia10967,Australia10968,Australia10969,Australia10970,Australia10971,Australia10972,Australia10973,Australia10974,Australia10975,Australia10976,Australia10977,Australia10978,Australia10979,Australia10980,Australia10981,Australia10982,Australia10983,Australia10984,Australia10985,Australia10986,Australia10987,Australia10988,Australia10989,Australia10990,Australia10991,Australia10992,Australia10993,Australia10994,Australia10995,Australia10996,Australia10997,Australia10998,Australia10999,Australia11000,Australia11001,Australia11002,Australia11003,Australia11004,Australia11005,Australia11006,Australia11007,Australia11008,Australia11009,Australia11010,Australia11011,Australia11012,Australia11013,Australia11014,Australia11015,Australia11016,Australia11017,Australia11018,Australia11019,Australia11020,Australia11021,Australia11022,Australia11023,Australia11024,Australia11025,Australia11026,Australia11027,Australia11028,Australia11029,Australia11030,Australia11031,Australia11032,Australia11033,Australia11034,Australia11035,Australia11036,Australia11037,Australia11038,Australia11039,Australia11040,Australia11041,Australia11042,Australia11043,Australia11044,Australia11045,Australia11046,Australia11047,Australia11048,Australia11049,Australia11050,Australia11051,Australia11052,Australia11053,Australia11054,Australia11055,Australia11056,Australia11057,Australia11058,Australia11059,Australia11060,Australia11061,Australia11062,Australia11063,Australia11064,Australia11065,Australia11066,Australia11067,Australia11068,Australia11069,Australia11070,Australia11071,Australia11072,Australia11073,Australia11074,Australia11075,Australia11076,Australia11077,Australia11078,Australia11079,Australia11080,Australia11081,Australia11082,Australia11083,Australia11084,Australia11085,Australia11086,Australia11087,Australia11088,Australia11089,Australia11090,Australia11091,Australia11092,Australia11093,Australia11094,Australia11095,Australia11096,Australia11097,Australia11098,Australia11099,Australia11100,Australia11101,Australia11102,Australia11103,Australia11104,Australia11105,Australia11106,Australia11107,Australia11108,Australia11162,Australia11171,Australia11457,Australia11460,Australia11642,Australia11643,Australia11644,Australia11645,Australia11651,Australia11674,Australia11675,Australia11679,Australia11685,Australia11687,Australia11689,Australia11696,Australia11697,Australia11698,Australia11699,Australia11713,Australia11733,Australia11759,Australia11760,Australia11761,Australia11810,Australia11811,Australia11814,Australia11815,Australia11816,Australia11817,Australia11818,Australia11819,Australia11820,Australia11832,Australia11833,Australia11834,Australia11836,Australia11837,Australia11838,Australia11839,Australia11840,Australia11841,Australia11842,Australia12036,Australia12039,Bahamas7579,Bahamas7580,Bahamas7581,Bahamas7582,Bahamas7583,Bahamas7584,Bahamas7585,Bahamas7591,Bahamas7592,Bahamas7605,Bahamas7610,Bahamas7616,Bahamas7618,Bahamas7619,Bahamas7620,Bahamas7622,Bahamas7623,Bahamas7624,Bahamas7625,Bahamas7627,Bahamas7628,Bahamas7629,Bahamas7630,Bahamas7632,Bahamas7643,Bahamas7644,Bahamas7645,Bahamas7652,Bahamas7655,Bahamas7656,Bahamas7657,Bahamas7658,Bahamas7659,Bahamas7663,Bahamas7675,Bahamas7706,Bahamas7707,Bahamas7708,Bahamas7710,Bahamas7716,Bahamas7718,Bahamas7719,Bahamas7720,Bahamas7721,Bahamas7723,Bahamas7724,Bahamas7725,Bahamas7726,Bahamas7727,Bahamas7728,Bahamas7729,Bahamas7730,Bahamas7758,Bahamas7760,Bahamas7761,Bahamas7762,Bahamas7764,Bahamas7765,Bahamas7771,Bahamas7774,Bahamas7781,Bahamas7782,Bahamas7783,Bahamas7784,Bahamas7786,Bahamas7789,Bahamas7804,Bahamas7806,Bahrain9350,Bahrain9351,Bahrain9352,Bahrain9353,Bahrain9354,Bahrain9355,Bahrain9356,Bahrain9360,Bahrain9365,Bangladesh10054,Bangladesh10055,Bangladesh10059,Bangladesh10060,Bangladesh10061,Bangladesh10063,Bangladesh10065,Bangladesh10073,Bangladesh10074,Bangladesh10075,Bangladesh1847,Bangladesh1848,Bangladesh1849,Bangladesh1850,Bangladesh1851,Bangladesh1852,Bangladesh1853,Bangladesh1854,Bangladesh1855,Bangladesh1856,Bangladesh1857,Bangladesh1858,Bangladesh1859,Bangladesh1860,Bangladesh1861,Bangladesh1862,Bangladesh1863,Bangladesh1864,Bangladesh1865,Bangladesh1866,Bangladesh1867,Bangladesh1868,Bangladesh1869,Bangladesh1870,Bangladesh1871,Bangladesh1872,Bangladesh1873,Bangladesh1874,Bangladesh1875,Bangladesh1876,Bangladesh1877,Bangladesh1878,Bangladesh1879,Bangladesh1880,Bangladesh1881,Bangladesh1882,Bangladesh1883,Bangladesh1884,Bangladesh1885,Bangladesh1886,Barbados8158,Belgium3186,Belgium3187,Belgium3188,Belgium3189,Belgium3196,Belgium3197,Belgium3198,Belgium3199,Belgium3200,Belgium3201,Belize4738,Belize4739,Belize4740,Belize4741,Belize4742,Belize4743,Belize7346,Belize7354,Benin1133,Benin1134,Benin1135,Benin1136,Benin1137,Benin1138,Benin1139,Bermuda7942,BosniaandHerzegovina486,Brazil4597,Brazil4598,Brazil4602,Brazil4616,Brazil4617,Brazil4618,Brazil4619,Brazil4620,Brazil4630,Brazil4631,Brazil4632,Brazil4633,Brazil4634,Brazil4635,Brazil4636,Brazil4637,Brazil4656,Brazil4657,Brazil4658,Brazil4659,Brazil4660,Brazil4661,Brazil4662,Brazil4663,Brazil4664,Brazil4665,Brazil4672,Brazil4673,Brazil4674,Brazil4675,Brazil4676,Brazil4677,Brazil4678,Brazil4679,Brazil4680,Brazil4681,Brazil4682,Brazil4683,Brazil4684,Brazil4685,Brazil4686,Brazil4687,Brazil4688,Brazil4698,Brazil4699,Brazil4700,Brazil4701,Brazil4702,Brazil4703,Brazil4704,Brazil4705,Brazil4706,Brazil4707,Brazil4708,Brazil4709,Brazil4880,Brazil4881,Brazil4882,Brazil4883,Brazil4884,Brazil4885,Brazil4886,Brazil4887,Brazil4888,Brazil4889,Brazil4890,Brazil4891,Brazil4892,Brazil4893,Brazil4894,Brazil4895,Brazil4896,Brazil4897,Brazil4898,Brazil4899,Brazil4900,Brazil4901,Brazil4902,Brazil4903,Brazil4904,Brazil4905,Brazil4906,Brazil4907,Brazil4908,Brazil4909,Brazil4910,Brazil4911,Brazil4912,Brazil4913,Brazil4914,Brazil4915,Brazil4916,Brazil4917,Brazil4918,Brazil4919,Brazil4920,Brazil4921,Brazil4922,Brazil4923,Brazil4924,Brazil4925,Brazil4926,Brazil4927,Brazil4928,Brazil4929,Brazil4930,Brazil4931,Brazil4932,Brazil4933,Brazil4934,Brazil4935,Brazil4936,Brazil4937,Brazil4938,Brazil4939,Brazil4940,Brazil4941,Brazil4942,Brazil4943,Brazil4944,Brazil4945,Brazil4946,Brazil4947,Brazil4948,Brazil4949,Brazil4950,Brazil4951,Brazil4952,Brazil4953,Brazil4954,Brazil4955,Brazil4956,Brazil4957,Brazil4958,Brazil4959,Brazil4960,Brazil4961,Brazil4962,Brazil4963,Brazil4964,Brazil4965,Brazil4966,Brazil4967,Brazil4968,Brazil4969,Brazil4970,Brazil4971,Brazil4972,Brazil4973,Brazil4974,Brazil4975,Brazil4976,Brazil4977,Brazil8200,Brazil8201,Brazil8202,Brazil8203,Brazil8204,Brazil8205,Brazil8206,Brazil8207,Brazil8208,Brazil8209,Brazil8210,Brazil8211,Brazil8212,Brazil8213,Brazil8214,Brazil8215,Brazil8216,Brazil8217,Brazil8218,Brazil8219,Brazil8220,Brazil8222,Brazil8223,Brazil8224,Brazil8227,Brazil8230,Brazil8231,Brazil8232,Brazil8233,Brazil8234,Brazil8235,Brazil8236,Brazil8237,Brazil8238,Brazil8243,Brazil8249,Brazil8281,Brazil8288,Brazil8308,Brazil8441,Brazil8442,Brazil8443,Brazil8448,Brazil8451,Brazil8457,Brazil8458,Brazil8459,Brazil8460,Brazil8461,Brazil8472,Brazil8474,Brazil8528,BruneiDarussalam10382,BruneiDarussalam10383,BruneiDarussalam10384,BruneiDarussalam10385,BruneiDarussalam10386,BruneiDarussalam10387,BruneiDarussalam10392,BruneiDarussalam10393,Bulgaria555,Bulgaria556,Bulgaria557,Bulgaria558,Cambodia2101,Cambodia2102,Cambodia2103,Cambodia2104,Cambodia2105,Cambodia2106,Cambodia2107,Cambodia2108,Cambodia2109,Cambodia2110,Cambodia2111,Cambodia2112,Cambodia2113,Cambodia2114,Cambodia2115,Cameroon1187,Cameroon1188,Cameroon1189,Cameroon1190,Cameroon1191,Cameroon1192,Cameroon1193,Cameroon1194,Cameroon1195,Cameroon1196,Cameroon1197,Canada3384,Canada3386,Canada3388,Canada3389,Canada3394,Canada3396,Canada3400,Canada3405,Canada3409,Canada3411,Canada3412,Canada3413,Canada3414,Canada3415,Canada3416,Canada3417,Canada3418,Canada3419,Canada3427,Canada3429,Canada3431,Canada3432,Canada3433,Canada3436,Canada3437,Canada3438,Canada3440,Canada3442,Canada3444,Canada3445,Canada3446,Canada3447,Canada3448,Canada3449,Canada3450,Canada3452,Canada3453,Canada3454,Canada3455,Canada3456,Canada3457,Canada3458,Canada3459,Canada3460,Canada3461,Canada3462,Canada3463,Canada3464,Canada3465,Canada3466,Canada3467,Canada3468,Canada3469,Canada3470,Canada3471,Canada3472,Canada3473,Canada3474,Canada3475,Canada3476,Canada3477,Canada3478,Canada3479,Canada3480,Canada3481,Canada3482,Canada3483,Canada3484,Canada3485,Canada3486,Canada3487,Canada3488,Canada3490,Canada3491,Canada3492,Canada3493,Canada3494,Canada3542,Canada3545,Canada3562,Canada3563,Canada3564,Canada3609,Canada3702,Canada3705,Canada3720,Canada3721,Canada3722,Canada3723,Canada3725,Canada3726,Canada3729,Canada3730,Canada3733,Canada3734,Canada3735,Canada3736,Canada3744,Canada3748,Canada3749,Canada3765,Canada3785,Canada3805,Canada3846,Canada3882,Canada3944,Canada3965,Canada3967,Canada3968,Canada3969,Canada3970,Canada3971,Canada3972,Canada3974,Canada3979,Canada3982,Canada3987,Canada3988,Canada3989,Canada3990,Canada3991,Canada3994,Canada3995,Canada4001,Canada4002,Canada4003,Canada4004,Canada4005,Canada4006,Canada4007,Canada4008,Canada4009,Canada4010,Canada4011,Canada4012,Canada4015,Canada4016,Canada4017,Canada4019,Canada4020,Canada4021,Canada4022,Canada4023,Canada4024,Canada4025,Canada4026,Canada4027,Canada4031,Canada4035,Canada4036,Canada4037,Canada4038,Canada4042,Canada4043,Canada4044,Canada4045,Canada4046,Canada4047,Canada4048,Canada4049,Canada4050,Canada4051,Canada4052,Canada4053,Canada4054,Canada4055,Canada4056,Canada4057,Canada4058,Canada4059,Canada4060,Canada4061,Canada4062,Canada4063,Canada4064,Canada4066,Canada4067,Canada4068,Canada4069,Canada4070,Canada4071,Canada4072,Canada4073,Canada4075,Canada4076,Canada4077,Canada4078,Canada5045,Canada5046,Canada5047,Canada5057,Canada5092,Canada5094,Canada5095,Canada5096,Canada5097,Canada5098,Canada5099,Canada5100,Canada5101,Canada5102,Canada5103,Canada5104,Canada5105,Canada5106,Canada5107,Canada5108,Canada5109,Canada5110,Canada5111,Canada5112,Canada5113,Canada5114,Canada5115,Canada5116,Canada5117,Canada5118,Canada5119,Canada5120,Canada5121,Canada5122,Canada5123,Canada5124,Canada5125,Canada5126,Canada5127,Canada5128,Canada5129,Canada5130,Canada5131,Canada5132,Canada5133,Canada5134,Canada5135,Canada5136,Canada5137,Canada5138,Canada5139,Canada5140,Canada5141,Canada5142,Canada5143,Canada5144,Canada5145,Canada5146,Canada5147,Canada5148,Canada5149,Canada5150,Canada5151,Canada5152,Canada5153,Canada5154,Canada5155,Canada5156,Canada5157,Canada5158,Canada5159,Canada5160,Canada5161,Canada5162,Canada5163,Canada5164,Canada5165,Canada5166,Canada5167,Canada5168,Canada5169,Canada5170,Canada5171,Canada5172,Canada5173,Canada5174,Canada5175,Canada5176,Canada5177,Canada5178,Canada5179,Canada5180,Canada5181,Canada5182,Canada5183,Canada5184,Canada5185,Canada5186,Canada5187,Canada5188,Canada5189,Canada5190,Canada5191,Canada5192,Canada5193,Canada5200,Canada5201,Canada5202,Canada5203,Canada5204,Canada5205,Canada5218,Canada5219,Canada5220,Canada5221,Canada5222,Canada5223,Canada5224,Canada5225,Canada5226,Canada5227,Canada5228,Canada5229,Canada5230,Canada5231,Canada5232,Canada5233,Canada5234,Canada5235,Canada5236,Canada5237,Canada5238,Canada5239,Canada5240,Canada5241,Canada5242,Canada5243,Canada5244,Canada5265,Canada5266,Canada5267,Canada5268,Canada5269,Canada5270,Canada5274,Canada5275,Canada5276,Canada5277,Canada5278,Canada5279,Canada5280,Canada5281,Canada5282,Canada5283,Canada5284,Canada5285,Canada5286,Canada5287,Canada5288,Canada5289,Canada5290,Canada5291,Canada5292,Canada5293,Canada5294,Canada5295,Canada5296,Canada5297,Canada5298,Canada5299,Canada5300,Canada5301,Canada5302,Canada5303,Canada5304,Canada5305,Canada5306,Canada5307,Canada5308,Canada5309,Canada5310,Canada5311,Canada5312,Canada5313,Canada5314,Canada5315,Canada5316,Canada5317,Canada5318,Canada5319,Canada5320,Canada5321,Canada5324,Canada5325,Canada5326,Canada5327,Canada5328,Canada5329,Canada5330,Canada5331,Canada5332,Canada5333,Canada5334,Canada5335,Canada5336,Canada5337,Canada5338,Canada5342,Canada5344,Canada5345,Canada5346,Canada5347,Canada5348,Canada5349,Canada5350,Canada5351,Canada5352,Canada5353,Canada5354,Canada5355,Canada5356,Canada5360,Canada5361,Canada5362,Canada5363,Canada5365,Canada5367,Canada5368,Canada5369,Canada5370,Canada5371,Canada5372,Canada5373,Canada5374,Canada5375,Canada5376,Canada5377,Canada5378,Canada5379,Canada5380,Canada5381,Canada5382,Canada5383,Canada5384,Canada5385,Canada5386,Canada5387,Canada5389,Canada5390,Canada5391,Canada5392,Canada5393,Canada5394,Canada5395,Canada5396,Canada5398,Canada5399,Canada5400,Canada5401,Canada5402,Canada5403,Canada5404,Canada5405,Canada5406,Canada5407,Canada5408,Canada5412,Canada5413,Canada5414,Canada5415,Canada5416,Canada5417,Canada5418,Canada5419,Canada5420,Canada5421,Canada5422,Canada5423,Canada5424,Canada5425,Canada5426,Canada5427,Canada5428,Canada5429,Canada5430,Canada5431,Canada5432,Canada5433,Canada5434,Canada5435,Canada5436,Canada5437,Canada5438,Canada5439,Canada5440,Canada5441,Canada5442,Canada5443,Canada5444,Canada5445,Canada5446,Canada5447,Canada5448,Canada5449,Canada5450,Canada5451,Canada5452,Canada5453,Canada5454,Canada5455,Canada5456,Canada5457,Canada5460,Canada5461,Canada5463,Canada5464,Canada5465,Canada5467,Canada5468,Canada5470,Canada5471,Canada5473,Canada5474,Canada5475,Canada5476,Canada5477,Canada5478,Canada5479,Canada5480,Canada5481,Canada5482,Canada5483,Canada5484,Canada5485,Canada5486,Canada5487,Canada5488,Canada5489,Canada5490,Canada5491,Canada5492,Canada5493,Canada5494,Canada5495,Canada5496,Canada5497,Canada5498,Canada5500,Canada5501,Canada5503,Canada5504,Canada5505,Canada5508,Canada5510,Canada5511,Canada5512,Canada5513,Canada5514,Canada5515,Canada5517,Canada5521,Canada5522,Canada5524,Canada5525,Canada5526,Canada5527,Canada5528,Canada5556,Canada5578,Canada5617,Canada5626,Canada5632,Canada5651,Canada5654,Canada5656,Canada5665,Canada5666,Canada5674,Canada5677,Canada5687,Canada5691,Canada5698,Canada5746,Canada5747,Canada5748,Canada5762,Canada5766,Canada5844,Canada5881,Canada5885,Canada5902,Canada5903,Canada5908,Canada5938,Canada5947,Canada6031,Canada6056,Canada6093,Canada6122,Canada6123,Canada6124,Canada6165,Canada6266,Canada6269,Canada6370,Canada6373,Canada6458,Canada6561,Canada6735,Canada6790,Canada6798,Canada6805,Canada6808,Canada6819,Canada6825,Canada6833,Canada6838,Canada6880,Canada7261,Canada7276,Canada7327,Canada7345,Canada7347,Canada7351,Canada7352,Canada7353,Canada7437,Canada7498,Canada7517,Canada7523,Canada7524,Canada7525,Canada7539,Canada7540,Canada7541,Canada7568,Canada7586,Canada7587,Canada7588,Canada7589,Canada7590,Canada7606,Canada7607,Canada7608,Canada7609,Canada7611,Canada7613,Canada7614,Canada7615,Canada7617,Canada7621,Canada7626,Canada7631,Canada7633,Canada7634,Canada7636,Canada7637,Canada7638,Canada7647,Canada7648,Canada7649,Canada7661,Canada7662,Canada7717,Canada7731,Canada7757,Canada7759,Canada7769,Canada7770,Canada7772,Canada7775,Canada7776,Canada7777,Canada7778,Canada7780,Canada7785,Canada7791,Canada7794,Canada7795,Canada7796,Canada7797,Canada7798,Canada7799,Canada7800,Canada7801,Canada7802,Canada7807,Canada7808,Canada7809,Canada7912,Canada7913,Canada7914,Canada7929,Canada7935,Canada7943,Canada7944,Canada7945,Canada7946,Canada7947,Canada7948,Canada7959,Canada7966,Canada7973,Canada7978,Canada7984,Canada8012,Canada8015,CapeVerde8398,CapeVerde8405,CapeVerde8417,CapeVerde8422,CapeVerde8427,CapeVerde8434,CapeVerde8439,CapeVerde8440,Chile3966,Chile3973,Chile3975,Chile3976,Chile3977,Chile3978,Chile3980,Chile3981,Chile3983,Chile3984,Chile3985,Chile3986,Chile3992,Chile3993,Chile3996,Chile3997,Chile3998,Chile3999,Chile4000,Chile4013,Chile4014,Chile4018,Chile4028,Chile4029,Chile4030,Chile4032,Chile4033,Chile4034,Chile4039,Chile4040,Chile4041,Chile4065,Chile4074,Chile4268,Chile4309,Chile4310,Chile4318,Chile4319,Chile4320,Chile4332,Chile8016,Chile8353,Chile8354,Chile8355,Chile8356,Chile8357,Chile8358,Chile8359,Chile8360,Chile8361,Chile8362,Chile8363,Chile8364,Chile8365,Chile8366,Chile8367,Chile8368,Chile8369,Chile8370,Chile8371,Chile8372,Chile8373,Chile8374,Chile8375,Chile8376,Chile8377,Chile8378,Chile8379,Chile8380,Chile8381,Chile8382,Chile8383,Chile8384,Chile8385,Chile8386,Chile8387,Chile8388,Chile8389,Chile8390,Chile8391,Chile8392,Chile8393,Chile8394,Chile8395,Chile8396,Chile8397,Chile8399,Chile8400,Chile8401,Chile8402,Chile8403,Chile8404,Chile8406,Chile8407,Chile8408,Chile8409,Chile8410,Chile8411,Chile8412,Chile8413,Chile8414,Chile8415,Chile8416,Chile8418,Chile8419,Chile8420,Chile8421,Chile8423,Chile8425,Chile8426,Chile8428,Chile8435,Chile8436,Chile8437,Chile8438,Chile8444,Chile8449,Chile8450,Chile8454,Chile8455,Chile8456,Chile8462,Chile8463,Chile8464,Chile8465,Chile8466,Chile8467,Chile8468,Chile8470,Chile8471,Chile8473,Chile8475,Chile8487,Chile8529,Chile8530,Chile8531,Chile8532,Chile8533,Chile8539,Chile8540,Chile8542,Chile8543,Chile8554,Chile8556,Chile8561,Chile8562,Chile8563,Chile8565,Chile8569,Chile8577,Chile8582,Chile8583,Chile8584,Chile8586,Chile8784,Chile8785,Chile8786,Chile8787,Chile8793,Chile8795,Chile8798,Chile8799,Chile8800,Chile8801,Chile8802,Chile8805,Chile8806,Chile8807,Chile8809,Chile8810,Chile8812,Chile8813,Chile8814,China10248,China10249,China10250,China10251,China10252,China10253,China10254,China10255,China10256,China10257,China10258,China10259,China10260,China10261,China10277,China10278,China10286,China10289,China10350,China10439,China10440,China10443,China10445,China10446,China10447,China10448,China10449,China10450,China10453,China10493,China10494,China10495,China10496,China10497,China10498,China10499,China10500,China10518,China10519,China10520,China10522,China10523,China2264,China2265,China2266,China2267,China2268,China2269,China2270,China2271,China2272,China2273,China2274,China2275,China2276,China2277,China2278,China2279,China2280,China2281,China2282,China2283,China2284,China2285,China2286,China2287,China2288,China2289,China2290,China2291,China2292,China2293,China2294,China2295,China2296,China2297,China2298,China2299,China2300,China2301,China2302,China2303,China2304,China2305,China2306,China2307,China2308,China2309,China2310,China2311,China2312,China2313,China2314,China2315,China2316,China2317,China2318,China2319,China2320,China2321,China2322,China2323,China2324,China2325,China2326,China2327,China2328,China2329,China2330,China2331,China2332,China2333,China2334,China2335,China2336,China2337,China2338,China2339,China2340,China2341,China2342,China2343,China2344,China2345,China2346,China2347,China2348,China2349,China2350,China2351,China2352,China2353,China2354,China2355,China2356,China2357,China2358,China2359,China2360,China2361,China2362,China2363,China2364,China2365,China2366,China2367,China2368,China2369,China2370,China2371,China2372,China2373,China2374,China2375,China2376,China2377,China2378,China2379,China2380,China2381,China2382,China2383,China2384,China2385,China2386,China2387,China2388,China2389,China2390,China2391,China2392,China2393,China2394,China2395,China2396,China2397,China2398,China2399,China2400,China2401,China2402,China2403,China2404,China2405,China2406,China2407,China2408,China2409,China2410,China2411,China2412,China2413,China2414,China2415,China2416,China2417,China2418,China2419,China2420,China2421,China2422,China2423,China2424,China2425,China2426,China2427,China2428,China2429,China2430,China2431,China2432,China2433,China2434,China2435,China2436,China2437,China2438,China2439,China2440,China2441,China2442,China2443,China2444,China2445,China2446,Colombia3883,Colombia3884,Colombia3885,Colombia3886,Colombia3887,Colombia3888,Colombia3889,Colombia3890,Colombia4778,Colombia4779,Colombia4780,Colombia4781,Colombia4782,Colombia4783,Colombia4784,Colombia4785,Colombia4786,Colombia4787,Colombia4788,Colombia4789,Colombia4790,Colombia4791,Colombia4792,Colombia4793,Colombia4794,Colombia4795,Colombia4796,Colombia4797,Colombia4798,Colombia4799,Colombia4800,Colombia4801,Colombia4802,Colombia4803,Colombia4804,Colombia4805,Colombia7767,Colombia7768,Colombia7773,Colombia7976,Colombia7983,Comoros9409,Comoros9417,Comoros9418,Congo1205,CongoDemRep1209,CongoDemRep1210,CostaRica3844,CostaRica3845,CostaRica3847,CostaRica3848,CostaRica3849,CostaRica3850,CostaRica3851,CostaRica3852,CostaRica3853,CostaRica3854,CostaRica3855,CostaRica3856,CostaRica3857,CostaRica4763,CostaRica4764,CostaRica4765,CostaRica4766,CotedIvoire1077,CotedIvoire1078,CotedIvoire1079,CotedIvoire1080,CotedIvoire1081,CotedIvoire1082,CotedIvoire1083,CotedIvoire1084,CotedIvoire1085,CotedIvoire1086,CotedIvoire1087,CotedIvoire1088,CotedIvoire1089,CotedIvoire1090,CotedIvoire1091,CotedIvoire1092,CotedIvoire1093,CotedIvoire1094,CotedIvoire1095,CotedIvoire1096,CotedIvoire1097,CotedIvoire1098,CotedIvoire1099,CotedIvoire1100,CotedIvoire1101,CotedIvoire1102,CotedIvoire1103,CotedIvoire1104,CotedIvoire1105,CotedIvoire1107,Croatia484,Croatia485,Croatia487,Croatia9088,Croatia9089,Croatia9091,Croatia9095,Croatia9097,Croatia9112,Croatia9128,Croatia9132,Croatia9136,Croatia9142,Cuba7364,Cuba7365,Cuba7366,Cuba7367,Cuba7368,Cuba7369,Cuba7370,Cuba7371,Cuba7372,Cuba7373,Cuba7374,Cuba7375,Cuba7376,Cuba7377,Cuba7378,Cuba7379,Cuba7380,Cuba7381,Cuba7382,Cuba7383,Cuba7384,Cuba7385,Cuba7386,Cuba7387,Cuba7388,Cuba7389,Cuba7390,Cuba7391,Cuba7392,Cuba7393,Cuba7394,Cuba7395,Cuba7396,Cuba7397,Cuba7398,Cuba7399,Cuba7400,Cuba7401,Cuba7402,Cuba7403,Cuba7404,Cuba7405,Cuba7407,Cuba7409,Cuba7410,Cuba7411,Cuba7412,Cuba7413,Cuba7414,Cuba7537,Cuba7635,Cuba7651,Cuba7660,Cuba7678,Cuba7712,Cuba7763,Cuba7766,Cyprus9265,Cyprus9266,Cyprus9267,Cyprus9268,Cyprus9269,Cyprus9270,Cyprus9271,Cyprus9272,Cyprus9273,Cyprus9274,Cyprus9275,Cyprus9276,Cyprus9277,Denmark3035,Denmark3036,Denmark3037,Denmark3038,Denmark3039,Denmark3040,Denmark3041,Denmark3042,Denmark3043,Denmark3044,Denmark3045,Denmark3046,Denmark3047,Denmark3048,Denmark3049,Denmark3050,Denmark3051,Denmark3052,Denmark3053,Denmark3054,Denmark3055,Denmark3056,Denmark3057,Denmark3058,Denmark3059,Denmark3060,Denmark3061,Denmark3062,Denmark3063,Denmark3064,Denmark3065,Denmark3066,Denmark3067,Denmark3068,Denmark3069,Denmark3070,Denmark3071,Denmark3072,Denmark6839,Denmark6982,Denmark7033,Denmark7034,Denmark7035,Denmark7036,Denmark7037,Denmark7038,Denmark7039,Denmark7040,Denmark7041,Denmark7042,Denmark7043,Denmark7044,Denmark7045,Denmark7046,Denmark7047,Denmark7048,Denmark7049,Denmark7050,Denmark7051,Denmark7052,Denmark7053,Denmark7054,Denmark7055,Denmark7056,Denmark7057,Denmark7058,Denmark7059,Denmark7060,Denmark7061,Denmark7062,Denmark7063,Denmark7064,Denmark7065,Denmark7066,Denmark7067,Denmark7068,Denmark7069,Denmark7070,Denmark7071,Denmark7072,Denmark7073,Denmark7074,Denmark7075,Denmark7076,Denmark7077,Denmark7078,Denmark7079,Denmark7080,Denmark7081,Denmark7082,Denmark7083,Denmark7084,Denmark7085,Denmark7086,Denmark7087,Denmark7088,Denmark7089,Denmark7090,Denmark7091,Denmark7092,Denmark7093,Denmark7094,Denmark7095,Denmark7096,Denmark7097,Denmark7098,Denmark7099,Denmark7100,Denmark7101,Denmark7102,Denmark7103,Denmark7104,Denmark7105,Denmark7106,Denmark7107,Denmark7108,Denmark7109,Denmark7110,Denmark7111,Denmark7112,Denmark7113,Denmark7114,Denmark7115,Denmark7116,Denmark7117,Denmark7118,Denmark7119,Denmark7120,Denmark7121,Denmark7122,Denmark7123,Denmark7124,Denmark7125,Denmark7126,Denmark7127,Denmark7128,Denmark7129,Denmark7130,Denmark7131,Denmark7132,Denmark7133,Denmark7134,Denmark7135,Denmark7136,Denmark7137,Denmark7138,Denmark7139,Denmark7140,Denmark7141,Denmark7142,Denmark7143,Denmark7144,Denmark7145,Denmark7146,Denmark7147,Denmark7148,Denmark7149,Denmark7150,Denmark7151,Denmark7152,Denmark7153,Denmark7154,Denmark7155,Denmark7156,Denmark7157,Denmark7158,Denmark7159,Denmark7160,Denmark7161,Denmark7162,Denmark7163,Denmark7164,Denmark7165,Denmark7166,Denmark7167,Denmark7168,Denmark7169,Denmark7170,Denmark7171,Denmark7172,Denmark7173,Denmark7174,Denmark7175,Denmark7176,Denmark7177,Denmark7178,Denmark7179,Denmark7180,Denmark7181,Denmark7182,Denmark7183,Denmark7184,Denmark7185,Denmark7186,Denmark7187,Denmark7188,Denmark7189,Denmark7190,Denmark7191,Denmark7192,Denmark7193,Denmark7194,Denmark7195,Denmark7196,Denmark7197,Denmark7198,Denmark7199,Denmark7200,Denmark7201,Denmark7202,Denmark7203,Denmark7204,Denmark7205,Denmark7206,Denmark7207,Denmark7208,Denmark7209,Denmark7210,Denmark7211,Denmark7212,Denmark7213,Denmark7214,Denmark7215,Denmark7216,Denmark7217,Denmark7218,Denmark7219,Denmark7220,Denmark7221,Denmark7222,Denmark7223,Denmark7224,Denmark7225,Denmark7226,Denmark7227,Denmark7228,Denmark7229,Denmark7230,Denmark7231,Denmark7232,Denmark7233,Denmark7234,Denmark7235,Denmark7236,Denmark7237,Denmark7238,Denmark7239,Denmark7240,Denmark7241,Denmark7242,Denmark7243,Denmark7244,Denmark7245,Denmark7246,Denmark7247,Denmark7248,Denmark7249,Denmark7250,Denmark7251,Denmark7252,Denmark7253,Denmark7254,Denmark7255,Denmark7256,Denmark7257,Denmark7258,Denmark7259,Denmark7260,Denmark7287,Denmark7296,Denmark7348,Denmark7349,Denmark7350,Denmark7431,Denmark7533,Denmark7792,Denmark7803,Denmark7810,Denmark7812,Denmark7813,Denmark7910,Denmark7911,Denmark7915,Denmark7918,Denmark7919,Denmark7922,Denmark7923,Denmark7926,Denmark7927,Denmark7928,Denmark7931,Denmark7932,Denmark7933,Denmark7938,Denmark7939,Denmark7940,Denmark7949,Denmark7950,Denmark7951,Denmark7952,Denmark7953,Denmark7954,Denmark7955,Denmark7956,Denmark7957,Denmark7960,Denmark7961,Denmark7962,Denmark7963,Denmark7964,Denmark7965,Denmark7967,Denmark7968,Denmark7969,Denmark7971,Denmark7975,Denmark7977,Denmark7980,Denmark7981,Denmark7982,Denmark8011,Denmark8013,Denmark8017,Denmark8018,Denmark8019,Denmark8022,Denmark8042,Denmark8079,Denmark8080,Denmark8081,Denmark8096,Denmark8101,Denmark8102,Denmark8105,Denmark8108,Denmark8109,Denmark8113,Denmark8121,Denmark8122,Denmark8124,Denmark8125,Denmark8128,Denmark8134,Denmark8135,Denmark8136,Denmark8137,Denmark8138,Denmark8139,Denmark8140,Denmark8154,Denmark8155,Denmark8156,Denmark8159,Denmark8160,Denmark8161,Denmark8162,Denmark8163,Denmark8164,Denmark8165,Denmark8166,Denmark8167,Denmark8168,Denmark8176,Denmark8177,Denmark8178,Denmark8179,Denmark8180,Denmark8181,Denmark8182,Denmark8183,Denmark8184,Denmark8185,Denmark8186,Denmark8187,Denmark8188,Denmark8189,Denmark8190,Denmark8191,Denmark8192,Denmark8193,Denmark8194,Denmark8195,Denmark8196,Denmark8197,Denmark8198,Denmark8199,Denmark8221,Denmark8225,Denmark8228,Denmark8229,Denmark8239,Denmark8244,Denmark8246,Denmark8248,Denmark8250,Denmark8251,Denmark8252,Denmark8253,Denmark8254,Denmark8272,Denmark8280,Denmark8282,Denmark8283,Denmark8284,Denmark8285,Denmark8286,Denmark8287,Denmark8289,Denmark8290,Denmark8291,Denmark8292,Denmark8293,Denmark8294,Denmark8295,Denmark8296,Denmark8297,Denmark8298,Denmark8299,Denmark8300,Denmark8301,Denmark8302,Denmark8303,Denmark8304,Denmark8305,Denmark8306,Denmark8307,Denmark8309,Denmark8310,Denmark8311,Denmark8312,Denmark8313,Denmark8314,Denmark8315,Denmark8316,Denmark8317,Denmark8318,Denmark8319,Denmark8320,Denmark8327,Denmark8328,Denmark8329,Denmark8330,Denmark8331,Denmark8332,Denmark8333,Denmark8334,Denmark8335,Denmark8336,Denmark8337,Denmark8338,Denmark8339,Denmark8340,Denmark8341,Denmark8342,Denmark8343,Denmark8344,Denmark8345,Denmark8347,Denmark8348,Denmark8349,Denmark8350,Denmark8351,Denmark8352,Denmark8541,Denmark8545,Denmark8546,Denmark8548,Denmark8551,Denmark8553,Denmark8923,Denmark8924,Denmark8925,Denmark8926,Denmark8927,Denmark8928,Denmark8929,Denmark8930,Denmark8931,Denmark8932,Denmark8933,Denmark8939,Denmark8940,Denmark8941,Denmark8942,Denmark8943,Denmark8976,Denmark8977,Denmark8978,Denmark8979,Denmark8980,Denmark8981,Denmark8982,Denmark8983,Denmark8984,Denmark8985,Denmark8987,Denmark8988,Denmark9018,Denmark9019,Denmark9020,Denmark9021,Denmark9022,Denmark9023,Denmark9024,Denmark9025,Denmark9026,Denmark9027,Denmark9028,Denmark9029,Denmark9030,Denmark9031,Denmark9032,Denmark9033,Denmark9034,Denmark9035,Denmark9036,Denmark9037,Denmark9038,Denmark9039,Denmark9040,Denmark9041,Denmark9044,Denmark9045,Denmark9063,Denmark9064,Denmark9065,Djibouti1409,Djibouti1410,Djibouti1411,Djibouti1412,Djibouti1413,Djibouti1414,Dominica8120,DominicanRep7853,DominicanRep7859,DominicanRep7861,DominicanRep7862,DominicanRep7864,DominicanRep7865,DominicanRep7866,DominicanRep7867,DominicanRep7868,DominicanRep7871,DominicanRep7872,DominicanRep7880,DominicanRep7881,DominicanRep7882,DominicanRep7883,DominicanRep7886,DominicanRep7889,DominicanRep7890,DominicanRep7891,DominicanRep7892,DominicanRep7893,DominicanRep7894,DominicanRep7895,DominicanRep7896,DominicanRep7897,DominicanRep7898,DominicanRep7899,DominicanRep7900,DominicanRep7901,DominicanRep7902,DominicanRep7903,DominicanRep7904,DominicanRep7905,DominicanRep7906,DominicanRep7907,DominicanRep7908,DominicanRep7909,DominicanRep7974,EastTimor11345,EastTimor11349,EastTimor11350,EastTimor11351,EastTimor11352,EastTimor11356,EastTimor11436,Ecuador3891,Ecuador3892,Ecuador3893,Ecuador3894,Ecuador3895,Ecuador3896,Ecuador3897,Ecuador3898,Ecuador3899,Ecuador3900,Ecuador3901,Ecuador3902,Ecuador3903,Ecuador3904,Ecuador3905,Ecuador3906,Ecuador3907,Ecuador3908,Ecuador3909,Ecuador3910,Ecuador3911,Ecuador3912,Ecuador3913,Ecuador3914,Ecuador3915,Ecuador3916,Ecuador3917,Ecuador3918,Ecuador3919,Ecuador3920,Ecuador3921,Ecuador3922,Ecuador3923,Ecuador3924,Ecuador3925,Ecuador3926,Ecuador3927,Ecuador3928,Ecuador3929,Ecuador7779,Ecuador7787,Ecuador7788,Ecuador7793,Ecuador7805,Ecuador7811,Ecuador8021,Egypt1439,Egypt1440,Egypt1441,Egypt1442,Egypt1443,Egypt1444,Egypt1445,Egypt1446,Egypt1447,Egypt1448,Egypt1449,Egypt1450,Egypt779,Egypt780,Egypt781,Egypt782,Egypt783,Egypt784,Egypt785,Egypt786,Egypt787,Egypt788,Egypt789,Egypt790,Egypt791,Egypt792,Egypt793,Egypt794,Egypt795,Egypt796,Egypt797,Egypt798,Egypt799,Egypt800,Egypt801,Egypt802,Egypt803,Egypt804,Egypt805,Egypt806,Egypt807,Egypt808,ElSalvador3796,ElSalvador3797,ElSalvador3798,ElSalvador3799,ElSalvador3800,ElSalvador3801,ElSalvador3802,ElSalvador3803,ElSalvador3804,ElSalvador3806,ElSalvador3807,ElSalvador3808,ElSalvador3809,ElSalvador3810,ElSalvador3811,ElSalvador3812,ElSalvador3813,ElSalvador3814,ElSalvador3815,ElSalvador3816,ElSalvador3817,ElSalvador3818,ElSalvador3819,ElSalvador3820,ElSalvador3821,ElSalvador3822,ElSalvador3823,ElSalvador3824,ElSalvador3825,EquatorialGuinea1198,EquatorialGuinea1199,EquatorialGuinea9213,EquatorialGuinea9214,EquatorialGuinea9215,Eritrea1415,Eritrea1416,Eritrea1417,Eritrea1418,Eritrea1419,Eritrea1420,Eritrea1421,Eritrea1422,Eritrea1423,Eritrea1424,Eritrea1425,Eritrea1426,Eritrea1427,Eritrea1428,Eritrea1429,Eritrea1430,Eritrea9291,Estonia2949,Estonia2950,Estonia9200,Estonia9203,Estonia9210,Estonia9211,Fiji1,Fiji12078,Fiji12079,Fiji12080,Fiji12081,Fiji12082,Fiji12083,Fiji12142,Fiji12143,Fiji2,Fiji5530,Fiji5543,Fiji5544,Fiji5545,Fiji5546,Fiji5547,Fiji5548,Fiji5550,Fiji5553,Fiji5554,Fiji5555,Fiji5557,Fiji5558,Fiji5559,Fiji5560,Fiji5561,Fiji5562,Fiji5563,Fiji5564,Fiji5565,Fiji5566,Fiji5568,Fiji5569,Fiji5570,Fiji5571,Fiji5572,Fiji5573,Fiji5574,Fiji5575,Fiji5576,Fiji5577,Fiji5580,Fiji5581,Fiji5582,Fiji5583,Fiji5584,Fiji5585,Fiji5586,Fiji5587,Fiji5588,Fiji5589,Fiji5599,Fiji5600,Fiji5601,Fiji5602,Fiji5603,Fiji5604,Fiji5605,Fiji5606,Fiji5613,Fiji5614,Fiji5615,Fiji5616,Fiji5618,Fiji5619,Fiji5625,Fiji5627,Fiji5628,Fiji5629,Fiji5631,Fiji5643,Fiji5644,Fiji5645,Fiji5646,Fiji5647,Fiji5648,Fiji5649,Fiji5650,Fiji5652,Fiji5653,Fiji5657,Fiji5658,Fiji5659,Fiji5660,Fiji5662,Fiji5663,Fiji5669,Fiji5672,Fiji5673,Fiji5675,Fiji5676,Fiji5678,Fiji5679,Fiji5680,Fiji5681,Fiji5683,Fiji5684,Fiji5685,Fiji5686,Fiji5688,Fiji5689,Fiji5690,Fiji5692,Fiji5693,Fiji5694,Fiji5695,Fiji5696,Fiji5697,Fiji5699,Fiji5700,Fiji5701,Fiji5702,Fiji5703,Fiji5704,Fiji5705,Fiji5706,Fiji5707,Fiji5708,Fiji5709,Fiji5710,Fiji5711,Fiji5712,Fiji5713,Fiji5714,Fiji5715,Fiji5716,Fiji5717,Fiji5718,Fiji5719,Fiji5720,Fiji5721,Fiji5722,Fiji5723,Fiji5724,Fiji5725,Fiji5726,Fiji5727,Finland2921,Finland2922,Finland2923,Finland2924,Finland2925,Finland2926,Finland2927,Finland2928,Finland2929,Finland2930,Finland2931,Finland2932,Finland2933,Finland2934,Finland2935,Finland2936,Finland2937,Finland2938,Finland2939,Finland2940,Finland2941,Finland2942,Finland2943,Finland9131,Finland9137,Finland9138,Finland9139,Finland9141,Finland9144,Finland9191,Finland9196,Finland9198,Finland9201,Finland9202,Finland9207,Finland9212,Finland9220,France10,France100,France101,France10127,France10128,France102,France103,France104,France105,France106,France11,France12,France13,France14,France15,France16,France17,France18,France19,France20,France21,France22,France23,France24,France25,France26,France27,France28,France29,France3,France30,France31,France32,France3202,France3203,France3204,France3205,France3206,France3207,France3208,France3209,France3210,France3211,France3212,France3213,France3214,France3215,France3216,France3217,France3218,France3219,France3220,France3221,France33,France34,France35,France359,France36,France360,France361,France362,France363,France364,France365,France366,France367,France368,France369,France37,France370,France371,France372,France373,France374,France375,France376,France377,France378,France379,France38,France380,France381,France382,France383,France384,France385,France386,France387,France388,France389,France39,France390,France391,France392,France393,France394,France395,France396,France397,France398,France4,France40,France400,France401,France41,France42,France43,France44,France45,France46,France47,France48,France49,France5,France50,France51,France52,France53,France54,France55,France5516,France5519,France5529,France56,France57,France58,France59,France6,France60,France61,France62,France63,France64,France65,France66,France67,France68,France69,France7,France70,France71,France72,France73,France74,France75,France76,France77,France78,France79,France7970,France7972,France8,France80,France81,France82,France83,France84,France85,France86,France87,France88,France8817,France8823,France8837,France8838,France89,France8991,France8992,France8993,France8994,France8995,France8996,France8997,France8998,France8999,France9,France90,France9000,France9001,France91,France92,France93,France94,France9424,France9426,France9427,France9428,France9429,France9489,France95,France96,France97,France9749,France9788,France98,France99,FrenchGuiana4875,FrenchGuiana4876,FrenchGuiana4877,FrenchGuiana4878,FrenchGuiana4879,FrenchPolynesia5531,FrenchPolynesia5532,FrenchPolynesia5533,FrenchPolynesia5534,FrenchPolynesia5535,FrenchPolynesia5536,FrenchPolynesia5537,FrenchPolynesia5538,FrenchPolynesia5539,FrenchPolynesia5549,FrenchPolynesia5551,FrenchPolynesia5552,FrenchPolynesia5567,FrenchPolynesia5607,FrenchPolynesia5608,FrenchPolynesia5609,FrenchPolynesia5610,FrenchPolynesia5611,FrenchPolynesia5612,FrenchPolynesia5620,FrenchPolynesia5621,FrenchPolynesia5622,FrenchPolynesia5623,FrenchPolynesia5624,FrenchPolynesia5630,FrenchPolynesia5633,FrenchPolynesia5634,FrenchPolynesia5635,FrenchPolynesia5636,FrenchPolynesia5637,FrenchPolynesia5638,FrenchPolynesia5639,FrenchPolynesia5640,FrenchPolynesia5641,FrenchPolynesia5642,FrenchPolynesia5655,FrenchPolynesia5661,FrenchPolynesia5664,FrenchPolynesia5667,FrenchPolynesia5668,FrenchPolynesia5670,FrenchPolynesia5671,FrenchPolynesia5728,FrenchPolynesia5731,FrenchPolynesia5732,FrenchPolynesia5733,FrenchPolynesia5734,FrenchPolynesia5735,FrenchPolynesia5736,FrenchPolynesia5740,FrenchPolynesia5741,FrenchPolynesia5742,FrenchPolynesia5743,FrenchPolynesia5744,FrenchPolynesia5745,FrenchPolynesia5749,FrenchPolynesia5750,FrenchPolynesia5751,FrenchPolynesia5752,FrenchPolynesia5753,FrenchPolynesia5754,FrenchPolynesia5755,FrenchPolynesia5756,FrenchPolynesia5757,FrenchPolynesia5758,FrenchPolynesia5759,FrenchPolynesia5760,FrenchPolynesia5761,FrenchPolynesia5763,FrenchPolynesia5764,FrenchPolynesia5765,FrenchPolynesia5767,FrenchPolynesia5768,FrenchPolynesia5769,FrenchPolynesia5770,FrenchPolynesia5771,FrenchPolynesia5772,FrenchPolynesia5773,FrenchPolynesia5774,FrenchPolynesia5775,FrenchPolynesia5776,FrenchPolynesia5777,FrenchPolynesia5778,FrenchPolynesia5779,FrenchPolynesia5780,FrenchPolynesia5781,FrenchPolynesia5782,FrenchPolynesia5783,FrenchPolynesia5784,FrenchPolynesia5785,FrenchPolynesia5786,FrenchPolynesia5787,FrenchPolynesia5788,FrenchPolynesia5789,FrenchPolynesia5790,FrenchPolynesia5791,FrenchPolynesia5792,FrenchPolynesia5793,FrenchPolynesia5794,FrenchPolynesia5795,FrenchPolynesia5796,FrenchPolynesia5797,FrenchPolynesia5798,FrenchPolynesia5799,FrenchPolynesia5800,FrenchPolynesia5801,FrenchPolynesia5802,FrenchPolynesia5803,FrenchPolynesia5804,FrenchPolynesia5805,FrenchPolynesia5806,FrenchPolynesia5807,FrenchPolynesia5808,FrenchPolynesia5809,FrenchPolynesia5810,FrenchPolynesia5811,FrenchPolynesia5812,FrenchPolynesia5813,FrenchPolynesia5814,FrenchPolynesia5815,FrenchPolynesia5816,FrenchPolynesia5817,FrenchPolynesia5818,FrenchPolynesia5819,FrenchPolynesia5820,FrenchPolynesia5821,FrenchPolynesia5822,FrenchPolynesia5823,FrenchPolynesia5824,FrenchPolynesia5825,FrenchPolynesia5826,FrenchPolynesia5827,FrenchPolynesia5828,FrenchPolynesia5829,FrenchPolynesia5830,FrenchPolynesia5831,FrenchPolynesia5832,FrenchPolynesia5833,FrenchPolynesia5834,FrenchPolynesia5835,FrenchPolynesia5836,FrenchPolynesia5837,FrenchPolynesia5838,FrenchPolynesia5839,FrenchPolynesia5840,FrenchPolynesia5841,FrenchPolynesia5842,FrenchPolynesia5843,FrenchPolynesia5845,FrenchPolynesia5846,FrenchPolynesia5847,FrenchPolynesia5848,FrenchPolynesia5849,FrenchPolynesia5850,FrenchPolynesia5851,FrenchPolynesia5852,FrenchPolynesia5853,FrenchPolynesia5854,FrenchPolynesia5856,FrenchPolynesia5857,FrenchPolynesia5858,FrenchPolynesia5859,FrenchPolynesia5860,FrenchPolynesia5861,FrenchPolynesia5862,FrenchPolynesia5863,FrenchPolynesia5864,FrenchPolynesia5865,FrenchPolynesia5866,FrenchPolynesia5867,FrenchPolynesia5870,FrenchPolynesia5871,FrenchPolynesia5872,FrenchPolynesia5873,FrenchPolynesia5874,FrenchPolynesia5875,FrenchPolynesia5876,FrenchPolynesia5877,FrenchPolynesia5878,FrenchPolynesia5879,FrenchPolynesia5880,FrenchPolynesia5882,FrenchPolynesia5883,FrenchPolynesia5884,FrenchPolynesia5886,FrenchPolynesia5887,FrenchPolynesia5888,FrenchPolynesia5889,FrenchPolynesia5890,FrenchPolynesia5891,FrenchPolynesia5892,FrenchPolynesia5893,FrenchPolynesia5894,FrenchPolynesia5895,FrenchPolynesia5896,FrenchPolynesia5897,FrenchPolynesia5898,FrenchPolynesia5899,FrenchPolynesia5900,FrenchPolynesia5901,FrenchPolynesia5904,FrenchPolynesia5905,FrenchPolynesia5906,FrenchPolynesia5907,FrenchPolynesia5909,FrenchPolynesia5910,FrenchPolynesia5911,FrenchPolynesia5912,FrenchPolynesia5913,FrenchPolynesia5915,FrenchPolynesia5916,FrenchPolynesia5917,FrenchPolynesia5918,FrenchPolynesia5919,FrenchPolynesia5920,FrenchPolynesia5921,FrenchPolynesia5923,FrenchPolynesia5924,FrenchPolynesia5925,FrenchPolynesia5926,FrenchPolynesia5928,FrenchPolynesia5929,FrenchPolynesia5930,FrenchPolynesia5931,FrenchPolynesia5933,FrenchPolynesia5934,FrenchPolynesia5935,FrenchPolynesia5937,FrenchPolynesia5939,FrenchPolynesia5940,FrenchPolynesia5941,FrenchPolynesia5942,FrenchPolynesia5944,FrenchPolynesia5945,FrenchPolynesia5946,FrenchPolynesia5948,FrenchPolynesia5949,FrenchPolynesia5950,FrenchPolynesia5951,FrenchPolynesia5952,FrenchPolynesia5953,FrenchPolynesia5954,FrenchPolynesia5955,FrenchPolynesia5956,FrenchPolynesia5957,FrenchPolynesia5958,FrenchPolynesia5959,FrenchPolynesia5960,FrenchPolynesia5961,FrenchPolynesia5962,FrenchPolynesia5963,FrenchPolynesia5964,FrenchPolynesia5965,FrenchPolynesia5966,FrenchPolynesia5967,FrenchPolynesia5968,FrenchPolynesia5969,FrenchPolynesia5970,FrenchPolynesia5971,FrenchPolynesia5972,FrenchPolynesia5973,FrenchPolynesia5975,FrenchPolynesia5976,FrenchPolynesia5977,FrenchPolynesia5978,FrenchPolynesia5979,FrenchPolynesia5980,FrenchPolynesia5981,FrenchPolynesia5982,FrenchPolynesia5983,FrenchPolynesia5984,FrenchPolynesia5985,FrenchPolynesia5986,FrenchPolynesia5987,FrenchPolynesia5988,FrenchPolynesia5989,FrenchPolynesia5990,FrenchPolynesia5991,FrenchPolynesia5992,FrenchPolynesia5993,FrenchPolynesia5994,FrenchPolynesia5995,FrenchPolynesia5996,FrenchPolynesia5997,FrenchPolynesia5998,FrenchPolynesia5999,FrenchPolynesia6000,FrenchPolynesia6001,FrenchPolynesia6002,FrenchPolynesia6003,FrenchPolynesia6004,FrenchPolynesia6005,FrenchPolynesia6006,FrenchPolynesia6007,FrenchPolynesia6008,FrenchPolynesia6009,FrenchPolynesia6010,FrenchPolynesia6011,FrenchPolynesia6012,FrenchPolynesia6013,FrenchPolynesia6014,FrenchPolynesia6016,FrenchPolynesia6019,FrenchPolynesia6021,FrenchPolynesia6022,FrenchPolynesia6023,FrenchPolynesia6024,FrenchPolynesia6025,FrenchPolynesia6026,FrenchPolynesia6027,FrenchPolynesia6028,FrenchPolynesia6029,FrenchPolynesia6030,FrenchPolynesia6032,FrenchPolynesia6033,FrenchPolynesia6034,FrenchPolynesia6035,FrenchPolynesia6036,FrenchPolynesia6037,FrenchPolynesia6038,FrenchPolynesia6039,FrenchPolynesia6040,FrenchPolynesia6041,FrenchPolynesia6042,FrenchPolynesia6043,FrenchPolynesia6044,FrenchPolynesia6045,FrenchPolynesia6046,FrenchPolynesia6047,FrenchPolynesia6048,FrenchPolynesia6049,FrenchPolynesia6050,FrenchPolynesia6051,FrenchPolynesia6052,FrenchPolynesia6053,FrenchPolynesia6054,FrenchPolynesia6055,FrenchPolynesia6057,FrenchPolynesia6058,FrenchPolynesia6059,FrenchPolynesia6060,FrenchPolynesia6061,FrenchPolynesia6062,FrenchPolynesia6063,FrenchPolynesia6064,FrenchPolynesia6065,FrenchPolynesia6066,FrenchPolynesia6067,FrenchPolynesia6068,FrenchPolynesia6069,FrenchPolynesia6070,FrenchPolynesia6071,FrenchPolynesia6072,FrenchPolynesia6074,FrenchPolynesia6075,FrenchPolynesia6076,FrenchPolynesia6079,FrenchPolynesia6080,FrenchPolynesia6081,FrenchPolynesia6082,FrenchPolynesia6083,FrenchPolynesia6084,FrenchPolynesia6085,FrenchPolynesia6086,FrenchPolynesia6087,FrenchPolynesia6088,FrenchPolynesia6090,FrenchPolynesia6092,FrenchPolynesia6094,FrenchPolynesia6096,FrenchPolynesia6097,FrenchPolynesia6100,FrenchPolynesia6101,FrenchPolynesia6102,FrenchPolynesia6104,FrenchPolynesia6105,FrenchPolynesia6108,FrenchPolynesia6109,FrenchPolynesia6111,FrenchPolynesia6114,FrenchPolynesia6115,FrenchPolynesia6116,FrenchPolynesia6117,FrenchPolynesia6119,FrenchPolynesia6120,FrenchPolynesia6121,FrenchPolynesia6125,FrenchPolynesia6126,FrenchPolynesia6127,FrenchPolynesia6128,FrenchPolynesia6129,FrenchPolynesia6130,FrenchPolynesia6131,FrenchPolynesia6132,FrenchPolynesia6133,FrenchPolynesia6134,FrenchPolynesia6135,FrenchPolynesia6136,FrenchPolynesia6137,FrenchPolynesia6138,FrenchPolynesia6139,FrenchPolynesia6140,FrenchPolynesia6141,FrenchPolynesia6142,FrenchPolynesia6143,FrenchPolynesia6144,FrenchPolynesia6145,FrenchPolynesia6146,FrenchPolynesia6147,FrenchPolynesia6148,FrenchPolynesia6149,FrenchPolynesia6150,FrenchPolynesia6151,FrenchPolynesia6152,FrenchPolynesia6153,FrenchPolynesia6154,FrenchPolynesia6155,FrenchPolynesia6156,FrenchPolynesia6157,FrenchPolynesia6158,FrenchPolynesia6159,FrenchPolynesia6160,FrenchPolynesia6161,FrenchPolynesia6162,FrenchPolynesia6163,FrenchPolynesia6164,FrenchPolynesia6166,FrenchPolynesia6167,FrenchPolynesia6168,FrenchPolynesia6169,FrenchPolynesia6170,FrenchPolynesia6171,FrenchPolynesia6172,FrenchPolynesia6173,FrenchPolynesia6174,FrenchPolynesia6175,FrenchPolynesia6176,FrenchPolynesia6177,FrenchPolynesia6178,FrenchPolynesia6179,FrenchPolynesia6180,FrenchPolynesia6181,FrenchPolynesia6182,FrenchPolynesia6183,FrenchPolynesia6184,FrenchPolynesia6185,FrenchPolynesia6186,FrenchPolynesia6187,FrenchPolynesia6188,FrenchPolynesia6189,FrenchPolynesia6190,FrenchPolynesia6191,FrenchPolynesia6192,FrenchPolynesia6193,FrenchPolynesia6194,FrenchPolynesia6195,FrenchPolynesia6196,FrenchPolynesia6197,FrenchPolynesia6198,FrenchPolynesia6199,FrenchPolynesia6200,FrenchPolynesia6201,FrenchPolynesia6202,FrenchPolynesia6203,FrenchPolynesia6204,FrenchPolynesia6205,FrenchPolynesia6206,FrenchPolynesia6207,FrenchPolynesia6208,FrenchPolynesia6209,FrenchPolynesia6210,FrenchPolynesia6212,FrenchPolynesia6213,FrenchPolynesia6214,FrenchPolynesia6216,FrenchPolynesia6218,FrenchPolynesia6219,FrenchPolynesia6220,FrenchPolynesia6221,FrenchPolynesia6222,FrenchPolynesia6223,FrenchPolynesia6224,FrenchPolynesia6225,FrenchPolynesia6226,FrenchPolynesia6227,FrenchPolynesia6228,FrenchPolynesia6229,FrenchPolynesia6230,FrenchPolynesia6231,FrenchPolynesia6232,FrenchPolynesia6233,FrenchPolynesia6234,FrenchPolynesia6235,FrenchPolynesia6236,FrenchPolynesia6237,FrenchPolynesia6238,FrenchPolynesia6239,FrenchPolynesia6240,FrenchPolynesia6241,FrenchPolynesia6242,FrenchPolynesia6243,FrenchPolynesia6244,FrenchPolynesia6245,FrenchPolynesia6246,FrenchPolynesia6247,FrenchPolynesia6248,FrenchPolynesia6249,FrenchPolynesia6250,FrenchPolynesia6251,FrenchPolynesia6252,FrenchPolynesia6253,FrenchPolynesia6254,FrenchPolynesia6255,FrenchPolynesia6256,FrenchPolynesia6257,FrenchPolynesia6258,FrenchPolynesia6259,FrenchPolynesia6260,FrenchPolynesia6261,FrenchPolynesia6262,FrenchPolynesia6263,FrenchPolynesia6264,FrenchPolynesia6265,FrenchPolynesia6267,FrenchPolynesia6268,FrenchPolynesia6270,FrenchPolynesia6271,FrenchPolynesia6272,FrenchPolynesia6273,FrenchPolynesia6274,FrenchPolynesia6275,FrenchPolynesia6276,FrenchPolynesia6277,FrenchPolynesia6278,FrenchPolynesia6279,FrenchPolynesia6280,FrenchPolynesia6281,FrenchPolynesia6282,FrenchPolynesia6283,FrenchPolynesia6284,FrenchPolynesia6285,FrenchPolynesia6286,FrenchPolynesia6287,FrenchPolynesia6288,FrenchPolynesia6289,FrenchPolynesia6290,FrenchPolynesia6291,FrenchPolynesia6292,FrenchPolynesia6293,FrenchPolynesia6294,FrenchPolynesia6295,FrenchPolynesia6296,FrenchPolynesia6297,FrenchPolynesia6298,FrenchPolynesia6299,FrenchPolynesia6300,FrenchPolynesia6301,FrenchPolynesia6302,FrenchPolynesia6303,FrenchPolynesia6304,FrenchPolynesia6305,FrenchPolynesia6306,FrenchPolynesia6307,FrenchPolynesia6308,FrenchPolynesia6309,FrenchPolynesia6310,FrenchPolynesia6311,FrenchPolynesia6312,FrenchPolynesia6313,FrenchPolynesia6314,FrenchPolynesia6315,FrenchPolynesia6316,FrenchPolynesia6317,FrenchPolynesia6318,FrenchPolynesia6319,FrenchPolynesia6320,FrenchPolynesia6321,FrenchPolynesia6322,FrenchPolynesia6323,FrenchPolynesia6324,FrenchPolynesia6325,FrenchPolynesia6326,FrenchPolynesia6327,FrenchPolynesia6328,FrenchPolynesia6329,FrenchPolynesia6330,FrenchPolynesia6331,FrenchPolynesia6332,FrenchPolynesia6333,FrenchPolynesia6334,FrenchPolynesia6335,FrenchPolynesia6336,FrenchPolynesia6337,FrenchPolynesia6338,FrenchPolynesia6339,FrenchPolynesia6340,FrenchPolynesia6341,FrenchPolynesia6342,FrenchPolynesia6344,FrenchPolynesia6345,FrenchPolynesia6346,FrenchPolynesia6347,FrenchPolynesia6348,FrenchPolynesia6349,FrenchPolynesia6350,FrenchPolynesia6351,FrenchPolynesia6352,FrenchPolynesia6353,FrenchPolynesia6354,FrenchPolynesia6355,FrenchPolynesia6356,FrenchPolynesia6357,FrenchPolynesia6358,FrenchPolynesia6359,FrenchPolynesia6360,FrenchPolynesia6361,FrenchPolynesia6362,FrenchPolynesia6363,FrenchPolynesia6364,FrenchPolynesia6365,FrenchPolynesia6366,FrenchPolynesia6367,FrenchPolynesia6368,FrenchPolynesia6369,FrenchPolynesia6371,FrenchPolynesia6372,FrenchPolynesia6374,FrenchPolynesia6375,FrenchPolynesia6376,FrenchPolynesia6377,FrenchPolynesia6378,FrenchPolynesia6379,FrenchPolynesia6380,FrenchPolynesia6381,FrenchPolynesia6382,FrenchPolynesia6383,FrenchPolynesia6384,FrenchPolynesia6385,FrenchPolynesia6386,FrenchPolynesia6387,FrenchPolynesia6388,FrenchPolynesia6389,FrenchPolynesia6390,FrenchPolynesia6391,FrenchPolynesia6392,FrenchPolynesia6393,FrenchPolynesia6395,FrenchPolynesia6396,FrenchPolynesia6397,FrenchPolynesia6398,FrenchPolynesia6399,FrenchPolynesia6400,FrenchPolynesia6401,FrenchPolynesia6402,FrenchPolynesia6403,FrenchPolynesia6404,FrenchPolynesia6405,FrenchPolynesia6406,FrenchPolynesia6407,FrenchPolynesia6409,FrenchPolynesia6410,FrenchPolynesia6411,FrenchPolynesia6412,FrenchPolynesia6413,FrenchPolynesia6414,FrenchPolynesia6415,FrenchPolynesia6416,FrenchPolynesia6417,FrenchPolynesia6418,FrenchPolynesia6419,FrenchPolynesia6420,FrenchPolynesia6421,FrenchPolynesia6422,FrenchPolynesia6423,FrenchPolynesia6424,FrenchPolynesia6425,FrenchPolynesia6426,FrenchPolynesia6427,FrenchPolynesia6428,FrenchPolynesia6429,FrenchPolynesia6430,FrenchPolynesia6431,FrenchPolynesia6432,FrenchPolynesia6433,FrenchPolynesia6434,FrenchPolynesia6435,FrenchPolynesia6436,FrenchPolynesia6437,FrenchPolynesia6438,FrenchPolynesia6439,FrenchPolynesia6440,FrenchPolynesia6441,FrenchPolynesia6442,FrenchPolynesia6443,FrenchPolynesia6444,FrenchPolynesia6445,FrenchPolynesia6446,FrenchPolynesia6447,FrenchPolynesia6448,FrenchPolynesia6449,FrenchPolynesia6450,FrenchPolynesia6451,FrenchPolynesia6452,FrenchPolynesia6454,FrenchPolynesia6455,FrenchPolynesia6456,FrenchPolynesia6457,FrenchPolynesia6459,FrenchPolynesia6460,FrenchPolynesia6461,FrenchPolynesia6462,FrenchPolynesia6463,FrenchPolynesia6464,FrenchPolynesia6465,FrenchPolynesia6466,FrenchPolynesia6467,FrenchPolynesia6468,FrenchPolynesia6469,FrenchPolynesia6470,FrenchPolynesia6471,FrenchPolynesia6472,FrenchPolynesia6473,FrenchPolynesia6474,FrenchPolynesia6475,FrenchPolynesia6476,FrenchPolynesia6477,FrenchPolynesia6478,FrenchPolynesia6479,FrenchPolynesia6480,FrenchPolynesia6481,FrenchPolynesia6482,FrenchPolynesia6483,FrenchPolynesia6484,FrenchPolynesia6485,FrenchPolynesia6486,FrenchPolynesia6487,FrenchPolynesia6488,FrenchPolynesia6489,FrenchPolynesia6490,FrenchPolynesia6491,FrenchPolynesia6492,FrenchPolynesia6493,FrenchPolynesia6494,FrenchPolynesia6495,FrenchPolynesia6496,FrenchPolynesia6497,FrenchPolynesia6498,FrenchPolynesia6499,FrenchPolynesia6500,FrenchPolynesia6501,FrenchPolynesia6502,FrenchPolynesia6503,FrenchPolynesia6504,FrenchPolynesia6505,FrenchPolynesia6506,FrenchPolynesia6507,FrenchPolynesia6508,FrenchPolynesia6509,FrenchPolynesia6510,FrenchPolynesia6511,FrenchPolynesia6512,FrenchPolynesia6513,FrenchPolynesia6514,FrenchPolynesia6515,FrenchPolynesia6516,FrenchPolynesia6517,FrenchPolynesia6518,FrenchPolynesia6519,FrenchPolynesia6520,FrenchPolynesia6521,FrenchPolynesia6522,FrenchPolynesia6523,FrenchPolynesia6524,FrenchPolynesia6525,FrenchPolynesia6526,FrenchPolynesia6527,FrenchPolynesia6528,FrenchPolynesia6529,FrenchPolynesia6530,FrenchPolynesia6531,FrenchPolynesia6532,FrenchPolynesia6533,FrenchPolynesia6534,FrenchPolynesia6535,FrenchPolynesia6536,FrenchPolynesia6537,FrenchPolynesia6538,FrenchPolynesia6539,FrenchPolynesia6540,FrenchPolynesia6541,FrenchPolynesia6542,FrenchPolynesia6543,FrenchPolynesia6544,FrenchPolynesia6545,FrenchPolynesia6546,FrenchPolynesia6547,FrenchPolynesia6548,FrenchPolynesia6549,FrenchPolynesia6550,FrenchPolynesia6551,FrenchPolynesia6552,FrenchPolynesia6553,FrenchPolynesia6554,FrenchPolynesia6555,FrenchPolynesia6556,FrenchPolynesia6557,FrenchPolynesia6558,FrenchPolynesia6559,FrenchPolynesia6560,FrenchPolynesia6562,FrenchPolynesia6563,FrenchPolynesia6564,FrenchPolynesia6565,FrenchPolynesia6566,FrenchPolynesia6567,FrenchPolynesia6568,FrenchPolynesia6569,FrenchPolynesia6570,FrenchPolynesia6571,FrenchPolynesia6572,FrenchPolynesia6573,FrenchPolynesia6574,FrenchPolynesia6575,FrenchPolynesia6576,FrenchPolynesia6577,FrenchPolynesia6578,FrenchPolynesia6579,FrenchPolynesia6580,FrenchPolynesia6581,FrenchPolynesia6582,FrenchPolynesia6583,FrenchPolynesia6584,FrenchPolynesia6585,FrenchPolynesia6586,FrenchPolynesia6587,FrenchPolynesia6588,FrenchPolynesia6589,FrenchPolynesia6590,FrenchPolynesia6591,FrenchPolynesia6592,FrenchPolynesia6593,FrenchPolynesia6594,FrenchPolynesia6595,FrenchPolynesia6596,FrenchPolynesia6597,FrenchPolynesia6598,FrenchPolynesia6599,FrenchPolynesia6600,FrenchPolynesia6601,FrenchPolynesia6602,FrenchPolynesia6603,FrenchPolynesia6604,FrenchPolynesia6605,FrenchPolynesia6606,FrenchPolynesia6607,FrenchPolynesia6608,FrenchPolynesia6609,FrenchPolynesia6610,FrenchPolynesia6611,FrenchPolynesia6612,FrenchPolynesia6613,FrenchPolynesia6614,FrenchPolynesia6615,FrenchPolynesia6616,FrenchPolynesia6617,FrenchPolynesia6618,FrenchPolynesia6619,FrenchPolynesia6620,FrenchPolynesia6621,FrenchPolynesia6622,FrenchPolynesia6623,FrenchPolynesia6624,FrenchPolynesia6625,FrenchPolynesia6626,FrenchPolynesia6627,FrenchPolynesia6628,FrenchPolynesia6629,FrenchPolynesia6630,FrenchPolynesia6631,FrenchPolynesia6632,FrenchPolynesia6633,FrenchPolynesia6634,FrenchPolynesia6635,FrenchPolynesia6636,FrenchPolynesia6637,FrenchPolynesia6638,FrenchPolynesia6639,FrenchPolynesia6640,FrenchPolynesia6641,FrenchPolynesia6642,FrenchPolynesia6643,FrenchPolynesia6644,FrenchPolynesia6645,FrenchPolynesia6646,FrenchPolynesia6647,FrenchPolynesia6648,FrenchPolynesia6649,FrenchPolynesia6650,FrenchPolynesia6651,FrenchPolynesia6652,FrenchPolynesia6653,FrenchPolynesia6654,FrenchPolynesia6655,FrenchPolynesia6656,FrenchPolynesia6657,FrenchPolynesia6658,FrenchPolynesia6659,FrenchPolynesia6660,FrenchPolynesia6661,FrenchPolynesia6662,FrenchPolynesia6663,FrenchPolynesia6664,FrenchPolynesia6665,FrenchPolynesia6666,FrenchPolynesia6667,FrenchPolynesia6668,FrenchPolynesia6669,FrenchPolynesia6670,FrenchPolynesia6671,FrenchPolynesia6672,FrenchPolynesia6673,FrenchPolynesia6674,FrenchPolynesia6675,FrenchPolynesia6676,FrenchPolynesia6677,FrenchPolynesia6678,FrenchPolynesia6679,FrenchPolynesia6680,FrenchPolynesia6681,FrenchPolynesia6682,FrenchPolynesia6683,FrenchPolynesia6684,FrenchPolynesia6685,FrenchPolynesia6686,FrenchPolynesia6687,FrenchPolynesia6688,FrenchPolynesia6689,FrenchPolynesia6690,FrenchPolynesia6691,FrenchPolynesia6692,FrenchPolynesia6693,FrenchPolynesia6694,FrenchPolynesia6695,FrenchPolynesia6696,FrenchPolynesia6697,FrenchPolynesia6698,FrenchPolynesia6699,FrenchPolynesia6700,FrenchPolynesia6701,FrenchPolynesia6702,FrenchPolynesia6703,FrenchPolynesia6704,FrenchPolynesia6705,FrenchPolynesia6707,FrenchPolynesia6708,FrenchPolynesia6709,FrenchPolynesia6710,FrenchPolynesia6711,FrenchPolynesia6712,FrenchPolynesia6713,FrenchPolynesia6714,FrenchPolynesia6715,FrenchPolynesia6716,FrenchPolynesia6717,FrenchPolynesia6718,FrenchPolynesia6719,FrenchPolynesia6720,FrenchPolynesia6721,FrenchPolynesia6722,FrenchPolynesia6723,FrenchPolynesia6724,FrenchPolynesia6725,FrenchPolynesia6726,FrenchPolynesia6727,FrenchPolynesia6728,FrenchPolynesia6729,FrenchPolynesia6730,FrenchPolynesia6731,FrenchPolynesia6732,FrenchPolynesia6733,FrenchPolynesia6734,FrenchPolynesia6736,FrenchPolynesia6737,FrenchPolynesia6738,FrenchPolynesia6739,FrenchPolynesia6740,FrenchPolynesia6741,FrenchPolynesia6742,FrenchPolynesia6743,FrenchPolynesia6744,FrenchPolynesia6745,FrenchPolynesia6746,FrenchPolynesia6747,FrenchPolynesia6748,FrenchPolynesia6762,FrenchPolynesia6763,FrenchPolynesia6764,FrenchPolynesia6765,FrenchPolynesia6766,FrenchPolynesia6767,FrenchPolynesia6768,FrenchPolynesia6769,FrenchPolynesia6770,FrenchPolynesia6771,FrenchPolynesia6772,FrenchPolynesia6773,FrenchPolynesia6774,FrenchPolynesia6775,FrenchPolynesia6776,FrenchPolynesia6777,FrenchPolynesia6778,FrenchPolynesia6779,FrenchPolynesia6780,FrenchPolynesia6781,FrenchPolynesia6782,FrenchPolynesia6783,FrenchPolynesia6784,FrenchPolynesia6785,FrenchPolynesia6786,FrenchPolynesia6787,FrenchPolynesia6788,FrenchPolynesia6789,FrenchPolynesia6791,FrenchPolynesia6792,FrenchPolynesia6793,FrenchPolynesia6794,FrenchPolynesia6795,FrenchPolynesia6796,FrenchPolynesia6797,FrenchPolynesia6799,FrenchPolynesia6800,FrenchPolynesia6801,FrenchPolynesia6802,FrenchPolynesia6803,FrenchPolynesia6804,FrenchPolynesia6806,FrenchPolynesia6807,FrenchPolynesia6809,FrenchPolynesia6810,FrenchPolynesia6812,FrenchPolynesia6813,FrenchPolynesia6814,FrenchPolynesia6815,FrenchPolynesia6816,FrenchPolynesia6817,FrenchPolynesia6818,FrenchPolynesia6820,FrenchPolynesia6821,FrenchPolynesia6822,FrenchPolynesia6823,FrenchPolynesia6824,FrenchPolynesia6826,FrenchPolynesia6827,FrenchPolynesia6828,FrenchPolynesia6829,FrenchPolynesia6830,FrenchPolynesia6831,FrenchPolynesia6832,FrenchPolynesia6834,FrenchPolynesia6835,FrenchPolynesia6836,FrenchPolynesia6837,FrenchPolynesia6840,FrenchPolynesia6841,FrenchPolynesia6842,FrenchPolynesia6843,FrenchPolynesia6844,FrenchPolynesia6845,FrenchPolynesia6846,FrenchPolynesia6847,FrenchPolynesia6848,FrenchPolynesia6849,FrenchPolynesia6850,FrenchPolynesia6851,FrenchPolynesia6852,FrenchPolynesia6853,FrenchPolynesia6854,FrenchPolynesia6855,FrenchPolynesia6856,FrenchPolynesia6857,FrenchPolynesia6858,FrenchPolynesia6859,FrenchPolynesia6860,FrenchPolynesia6861,FrenchPolynesia6862,FrenchPolynesia6863,FrenchPolynesia6864,FrenchPolynesia6865,FrenchPolynesia6866,FrenchPolynesia6867,FrenchPolynesia6868,FrenchPolynesia6869,FrenchPolynesia6870,FrenchPolynesia6871,FrenchPolynesia6872,FrenchPolynesia6873,FrenchPolynesia6874,FrenchPolynesia6875,FrenchPolynesia6876,FrenchPolynesia6877,FrenchPolynesia6878,FrenchPolynesia6879,FrenchPolynesia6881,FrenchPolynesia6882,FrenchPolynesia6883,FrenchPolynesia6884,FrenchPolynesia6885,FrenchPolynesia6886,FrenchPolynesia6887,FrenchPolynesia6888,FrenchPolynesia6889,FrenchPolynesia6890,FrenchPolynesia6891,FrenchPolynesia6892,FrenchPolynesia6893,FrenchPolynesia6894,FrenchPolynesia6895,FrenchPolynesia6896,FrenchPolynesia6897,FrenchPolynesia6898,FrenchPolynesia6899,FrenchPolynesia6900,FrenchPolynesia6901,FrenchPolynesia6902,FrenchPolynesia6903,FrenchPolynesia6904,FrenchPolynesia6905,FrenchPolynesia6906,FrenchPolynesia6907,FrenchPolynesia6908,FrenchPolynesia6909,FrenchPolynesia6910,FrenchPolynesia6911,FrenchPolynesia6912,FrenchPolynesia6913,FrenchPolynesia6914,FrenchPolynesia6915,FrenchPolynesia6916,FrenchPolynesia6917,FrenchPolynesia6918,FrenchPolynesia6919,FrenchPolynesia6920,FrenchPolynesia6921,FrenchPolynesia6922,FrenchPolynesia6923,FrenchPolynesia6924,FrenchPolynesia6925,FrenchPolynesia6926,FrenchPolynesia6927,FrenchPolynesia6928,FrenchPolynesia6929,FrenchPolynesia6930,FrenchPolynesia6931,FrenchPolynesia6932,FrenchPolynesia6933,FrenchPolynesia6934,FrenchPolynesia6935,FrenchPolynesia6936,FrenchPolynesia6937,FrenchPolynesia6938,FrenchPolynesia6939,FrenchPolynesia6940,FrenchPolynesia6941,FrenchPolynesia6942,FrenchPolynesia6943,FrenchPolynesia6944,FrenchPolynesia6945,FrenchPolynesia6946,FrenchPolynesia6947,FrenchPolynesia6948,FrenchPolynesia6949,FrenchPolynesia6950,FrenchPolynesia6951,FrenchPolynesia6952,FrenchPolynesia6953,FrenchPolynesia6954,FrenchPolynesia6955,FrenchPolynesia6956,FrenchPolynesia6957,FrenchPolynesia6958,FrenchPolynesia6959,FrenchPolynesia6960,FrenchPolynesia6961,FrenchPolynesia6962,FrenchPolynesia6963,FrenchPolynesia6964,FrenchPolynesia6965,FrenchPolynesia6966,FrenchPolynesia6967,FrenchPolynesia6968,FrenchPolynesia6969,FrenchPolynesia6970,FrenchPolynesia6971,FrenchPolynesia6972,FrenchPolynesia6973,FrenchPolynesia6974,FrenchPolynesia6975,FrenchPolynesia6976,FrenchPolynesia6977,FrenchPolynesia6978,FrenchPolynesia6979,FrenchPolynesia6980,FrenchPolynesia6981,FrenchPolynesia6983,FrenchPolynesia6984,FrenchPolynesia6985,FrenchPolynesia6986,FrenchPolynesia6987,FrenchPolynesia6988,FrenchPolynesia6989,FrenchPolynesia6990,FrenchPolynesia6991,FrenchPolynesia6992,FrenchPolynesia6993,FrenchPolynesia6994,FrenchPolynesia6995,FrenchPolynesia6996,FrenchPolynesia6997,FrenchPolynesia6998,FrenchPolynesia6999,FrenchPolynesia7000,FrenchPolynesia7001,FrenchPolynesia7002,FrenchPolynesia7003,FrenchPolynesia7004,FrenchPolynesia7005,FrenchPolynesia7006,FrenchPolynesia7007,FrenchPolynesia7008,FrenchPolynesia7009,FrenchPolynesia7010,FrenchPolynesia7011,FrenchPolynesia7012,FrenchPolynesia7013,FrenchPolynesia7014,FrenchPolynesia7015,FrenchPolynesia7016,FrenchPolynesia7017,FrenchPolynesia7018,FrenchPolynesia7019,FrenchPolynesia7020,FrenchPolynesia7021,FrenchPolynesia7022,FrenchPolynesia7023,FrenchPolynesia7024,FrenchPolynesia7025,FrenchPolynesia7026,FrenchPolynesia7027,FrenchPolynesia7028,FrenchPolynesia7029,FrenchPolynesia7030,FrenchPolynesia7031,FrenchPolynesia7032,FrenchPolynesia7262,FrenchPolynesia7263,FrenchPolynesia7264,FrenchPolynesia7265,FrenchPolynesia7266,FrenchPolynesia7267,FrenchPolynesia7268,FrenchPolynesia7269,FrenchPolynesia7270,FrenchPolynesia7271,FrenchPolynesia7272,FrenchPolynesia7273,FrenchPolynesia7274,FrenchPolynesia7275,FrenchPolynesia7278,FrenchPolynesia7279,FrenchPolynesia7280,FrenchPolynesia7281,FrenchPolynesia7282,FrenchPolynesia7283,FrenchPolynesia7284,FrenchPolynesia7285,FrenchPolynesia7286,FrenchPolynesia7288,FrenchPolynesia7289,FrenchPolynesia7290,FrenchPolynesia7291,FrenchPolynesia7292,FrenchPolynesia7293,FrenchPolynesia7294,FrenchPolynesia7295,FrenchPolynesia7297,FrenchPolynesia7298,FrenchPolynesia7299,FrenchPolynesia7300,FrenchPolynesia7301,FrenchPolynesia7302,FrenchPolynesia7303,FrenchPolynesia7304,FrenchPolynesia7305,FrenchPolynesia7306,FrenchPolynesia7307,FrenchPolynesia7308,FrenchPolynesia7309,FrenchPolynesia7310,FrenchPolynesia7311,FrenchPolynesia7312,FrenchPolynesia7313,FrenchPolynesia7314,FrenchPolynesia7315,FrenchPolynesia7316,FrenchPolynesia7317,FrenchPolynesia7318,FrenchPolynesia7319,FrenchPolynesia7320,FrenchPolynesia7321,FrenchPolynesia7322,FrenchPolynesia7323,FrenchPolynesia7326,FrenchPolynesia7332,FrenchPolynesia7333,FrenchPolynesia7334,FrenchPolynesia7341,Gabon1200,Gabon1201,Gabon1202,Gabon1203,Gabon1204,Gabon9226,Gambia988,Gambia989,Gambia990,Gambia991,Gambia992,Gambia993,Gambia994,Gambia995,Gambia996,Gambia997,Gambia998,Gambia999,Georgia664,Georgia665,Georgia666,Georgia667,Georgia668,Georgia669,Georgia670,Georgia671,Georgia672,Georgia673,Georgia674,Georgia675,Georgia676,Germany3001,Germany3004,Germany3005,Germany3006,Germany3007,Germany3008,Germany3009,Germany3010,Germany3011,Germany3012,Germany3013,Germany3014,Germany3015,Germany3016,Germany3017,Germany3018,Germany3019,Germany3020,Germany3021,Germany3022,Germany3023,Germany3024,Germany3025,Germany3026,Germany3027,Germany3028,Germany3029,Germany3030,Germany3031,Germany3032,Germany3033,Germany3034,Germany3073,Germany3074,Germany3075,Germany3076,Germany3077,Germany3078,Germany3079,Germany3080,Germany3081,Germany3082,Germany3083,Germany3084,Germany3085,Germany3086,Germany3087,Germany3088,Germany3089,Germany3090,Germany3091,Germany3092,Germany3093,Germany3094,Germany3095,Germany3096,Germany8934,Germany9006,Germany9053,Germany9054,Germany9055,Ghana1106,Ghana1108,Ghana1109,Ghana1110,Ghana1111,Ghana1112,Ghana1113,Ghana1114,Ghana1115,Ghana1116,Ghana1117,Ghana1118,Ghana1119,Ghana1120,Ghana1121,Ghana1122,Ghana1123,Ghana1124,Ghana1125,Ghana1126,Ghana1127,Ghana1128,Greece505,Greece506,Greece507,Greece508,Greece509,Greece510,Greece511,Greece512,Greece513,Greece514,Greece515,Greece516,Greece517,Greece518,Greece519,Greece520,Greece521,Greece522,Greece523,Greece524,Greece525,Greece526,Greece527,Greece528,Greece529,Greece530,Greece531,Greece532,Greece533,Greece534,Greece535,Greece536,Greece537,Greece538,Greece539,Greece540,Greece541,Greece542,Greece9216,Greece9219,Greece9221,Greece9222,Greece9224,Greece9229,Greece9230,Greece9231,Greece9232,Greece9233,Greece9234,Greece9235,Greece9236,Greece9237,Greece9238,Greece9239,Greece9240,Greece9241,Greece9242,Greece9243,Greece9244,Greece9245,Greece9248,Greece9249,Greece9250,Greece9251,Greece9252,Greece9253,Greece9254,Greece9256,Greece9257,Greece9259,Greece9260,Greece9261,Greece9262,Grenada8130,Grenada8131,Grenada8133,Guadeloupe8110,Guadeloupe8111,Guadeloupe8112,Guadeloupe8114,Guatemala3790,Guatemala3791,Guatemala3792,Guatemala3793,Guatemala3794,Guatemala3795,Guatemala4744,Guatemala4745,Guinea-Bissau1016,Guinea-Bissau1017,Guinea-Bissau1018,Guinea-Bissau1019,Guinea-Bissau1020,Guinea-Bissau1021,Guinea-Bissau1022,Guinea-Bissau1023,Guinea-Bissau1024,Guinea-Bissau1025,Guinea-Bissau1026,Guinea-Bissau1027,Guinea-Bissau1028,Guinea-Bissau1029,Guinea-Bissau1030,Guinea-Bissau8796,Guinea-Bissau8803,Guinea-Bissau8808,Guinea-Bissau8811,Guinea-Bissau8815,Guinea-Bissau8816,Guinea1031,Guinea1032,Guinea1033,Guinea1034,Guinea1035,Guinea1036,Guinea1037,Guinea1038,Guinea1039,Guinea1040,Guinea1041,Guinea1042,Guinea1043,Guinea1044,Guyana4857,Guyana4858,Guyana4859,Guyana4860,Guyana4861,Guyana4862,Guyana4863,Guyana4864,Guyana4865,Haiti7814,Haiti7815,Haiti7816,Haiti7817,Haiti7818,Haiti7819,Haiti7820,Haiti7821,Haiti7822,Haiti7823,Haiti7824,Haiti7825,Haiti7826,Haiti7827,Haiti7828,Haiti7829,Haiti7830,Haiti7831,Haiti7832,Haiti7833,Haiti7834,Haiti7835,Haiti7836,Haiti7837,Haiti7838,Haiti7839,Haiti7840,Haiti7841,Haiti7842,Haiti7843,Haiti7844,Haiti7845,Haiti7846,Haiti7847,Haiti7848,Haiti7849,Haiti7850,Haiti7851,Haiti7852,Haiti7854,Haiti7855,Haiti7856,Haiti7857,Haiti7858,Haiti7860,Haiti7863,Haiti7869,Haiti7870,Haiti7873,Haiti7874,Haiti7875,Haiti7876,Haiti7877,Haiti7878,Haiti7879,Haiti7884,Haiti7885,Haiti7887,Haiti7888,Haiti7921,Haiti7934,Honduras3826,Honduras3827,Honduras4746,Honduras4747,Honduras4748,Honduras4749,Honduras4750,Honduras4751,Honduras4752,Honduras4753,Honduras4754,Honduras4755,Honduras4756,Honduras4757,Honduras7532,HongKongChinaSAR10360,Iceland8255,Iceland8256,Iceland8257,Iceland8258,Iceland8259,Iceland8260,Iceland8261,Iceland8262,Iceland8263,Iceland8264,Iceland8265,Iceland8266,Iceland8267,Iceland8268,Iceland8269,Iceland8270,Iceland8271,India10046,India10121,India10122,India10123,India10124,India10125,India10126,India10130,India10131,India10132,India10133,India10134,India1629,India1630,India1631,India1632,India1633,India1634,India1635,India1636,India1637,India1638,India1639,India1640,India1641,India1642,India1643,India1644,India1645,India1646,India1647,India1648,India1649,India1650,India1651,India1652,India1653,India1654,India1655,India1656,India1657,India1658,India1659,India1660,India1661,India1662,India1663,India1664,India1665,India1666,India1667,India1668,India1669,India1670,India1671,India1672,India1673,India1674,India1675,India1676,India1677,India1678,India1679,India1680,India1681,India1682,India1683,India1684,India1685,India1686,India1687,India1688,India1689,India1690,India1691,India1692,India1693,India1694,India1695,India1696,India1697,India1698,India1699,India1700,India1701,India1702,India1703,India1704,India1705,India1706,India1707,India1708,India1709,India1710,India1711,India1712,India1713,India1714,India1715,India1716,India1717,India1718,India1719,India1720,India1721,India1722,India1723,India1724,India1725,India1726,India1727,India1728,India1729,India1730,India1731,India1732,India1733,India1734,India1735,India1736,India1737,India1738,India1739,India1740,India1741,India1742,India1743,India1744,India1745,India1746,India1747,India1748,India1749,India1750,India1751,India1752,India1753,India1754,India1755,India1756,India1757,India1758,India1759,India1760,India1761,India1762,India1763,India1764,India1765,India1766,India1767,India1768,India1769,India1770,India1771,India1772,India1773,India1774,India1775,India1776,India1777,India1778,India1779,India1780,India1781,India1782,India1783,India1784,India1785,India1786,India1787,India1788,India1789,India1790,India1791,India1792,India1793,India1794,India1795,India1796,India1797,India1798,India1799,India1800,India1801,India1802,India1803,India1804,India1805,India1806,India1807,India1808,India1809,India1810,India1811,India1812,India1813,India1814,India1815,India1816,India1817,India1818,India1819,India1820,India1821,India1822,India1823,India1824,India1825,India1826,India1827,India1828,India1829,India1830,India1831,India1832,India1833,India1834,India1835,India1836,India1837,India1838,India1839,India1840,India1841,India1842,India1843,India1844,India1845,India1846,India3222,India3223,India3224,India3225,India3226,India9528,India9529,India9533,India9534,India9535,India9536,India9541,India9545,India9546,India9547,India9548,India9550,India9557,India9558,India9559,India9560,India9561,India9562,India9563,Indonesia10136,Indonesia10137,Indonesia10138,Indonesia10139,Indonesia10140,Indonesia10141,Indonesia10142,Indonesia10143,Indonesia10144,Indonesia10145,Indonesia10146,Indonesia10147,Indonesia10148,Indonesia10149,Indonesia10150,Indonesia10151,Indonesia10152,Indonesia10153,Indonesia10154,Indonesia10155,Indonesia10156,Indonesia10157,Indonesia10158,Indonesia10159,Indonesia10160,Indonesia10161,Indonesia10162,Indonesia10163,Indonesia10164,Indonesia10165,Indonesia10166,Indonesia10167,Indonesia10168,Indonesia10169,Indonesia10170,Indonesia10171,Indonesia10172,Indonesia10173,Indonesia10174,Indonesia10175,Indonesia10176,Indonesia10177,Indonesia10178,Indonesia10194,Indonesia10199,Indonesia10200,Indonesia10201,Indonesia10202,Indonesia10203,Indonesia10204,Indonesia10208,Indonesia10209,Indonesia10210,Indonesia10211,Indonesia10219,Indonesia10221,Indonesia10224,Indonesia10225,Indonesia10230,Indonesia10235,Indonesia10236,Indonesia10237,Indonesia10238,Indonesia10239,Indonesia10240,Indonesia10241,Indonesia10246,Indonesia10247,Indonesia10262,Indonesia10270,Indonesia10272,Indonesia10273,Indonesia10274,Indonesia10275,Indonesia10276,Indonesia10279,Indonesia10280,Indonesia10281,Indonesia10282,Indonesia10283,Indonesia10284,Indonesia10285,Indonesia10287,Indonesia10288,Indonesia10291,Indonesia10292,Indonesia10293,Indonesia10294,Indonesia10295,Indonesia10296,Indonesia10297,Indonesia10298,Indonesia10299,Indonesia10300,Indonesia10301,Indonesia10302,Indonesia10303,Indonesia10304,Indonesia10305,Indonesia10306,Indonesia10307,Indonesia10308,Indonesia10309,Indonesia10310,Indonesia10311,Indonesia10312,Indonesia10313,Indonesia10314,Indonesia10315,Indonesia10316,Indonesia10317,Indonesia10318,Indonesia10319,Indonesia10320,Indonesia10321,Indonesia10322,Indonesia10323,Indonesia10324,Indonesia10325,Indonesia10326,Indonesia10327,Indonesia10328,Indonesia10329,Indonesia10330,Indonesia10331,Indonesia10332,Indonesia10333,Indonesia10334,Indonesia10335,Indonesia10336,Indonesia10337,Indonesia10338,Indonesia10339,Indonesia10340,Indonesia10341,Indonesia10342,Indonesia10343,Indonesia10344,Indonesia10345,Indonesia10346,Indonesia10347,Indonesia10348,Indonesia10349,Indonesia10352,Indonesia10362,Indonesia10368,Indonesia10369,Indonesia10370,Indonesia10373,Indonesia10374,Indonesia10376,Indonesia10377,Indonesia10378,Indonesia10379,Indonesia10388,Indonesia10389,Indonesia10391,Indonesia10395,Indonesia10397,Indonesia10403,Indonesia10404,Indonesia10405,Indonesia10406,Indonesia10407,Indonesia10409,Indonesia10411,Indonesia10413,Indonesia10414,Indonesia10415,Indonesia10417,Indonesia10418,Indonesia10419,Indonesia10420,Indonesia10421,Indonesia10422,Indonesia10423,Indonesia10424,Indonesia10425,Indonesia10426,Indonesia10427,Indonesia10428,Indonesia10429,Indonesia10430,Indonesia10431,Indonesia10432,Indonesia10433,Indonesia10435,Indonesia10436,Indonesia10455,Indonesia10504,Indonesia10505,Indonesia10506,Indonesia10632,Indonesia10633,Indonesia10634,Indonesia10636,Indonesia10637,Indonesia10639,Indonesia10664,Indonesia10667,Indonesia10668,Indonesia10669,Indonesia10670,Indonesia10671,Indonesia10672,Indonesia10673,Indonesia10674,Indonesia10675,Indonesia10680,Indonesia10689,Indonesia10690,Indonesia10691,Indonesia10746,Indonesia10753,Indonesia11118,Indonesia11165,Indonesia11172,Indonesia11173,Indonesia11176,Indonesia11179,Indonesia11193,Indonesia11222,Indonesia11228,Indonesia11236,Indonesia11237,Indonesia11238,Indonesia11248,Indonesia11250,Indonesia11251,Indonesia11252,Indonesia11253,Indonesia11254,Indonesia11260,Indonesia11261,Indonesia11262,Indonesia11263,Indonesia11264,Indonesia11265,Indonesia11266,Indonesia11267,Indonesia11268,Indonesia11269,Indonesia11270,Indonesia11271,Indonesia11272,Indonesia11278,Indonesia11282,Indonesia11285,Indonesia11286,Indonesia11287,Indonesia11288,Indonesia11289,Indonesia11290,Indonesia11291,Indonesia11292,Indonesia11293,Indonesia11294,Indonesia11295,Indonesia11296,Indonesia11297,Indonesia11298,Indonesia11299,Indonesia11300,Indonesia11301,Indonesia11302,Indonesia11303,Indonesia11304,Indonesia11305,Indonesia11306,Indonesia11307,Indonesia11308,Indonesia11309,Indonesia11310,Indonesia11311,Indonesia11312,Indonesia11313,Indonesia11314,Indonesia11315,Indonesia11316,Indonesia11317,Indonesia11318,Indonesia11319,Indonesia11320,Indonesia11321,Indonesia11322,Indonesia11323,Indonesia11324,Indonesia11325,Indonesia11326,Indonesia11327,Indonesia11328,Indonesia11329,Indonesia11330,Indonesia11331,Indonesia11332,Indonesia11337,Indonesia11338,Indonesia11339,Indonesia11340,Indonesia11341,Indonesia11342,Indonesia11343,Indonesia11344,Indonesia11346,Indonesia11347,Indonesia11348,Indonesia11353,Indonesia11354,Indonesia11355,Indonesia11357,Indonesia11358,Indonesia11360,Indonesia11424,Indonesia11426,Indonesia11428,Indonesia11430,Indonesia11431,Indonesia11433,Indonesia11437,Indonesia11438,Indonesia11439,Indonesia11440,Indonesia11441,Indonesia11453,Indonesia11454,Indonesia11455,Indonesia11456,Indonesia11458,Indonesia11459,Indonesia11466,Indonesia11467,Indonesia11468,Indonesia11473,Indonesia11474,Indonesia11475,Indonesia11476,Indonesia11477,Indonesia11479,Indonesia11480,Indonesia11481,Indonesia11482,Indonesia11483,Indonesia11484,Indonesia11486,Indonesia11487,Indonesia11488,Indonesia11489,Indonesia11490,Indonesia11491,Indonesia11492,Indonesia11493,Indonesia11494,Indonesia11495,Indonesia11496,Indonesia11497,Indonesia11498,Indonesia11499,Indonesia11500,Indonesia11501,Indonesia11502,Indonesia11503,Indonesia11504,Indonesia11505,Indonesia11506,Indonesia11507,Indonesia11508,Indonesia11509,Indonesia11510,Indonesia11511,Indonesia11512,Indonesia11520,Indonesia11521,Indonesia11522,Indonesia11524,Indonesia11525,Indonesia11526,Indonesia11528,Indonesia11529,Indonesia11530,Indonesia11562,Indonesia11582,Indonesia11631,Indonesia11632,Indonesia11633,Indonesia11634,Indonesia11635,Indonesia11636,Indonesia11637,Indonesia11638,Indonesia11639,Indonesia11640,Indonesia11641,Indonesia11646,Indonesia11647,Indonesia11648,Indonesia11649,Indonesia11650,Indonesia11652,Indonesia11653,Indonesia11654,Indonesia11655,Indonesia11656,Indonesia11657,Indonesia11658,Indonesia11659,Indonesia11660,Indonesia11661,Indonesia11662,Indonesia11676,Indonesia11677,Indonesia11678,Indonesia11680,Indonesia11682,Indonesia11683,Indonesia11684,Indonesia3238,Indonesia3239,Indonesia3240,Indonesia3241,Indonesia3242,Indonesia3243,Indonesia3244,Indonesia3245,Indonesia3246,Indonesia3247,Indonesia3248,Indonesia3249,Indonesia3250,Indonesia3251,Indonesia3252,Indonesia3253,Indonesia3254,Indonesia3255,Indonesia3256,Indonesia3257,Indonesia3258,Indonesia3259,Indonesia3260,Indonesia3261,Indonesia3262,Indonesia3263,Indonesia3264,Indonesia3265,Indonesia3266,Indonesia3267,Indonesia3268,Indonesia3269,Indonesia3270,Indonesia3271,Indonesia3272,Indonesia3273,Indonesia3274,Indonesia3275,Indonesia3276,Indonesia3277,Indonesia3278,Indonesia3279,Indonesia3280,Indonesia3281,Indonesia3282,Indonesia3283,Indonesia3284,Indonesia3285,Indonesia3287,Indonesia3288,Indonesia3289,Indonesia3290,Indonesia3291,IranIslamicRep1582,IranIslamicRep1583,IranIslamicRep1584,IranIslamicRep1585,IranIslamicRep1586,IranIslamicRep1587,IranIslamicRep1588,IranIslamicRep1589,IranIslamicRep1590,IranIslamicRep1591,IranIslamicRep1592,IranIslamicRep1593,IranIslamicRep1594,IranIslamicRep1595,IranIslamicRep1596,IranIslamicRep1597,IranIslamicRep1598,IranIslamicRep1599,IranIslamicRep1600,IranIslamicRep1601,IranIslamicRep1602,IranIslamicRep1603,IranIslamicRep1604,IranIslamicRep9407,IranIslamicRep9408,Iraq1581,Ireland8488,Ireland8489,Ireland8490,Ireland8491,Ireland8492,Ireland8493,Ireland8494,Ireland8495,Ireland8496,Ireland8497,Ireland8498,Ireland8499,Ireland8500,Ireland8501,Ireland8502,Ireland8503,Ireland8515,Ireland8516,Ireland8517,Ireland8518,Ireland8519,Ireland8520,Ireland8521,Ireland8522,Ireland8523,Ireland8524,Ireland8525,Ireland8526,Ireland8527,Israel1451,Israel764,Israel765,Israel766,Israel767,Israel768,Israel769,Israel770,Israel771,Israel772,Israel773,Israel774,Israel775,Israel776,Israel777,Italy402,Italy403,Italy404,Italy405,Italy406,Italy407,Italy408,Italy409,Italy410,Italy411,Italy412,Italy413,Italy414,Italy415,Italy416,Italy417,Italy418,Italy419,Italy420,Italy421,Italy422,Italy423,Italy424,Italy425,Italy426,Italy427,Italy428,Italy429,Italy430,Italy431,Italy432,Italy433,Italy434,Italy435,Italy436,Italy437,Italy438,Italy439,Italy440,Italy441,Italy442,Italy443,Italy444,Italy445,Italy446,Italy447,Italy448,Italy449,Italy450,Italy451,Italy452,Italy453,Italy454,Italy455,Italy456,Italy457,Italy458,Italy459,Italy460,Italy461,Italy462,Italy463,Italy464,Italy465,Italy466,Italy467,Italy468,Italy469,Italy470,Italy471,Italy472,Italy473,Italy474,Italy475,Italy476,Italy477,Italy478,Italy479,Italy480,Italy9007,Italy9008,Italy9009,Italy9010,Italy9011,Italy9012,Italy9013,Italy9014,Italy9015,Italy9016,Italy9046,Italy9059,Italy9071,Italy9072,Italy9073,Italy9074,Italy9075,Italy9076,Italy9077,Italy9078,Italy9079,Italy9080,Italy9081,Italy9082,Italy9083,Italy9084,Italy9085,Jamaica7732,Jamaica7733,Jamaica7734,Jamaica7735,Jamaica7736,Jamaica7737,Jamaica7738,Jamaica7739,Jamaica7740,Jamaica7741,Jamaica7742,Jamaica7743,Jamaica7744,Jamaica7745,Jamaica7746,Jamaica7747,Jamaica7748,Jamaica7749,Jamaica7750,Jamaica7751,Jamaica7752,Jamaica7753,Jamaica7754,Jamaica7755,Jamaica7756,Japan10679,Japan10683,Japan10738,Japan10880,Japan10881,Japan10882,Japan10883,Japan10884,Japan10885,Japan10886,Japan11109,Japan11115,Japan11116,Japan11117,Japan11126,Japan11161,Japan11163,Japan11164,Japan11166,Japan11170,Japan11174,Japan11175,Japan11177,Japan11178,Japan11180,Japan11184,Japan11185,Japan11186,Japan11187,Japan11188,Japan11189,Japan11194,Japan11195,Japan11196,Japan11208,Japan11210,Japan11211,Japan11212,Japan11213,Japan11214,Japan11224,Japan11225,Japan11226,Japan11227,Japan11229,Japan11239,Japan11240,Japan11241,Japan11242,Japan11243,Japan11244,Japan11249,Japan11273,Japan11277,Japan11279,Japan11280,Japan11281,Japan11283,Japan11284,Japan11333,Japan11334,Japan11335,Japan11336,Japan11361,Japan11362,Japan11363,Japan11364,Japan11365,Japan11366,Japan11367,Japan11368,Japan11369,Japan11370,Japan11371,Japan11372,Japan11373,Japan11374,Japan11375,Japan11376,Japan11377,Japan11378,Japan11379,Japan11380,Japan11381,Japan11382,Japan11383,Japan11384,Japan11385,Japan11386,Japan11387,Japan11388,Japan11389,Japan11390,Japan11391,Japan11392,Japan11393,Japan11394,Japan11395,Japan11396,Japan11397,Japan11398,Japan11399,Japan11400,Japan11401,Japan11402,Japan11403,Japan11404,Japan11405,Japan11406,Japan11407,Japan11408,Japan11409,Japan11410,Japan11411,Japan11412,Japan11413,Japan11414,Japan11415,Japan11416,Japan11417,Japan11418,Japan11419,Japan11420,Japan11421,Japan11422,Japan11425,Japan11427,Japan11478,Japan11485,Japan11563,Japan11564,Japan11565,Japan11566,Japan11567,Japan11568,Japan11569,Japan11570,Japan11571,Japan11572,Japan11573,Japan11574,Japan11575,Japan11576,Japan11577,Japan11578,Japan11579,Japan11580,Japan11581,Japan11583,Japan11584,Japan11612,Japan11613,Japan11623,Japan11624,Japan11625,Japan11628,Japan11629,Japan11630,Japan3286,Jordan1452,Jordan1453,Kenya1361,Kenya1362,Kenya1363,Kenya1364,Kenya1365,Kenya1366,Kenya1367,Kenya1368,Kenya9347,Kiribati12003,Kiribati12004,Kiribati12005,Kiribati12006,Kiribati12007,Kiribati12008,Kiribati12009,Kiribati12010,Kiribati12011,Kiribati12012,Kiribati12013,Kiribati12014,Kiribati12019,Kiribati12020,Kiribati12021,Kiribati12022,Kiribati12025,Kiribati12026,Kiribati12029,Kiribati12030,Kiribati12031,Kiribati12032,Kiribati12034,Kiribati12035,Kiribati12037,Kiribati12038,Kiribati12041,Kiribati5388,KoreaDemPeoplesRep2447,KoreaDemPeoplesRep2448,KoreaDemPeoplesRep2449,KoreaDemPeoplesRep2450,KoreaDemPeoplesRep2451,KoreaDemPeoplesRep2452,KoreaDemPeoplesRep2453,KoreaDemPeoplesRep2454,KoreaDemPeoplesRep2455,KoreaDemPeoplesRep2456,KoreaDemPeoplesRep2457,KoreaDemPeoplesRep2458,KoreaDemPeoplesRep2459,KoreaDemPeoplesRep2460,KoreaDemPeoplesRep2461,KoreaDemPeoplesRep2462,KoreaDemPeoplesRep2463,KoreaDemPeoplesRep2464,KoreaDemPeoplesRep2465,KoreaDemPeoplesRep2466,KoreaDemPeoplesRep2467,KoreaDemPeoplesRep2488,KoreaDemPeoplesRep2489,KoreaDemPeoplesRep2490,KoreaDemPeoplesRep2491,KoreaRep10682,KoreaRep10688,KoreaRep10693,KoreaRep10705,KoreaRep10874,KoreaRep10919,KoreaRep11206,KoreaRep11207,KoreaRep2468,KoreaRep2469,KoreaRep2470,KoreaRep2471,KoreaRep2472,KoreaRep2473,KoreaRep2474,KoreaRep2475,KoreaRep2476,KoreaRep2477,KoreaRep2478,KoreaRep2479,KoreaRep2480,KoreaRep2481,KoreaRep2482,KoreaRep2483,KoreaRep2484,KoreaRep2485,KoreaRep2486,KoreaRep2487,Kuwait1575,Kuwait1576,Kuwait1577,Kuwait1578,Kuwait1579,Kuwait1580,Kuwait9318,Latvia2951,Latvia2952,Latvia2953,Latvia2954,Latvia2955,Latvia2956,Latvia2957,Latvia2958,Latvia2959,Lebanon751,Lebanon752,Lebanon753,Lebanon754,Lebanon755,Lebanon756,Lebanon757,Lebanon758,Lebanon759,Lebanon760,Lebanon761,Lebanon762,Lebanon763,Liberia1053,Liberia1054,Liberia1055,Liberia1056,Liberia1057,Liberia1058,Liberia1059,Liberia1060,Liberia1061,Liberia1062,Liberia1063,Liberia1064,Liberia1065,Liberia1066,Liberia1067,Liberia1068,Liberia1069,Liberia1070,Liberia1071,Liberia1072,Liberia1073,Liberia1074,Liberia1075,Liberia1076,LibyanArabJamahiriya809,LibyanArabJamahiriya810,LibyanArabJamahiriya811,LibyanArabJamahiriya812,LibyanArabJamahiriya813,LibyanArabJamahiriya814,LibyanArabJamahiriya815,LibyanArabJamahiriya816,LibyanArabJamahiriya817,LibyanArabJamahiriya818,LibyanArabJamahiriya819,LibyanArabJamahiriya820,LibyanArabJamahiriya821,LibyanArabJamahiriya822,LibyanArabJamahiriya823,LibyanArabJamahiriya824,LibyanArabJamahiriya825,LibyanArabJamahiriya826,LibyanArabJamahiriya827,LibyanArabJamahiriya828,LibyanArabJamahiriya829,LibyanArabJamahiriya830,LibyanArabJamahiriya831,LibyanArabJamahiriya832,LibyanArabJamahiriya833,Lithuania2960,Lithuania2961,Lithuania2962,Lithuania2963,Lithuania2964,Lithuania2965,Lithuania2966,Lithuania2967,Lithuania2970,Lithuania2971,Lithuania2972,Lithuania2973,Lithuania2974,Macau10354,Macau10355,Macau10356,Macau10357,Macau10358,Madagascar9430,Madagascar9431,Madagascar9432,Madagascar9433,Madagascar9434,Madagascar9435,Madagascar9436,Madagascar9437,Madagascar9438,Madagascar9439,Madagascar9440,Madagascar9441,Madagascar9442,Madagascar9443,Madagascar9444,Madagascar9445,Madagascar9446,Madagascar9447,Madagascar9448,Madagascar9449,Madagascar9450,Madagascar9451,Madagascar9452,Madagascar9453,Madagascar9454,Madagascar9455,Madagascar9456,Madagascar9457,Madagascar9458,Madagascar9459,Madagascar9460,Madagascar9461,Madagascar9462,Madagascar9463,Madagascar9464,Madagascar9465,Madagascar9466,Madagascar9467,Madagascar9468,Madagascar9469,Madagascar9470,Madagascar9471,Madagascar9472,Madagascar9473,Madagascar9474,Madagascar9475,Madagascar9476,Madagascar9477,Madagascar9478,Madagascar9479,Madagascar9480,Madagascar9481,Madagascar9482,Madagascar9483,Madagascar9484,Madagascar9485,Madagascar9486,Madagascar9487,Madagascar9488,Madagascar9494,Madagascar9495,Madagascar9496,Madagascar9501,Malaysia10207,Malaysia10212,Malaysia10213,Malaysia10214,Malaysia10215,Malaysia10216,Malaysia10242,Malaysia10361,Malaysia10363,Malaysia10364,Malaysia10365,Malaysia10366,Malaysia10367,Malaysia10371,Malaysia10372,Malaysia10375,Malaysia10380,Malaysia10381,Malaysia10390,Malaysia10394,Malaysia10396,Malaysia10398,Malaysia10399,Malaysia10400,Malaysia10401,Malaysia10402,Malaysia10408,Malaysia10410,Malaysia10412,Malaysia10416,Malaysia10437,Malaysia10508,Malaysia10517,Malaysia10524,Malaysia10635,Malaysia10665,Malaysia1951,Malaysia1952,Malaysia1953,Malaysia1954,Malaysia1955,Malaysia1956,Malaysia1957,Malaysia1958,Malaysia1959,Malaysia1960,Malaysia1961,Malaysia1962,Malaysia1963,Malaysia1964,Malaysia1965,Malaysia1966,Malaysia1967,Malaysia1968,Malaysia1969,Malaysia1970,Malaysia1971,Malaysia1972,Malaysia1973,Malaysia1974,Malaysia1975,Malaysia1976,Malaysia1977,Malaysia1978,Malaysia1979,Malaysia1980,Malaysia1981,Malaysia1982,Malaysia1983,Malaysia1984,Malaysia1985,Malaysia1986,Malaysia1987,Malaysia1988,Malaysia1989,Malaysia1990,Malaysia1991,Malaysia1992,Malaysia1993,Malaysia1994,Malaysia1995,Malaysia1996,Malaysia1997,Malaysia1998,Malaysia1999,Malaysia2000,Malaysia2001,Malaysia2002,Malaysia2003,Malaysia2004,Malaysia2005,Malaysia2006,Malaysia2007,Malaysia2008,Malaysia2009,Malaysia2010,Malaysia2011,Malaysia2012,Malaysia2013,Malaysia2014,Malaysia2015,Malaysia2016,Malaysia2017,Malaysia2018,Malaysia2019,Malaysia2020,Malaysia2021,Malaysia2022,Malaysia2023,Malaysia2024,Malaysia2025,Malaysia2026,Malaysia2027,Malaysia2028,Malaysia2029,Malaysia2030,Malaysia2031,Malaysia2032,Malaysia2033,Malaysia2034,Malaysia2035,Maldives3227,Maldives3228,Maldives3229,Maldives3230,Maldives3231,Maldives3232,Maldives3233,Maldives3234,Maldives3235,Maldives3236,Maldives3237,Maldives9564,Maldives9565,Maldives9566,Maldives9567,Maldives9568,Maldives9569,Maldives9570,Maldives9571,Maldives9572,Maldives9573,Maldives9574,Maldives9575,Maldives9576,Maldives9577,Maldives9578,Maldives9579,Maldives9580,Maldives9581,Maldives9583,Maldives9584,Maldives9585,Maldives9586,Maldives9587,Maldives9588,Maldives9589,Maldives9590,Maldives9592,Maldives9593,Maldives9594,Maldives9595,Maldives9596,Maldives9597,Maldives9598,Maldives9599,Maldives9600,Maldives9601,Maldives9602,Maldives9603,Maldives9604,Maldives9605,Maldives9606,Maldives9607,Maldives9608,Maldives9609,Maldives9610,Maldives9611,Maldives9612,Maldives9613,Maldives9614,Maldives9615,Maldives9616,Maldives9617,Maldives9618,Maldives9619,Maldives9620,Maldives9621,Maldives9622,Maldives9623,Maldives9624,Maldives9625,Maldives9626,Maldives9627,Maldives9628,Maldives9629,Maldives9630,Maldives9631,Maldives9632,Maldives9633,Maldives9634,Maldives9635,Maldives9637,Maldives9638,Maldives9639,Maldives9640,Maldives9641,Maldives9642,Maldives9643,Maldives9644,Maldives9645,Maldives9646,Maldives9647,Maldives9648,Maldives9649,Maldives9650,Maldives9651,Maldives9652,Maldives9653,Maldives9654,Maldives9655,Maldives9656,Maldives9657,Maldives9658,Maldives9659,Maldives9660,Maldives9661,Maldives9662,Maldives9663,Maldives9664,Maldives9665,Maldives9666,Maldives9667,Maldives9668,Maldives9669,Maldives9670,Maldives9671,Maldives9672,Maldives9673,Maldives9674,Maldives9675,Maldives9676,Maldives9677,Maldives9678,Maldives9679,Maldives9680,Maldives9681,Maldives9682,Maldives9683,Maldives9684,Maldives9685,Maldives9686,Maldives9687,Maldives9688,Maldives9689,Maldives9690,Maldives9691,Maldives9692,Maldives9693,Maldives9694,Maldives9695,Maldives9696,Maldives9697,Maldives9698,Maldives9699,Maldives9700,Maldives9701,Maldives9702,Maldives9703,Maldives9704,Maldives9705,Maldives9706,Maldives9707,Maldives9708,Maldives9709,Maldives9710,Maldives9711,Maldives9712,Maldives9713,Maldives9714,Maldives9715,Maldives9716,Maldives9717,Maldives9718,Maldives9719,Maldives9720,Maldives9721,Maldives9722,Maldives9723,Maldives9724,Maldives9726,Maldives9728,Maldives9729,Maldives9730,Maldives9731,Maldives9732,Maldives9733,Maldives9734,Maldives9735,Maldives9736,Maldives9737,Maldives9738,Maldives9739,Maldives9740,Maldives9741,Maldives9742,Maldives9743,Maldives9744,Maldives9745,Maldives9746,Maldives9747,Maldives9748,Maldives9750,Maldives9752,Maldives9753,Maldives9754,Maldives9755,Maldives9756,Maldives9757,Maldives9758,Maldives9759,Maldives9760,Maldives9761,Maldives9762,Maldives9763,Maldives9764,Maldives9765,Maldives9766,Maldives9767,Maldives9768,Maldives9769,Maldives9770,Maldives9771,Maldives9772,Maldives9773,Maldives9774,Maldives9776,Maldives9777,Maldives9778,Maldives9779,Maldives9780,Maldives9781,Maldives9782,Maldives9783,Maldives9784,Maldives9785,Maldives9786,Maldives9787,Maldives9789,Maldives9790,Maldives9791,Maldives9792,Maldives9793,Maldives9794,Maldives9795,Maldives9796,Maldives9797,Maldives9798,Maldives9799,Maldives9800,Maldives9801,Maldives9802,Maldives9803,Maldives9804,Maldives9805,Maldives9806,Maldives9807,Maldives9808,Maldives9809,Maldives9810,Maldives9811,Maldives9812,Maldives9813,Maldives9814,Maldives9815,Maldives9816,Maldives9817,Maldives9818,Maldives9819,Maldives9820,Maldives9821,Maldives9822,Maldives9823,Maldives9824,Maldives9825,Maldives9826,Maldives9827,Maldives9828,Maldives9829,Maldives9830,Maldives9831,Maldives9832,Maldives9833,Maldives9834,Maldives9835,Maldives9836,Maldives9837,Maldives9838,Maldives9839,Maldives9840,Maldives9841,Maldives9842,Maldives9843,Maldives9844,Maldives9845,Maldives9846,Maldives9847,Maldives9848,Maldives9849,Maldives9850,Maldives9851,Maldives9852,Maldives9853,Maldives9854,Maldives9855,Maldives9856,Maldives9857,Maldives9858,Maldives9859,Maldives9860,Maldives9861,Maldives9862,Maldives9863,Maldives9864,Maldives9865,Maldives9866,Maldives9867,Maldives9868,Maldives9869,Maldives9870,Maldives9871,Maldives9872,Maldives9873,Maldives9874,Maldives9875,Maldives9876,Maldives9877,Maldives9878,Maldives9879,Maldives9880,Maldives9881,Maldives9882,Maldives9883,Maldives9884,Maldives9885,Maldives9886,Maldives9887,Maldives9888,Maldives9889,Maldives9890,Maldives9891,Maldives9892,Maldives9893,Maldives9894,Maldives9896,Maldives9897,Maldives9898,Maldives9899,Maldives9900,Maldives9901,Maldives9902,Maldives9903,Maldives9904,Maldives9905,Maldives9906,Maldives9907,Maldives9908,Maldives9909,Maldives9910,Maldives9911,Maldives9912,Maldives9914,Maldives9915,Maldives9916,Maldives9917,Maldives9918,Maldives9919,Maldives9920,Maldives9921,Maldives9922,Maldives9923,Maldives9924,Maldives9925,Maldives9926,Maldives9927,Maldives9928,Maldives9929,Maldives9930,Maldives9931,Maldives9932,Maldives9933,Maldives9934,Maldives9935,Maldives9936,Maldives9937,Maldives9938,Maldives9939,Maldives9940,Maldives9941,Maldives9942,Maldives9943,Maldives9944,Maldives9945,Maldives9946,Maldives9947,Maldives9948,Maldives9949,Maldives9950,Maldives9951,Maldives9952,Maldives9953,Maldives9954,Maldives9955,Maldives9956,Maldives9958,Malta9113,MarshallIslands11828,MarshallIslands11864,MarshallIslands11865,MarshallIslands11869,MarshallIslands11870,MarshallIslands11871,MarshallIslands11872,MarshallIslands11873,MarshallIslands11874,MarshallIslands11875,MarshallIslands11877,MarshallIslands11878,MarshallIslands11879,MarshallIslands11880,MarshallIslands11881,MarshallIslands11883,MarshallIslands11884,MarshallIslands11885,MarshallIslands11886,MarshallIslands11887,MarshallIslands11888,MarshallIslands11889,MarshallIslands11890,MarshallIslands11891,MarshallIslands11892,MarshallIslands11893,MarshallIslands11894,MarshallIslands11897,MarshallIslands11898,MarshallIslands11899,MarshallIslands11900,MarshallIslands11901,MarshallIslands11902,MarshallIslands11903,MarshallIslands11904,MarshallIslands11905,MarshallIslands11906,MarshallIslands11907,MarshallIslands11908,MarshallIslands11909,MarshallIslands11910,MarshallIslands11911,MarshallIslands11912,MarshallIslands11913,MarshallIslands11914,MarshallIslands11915,MarshallIslands11916,MarshallIslands11918,MarshallIslands11919,MarshallIslands11920,MarshallIslands11921,MarshallIslands11922,MarshallIslands11923,MarshallIslands11924,MarshallIslands11925,MarshallIslands11926,MarshallIslands11927,MarshallIslands11928,MarshallIslands11929,MarshallIslands11930,MarshallIslands11931,MarshallIslands11932,MarshallIslands11933,MarshallIslands11934,MarshallIslands11935,MarshallIslands11936,MarshallIslands11937,MarshallIslands11938,MarshallIslands11939,MarshallIslands11940,MarshallIslands11941,MarshallIslands11942,MarshallIslands11943,MarshallIslands11944,MarshallIslands11945,MarshallIslands11946,MarshallIslands11947,MarshallIslands11948,MarshallIslands11949,MarshallIslands11950,MarshallIslands11951,MarshallIslands11952,MarshallIslands11953,MarshallIslands11954,MarshallIslands11955,MarshallIslands11956,MarshallIslands11957,MarshallIslands11958,MarshallIslands11959,MarshallIslands11960,MarshallIslands11961,MarshallIslands11963,MarshallIslands11964,MarshallIslands11966,MarshallIslands11967,MarshallIslands11968,MarshallIslands11969,MarshallIslands11970,MarshallIslands11971,MarshallIslands11972,MarshallIslands11983,MarshallIslands11984,MarshallIslands11985,MarshallIslands11986,MarshallIslands11987,MarshallIslands11988,Martinique8123,Mauritania8575,Mauritania958,Mauritania959,Mauritania960,Mauritania961,Mauritania962,Mauritania963,Mauritania964,Mauritania965,Mauritania966,Mauritania967,Mauritania968,Mauritania969,Mauritius9514,Mauritius9582,Mexico3698,Mexico3699,Mexico3700,Mexico3701,Mexico3703,Mexico3704,Mexico3706,Mexico3707,Mexico3708,Mexico3709,Mexico3710,Mexico3711,Mexico3712,Mexico3713,Mexico3714,Mexico3715,Mexico3716,Mexico3717,Mexico3718,Mexico3719,Mexico3724,Mexico3727,Mexico3728,Mexico3731,Mexico3732,Mexico3737,Mexico3738,Mexico3739,Mexico3740,Mexico3741,Mexico3742,Mexico3743,Mexico3745,Mexico3746,Mexico3747,Mexico3750,Mexico3751,Mexico3752,Mexico3753,Mexico3754,Mexico3755,Mexico3756,Mexico3757,Mexico3758,Mexico3759,Mexico3760,Mexico3761,Mexico3762,Mexico3763,Mexico3764,Mexico3766,Mexico3767,Mexico3768,Mexico3769,Mexico3770,Mexico3771,Mexico3772,Mexico3773,Mexico3774,Mexico3775,Mexico3776,Mexico3777,Mexico3778,Mexico3779,Mexico3780,Mexico3781,Mexico3782,Mexico3783,Mexico3784,Mexico3786,Mexico3787,Mexico3788,Mexico3789,Mexico4711,Mexico4712,Mexico4713,Mexico4714,Mexico4715,Mexico4716,Mexico4717,Mexico4718,Mexico4719,Mexico4720,Mexico4721,Mexico4722,Mexico4723,Mexico4724,Mexico4725,Mexico4726,Mexico4727,Mexico4728,Mexico4729,Mexico4730,Mexico4731,Mexico4732,Mexico4733,Mexico4734,Mexico4735,Mexico4736,Mexico4737,Mexico5357,Mexico5358,Mexico5359,Mexico5397,Mexico5409,Mexico5411,Mexico5458,Mexico5459,Mexico5462,Mexico5466,Mexico5469,Mexico5472,Mexico5502,Mexico5507,Mexico5509,Mexico7277,Mexico7344,MicronesiaFedStates11740,MicronesiaFedStates11741,MicronesiaFedStates11742,MicronesiaFedStates11743,MicronesiaFedStates11744,MicronesiaFedStates11762,MicronesiaFedStates11763,MicronesiaFedStates11764,MicronesiaFedStates11765,MicronesiaFedStates11766,MicronesiaFedStates11767,MicronesiaFedStates11768,MicronesiaFedStates11769,MicronesiaFedStates11770,MicronesiaFedStates11771,MicronesiaFedStates11772,MicronesiaFedStates11773,MicronesiaFedStates11774,MicronesiaFedStates11775,MicronesiaFedStates11776,MicronesiaFedStates11777,MicronesiaFedStates11778,MicronesiaFedStates11779,MicronesiaFedStates11780,MicronesiaFedStates11781,MicronesiaFedStates11782,MicronesiaFedStates11783,MicronesiaFedStates11784,MicronesiaFedStates11785,MicronesiaFedStates11786,MicronesiaFedStates11787,MicronesiaFedStates11788,MicronesiaFedStates11789,MicronesiaFedStates11790,MicronesiaFedStates11791,MicronesiaFedStates11792,MicronesiaFedStates11794,MicronesiaFedStates11795,MicronesiaFedStates11796,MicronesiaFedStates11797,MicronesiaFedStates11798,MicronesiaFedStates11799,MicronesiaFedStates11800,MicronesiaFedStates11801,MicronesiaFedStates11802,MicronesiaFedStates11803,MicronesiaFedStates11804,MicronesiaFedStates11805,MicronesiaFedStates11844,MicronesiaFedStates11845,MicronesiaFedStates11846,MicronesiaFedStates11847,MicronesiaFedStates11848,MicronesiaFedStates11849,MicronesiaFedStates11850,MicronesiaFedStates11851,MicronesiaFedStates11852,MicronesiaFedStates11853,MicronesiaFedStates11854,MicronesiaFedStates11855,MicronesiaFedStates11856,MicronesiaFedStates11857,MicronesiaFedStates11858,MicronesiaFedStates3292,MicronesiaFedStates3293,MicronesiaFedStates3294,MicronesiaFedStates3295,MicronesiaFedStates3296,MicronesiaFedStates3297,MicronesiaFedStates3298,MicronesiaFedStates3299,MicronesiaFedStates3300,MicronesiaFedStates3301,MicronesiaFedStates3302,MicronesiaFedStates3303,MicronesiaFedStates3304,MicronesiaFedStates3305,MicronesiaFedStates3306,MicronesiaFedStates3307,MicronesiaFedStates3308,MicronesiaFedStates3309,MicronesiaFedStates3310,MicronesiaFedStates3311,MicronesiaFedStates3312,MicronesiaFedStates3313,MicronesiaFedStates3314,MicronesiaFedStates3315,MicronesiaFedStates3316,MicronesiaFedStates3317,MicronesiaFedStates3318,MicronesiaFedStates3319,MicronesiaFedStates3320,MicronesiaFedStates3321,MicronesiaFedStates3322,MicronesiaFedStates3323,MicronesiaFedStates3324,MicronesiaFedStates3325,MicronesiaFedStates3326,MicronesiaFedStates3327,MicronesiaFedStates3328,MicronesiaFedStates3329,Monaco399,Morocco903,Morocco906,Morocco907,Morocco908,Morocco909,Morocco910,Morocco914,Morocco915,Morocco916,Morocco917,Morocco918,Morocco919,Morocco920,Morocco921,Morocco922,Morocco923,Morocco924,Morocco925,Morocco926,Morocco927,Morocco928,Morocco929,Morocco930,Morocco931,Morocco932,Morocco933,Morocco934,Morocco935,Morocco936,Morocco937,Morocco938,Morocco939,Morocco940,Morocco941,Morocco942,Morocco943,Mozambique1289,Mozambique1290,Mozambique1291,Mozambique1292,Mozambique1293,Mozambique1294,Mozambique1295,Mozambique1296,Mozambique1297,Mozambique1298,Mozambique1299,Mozambique1300,Mozambique1301,Mozambique1302,Mozambique1303,Mozambique1304,Mozambique1305,Mozambique1306,Mozambique1307,Mozambique1308,Mozambique1309,Mozambique1310,Mozambique1311,Mozambique1312,Mozambique1313,Mozambique1314,Mozambique1315,Mozambique1316,Mozambique1317,Mozambique1318,Mozambique1319,Mozambique1320,Mozambique1321,Mozambique1322,Mozambique1323,Mozambique1324,Mozambique1325,Mozambique1326,Mozambique1327,Mozambique1328,Mozambique1329,Mozambique1330,Mozambique1331,Mozambique1332,Mozambique1333,Mozambique1334,Mozambique1335,Mozambique1336,Mozambique9384,Mozambique9402,Myanmar10114,Myanmar10115,Myanmar10116,Myanmar10117,Myanmar10118,Myanmar10119,Myanmar10120,Myanmar10129,Myanmar10135,Myanmar10183,Myanmar10184,Myanmar10185,Myanmar10186,Myanmar10189,Myanmar10190,Myanmar10191,Myanmar10192,Myanmar1887,Myanmar1888,Myanmar1889,Myanmar1890,Myanmar1891,Myanmar1892,Myanmar1893,Myanmar1894,Myanmar1895,Myanmar1896,Myanmar1897,Myanmar1898,Myanmar1899,Myanmar1900,Myanmar1901,Myanmar1902,Myanmar1903,Myanmar1904,Myanmar1905,Myanmar1906,Myanmar1907,Myanmar1908,Myanmar1909,Myanmar1910,Myanmar1911,Myanmar1912,Myanmar1913,Myanmar1914,Myanmar1915,Myanmar1916,Myanmar1917,Myanmar1918,Myanmar1919,Myanmar1920,Myanmar1921,Myanmar1922,Myanmar1923,Myanmar1924,Myanmar1925,Myanmar1926,Myanmar1927,Myanmar1928,Myanmar1929,Myanmar1930,Myanmar1931,Myanmar1932,Myanmar1933,Myanmar1934,Myanmar1935,Myanmar1936,Myanmar1937,Myanmar1938,Myanmar1939,Myanmar1940,Myanmar1941,Namibia1236,Namibia1237,Namibia1238,Namibia1239,Namibia1240,Namibia1241,Namibia1242,Namibia1243,Namibia1244,Namibia1245,Namibia1246,Namibia1247,Namibia1248,Namibia1249,Namibia1250,Namibia1251,Nauru11917,Netherlands3097,Netherlands3098,Netherlands3099,Netherlands3100,Netherlands3101,Netherlands3102,Netherlands3103,Netherlands3104,Netherlands3105,Netherlands3106,Netherlands3107,Netherlands3108,Netherlands3109,Netherlands3110,Netherlands3111,Netherlands3112,Netherlands3113,Netherlands3114,Netherlands3115,Netherlands3116,Netherlands3117,Netherlands3118,Netherlands3119,Netherlands3120,Netherlands3121,Netherlands3122,Netherlands3123,Netherlands3124,Netherlands3125,Netherlands3126,Netherlands3127,Netherlands3128,Netherlands3129,Netherlands3130,Netherlands3131,Netherlands3132,Netherlands3133,Netherlands3134,Netherlands3135,Netherlands3136,Netherlands3137,Netherlands3138,Netherlands3139,Netherlands3140,Netherlands3141,Netherlands3142,Netherlands3143,Netherlands3144,Netherlands3145,Netherlands3146,Netherlands3147,Netherlands3148,Netherlands3149,Netherlands3150,Netherlands3151,Netherlands3152,Netherlands3153,Netherlands3154,Netherlands3155,Netherlands3156,Netherlands3157,Netherlands3158,Netherlands3159,Netherlands3160,Netherlands3161,Netherlands3162,Netherlands3163,Netherlands3164,Netherlands3165,Netherlands3166,Netherlands3167,Netherlands3168,Netherlands3169,Netherlands3170,Netherlands3171,Netherlands3172,Netherlands3173,Netherlands3174,Netherlands3175,Netherlands3176,Netherlands3177,Netherlands3178,Netherlands3179,Netherlands3180,Netherlands3181,Netherlands3182,Netherlands3183,Netherlands3184,Netherlands3185,Netherlands3190,Netherlands3191,Netherlands3192,Netherlands3193,Netherlands3194,Netherlands3195,Netherlands8848,Netherlands8849,Netherlands8850,Netherlands8851,Netherlands8852,Netherlands8871,Netherlands8872,Netherlands8873,Netherlands8875,Netherlands8876,Netherlands8877,Netherlands8878,Netherlands8879,Netherlands8880,Netherlands8881,Netherlands8882,Netherlands8883,Netherlands8884,Netherlands8885,Netherlands8886,Netherlands8887,Netherlands8888,Netherlands8897,Netherlands8898,Netherlands8899,Netherlands8900,Netherlands8901,Netherlands8902,Netherlands8903,Netherlands8904,Netherlands8905,Netherlands8906,Netherlands8907,NetherlandsAntilles8041,NetherlandsAntilles8078,NewCaledonia11999,NewCaledonia12016,NewCaledonia12017,NewCaledonia12023,NewCaledonia12024,NewZealand12045,NewZealand12046,NewZealand12047,NewZealand12048,NewZealand12049,NewZealand12050,NewZealand12051,NewZealand12052,NewZealand12053,NewZealand12054,NewZealand12055,NewZealand12056,NewZealand12057,NewZealand12058,NewZealand12059,NewZealand12060,NewZealand12061,NewZealand12062,NewZealand12063,NewZealand12064,NewZealand12065,NewZealand12066,NewZealand12067,NewZealand12068,NewZealand12069,NewZealand12070,NewZealand12071,NewZealand12072,NewZealand12073,NewZealand12074,NewZealand12075,NewZealand12076,NewZealand12077,NewZealand12084,NewZealand12085,NewZealand12086,NewZealand12087,NewZealand12088,NewZealand12089,NewZealand12090,NewZealand12091,NewZealand12092,NewZealand12093,NewZealand12094,NewZealand12095,NewZealand12096,NewZealand12097,NewZealand12098,NewZealand12099,NewZealand12100,NewZealand12101,NewZealand12102,NewZealand12103,NewZealand12104,NewZealand12105,NewZealand12106,NewZealand12107,NewZealand12108,NewZealand12109,NewZealand12110,NewZealand12111,NewZealand12112,NewZealand12113,NewZealand12114,NewZealand12115,NewZealand12116,NewZealand12117,NewZealand12118,NewZealand12119,NewZealand12120,NewZealand12121,NewZealand12122,NewZealand12123,NewZealand12124,NewZealand12125,NewZealand12126,NewZealand12127,NewZealand12128,NewZealand12129,NewZealand12130,NewZealand12131,NewZealand12132,NewZealand12133,NewZealand12134,NewZealand12135,NewZealand12136,NewZealand12137,NewZealand12138,NewZealand12139,NewZealand12140,NewZealand12141,NewZealand12144,NewZealand12145,NewZealand12146,NewZealand12147,NewZealand12148,NewZealand5499,NewZealand5506,NewZealand5729,NewZealand5730,NewZealand6073,NewZealand6077,NewZealand6078,NewZealand6089,NewZealand6091,NewZealand6095,NewZealand6098,NewZealand6099,NewZealand6103,NewZealand6106,NewZealand6107,NewZealand6110,NewZealand6112,NewZealand6113,NewZealand6118,NewZealand6215,NewZealand6217,NewZealand6343,NewZealand6394,NewZealand6408,NewZealand6453,NewZealand6706,NewZealand6811,NewZealand7958,Nicaragua3828,Nicaragua3829,Nicaragua3830,Nicaragua3831,Nicaragua3832,Nicaragua3833,Nicaragua3834,Nicaragua3835,Nicaragua3836,Nicaragua3837,Nicaragua3838,Nicaragua3839,Nicaragua3840,Nicaragua3841,Nicaragua3842,Nicaragua3843,Nicaragua4758,Nicaragua4759,Nicaragua4760,Nicaragua4761,Nicaragua4762,Nicaragua7664,Nicaragua7665,Nicaragua7666,Nicaragua7667,Nicaragua7668,Nicaragua7669,Nicaragua7670,Nicaragua7671,Nicaragua7672,Nicaragua7673,Nicaragua7674,Nicaragua7676,Nicaragua7677,Nicaragua7679,Nicaragua7680,Nicaragua7681,Nicaragua7682,Nicaragua7683,Nicaragua7684,Nicaragua7685,Nicaragua7686,Nicaragua7687,Nicaragua7688,Nicaragua7689,Nicaragua7690,Nicaragua7691,Nicaragua7692,Nicaragua7693,Nicaragua7694,Nicaragua7695,Nicaragua7696,Nicaragua7697,Nicaragua7698,Nicaragua7699,Nicaragua7700,Nicaragua7701,Nicaragua7702,Nicaragua7703,Nicaragua7704,Nicaragua7705,Nicaragua7709,Nicaragua7711,Nicaragua7713,Nicaragua7714,Nigeria1140,Nigeria1141,Nigeria1142,Nigeria1143,Nigeria1144,Nigeria1145,Nigeria1146,Nigeria1147,Nigeria1148,Nigeria1149,Nigeria1150,Nigeria1151,Nigeria1152,Nigeria1153,Nigeria1154,Nigeria1155,Nigeria1156,Nigeria1157,Nigeria1158,Nigeria1159,Nigeria1160,Nigeria1161,Nigeria1162,Nigeria1163,Nigeria1164,Nigeria1165,Nigeria1166,Nigeria1167,Nigeria1168,Nigeria1169,Nigeria1170,Nigeria1171,Nigeria1172,Nigeria1173,Nigeria1174,Nigeria1175,Nigeria1176,Nigeria1177,Nigeria1178,Nigeria1179,Nigeria1180,Nigeria1181,Nigeria1182,Nigeria1183,Nigeria1184,Nigeria1185,Nigeria1186,Nigeria9192,Nigeria9193,Nigeria9194,Nigeria9195,Norway2751,Norway2752,Norway2753,Norway2754,Norway2755,Norway2756,Norway2757,Norway2758,Norway2759,Norway2760,Norway2761,Norway2762,Norway2763,Norway2764,Norway2765,Norway2766,Norway2767,Norway2768,Norway2769,Norway2770,Norway2771,Norway2772,Norway2773,Norway2774,Norway2775,Norway2776,Norway2777,Norway2778,Norway2779,Norway2780,Norway2781,Norway2782,Norway2783,Norway2784,Norway2785,Norway2786,Norway2787,Norway2788,Norway2789,Norway2790,Norway2791,Norway2792,Norway2793,Norway2794,Norway2795,Norway2796,Norway2797,Norway2798,Norway2799,Norway2800,Norway2801,Norway2802,Norway2803,Norway2804,Norway2805,Norway2806,Norway2807,Norway2808,Norway2809,Norway2810,Norway2811,Norway2812,Norway2813,Norway2814,Norway2815,Norway2816,Norway2817,Norway2818,Norway2819,Norway2820,Norway2821,Norway2822,Norway2823,Norway2824,Norway2825,Norway2826,Norway2827,Norway2828,Norway2829,Norway2830,Norway2831,Norway2832,Norway2833,Norway2834,Norway2835,Norway2836,Norway2837,Norway2838,Norway2839,Norway2840,Norway2841,Norway2842,Norway2843,Norway2844,Norway2845,Norway2846,Norway2847,Norway8453,Norway8841,Norway8842,Norway8843,Norway8844,Norway8845,Norway8846,Norway8847,Norway8853,Norway8857,Norway8859,Norway8860,Norway8861,Norway8862,Norway8863,Norway8864,Norway8865,Norway8866,Norway8867,Norway8868,Norway8869,Norway8870,Norway8874,Norway8889,Norway8908,Norway8914,Norway8915,Norway8916,Norway8917,Norway8918,Norway8919,Norway8920,Norway8921,Norway8922,Norway8935,Norway8936,Norway8937,Norway8938,Norway8944,Norway8945,Norway8946,Norway8947,Norway8948,Norway8949,Norway8950,Norway8951,Norway8952,Norway8953,Norway8954,Norway8955,Norway8956,Norway8957,Norway8958,Norway8959,Norway8960,Norway8961,Norway8962,Norway8963,Norway8964,Norway8965,Norway8966,Norway8967,Norway8968,Norway8969,Norway8970,Norway8971,Norway8972,Norway8973,Norway8974,Norway8975,Norway8986,Norway8989,Norway8990,Norway9002,Norway9004,Norway9017,Norway9042,Norway9043,Norway9047,Norway9048,Norway9049,Norway9050,Norway9051,Norway9052,Norway9056,Norway9057,Norway9058,Norway9060,Norway9061,Norway9062,Norway9068,Norway9069,Norway9070,Norway9086,Norway9090,Norway9093,Norway9096,Norway9101,Norway9102,Norway9103,Norway9104,Norway9107,Norway9109,Norway9110,Norway9111,Norway9114,Norway9115,Norway9117,Norway9118,Norway9119,Norway9120,Norway9121,Norway9122,Norway9123,Norway9124,Norway9125,Norway9126,Norway9127,Norway9130,Norway9133,Norway9134,Norway9135,Norway9140,Norway9143,Norway9145,Norway9146,Norway9147,Norway9148,Norway9149,Norway9150,Norway9151,Norway9152,Norway9153,Norway9154,Norway9155,Norway9156,Norway9157,Norway9158,Norway9159,Norway9160,Norway9161,Norway9162,Norway9163,Norway9164,Norway9165,Norway9166,Norway9167,Norway9168,Norway9169,Norway9170,Norway9171,Norway9172,Norway9173,Norway9174,Norway9175,Norway9176,Norway9177,Norway9178,Norway9179,Norway9180,Norway9181,Norway9182,Norway9183,Norway9184,Norway9185,Norway9186,Norway9187,Norway9188,Norway9189,Norway9190,Norway9197,Norway9199,Norway9204,Norway9205,Norway9208,Norway9217,Norway9218,Norway9223,Norway9225,Norway9227,Norway9228,Norway9246,Norway9255,Norway9288,Oman1517,Oman1518,Oman1519,Oman1520,Oman1521,Oman1522,Oman1523,Oman1524,Oman1525,Oman1526,Oman1527,Oman1528,Oman1529,Oman1530,Oman1531,Oman1532,Oman1533,Oman1534,Oman1535,Oman1536,Oman1537,Oman1538,Oman1539,Oman1545,Oman9490,Pakistan1605,Pakistan1606,Pakistan1607,Pakistan1608,Pakistan1609,Pakistan1610,Pakistan1611,Pakistan1612,Pakistan1613,Pakistan1614,Pakistan1615,Pakistan1616,Pakistan1617,Pakistan1618,Pakistan1619,Pakistan1620,Pakistan1621,Pakistan1622,Pakistan1623,Pakistan1624,Pakistan1625,Pakistan1626,Pakistan1627,Pakistan1628,Palau11626,Palau11627,Panama3858,Panama3859,Panama3860,Panama3861,Panama3862,Panama3863,Panama3864,Panama3865,Panama3866,Panama3867,Panama3868,Panama3869,Panama3870,Panama3871,Panama3872,Panama3873,Panama3874,Panama3875,Panama3876,Panama3877,Panama3878,Panama3879,Panama3880,Panama3881,Panama4767,Panama4768,Panama4769,Panama4770,Panama4771,Panama4772,Panama4773,Panama4774,Panama4775,Panama4776,Panama4777,Panama7790,Panama7916,Panama7941,PapuaNewGuinea11513,PapuaNewGuinea11514,PapuaNewGuinea11515,PapuaNewGuinea11516,PapuaNewGuinea11517,PapuaNewGuinea11518,PapuaNewGuinea11519,PapuaNewGuinea11523,PapuaNewGuinea11527,PapuaNewGuinea11531,PapuaNewGuinea11532,PapuaNewGuinea11533,PapuaNewGuinea11534,PapuaNewGuinea11535,PapuaNewGuinea11536,PapuaNewGuinea11537,PapuaNewGuinea11538,PapuaNewGuinea11539,PapuaNewGuinea11540,PapuaNewGuinea11541,PapuaNewGuinea11542,PapuaNewGuinea11543,PapuaNewGuinea11544,PapuaNewGuinea11545,PapuaNewGuinea11546,PapuaNewGuinea11547,PapuaNewGuinea11548,PapuaNewGuinea11549,PapuaNewGuinea11550,PapuaNewGuinea11551,PapuaNewGuinea11552,PapuaNewGuinea11553,PapuaNewGuinea11554,PapuaNewGuinea11555,PapuaNewGuinea11556,PapuaNewGuinea11557,PapuaNewGuinea11558,PapuaNewGuinea11559,PapuaNewGuinea11560,PapuaNewGuinea11561,PapuaNewGuinea11702,PapuaNewGuinea11703,PapuaNewGuinea11705,PapuaNewGuinea11709,PapuaNewGuinea11710,PapuaNewGuinea11712,PapuaNewGuinea11714,PapuaNewGuinea11715,PapuaNewGuinea11716,PapuaNewGuinea11717,PapuaNewGuinea11723,PapuaNewGuinea11726,PapuaNewGuinea11727,PapuaNewGuinea11728,PapuaNewGuinea11729,PapuaNewGuinea11730,PapuaNewGuinea11731,PapuaNewGuinea11732,PapuaNewGuinea11734,PapuaNewGuinea11737,PapuaNewGuinea11738,PapuaNewGuinea11739,PapuaNewGuinea11745,PapuaNewGuinea11746,PapuaNewGuinea11747,PapuaNewGuinea11748,PapuaNewGuinea11749,PapuaNewGuinea11750,PapuaNewGuinea11751,PapuaNewGuinea11752,PapuaNewGuinea11754,PapuaNewGuinea11755,PapuaNewGuinea11756,PapuaNewGuinea11757,PapuaNewGuinea11758,PapuaNewGuinea11793,PapuaNewGuinea11806,PapuaNewGuinea11807,PapuaNewGuinea11808,PapuaNewGuinea11809,Peru3930,Peru3931,Peru3932,Peru3933,Peru3934,Peru3935,Peru3936,Peru3937,Peru3938,Peru3939,Peru3940,Peru3941,Peru3942,Peru3943,Peru3945,Peru3946,Peru3947,Peru3948,Peru3949,Peru3950,Peru3951,Peru3952,Peru3953,Peru3954,Peru3955,Peru3956,Peru3957,Peru3958,Peru3959,Peru3960,Peru3961,Peru3962,Peru3963,Peru3964,Philippines10507,Philippines10509,Philippines10511,Philippines10526,Philippines10527,Philippines10528,Philippines10529,Philippines10530,Philippines10531,Philippines10532,Philippines10533,Philippines10534,Philippines10535,Philippines10536,Philippines10537,Philippines10538,Philippines10539,Philippines10540,Philippines10541,Philippines10542,Philippines10543,Philippines10544,Philippines10545,Philippines10546,Philippines10547,Philippines10548,Philippines10549,Philippines10550,Philippines10551,Philippines10552,Philippines10553,Philippines10554,Philippines10555,Philippines10556,Philippines10557,Philippines10558,Philippines10559,Philippines10560,Philippines10561,Philippines10562,Philippines10563,Philippines10564,Philippines10565,Philippines10566,Philippines10567,Philippines10568,Philippines10569,Philippines10570,Philippines10571,Philippines10572,Philippines10573,Philippines10574,Philippines10575,Philippines10576,Philippines10577,Philippines10578,Philippines10579,Philippines10580,Philippines10581,Philippines10582,Philippines10583,Philippines10584,Philippines10585,Philippines10586,Philippines10587,Philippines10588,Philippines10589,Philippines10590,Philippines10591,Philippines10592,Philippines10593,Philippines10594,Philippines10595,Philippines10596,Philippines10597,Philippines10598,Philippines10599,Philippines10600,Philippines10601,Philippines10602,Philippines10603,Philippines10604,Philippines10605,Philippines10606,Philippines10607,Philippines10608,Philippines10609,Philippines10610,Philippines10611,Philippines10612,Philippines10613,Philippines10614,Philippines10615,Philippines10616,Philippines10617,Philippines10618,Philippines10619,Philippines10620,Philippines10621,Philippines10622,Philippines10623,Philippines10624,Philippines10625,Philippines10626,Philippines10627,Philippines10628,Philippines10629,Philippines10630,Philippines10640,Philippines10641,Philippines10642,Philippines10643,Philippines10644,Philippines10645,Philippines10646,Philippines10647,Philippines10648,Philippines10649,Philippines10650,Philippines10651,Philippines10652,Philippines10653,Philippines10654,Philippines10655,Philippines10656,Philippines10657,Philippines10658,Philippines10659,Philippines10660,Philippines10661,Philippines10662,Philippines10663,Philippines10681,Philippines10684,Philippines10685,Philippines10686,Philippines10687,Philippines10692,Philippines10694,Philippines10695,Philippines10696,Philippines10697,Philippines10698,Philippines10699,Philippines10700,Philippines10701,Philippines10702,Philippines10703,Philippines10704,Philippines10706,Philippines10707,Philippines10708,Philippines10709,Philippines10710,Philippines10711,Philippines10712,Philippines10713,Philippines10714,Philippines10715,Philippines10716,Philippines10717,Philippines10718,Philippines10719,Philippines10720,Philippines10721,Philippines10722,Philippines10723,Philippines10724,Philippines10725,Philippines10726,Philippines10727,Philippines10728,Philippines10729,Philippines10730,Philippines10731,Philippines10732,Philippines10733,Philippines10734,Philippines10735,Philippines10736,Philippines10737,Philippines10739,Philippines10740,Philippines10741,Philippines10742,Philippines10743,Philippines10744,Philippines10745,Philippines10747,Philippines10748,Philippines10749,Philippines10750,Philippines10751,Philippines10752,Philippines10754,Philippines10755,Philippines10756,Philippines10757,Philippines10758,Philippines10759,Philippines10760,Philippines10761,Philippines10762,Philippines10763,Philippines10764,Philippines10765,Philippines10766,Philippines10767,Philippines10768,Philippines10769,Philippines10770,Philippines10771,Philippines10772,Philippines10773,Philippines10774,Philippines10775,Philippines10776,Philippines10777,Philippines10778,Philippines10779,Philippines10780,Philippines10781,Philippines10782,Philippines10783,Philippines10784,Philippines10785,Philippines10786,Philippines10787,Philippines10788,Philippines10789,Philippines10790,Philippines10791,Philippines10792,Philippines10793,Philippines10794,Philippines10795,Philippines10796,Philippines10797,Philippines10798,Philippines10799,Philippines10800,Philippines10801,Philippines10802,Philippines10803,Philippines10804,Philippines10805,Philippines10806,Philippines10807,Philippines10808,Philippines10809,Philippines10810,Philippines10811,Philippines10812,Philippines10813,Philippines10814,Philippines10815,Philippines10816,Philippines10817,Philippines10818,Philippines10819,Philippines10820,Philippines10821,Philippines10822,Philippines10823,Philippines10824,Philippines10825,Philippines10826,Philippines10827,Philippines10828,Philippines10829,Philippines10830,Philippines10831,Philippines10832,Philippines10833,Philippines10834,Philippines10835,Philippines10836,Philippines10837,Philippines10838,Philippines10839,Philippines10840,Philippines10841,Philippines10842,Philippines10843,Philippines10844,Philippines10845,Philippines10846,Philippines10847,Philippines10848,Philippines10849,Philippines10850,Philippines10851,Philippines10852,Philippines10853,Philippines10854,Philippines10855,Philippines10856,Philippines10857,Philippines10858,Philippines10859,Philippines10860,Philippines10861,Philippines10862,Philippines10863,Philippines10864,Philippines10865,Philippines10866,Philippines10867,Philippines10868,Philippines10869,Philippines10870,Philippines10871,Philippines10872,Philippines10873,Philippines10875,Philippines10876,Philippines10877,Philippines10878,Philippines10879,Philippines10887,Philippines10888,Philippines10889,Philippines10890,Philippines10891,Philippines10892,Philippines10893,Philippines10894,Philippines10895,Philippines10896,Philippines10897,Philippines10898,Philippines10899,Philippines10900,Philippines10901,Philippines10902,Philippines10903,Philippines10904,Philippines10905,Philippines10906,Philippines10907,Philippines10908,Philippines10909,Philippines10910,Philippines10911,Philippines10912,Philippines10913,Philippines10914,Philippines10915,Philippines10916,Philippines10917,Philippines10918,Philippines11110,Philippines11111,Philippines11112,Philippines11113,Philippines11114,Philippines11119,Philippines11120,Philippines11121,Philippines11122,Philippines11123,Philippines11124,Philippines11125,Philippines11127,Philippines11128,Philippines11129,Philippines11130,Philippines11131,Philippines11132,Philippines11133,Philippines11134,Philippines11135,Philippines11136,Philippines11137,Philippines11138,Philippines11139,Philippines11140,Philippines11141,Philippines11142,Philippines11143,Philippines11144,Philippines11145,Philippines11146,Philippines11147,Philippines11148,Philippines11149,Philippines11150,Philippines11151,Philippines11152,Philippines11153,Philippines11154,Philippines11155,Philippines11156,Philippines11157,Philippines11158,Philippines11159,Philippines11160,Philippines11167,Philippines11168,Philippines11169,Philippines11181,Philippines11182,Philippines11183,Philippines11190,Philippines11191,Philippines11192,Philippines11197,Philippines11198,Philippines11199,Philippines11200,Philippines11201,Philippines11202,Philippines11203,Philippines11204,Philippines11205,Philippines11209,Philippines11215,Philippines11216,Philippines11217,Philippines11218,Philippines11219,Philippines11220,Philippines11221,Philippines11230,Philippines11231,Philippines11232,Philippines11233,Philippines11234,Philippines11235,Philippines11245,Philippines11246,Philippines11247,Poland2990,Poland2992,Poland2993,Poland2994,Poland2995,Poland2996,Poland2997,Poland2998,Poland2999,Poland3000,Poland3002,Poland3003,Portugal175,Portugal176,Portugal177,Portugal178,Portugal179,Portugal180,Portugal181,Portugal182,Portugal183,Portugal184,Portugal185,Portugal186,Portugal187,Portugal188,Portugal189,Portugal190,Portugal191,Portugal192,Portugal193,Portugal194,Portugal195,Portugal196,Portugal197,Portugal198,Portugal199,Portugal200,Portugal201,Portugal202,Portugal203,Portugal204,Portugal205,Portugal206,Portugal207,Portugal208,Portugal209,Portugal210,Portugal211,Portugal212,Portugal213,Portugal214,Portugal215,Portugal216,Portugal217,Portugal218,Portugal219,Portugal220,Portugal221,Portugal222,Portugal223,Portugal224,Portugal225,Portugal226,Portugal227,Portugal228,Portugal229,Portugal230,Portugal231,Portugal232,Portugal233,Portugal234,Portugal235,Portugal236,Portugal237,Portugal238,Portugal239,Portugal240,Portugal241,Portugal242,Portugal243,Portugal244,Portugal245,Portugal246,Portugal247,Portugal248,Portugal249,Portugal8226,Portugal8240,Portugal8241,Portugal8242,Portugal8245,Portugal8247,Portugal8273,Portugal8274,Portugal8275,Portugal8276,Portugal8277,Portugal8278,Portugal8279,Portugal8321,Portugal8322,Portugal8323,Portugal8324,Portugal8325,Portugal8326,Portugal8346,Portugal8429,Portugal8430,Portugal8431,Portugal8432,Portugal8433,PuertoRico7979,PuertoRico7985,PuertoRico7986,PuertoRico7987,PuertoRico7988,PuertoRico7989,PuertoRico7990,PuertoRico7991,PuertoRico7992,PuertoRico7993,PuertoRico7994,PuertoRico7995,PuertoRico7996,PuertoRico7997,PuertoRico7998,PuertoRico7999,PuertoRico8000,PuertoRico8001,PuertoRico8002,PuertoRico8003,PuertoRico8004,PuertoRico8005,PuertoRico8006,PuertoRico8007,PuertoRico8008,PuertoRico8009,PuertoRico8010,PuertoRico8020,Qatar1562,Qatar1563,Qatar1564,Qatar1565,Qatar1566,Qatar1567,Qatar1568,Qatar1569,Qatar1570,Reunion9513,Romania559,Romania560,Romania561,Romania562,Romania563,Romania564,RussianFederation10000,RussianFederation10001,RussianFederation10002,RussianFederation10003,RussianFederation10004,RussianFederation10005,RussianFederation10006,RussianFederation10007,RussianFederation10008,RussianFederation10009,RussianFederation10010,RussianFederation10011,RussianFederation10012,RussianFederation10013,RussianFederation10014,RussianFederation10015,RussianFederation10016,RussianFederation10017,RussianFederation10018,RussianFederation10019,RussianFederation10020,RussianFederation10021,RussianFederation10022,RussianFederation10023,RussianFederation10024,RussianFederation10025,RussianFederation10026,RussianFederation10027,RussianFederation10028,RussianFederation10029,RussianFederation10030,RussianFederation10031,RussianFederation10032,RussianFederation10033,RussianFederation10034,RussianFederation10035,RussianFederation10036,RussianFederation10037,RussianFederation10038,RussianFederation10039,RussianFederation10040,RussianFederation10041,RussianFederation10042,RussianFederation10043,RussianFederation10044,RussianFederation10045,RussianFederation10047,RussianFederation10048,RussianFederation10049,RussianFederation10050,RussianFederation10051,RussianFederation10052,RussianFederation10053,RussianFederation10056,RussianFederation10057,RussianFederation10058,RussianFederation10062,RussianFederation10064,RussianFederation10066,RussianFederation10067,RussianFederation10068,RussianFederation10069,RussianFederation10070,RussianFederation10071,RussianFederation10072,RussianFederation10076,RussianFederation10077,RussianFederation10078,RussianFederation10079,RussianFederation10080,RussianFederation10081,RussianFederation10082,RussianFederation10083,RussianFederation10084,RussianFederation10085,RussianFederation10086,RussianFederation10087,RussianFederation10088,RussianFederation10089,RussianFederation10090,RussianFederation10091,RussianFederation10092,RussianFederation10093,RussianFederation10094,RussianFederation10095,RussianFederation10096,RussianFederation10097,RussianFederation10098,RussianFederation10099,RussianFederation10100,RussianFederation10101,RussianFederation10102,RussianFederation10103,RussianFederation10104,RussianFederation10105,RussianFederation10106,RussianFederation10107,RussianFederation10108,RussianFederation10109,RussianFederation10110,RussianFederation10111,RussianFederation10112,RussianFederation10113,RussianFederation10179,RussianFederation10180,RussianFederation10181,RussianFederation10182,RussianFederation10187,RussianFederation10188,RussianFederation10220,RussianFederation10222,RussianFederation10227,RussianFederation10228,RussianFederation10229,RussianFederation10271,RussianFederation10353,RussianFederation10438,RussianFederation10442,RussianFederation10451,RussianFederation10454,RussianFederation10501,RussianFederation10502,RussianFederation10503,RussianFederation10510,RussianFederation10512,RussianFederation10513,RussianFederation10514,RussianFederation10515,RussianFederation10516,RussianFederation10521,RussianFederation10525,RussianFederation10631,RussianFederation10638,RussianFederation10666,RussianFederation10676,RussianFederation10677,RussianFederation10678,RussianFederation11223,RussianFederation11255,RussianFederation11256,RussianFederation11257,RussianFederation11258,RussianFederation11259,RussianFederation11274,RussianFederation11275,RussianFederation11276,RussianFederation11359,RussianFederation11423,RussianFederation11429,RussianFederation11432,RussianFederation11434,RussianFederation11435,RussianFederation11442,RussianFederation11443,RussianFederation11444,RussianFederation11445,RussianFederation11446,RussianFederation11447,RussianFederation11448,RussianFederation11449,RussianFederation11450,RussianFederation11451,RussianFederation11452,RussianFederation11461,RussianFederation11462,RussianFederation11463,RussianFederation11464,RussianFederation11465,RussianFederation11469,RussianFederation11470,RussianFederation11471,RussianFederation11472,RussianFederation11585,RussianFederation11586,RussianFederation11587,RussianFederation11588,RussianFederation11589,RussianFederation11590,RussianFederation11591,RussianFederation11592,RussianFederation11593,RussianFederation11594,RussianFederation11595,RussianFederation11596,RussianFederation11597,RussianFederation11598,RussianFederation11599,RussianFederation11600,RussianFederation11601,RussianFederation11602,RussianFederation11603,RussianFederation11604,RussianFederation11605,RussianFederation11606,RussianFederation11607,RussianFederation11608,RussianFederation11609,RussianFederation11610,RussianFederation11611,RussianFederation11614,RussianFederation11615,RussianFederation11616,RussianFederation11617,RussianFederation11618,RussianFederation11619,RussianFederation11620,RussianFederation11621,RussianFederation11622,RussianFederation11663,RussianFederation11664,RussianFederation11665,RussianFederation11666,RussianFederation11667,RussianFederation11668,RussianFederation11669,RussianFederation11670,RussianFederation11671,RussianFederation11672,RussianFederation11673,RussianFederation11681,RussianFederation11686,RussianFederation11690,RussianFederation11691,RussianFederation11692,RussianFederation11695,RussianFederation11700,RussianFederation11701,RussianFederation11704,RussianFederation11706,RussianFederation11707,RussianFederation11708,RussianFederation11711,RussianFederation11718,RussianFederation11719,RussianFederation11720,RussianFederation11721,RussianFederation11722,RussianFederation11724,RussianFederation11725,RussianFederation11735,RussianFederation11736,RussianFederation11753,RussianFederation11813,RussianFederation11823,RussianFederation11824,RussianFederation11965,RussianFederation2492,RussianFederation2493,RussianFederation2494,RussianFederation2495,RussianFederation2496,RussianFederation2497,RussianFederation2498,RussianFederation2499,RussianFederation2500,RussianFederation2501,RussianFederation2502,RussianFederation2503,RussianFederation2504,RussianFederation2505,RussianFederation2506,RussianFederation2507,RussianFederation2508,RussianFederation2509,RussianFederation2510,RussianFederation2511,RussianFederation2512,RussianFederation2513,RussianFederation2514,RussianFederation2515,RussianFederation2516,RussianFederation2517,RussianFederation2518,RussianFederation2519,RussianFederation2520,RussianFederation2521,RussianFederation2522,RussianFederation2523,RussianFederation2524,RussianFederation2525,RussianFederation2526,RussianFederation2527,RussianFederation2528,RussianFederation2529,RussianFederation2530,RussianFederation2531,RussianFederation2532,RussianFederation2533,RussianFederation2534,RussianFederation2535,RussianFederation2536,RussianFederation2537,RussianFederation2538,RussianFederation2539,RussianFederation2540,RussianFederation2541,RussianFederation2542,RussianFederation2543,RussianFederation2544,RussianFederation2545,RussianFederation2546,RussianFederation2547,RussianFederation2548,RussianFederation2549,RussianFederation2550,RussianFederation2551,RussianFederation2552,RussianFederation2553,RussianFederation2554,RussianFederation2555,RussianFederation2556,RussianFederation2557,RussianFederation2558,RussianFederation2559,RussianFederation2560,RussianFederation2561,RussianFederation2562,RussianFederation2563,RussianFederation2564,RussianFederation2565,RussianFederation2566,RussianFederation2567,RussianFederation2568,RussianFederation2569,RussianFederation2570,RussianFederation2571,RussianFederation2572,RussianFederation2573,RussianFederation2574,RussianFederation2575,RussianFederation2576,RussianFederation2577,RussianFederation2578,RussianFederation2579,RussianFederation2580,RussianFederation2581,RussianFederation2582,RussianFederation2583,RussianFederation2584,RussianFederation2585,RussianFederation2586,RussianFederation2587,RussianFederation2588,RussianFederation2589,RussianFederation2590,RussianFederation2591,RussianFederation2592,RussianFederation2593,RussianFederation2594,RussianFederation2595,RussianFederation2596,RussianFederation2597,RussianFederation2598,RussianFederation2599,RussianFederation2600,RussianFederation2601,RussianFederation2602,RussianFederation2603,RussianFederation2604,RussianFederation2605,RussianFederation2606,RussianFederation2607,RussianFederation2608,RussianFederation2609,RussianFederation2610,RussianFederation2611,RussianFederation2612,RussianFederation2613,RussianFederation2614,RussianFederation2615,RussianFederation2616,RussianFederation2617,RussianFederation2618,RussianFederation2619,RussianFederation2620,RussianFederation2621,RussianFederation2622,RussianFederation2623,RussianFederation2624,RussianFederation2625,RussianFederation2626,RussianFederation2627,RussianFederation2628,RussianFederation2629,RussianFederation2630,RussianFederation2631,RussianFederation2632,RussianFederation2633,RussianFederation2634,RussianFederation2635,RussianFederation2636,RussianFederation2637,RussianFederation2638,RussianFederation2639,RussianFederation2640,RussianFederation2641,RussianFederation2642,RussianFederation2643,RussianFederation2644,RussianFederation2645,RussianFederation2646,RussianFederation2647,RussianFederation2648,RussianFederation2649,RussianFederation2650,RussianFederation2651,RussianFederation2652,RussianFederation2653,RussianFederation2654,RussianFederation2655,RussianFederation2656,RussianFederation2657,RussianFederation2658,RussianFederation2659,RussianFederation2660,RussianFederation2661,RussianFederation2662,RussianFederation2663,RussianFederation2664,RussianFederation2665,RussianFederation2666,RussianFederation2667,RussianFederation2668,RussianFederation2669,RussianFederation2670,RussianFederation2671,RussianFederation2672,RussianFederation2673,RussianFederation2674,RussianFederation2675,RussianFederation2676,RussianFederation2677,RussianFederation2678,RussianFederation2679,RussianFederation2680,RussianFederation2681,RussianFederation2682,RussianFederation2683,RussianFederation2684,RussianFederation2685,RussianFederation2686,RussianFederation2687,RussianFederation2688,RussianFederation2689,RussianFederation2690,RussianFederation2691,RussianFederation2692,RussianFederation2693,RussianFederation2694,RussianFederation2695,RussianFederation2696,RussianFederation2697,RussianFederation2698,RussianFederation2699,RussianFederation2700,RussianFederation2701,RussianFederation2702,RussianFederation2703,RussianFederation2704,RussianFederation2705,RussianFederation2706,RussianFederation2707,RussianFederation2708,RussianFederation2709,RussianFederation2710,RussianFederation2711,RussianFederation2712,RussianFederation2713,RussianFederation2714,RussianFederation2715,RussianFederation2716,RussianFederation2717,RussianFederation2718,RussianFederation2719,RussianFederation2720,RussianFederation2721,RussianFederation2722,RussianFederation2723,RussianFederation2724,RussianFederation2725,RussianFederation2726,RussianFederation2727,RussianFederation2728,RussianFederation2729,RussianFederation2730,RussianFederation2731,RussianFederation2732,RussianFederation2733,RussianFederation2734,RussianFederation2735,RussianFederation2736,RussianFederation2737,RussianFederation2738,RussianFederation2739,RussianFederation2740,RussianFederation2741,RussianFederation2742,RussianFederation2743,RussianFederation2744,RussianFederation2745,RussianFederation2746,RussianFederation2747,RussianFederation2748,RussianFederation2749,RussianFederation2750,RussianFederation2944,RussianFederation2945,RussianFederation2946,RussianFederation2947,RussianFederation2948,RussianFederation2968,RussianFederation2969,RussianFederation2975,RussianFederation2976,RussianFederation2977,RussianFederation2978,RussianFederation2979,RussianFederation2980,RussianFederation2981,RussianFederation2982,RussianFederation2983,RussianFederation2984,RussianFederation2985,RussianFederation2986,RussianFederation2987,RussianFederation2988,RussianFederation2989,RussianFederation2991,RussianFederation3346,RussianFederation3347,RussianFederation3348,RussianFederation3349,RussianFederation3350,RussianFederation3351,RussianFederation3352,RussianFederation3353,RussianFederation3354,RussianFederation3355,RussianFederation3356,RussianFederation3357,RussianFederation3358,RussianFederation3359,RussianFederation3360,RussianFederation3361,RussianFederation3362,RussianFederation3363,RussianFederation4978,RussianFederation631,RussianFederation632,RussianFederation633,RussianFederation634,RussianFederation635,RussianFederation636,RussianFederation637,RussianFederation638,RussianFederation639,RussianFederation640,RussianFederation641,RussianFederation642,RussianFederation643,RussianFederation644,RussianFederation645,RussianFederation646,RussianFederation647,RussianFederation648,RussianFederation649,RussianFederation650,RussianFederation651,RussianFederation652,RussianFederation653,RussianFederation654,RussianFederation655,RussianFederation656,RussianFederation657,RussianFederation658,RussianFederation659,RussianFederation660,RussianFederation661,RussianFederation662,RussianFederation663,RussianFederation9263,RussianFederation9264,RussianFederation9278,RussianFederation9279,RussianFederation9280,RussianFederation9281,RussianFederation9282,RussianFederation9283,RussianFederation9284,RussianFederation9285,RussianFederation9286,RussianFederation9287,RussianFederation9289,RussianFederation9290,RussianFederation9292,RussianFederation9293,RussianFederation9294,RussianFederation9295,RussianFederation9298,RussianFederation9299,RussianFederation9300,RussianFederation9301,RussianFederation9302,RussianFederation9303,RussianFederation9305,RussianFederation9307,RussianFederation9308,RussianFederation9309,RussianFederation9310,RussianFederation9311,RussianFederation9312,RussianFederation9313,RussianFederation9314,RussianFederation9315,RussianFederation9316,RussianFederation9317,RussianFederation9319,RussianFederation9320,RussianFederation9321,RussianFederation9322,RussianFederation9323,RussianFederation9324,RussianFederation9325,RussianFederation9326,RussianFederation9327,RussianFederation9328,RussianFederation9329,RussianFederation9330,RussianFederation9331,RussianFederation9342,RussianFederation9343,RussianFederation9348,RussianFederation9349,RussianFederation9357,RussianFederation9358,RussianFederation9359,RussianFederation9361,RussianFederation9362,RussianFederation9363,RussianFederation9364,RussianFederation9367,RussianFederation9368,RussianFederation9369,RussianFederation9370,RussianFederation9371,RussianFederation9372,RussianFederation9373,RussianFederation9374,RussianFederation9375,RussianFederation9376,RussianFederation9377,RussianFederation9378,RussianFederation9379,RussianFederation9380,RussianFederation9381,RussianFederation9382,RussianFederation9383,RussianFederation9385,RussianFederation9386,RussianFederation9387,RussianFederation9388,RussianFederation9389,RussianFederation9390,RussianFederation9391,RussianFederation9392,RussianFederation9393,RussianFederation9394,RussianFederation9395,RussianFederation9396,RussianFederation9397,RussianFederation9398,RussianFederation9399,RussianFederation9400,RussianFederation9404,RussianFederation9405,RussianFederation9406,RussianFederation9411,RussianFederation9412,RussianFederation9413,RussianFederation9414,RussianFederation9415,RussianFederation9416,RussianFederation9491,RussianFederation9492,RussianFederation9493,RussianFederation9497,RussianFederation9498,RussianFederation9499,RussianFederation9500,RussianFederation9502,RussianFederation9505,RussianFederation9506,RussianFederation9507,RussianFederation9508,RussianFederation9509,RussianFederation9510,RussianFederation9511,RussianFederation9512,RussianFederation9515,RussianFederation9516,RussianFederation9517,RussianFederation9518,RussianFederation9519,RussianFederation9520,RussianFederation9521,RussianFederation9522,RussianFederation9523,RussianFederation9524,RussianFederation9525,RussianFederation9526,RussianFederation9527,RussianFederation9530,RussianFederation9531,RussianFederation9532,RussianFederation9537,RussianFederation9538,RussianFederation9539,RussianFederation9540,RussianFederation9542,RussianFederation9543,RussianFederation9544,RussianFederation9549,RussianFederation9551,RussianFederation9552,RussianFederation9553,RussianFederation9554,RussianFederation9555,RussianFederation9556,RussianFederation9591,RussianFederation9636,RussianFederation9725,RussianFederation9727,RussianFederation9751,RussianFederation9775,RussianFederation9895,RussianFederation9913,RussianFederation9957,RussianFederation9959,RussianFederation9961,RussianFederation9962,RussianFederation9963,RussianFederation9964,RussianFederation9965,RussianFederation9966,RussianFederation9990,RussianFederation9991,RussianFederation9992,RussianFederation9993,RussianFederation9994,RussianFederation9995,RussianFederation9996,RussianFederation9997,RussianFederation9998,RussianFederation9999,Samoa5518,Samoa5520,SaoTome&Principe9206,SaoTome&Principe9209,SaudiArabia1454,SaudiArabia1455,SaudiArabia1456,SaudiArabia1457,SaudiArabia1458,SaudiArabia1459,SaudiArabia1460,SaudiArabia1461,SaudiArabia1462,SaudiArabia1463,SaudiArabia1464,SaudiArabia1465,SaudiArabia1466,SaudiArabia1467,SaudiArabia1468,SaudiArabia1469,SaudiArabia1470,SaudiArabia1471,SaudiArabia1472,SaudiArabia1473,SaudiArabia1474,SaudiArabia1475,SaudiArabia1561,SaudiArabia1571,SaudiArabia1572,SaudiArabia1573,SaudiArabia1574,SaudiArabia9296,SaudiArabia9297,Senegal1000,Senegal1001,Senegal1002,Senegal1003,Senegal1004,Senegal1005,Senegal1006,Senegal1007,Senegal1008,Senegal1009,Senegal1010,Senegal1011,Senegal1012,Senegal1013,Senegal1014,Senegal1015,Senegal970,Senegal971,Senegal972,Senegal973,Senegal974,Senegal975,Senegal976,Senegal977,Senegal978,Senegal979,Senegal980,Senegal981,Senegal982,Senegal983,Senegal984,Senegal985,Senegal986,Senegal987,Seychelles9425,Seychelles9503,SierraLeone1045,SierraLeone1046,SierraLeone1047,SierraLeone1048,SierraLeone1049,SierraLeone1050,SierraLeone1051,SierraLeone1052,SierraLeone8840,Singapore10243,Singapore10244,Singapore10245,Slovenia481,Slovenia482,Slovenia483,SolomonIslands11812,SolomonIslands11821,SolomonIslands11822,SolomonIslands11825,SolomonIslands11826,SolomonIslands11827,SolomonIslands11829,SolomonIslands11830,SolomonIslands11831,SolomonIslands11835,SolomonIslands11843,SolomonIslands11859,SolomonIslands11860,SolomonIslands11862,SolomonIslands11863,SolomonIslands11866,SolomonIslands11867,SolomonIslands11868,SolomonIslands11876,SolomonIslands11896,SolomonIslands11973,SolomonIslands11974,SolomonIslands11975,SolomonIslands11976,SolomonIslands11977,SolomonIslands11978,SolomonIslands11979,SolomonIslands11980,SolomonIslands11981,SolomonIslands3330,SolomonIslands3331,SolomonIslands3332,SolomonIslands3333,SolomonIslands3334,SolomonIslands3335,SolomonIslands3336,SolomonIslands3337,SolomonIslands3338,SolomonIslands3339,SolomonIslands3340,SolomonIslands3341,SolomonIslands3342,SolomonIslands3343,SolomonIslands3344,SolomonIslands3345,Somalia1369,Somalia1370,Somalia1371,Somalia1372,Somalia1373,Somalia1374,Somalia1375,Somalia1376,Somalia1377,Somalia1378,Somalia1379,Somalia1380,Somalia1381,Somalia1382,Somalia1383,Somalia1384,Somalia1385,Somalia1386,Somalia1387,Somalia1388,Somalia1389,Somalia1390,Somalia1391,Somalia1392,Somalia1393,Somalia1394,Somalia1395,Somalia1396,Somalia1397,Somalia1398,Somalia1399,Somalia1400,Somalia1401,Somalia1402,Somalia1403,Somalia1404,Somalia1405,Somalia1406,Somalia1407,Somalia1408,SouthAfrica1252,SouthAfrica1253,SouthAfrica1254,SouthAfrica1255,SouthAfrica1256,SouthAfrica1257,SouthAfrica1258,SouthAfrica1259,SouthAfrica1260,SouthAfrica1261,SouthAfrica1262,SouthAfrica1263,SouthAfrica1264,SouthAfrica1265,SouthAfrica1266,SouthAfrica1267,SouthAfrica1268,SouthAfrica1269,SouthAfrica1270,SouthAfrica1271,SouthAfrica1272,SouthAfrica1273,SouthAfrica1274,SouthAfrica1275,SouthAfrica1276,SouthAfrica1277,SouthAfrica1278,SouthAfrica1279,SouthAfrica1280,SouthAfrica1281,SouthAfrica1282,SouthAfrica1283,SouthAfrica1284,SouthAfrica1285,SouthAfrica1286,SouthAfrica1287,SouthAfrica1288,SouthAfrica9504,Spain107,Spain108,Spain109,Spain110,Spain111,Spain112,Spain113,Spain114,Spain115,Spain116,Spain117,Spain118,Spain119,Spain120,Spain121,Spain122,Spain123,Spain124,Spain125,Spain126,Spain127,Spain128,Spain129,Spain130,Spain131,Spain132,Spain133,Spain134,Spain135,Spain136,Spain137,Spain138,Spain139,Spain140,Spain141,Spain142,Spain143,Spain144,Spain145,Spain146,Spain147,Spain148,Spain149,Spain150,Spain151,Spain152,Spain153,Spain154,Spain155,Spain156,Spain157,Spain158,Spain159,Spain160,Spain161,Spain162,Spain163,Spain164,Spain165,Spain166,Spain167,Spain168,Spain169,Spain170,Spain171,Spain172,Spain173,Spain174,Spain250,Spain251,Spain252,Spain253,Spain254,Spain255,Spain256,Spain257,Spain258,Spain259,Spain260,Spain261,Spain262,Spain263,Spain264,Spain265,Spain266,Spain267,Spain268,Spain269,Spain271,Spain272,Spain273,Spain274,Spain275,Spain276,Spain277,Spain278,Spain279,Spain280,Spain281,Spain282,Spain283,Spain284,Spain285,Spain286,Spain287,Spain288,Spain289,Spain290,Spain291,Spain292,Spain293,Spain294,Spain295,Spain296,Spain297,Spain298,Spain299,Spain300,Spain301,Spain302,Spain303,Spain304,Spain305,Spain306,Spain307,Spain308,Spain309,Spain310,Spain311,Spain312,Spain313,Spain314,Spain315,Spain316,Spain317,Spain318,Spain319,Spain320,Spain321,Spain322,Spain323,Spain324,Spain325,Spain326,Spain327,Spain328,Spain329,Spain330,Spain331,Spain332,Spain333,Spain334,Spain335,Spain336,Spain337,Spain338,Spain339,Spain340,Spain341,Spain342,Spain343,Spain344,Spain345,Spain346,Spain347,Spain348,Spain349,Spain350,Spain351,Spain352,Spain353,Spain354,Spain355,Spain356,Spain357,Spain358,Spain8445,Spain8446,Spain8447,Spain8452,Spain8469,Spain8476,Spain8477,Spain8478,Spain8479,Spain8480,Spain8481,Spain8482,Spain8483,Spain8484,Spain8485,Spain8486,Spain8534,Spain8535,Spain8536,Spain8537,Spain8538,Spain8550,Spain8557,Spain8558,Spain8559,Spain8854,Spain8855,Spain8856,Spain8858,Spain8890,Spain8891,Spain8892,Spain8893,Spain8894,Spain8895,Spain8896,Spain8909,Spain8910,Spain8911,Spain8912,Spain8913,Spain904,Spain905,Spain911,Spain912,Spain913,SriLanka9967,SriLanka9968,SriLanka9969,SriLanka9970,SriLanka9971,SriLanka9972,SriLanka9973,SriLanka9974,SriLanka9975,SriLanka9976,SriLanka9977,SriLanka9978,SriLanka9979,SriLanka9980,SriLanka9981,SriLanka9982,SriLanka9983,SriLanka9984,SriLanka9985,SriLanka9986,SriLanka9987,SriLanka9988,SriLanka9989,St.KittsandNevis8099,St.KittsandNevis8100,St.Lucia8126,St.Vincent&Grenadines8127,St.Vincent&Grenadines8129,St.Vincent&Grenadines8132,Sudan1431,Sudan1432,Sudan1433,Sudan1434,Sudan1435,Sudan1436,Sudan1437,Sudan1438,Suriname4866,Suriname4867,Suriname4868,Suriname4869,Suriname4870,Suriname4871,Suriname4872,Suriname4873,Suriname4874,Sweden2848,Sweden2849,Sweden2850,Sweden2851,Sweden2852,Sweden2853,Sweden2854,Sweden2855,Sweden2856,Sweden2857,Sweden2858,Sweden2859,Sweden2860,Sweden2861,Sweden2862,Sweden2863,Sweden2864,Sweden2865,Sweden2866,Sweden2867,Sweden2868,Sweden2869,Sweden2870,Sweden2871,Sweden2872,Sweden2873,Sweden2874,Sweden2875,Sweden2876,Sweden2877,Sweden2878,Sweden2879,Sweden2880,Sweden2881,Sweden2882,Sweden2883,Sweden2884,Sweden2885,Sweden2886,Sweden2887,Sweden2888,Sweden2889,Sweden2890,Sweden2891,Sweden2892,Sweden2893,Sweden2894,Sweden2895,Sweden2896,Sweden2897,Sweden2898,Sweden2899,Sweden2900,Sweden2901,Sweden2902,Sweden2903,Sweden2904,Sweden2905,Sweden2906,Sweden2907,Sweden2908,Sweden2909,Sweden2910,Sweden2911,Sweden2912,Sweden2913,Sweden2914,Sweden2915,Sweden2916,Sweden2917,Sweden2918,Sweden2919,Sweden2920,Sweden9003,Sweden9005,Sweden9087,Sweden9092,Sweden9094,Sweden9098,Sweden9099,Sweden9100,Sweden9106,Sweden9108,Sweden9129,SyrianArabRep745,SyrianArabRep746,SyrianArabRep747,SyrianArabRep748,SyrianArabRep749,SyrianArabRep750,TaiwanProvinceofChina10444,TaiwanProvinceofChina10456,TaiwanProvinceofChina10457,TaiwanProvinceofChina10458,TaiwanProvinceofChina10459,TaiwanProvinceofChina10460,TaiwanProvinceofChina10461,TaiwanProvinceofChina10462,TaiwanProvinceofChina10463,TaiwanProvinceofChina10464,TaiwanProvinceofChina10465,TaiwanProvinceofChina10466,TaiwanProvinceofChina10467,TaiwanProvinceofChina10468,TaiwanProvinceofChina10469,TaiwanProvinceofChina10470,TaiwanProvinceofChina10471,TaiwanProvinceofChina10472,TaiwanProvinceofChina10473,TaiwanProvinceofChina10474,TaiwanProvinceofChina10475,TaiwanProvinceofChina10476,TaiwanProvinceofChina10477,TaiwanProvinceofChina10478,TaiwanProvinceofChina10479,TaiwanProvinceofChina10480,TaiwanProvinceofChina10481,TaiwanProvinceofChina10482,TaiwanProvinceofChina10483,TaiwanProvinceofChina10484,TaiwanProvinceofChina10485,TaiwanProvinceofChina10486,TaiwanProvinceofChina10487,TaiwanProvinceofChina10488,TaiwanProvinceofChina10489,TaiwanProvinceofChina10490,TaiwanProvinceofChina10491,TaiwanProvinceofChina10492,Tanzania1337,Tanzania1338,Tanzania1339,Tanzania1340,Tanzania1341,Tanzania1342,Tanzania1343,Tanzania1344,Tanzania1345,Tanzania1346,Tanzania1347,Tanzania1348,Tanzania1349,Tanzania1350,Tanzania1351,Tanzania1352,Tanzania1353,Tanzania1354,Tanzania1355,Tanzania1356,Tanzania1357,Tanzania1358,Tanzania1359,Tanzania1360,Tanzania9332,Tanzania9333,Tanzania9334,Tanzania9335,Tanzania9336,Tanzania9337,Tanzania9338,Tanzania9339,Tanzania9340,Tanzania9341,Tanzania9344,Tanzania9345,Tanzania9346,Tanzania9366,Thailand10195,Thailand10196,Thailand10197,Thailand10198,Thailand10205,Thailand10206,Thailand10217,Thailand10218,Thailand1942,Thailand1943,Thailand1944,Thailand1945,Thailand1946,Thailand1947,Thailand1948,Thailand1949,Thailand1950,Thailand2036,Thailand2037,Thailand2038,Thailand2039,Thailand2040,Thailand2041,Thailand2042,Thailand2043,Thailand2044,Thailand2045,Thailand2046,Thailand2047,Thailand2048,Thailand2049,Thailand2050,Thailand2051,Thailand2052,Thailand2053,Thailand2054,Thailand2055,Thailand2056,Thailand2057,Thailand2058,Thailand2059,Thailand2060,Thailand2061,Thailand2062,Thailand2063,Thailand2064,Thailand2065,Thailand2066,Thailand2067,Thailand2068,Thailand2069,Thailand2070,Thailand2071,Thailand2072,Thailand2073,Thailand2074,Thailand2075,Thailand2076,Thailand2077,Thailand2078,Thailand2079,Thailand2080,Thailand2081,Thailand2082,Thailand2083,Thailand2084,Thailand2085,Thailand2086,Thailand2087,Thailand2088,Thailand2089,Thailand2090,Thailand2091,Thailand2092,Thailand2093,Thailand2094,Thailand2095,Thailand2096,Thailand2097,Thailand2098,Thailand2099,Thailand2100,Togo1129,Togo1130,Togo1131,Togo1132,Tonga5682,Tonga5737,Tonga5739,Tonga5855,Tonga5868,Tonga5869,Tonga5914,Tonga5922,Tonga5927,Tonga5932,Tonga5936,Tonga5943,Tonga5974,Tonga6015,Tonga6017,Tonga6018,Tonga6020,Tonga6211,TrinidadandTobago8141,TrinidadandTobago8142,TrinidadandTobago8143,TrinidadandTobago8144,TrinidadandTobago8145,TrinidadandTobago8146,TrinidadandTobago8147,TrinidadandTobago8148,TrinidadandTobago8149,TrinidadandTobago8150,TrinidadandTobago8151,TrinidadandTobago8152,TrinidadandTobago8153,TrinidadandTobago8157,Tunisia834,Tunisia835,Tunisia836,Tunisia837,Tunisia838,Tunisia839,Tunisia840,Tunisia841,Tunisia842,Tunisia843,Tunisia844,Tunisia845,Tunisia846,Tunisia847,Tunisia848,Tunisia849,Tunisia850,Tunisia851,Tunisia852,Tunisia853,Tunisia854,Tunisia855,Tunisia856,Tunisia857,Tunisia858,Tunisia859,Tunisia860,Tunisia861,Tunisia862,Tunisia863,Tunisia864,Tunisia865,Tunisia866,Tunisia9066,Tunisia9067,Turkey543,Turkey544,Turkey545,Turkey546,Turkey547,Turkey548,Turkey549,Turkey550,Turkey551,Turkey552,Turkey553,Turkey554,Turkey677,Turkey678,Turkey679,Turkey680,Turkey681,Turkey682,Turkey683,Turkey684,Turkey685,Turkey686,Turkey687,Turkey688,Turkey689,Turkey690,Turkey691,Turkey692,Turkey693,Turkey694,Turkey695,Turkey696,Turkey697,Turkey698,Turkey699,Turkey700,Turkey701,Turkey702,Turkey703,Turkey704,Turkey705,Turkey706,Turkey707,Turkey708,Turkey709,Turkey710,Turkey711,Turkey712,Turkey713,Turkey714,Turkey715,Turkey716,Turkey717,Turkey718,Turkey719,Turkey720,Turkey721,Turkey722,Turkey723,Turkey724,Turkey725,Turkey726,Turkey727,Turkey728,Turkey729,Turkey730,Turkey731,Turkey732,Turkey733,Turkey734,Turkey735,Turkey736,Turkey737,Turkey738,Turkey739,Turkey740,Turkey741,Turkey742,Turkey743,Turkey744,Turkey9247,Turkey9258,Tuvalu12040,Tuvalu12042,Tuvalu12043,Tuvalu12044,Ukraine565,Ukraine566,Ukraine567,Ukraine568,Ukraine569,Ukraine570,Ukraine571,Ukraine572,Ukraine573,Ukraine574,Ukraine575,Ukraine576,Ukraine577,Ukraine578,Ukraine579,Ukraine580,Ukraine581,Ukraine582,Ukraine583,Ukraine584,Ukraine585,Ukraine586,Ukraine587,Ukraine588,Ukraine589,Ukraine590,Ukraine591,Ukraine592,Ukraine593,Ukraine594,Ukraine595,Ukraine596,Ukraine597,Ukraine598,Ukraine599,Ukraine600,Ukraine601,Ukraine602,Ukraine603,Ukraine604,Ukraine605,Ukraine606,Ukraine607,Ukraine608,Ukraine609,Ukraine610,Ukraine611,Ukraine612,Ukraine613,Ukraine614,Ukraine615,Ukraine616,Ukraine617,Ukraine618,Ukraine619,Ukraine620,Ukraine621,Ukraine622,Ukraine623,Ukraine624,Ukraine625,Ukraine626,Ukraine627,Ukraine628,Ukraine629,Ukraine630,UnitedArabEmirates1540,UnitedArabEmirates1541,UnitedArabEmirates1542,UnitedArabEmirates1543,UnitedArabEmirates1544,UnitedArabEmirates1546,UnitedArabEmirates1547,UnitedArabEmirates1548,UnitedArabEmirates1549,UnitedArabEmirates1550,UnitedArabEmirates1551,UnitedArabEmirates1552,UnitedArabEmirates1553,UnitedArabEmirates1554,UnitedArabEmirates1555,UnitedArabEmirates1556,UnitedArabEmirates1557,UnitedArabEmirates1558,UnitedArabEmirates1559,UnitedArabEmirates1560,UnitedArabEmirates9401,UnitedArabEmirates9403,UnitedKingdom10290,UnitedKingdom10351,UnitedKingdom10359,UnitedKingdom10441,UnitedKingdom10452,UnitedKingdom270,UnitedKingdom7324,UnitedKingdom7325,UnitedKingdom7328,UnitedKingdom7329,UnitedKingdom7330,UnitedKingdom7331,UnitedKingdom7335,UnitedKingdom7336,UnitedKingdom7337,UnitedKingdom7338,UnitedKingdom7339,UnitedKingdom7340,UnitedKingdom7342,UnitedKingdom7343,UnitedKingdom7355,UnitedKingdom7356,UnitedKingdom7357,UnitedKingdom7358,UnitedKingdom7359,UnitedKingdom7360,UnitedKingdom7361,UnitedKingdom7362,UnitedKingdom7363,UnitedKingdom7420,UnitedKingdom7421,UnitedKingdom7422,UnitedKingdom7423,UnitedKingdom7424,UnitedKingdom7425,UnitedKingdom7426,UnitedKingdom7427,UnitedKingdom7428,UnitedKingdom7429,UnitedKingdom7430,UnitedKingdom7432,UnitedKingdom7433,UnitedKingdom7434,UnitedKingdom7435,UnitedKingdom7436,UnitedKingdom7438,UnitedKingdom7439,UnitedKingdom7440,UnitedKingdom7441,UnitedKingdom7442,UnitedKingdom7443,UnitedKingdom7444,UnitedKingdom7445,UnitedKingdom7446,UnitedKingdom7447,UnitedKingdom7448,UnitedKingdom7449,UnitedKingdom7450,UnitedKingdom7451,UnitedKingdom7457,UnitedKingdom7458,UnitedKingdom7459,UnitedKingdom7460,UnitedKingdom7550,UnitedKingdom7551,UnitedKingdom7552,UnitedKingdom7553,UnitedKingdom7554,UnitedKingdom7555,UnitedKingdom7556,UnitedKingdom7557,UnitedKingdom7558,UnitedKingdom7559,UnitedKingdom7560,UnitedKingdom7561,UnitedKingdom7562,UnitedKingdom7563,UnitedKingdom7564,UnitedKingdom7565,UnitedKingdom7566,UnitedKingdom7567,UnitedKingdom7569,UnitedKingdom7570,UnitedKingdom7571,UnitedKingdom7572,UnitedKingdom7573,UnitedKingdom7574,UnitedKingdom7575,UnitedKingdom7576,UnitedKingdom7577,UnitedKingdom7578,UnitedKingdom7642,UnitedKingdom7653,UnitedKingdom7654,UnitedKingdom7715,UnitedKingdom7722,UnitedKingdom7917,UnitedKingdom7920,UnitedKingdom7924,UnitedKingdom7925,UnitedKingdom7930,UnitedKingdom7936,UnitedKingdom7937,UnitedKingdom8044,UnitedKingdom8046,UnitedKingdom8047,UnitedKingdom8048,UnitedKingdom8049,UnitedKingdom8050,UnitedKingdom8051,UnitedKingdom8052,UnitedKingdom8053,UnitedKingdom8054,UnitedKingdom8055,UnitedKingdom8056,UnitedKingdom8057,UnitedKingdom8058,UnitedKingdom8059,UnitedKingdom8060,UnitedKingdom8061,UnitedKingdom8062,UnitedKingdom8063,UnitedKingdom8065,UnitedKingdom8066,UnitedKingdom8067,UnitedKingdom8068,UnitedKingdom8069,UnitedKingdom8070,UnitedKingdom8071,UnitedKingdom8072,UnitedKingdom8073,UnitedKingdom8074,UnitedKingdom8075,UnitedKingdom8076,UnitedKingdom8077,UnitedKingdom8082,UnitedKingdom8083,UnitedKingdom8084,UnitedKingdom8085,UnitedKingdom8086,UnitedKingdom8087,UnitedKingdom8088,UnitedKingdom8089,UnitedKingdom8090,UnitedKingdom8091,UnitedKingdom8092,UnitedKingdom8093,UnitedKingdom8094,UnitedKingdom8095,UnitedKingdom8097,UnitedKingdom8098,UnitedKingdom8104,UnitedKingdom8504,UnitedKingdom8505,UnitedKingdom8506,UnitedKingdom8507,UnitedKingdom8508,UnitedKingdom8509,UnitedKingdom8510,UnitedKingdom8511,UnitedKingdom8512,UnitedKingdom8513,UnitedKingdom8514,UnitedKingdom8544,UnitedKingdom8547,UnitedKingdom8549,UnitedKingdom8552,UnitedKingdom8555,UnitedKingdom8560,UnitedKingdom8574,UnitedKingdom8576,UnitedKingdom8578,UnitedKingdom8579,UnitedKingdom8580,UnitedKingdom8581,UnitedKingdom8585,UnitedKingdom8587,UnitedKingdom8588,UnitedKingdom8589,UnitedKingdom8590,UnitedKingdom8591,UnitedKingdom8592,UnitedKingdom8593,UnitedKingdom8594,UnitedKingdom8595,UnitedKingdom8596,UnitedKingdom8597,UnitedKingdom8598,UnitedKingdom8599,UnitedKingdom8600,UnitedKingdom8601,UnitedKingdom8602,UnitedKingdom8603,UnitedKingdom8604,UnitedKingdom8605,UnitedKingdom8606,UnitedKingdom8607,UnitedKingdom8608,UnitedKingdom8609,UnitedKingdom8610,UnitedKingdom8611,UnitedKingdom8612,UnitedKingdom8613,UnitedKingdom8614,UnitedKingdom8615,UnitedKingdom8616,UnitedKingdom8617,UnitedKingdom8618,UnitedKingdom8619,UnitedKingdom8620,UnitedKingdom8621,UnitedKingdom8622,UnitedKingdom8623,UnitedKingdom8624,UnitedKingdom8625,UnitedKingdom8626,UnitedKingdom8627,UnitedKingdom8628,UnitedKingdom8629,UnitedKingdom8630,UnitedKingdom8631,UnitedKingdom8632,UnitedKingdom8633,UnitedKingdom8634,UnitedKingdom8635,UnitedKingdom8636,UnitedKingdom8637,UnitedKingdom8638,UnitedKingdom8639,UnitedKingdom8640,UnitedKingdom8641,UnitedKingdom8642,UnitedKingdom8643,UnitedKingdom8644,UnitedKingdom8645,UnitedKingdom8646,UnitedKingdom8647,UnitedKingdom8648,UnitedKingdom8649,UnitedKingdom8650,UnitedKingdom8651,UnitedKingdom8652,UnitedKingdom8653,UnitedKingdom8654,UnitedKingdom8655,UnitedKingdom8656,UnitedKingdom8657,UnitedKingdom8658,UnitedKingdom8659,UnitedKingdom8660,UnitedKingdom8661,UnitedKingdom8662,UnitedKingdom8663,UnitedKingdom8664,UnitedKingdom8665,UnitedKingdom8666,UnitedKingdom8667,UnitedKingdom8668,UnitedKingdom8669,UnitedKingdom8670,UnitedKingdom8671,UnitedKingdom8672,UnitedKingdom8673,UnitedKingdom8674,UnitedKingdom8675,UnitedKingdom8676,UnitedKingdom8677,UnitedKingdom8678,UnitedKingdom8679,UnitedKingdom8680,UnitedKingdom8681,UnitedKingdom8682,UnitedKingdom8683,UnitedKingdom8684,UnitedKingdom8685,UnitedKingdom8686,UnitedKingdom8687,UnitedKingdom8688,UnitedKingdom8689,UnitedKingdom8690,UnitedKingdom8691,UnitedKingdom8692,UnitedKingdom8693,UnitedKingdom8694,UnitedKingdom8695,UnitedKingdom8696,UnitedKingdom8697,UnitedKingdom8698,UnitedKingdom8699,UnitedKingdom8700,UnitedKingdom8701,UnitedKingdom8702,UnitedKingdom8703,UnitedKingdom8704,UnitedKingdom8705,UnitedKingdom8706,UnitedKingdom8707,UnitedKingdom8708,UnitedKingdom8709,UnitedKingdom8710,UnitedKingdom8711,UnitedKingdom8712,UnitedKingdom8713,UnitedKingdom8714,UnitedKingdom8715,UnitedKingdom8716,UnitedKingdom8717,UnitedKingdom8718,UnitedKingdom8719,UnitedKingdom8720,UnitedKingdom8721,UnitedKingdom8722,UnitedKingdom8723,UnitedKingdom8724,UnitedKingdom8725,UnitedKingdom8726,UnitedKingdom8727,UnitedKingdom8728,UnitedKingdom8729,UnitedKingdom8730,UnitedKingdom8731,UnitedKingdom8732,UnitedKingdom8733,UnitedKingdom8734,UnitedKingdom8735,UnitedKingdom8736,UnitedKingdom8737,UnitedKingdom8738,UnitedKingdom8739,UnitedKingdom8740,UnitedKingdom8741,UnitedKingdom8742,UnitedKingdom8743,UnitedKingdom8744,UnitedKingdom8745,UnitedKingdom8746,UnitedKingdom8747,UnitedKingdom8748,UnitedKingdom8749,UnitedKingdom8750,UnitedKingdom8751,UnitedKingdom8752,UnitedKingdom8753,UnitedKingdom8754,UnitedKingdom8755,UnitedKingdom8756,UnitedKingdom8757,UnitedKingdom8758,UnitedKingdom8759,UnitedKingdom8760,UnitedKingdom8761,UnitedKingdom8762,UnitedKingdom8763,UnitedKingdom8764,UnitedKingdom8765,UnitedKingdom8766,UnitedKingdom8767,UnitedKingdom8768,UnitedKingdom8769,UnitedKingdom8770,UnitedKingdom8771,UnitedKingdom8772,UnitedKingdom8773,UnitedKingdom8774,UnitedKingdom8775,UnitedKingdom8776,UnitedKingdom8777,UnitedKingdom8778,UnitedKingdom8779,UnitedKingdom8780,UnitedKingdom8781,UnitedKingdom8782,UnitedKingdom8783,UnitedKingdom8788,UnitedKingdom8789,UnitedKingdom8790,UnitedKingdom8791,UnitedKingdom8792,UnitedKingdom8794,UnitedKingdom8797,UnitedKingdom8804,UnitedKingdom8819,UnitedKingdom8820,UnitedKingdom8821,UnitedKingdom8822,UnitedKingdom8824,UnitedKingdom8825,UnitedKingdom8826,UnitedKingdom8827,UnitedKingdom8828,UnitedKingdom8829,UnitedKingdom8830,UnitedKingdom8831,UnitedKingdom8832,UnitedKingdom8833,UnitedKingdom8834,UnitedKingdom8835,UnitedKingdom8836,UnitedKingdom8839,UnitedKingdom9105,UnitedKingdom9116,UnitedKingdom9960,UnitedStates11688,UnitedStates11693,UnitedStates11694,UnitedStates11861,UnitedStates11882,UnitedStates11895,UnitedStates11962,UnitedStates11982,UnitedStates11989,UnitedStates11992,UnitedStates3364,UnitedStates3365,UnitedStates3366,UnitedStates3367,UnitedStates3368,UnitedStates3369,UnitedStates3370,UnitedStates3371,UnitedStates3372,UnitedStates3373,UnitedStates3374,UnitedStates3375,UnitedStates3376,UnitedStates3377,UnitedStates3378,UnitedStates3379,UnitedStates3380,UnitedStates3381,UnitedStates3382,UnitedStates3383,UnitedStates3385,UnitedStates3387,UnitedStates3390,UnitedStates3391,UnitedStates3392,UnitedStates3393,UnitedStates3395,UnitedStates3397,UnitedStates3398,UnitedStates3399,UnitedStates3401,UnitedStates3402,UnitedStates3403,UnitedStates3404,UnitedStates3406,UnitedStates3407,UnitedStates3408,UnitedStates3410,UnitedStates3420,UnitedStates3421,UnitedStates3422,UnitedStates3423,UnitedStates3424,UnitedStates3425,UnitedStates3426,UnitedStates3428,UnitedStates3430,UnitedStates3434,UnitedStates3435,UnitedStates3439,UnitedStates3441,UnitedStates3443,UnitedStates3451,UnitedStates3489,UnitedStates3495,UnitedStates3496,UnitedStates3497,UnitedStates3498,UnitedStates3499,UnitedStates3500,UnitedStates3501,UnitedStates3502,UnitedStates3503,UnitedStates3504,UnitedStates3505,UnitedStates3506,UnitedStates3507,UnitedStates3508,UnitedStates3509,UnitedStates3510,UnitedStates3511,UnitedStates3512,UnitedStates3513,UnitedStates3514,UnitedStates3515,UnitedStates3516,UnitedStates3517,UnitedStates3518,UnitedStates3519,UnitedStates3520,UnitedStates3521,UnitedStates3522,UnitedStates3523,UnitedStates3524,UnitedStates3525,UnitedStates3526,UnitedStates3527,UnitedStates3528,UnitedStates3529,UnitedStates3530,UnitedStates3531,UnitedStates3532,UnitedStates3533,UnitedStates3534,UnitedStates3535,UnitedStates3536,UnitedStates3537,UnitedStates3538,UnitedStates3539,UnitedStates3540,UnitedStates3541,UnitedStates3543,UnitedStates3544,UnitedStates3546,UnitedStates3547,UnitedStates3548,UnitedStates3549,UnitedStates3550,UnitedStates3551,UnitedStates3552,UnitedStates3553,UnitedStates3554,UnitedStates3555,UnitedStates3556,UnitedStates3557,UnitedStates3558,UnitedStates3559,UnitedStates3560,UnitedStates3561,UnitedStates3565,UnitedStates3566,UnitedStates3567,UnitedStates3568,UnitedStates3569,UnitedStates3570,UnitedStates3571,UnitedStates3572,UnitedStates3573,UnitedStates3574,UnitedStates3575,UnitedStates3576,UnitedStates3577,UnitedStates3578,UnitedStates3579,UnitedStates3580,UnitedStates3581,UnitedStates3582,UnitedStates3583,UnitedStates3584,UnitedStates3585,UnitedStates3586,UnitedStates3587,UnitedStates3588,UnitedStates3589,UnitedStates3590,UnitedStates3591,UnitedStates3592,UnitedStates3593,UnitedStates3594,UnitedStates3595,UnitedStates3596,UnitedStates3597,UnitedStates3598,UnitedStates3599,UnitedStates3600,UnitedStates3601,UnitedStates3602,UnitedStates3603,UnitedStates3604,UnitedStates3605,UnitedStates3606,UnitedStates3607,UnitedStates3608,UnitedStates3610,UnitedStates3611,UnitedStates3612,UnitedStates3613,UnitedStates3614,UnitedStates3615,UnitedStates3616,UnitedStates3617,UnitedStates3618,UnitedStates3619,UnitedStates3620,UnitedStates3621,UnitedStates3622,UnitedStates3623,UnitedStates3624,UnitedStates3625,UnitedStates3626,UnitedStates3627,UnitedStates3628,UnitedStates3629,UnitedStates3630,UnitedStates3631,UnitedStates3632,UnitedStates3633,UnitedStates3634,UnitedStates3635,UnitedStates3636,UnitedStates3637,UnitedStates3638,UnitedStates3639,UnitedStates3640,UnitedStates3641,UnitedStates3642,UnitedStates3643,UnitedStates3644,UnitedStates3645,UnitedStates3646,UnitedStates3647,UnitedStates3648,UnitedStates3649,UnitedStates3650,UnitedStates3651,UnitedStates3652,UnitedStates3653,UnitedStates3654,UnitedStates3655,UnitedStates3656,UnitedStates3657,UnitedStates3658,UnitedStates3659,UnitedStates3660,UnitedStates3661,UnitedStates3662,UnitedStates3663,UnitedStates3664,UnitedStates3665,UnitedStates3666,UnitedStates3667,UnitedStates3668,UnitedStates3669,UnitedStates3670,UnitedStates3671,UnitedStates3672,UnitedStates3673,UnitedStates3674,UnitedStates3675,UnitedStates3676,UnitedStates3677,UnitedStates3678,UnitedStates3679,UnitedStates3680,UnitedStates3681,UnitedStates3682,UnitedStates3683,UnitedStates3684,UnitedStates3685,UnitedStates3686,UnitedStates3687,UnitedStates3688,UnitedStates3689,UnitedStates3690,UnitedStates3691,UnitedStates3692,UnitedStates3693,UnitedStates3694,UnitedStates3695,UnitedStates3696,UnitedStates3697,UnitedStates4079,UnitedStates4080,UnitedStates4081,UnitedStates4082,UnitedStates4083,UnitedStates4084,UnitedStates4085,UnitedStates4086,UnitedStates4087,UnitedStates4088,UnitedStates4089,UnitedStates4090,UnitedStates4091,UnitedStates4092,UnitedStates4093,UnitedStates4094,UnitedStates4095,UnitedStates4096,UnitedStates4097,UnitedStates4098,UnitedStates4099,UnitedStates4100,UnitedStates4101,UnitedStates4102,UnitedStates4103,UnitedStates4104,UnitedStates4105,UnitedStates4106,UnitedStates4107,UnitedStates4108,UnitedStates4109,UnitedStates4110,UnitedStates4111,UnitedStates4112,UnitedStates4113,UnitedStates4114,UnitedStates4115,UnitedStates4116,UnitedStates4117,UnitedStates4118,UnitedStates4119,UnitedStates4120,UnitedStates4121,UnitedStates4122,UnitedStates4123,UnitedStates4124,UnitedStates4125,UnitedStates4126,UnitedStates4127,UnitedStates4128,UnitedStates4129,UnitedStates4130,UnitedStates4131,UnitedStates4132,UnitedStates4133,UnitedStates4134,UnitedStates4135,UnitedStates4136,UnitedStates4137,UnitedStates4138,UnitedStates4139,UnitedStates4140,UnitedStates4141,UnitedStates4142,UnitedStates4143,UnitedStates4144,UnitedStates4145,UnitedStates4146,UnitedStates4147,UnitedStates4148,UnitedStates4149,UnitedStates4150,UnitedStates4151,UnitedStates4152,UnitedStates4153,UnitedStates4154,UnitedStates4155,UnitedStates4156,UnitedStates4157,UnitedStates4158,UnitedStates4159,UnitedStates4160,UnitedStates4161,UnitedStates4162,UnitedStates4163,UnitedStates4164,UnitedStates4165,UnitedStates4166,UnitedStates4167,UnitedStates4168,UnitedStates4169,UnitedStates4170,UnitedStates4171,UnitedStates4172,UnitedStates4173,UnitedStates4174,UnitedStates4175,UnitedStates4176,UnitedStates4177,UnitedStates4178,UnitedStates4179,UnitedStates4180,UnitedStates4181,UnitedStates4182,UnitedStates4183,UnitedStates4184,UnitedStates4185,UnitedStates4186,UnitedStates4187,UnitedStates4188,UnitedStates4189,UnitedStates4190,UnitedStates4191,UnitedStates4192,UnitedStates4193,UnitedStates4194,UnitedStates4195,UnitedStates4196,UnitedStates4197,UnitedStates4198,UnitedStates4199,UnitedStates4200,UnitedStates4201,UnitedStates4202,UnitedStates4203,UnitedStates4204,UnitedStates4205,UnitedStates4206,UnitedStates4207,UnitedStates4208,UnitedStates4209,UnitedStates4210,UnitedStates4211,UnitedStates4212,UnitedStates4213,UnitedStates4214,UnitedStates4215,UnitedStates4216,UnitedStates4217,UnitedStates4218,UnitedStates4219,UnitedStates4220,UnitedStates4221,UnitedStates4222,UnitedStates4223,UnitedStates4224,UnitedStates4225,UnitedStates4226,UnitedStates4227,UnitedStates4228,UnitedStates4229,UnitedStates4230,UnitedStates4231,UnitedStates4232,UnitedStates4233,UnitedStates4234,UnitedStates4235,UnitedStates4236,UnitedStates4237,UnitedStates4238,UnitedStates4239,UnitedStates4240,UnitedStates4241,UnitedStates4242,UnitedStates4243,UnitedStates4244,UnitedStates4245,UnitedStates4246,UnitedStates4247,UnitedStates4248,UnitedStates4249,UnitedStates4250,UnitedStates4251,UnitedStates4252,UnitedStates4253,UnitedStates4254,UnitedStates4255,UnitedStates4256,UnitedStates4257,UnitedStates4258,UnitedStates4259,UnitedStates4260,UnitedStates4261,UnitedStates4262,UnitedStates4263,UnitedStates4264,UnitedStates4265,UnitedStates4266,UnitedStates4267,UnitedStates4269,UnitedStates4270,UnitedStates4271,UnitedStates4272,UnitedStates4273,UnitedStates4274,UnitedStates4275,UnitedStates4276,UnitedStates4277,UnitedStates4278,UnitedStates4279,UnitedStates4280,UnitedStates4281,UnitedStates4282,UnitedStates4283,UnitedStates4284,UnitedStates4285,UnitedStates4286,UnitedStates4287,UnitedStates4288,UnitedStates4289,UnitedStates4290,UnitedStates4291,UnitedStates4292,UnitedStates4293,UnitedStates4294,UnitedStates4295,UnitedStates4296,UnitedStates4297,UnitedStates4298,UnitedStates4299,UnitedStates4300,UnitedStates4301,UnitedStates4302,UnitedStates4303,UnitedStates4304,UnitedStates4305,UnitedStates4306,UnitedStates4307,UnitedStates4308,UnitedStates4311,UnitedStates4312,UnitedStates4313,UnitedStates4314,UnitedStates4315,UnitedStates4316,UnitedStates4317,UnitedStates4321,UnitedStates4322,UnitedStates4323,UnitedStates4324,UnitedStates4325,UnitedStates4326,UnitedStates4327,UnitedStates4328,UnitedStates4329,UnitedStates4330,UnitedStates4331,UnitedStates4335,UnitedStates4336,UnitedStates4337,UnitedStates4338,UnitedStates4339,UnitedStates4340,UnitedStates4341,UnitedStates4342,UnitedStates4343,UnitedStates4344,UnitedStates4345,UnitedStates4346,UnitedStates4351,UnitedStates4352,UnitedStates4353,UnitedStates4354,UnitedStates4355,UnitedStates4356,UnitedStates4357,UnitedStates4358,UnitedStates4359,UnitedStates4360,UnitedStates4361,UnitedStates4362,UnitedStates4363,UnitedStates4364,UnitedStates4365,UnitedStates4366,UnitedStates4367,UnitedStates4368,UnitedStates4369,UnitedStates4370,UnitedStates4371,UnitedStates4372,UnitedStates4373,UnitedStates4374,UnitedStates4384,UnitedStates4385,UnitedStates4386,UnitedStates4387,UnitedStates4388,UnitedStates4389,UnitedStates4390,UnitedStates4391,UnitedStates4392,UnitedStates4393,UnitedStates4394,UnitedStates4395,UnitedStates4396,UnitedStates4397,UnitedStates4398,UnitedStates4399,UnitedStates4400,UnitedStates4401,UnitedStates4402,UnitedStates4403,UnitedStates4404,UnitedStates4405,UnitedStates4406,UnitedStates4407,UnitedStates4408,UnitedStates4409,UnitedStates4410,UnitedStates4411,UnitedStates4412,UnitedStates4414,UnitedStates4415,UnitedStates4416,UnitedStates4417,UnitedStates4418,UnitedStates4419,UnitedStates4420,UnitedStates4421,UnitedStates4422,UnitedStates4423,UnitedStates4424,UnitedStates4425,UnitedStates4426,UnitedStates4427,UnitedStates4428,UnitedStates4429,UnitedStates4430,UnitedStates4431,UnitedStates4432,UnitedStates4433,UnitedStates4434,UnitedStates4435,UnitedStates4436,UnitedStates4437,UnitedStates4438,UnitedStates4439,UnitedStates4440,UnitedStates4441,UnitedStates4442,UnitedStates4443,UnitedStates4444,UnitedStates4445,UnitedStates4446,UnitedStates4447,UnitedStates4448,UnitedStates4449,UnitedStates4450,UnitedStates4451,UnitedStates4452,UnitedStates4453,UnitedStates4454,UnitedStates4455,UnitedStates4456,UnitedStates4457,UnitedStates4458,UnitedStates4459,UnitedStates4460,UnitedStates4461,UnitedStates4462,UnitedStates4463,UnitedStates4464,UnitedStates4465,UnitedStates4466,UnitedStates4470,UnitedStates4471,UnitedStates4472,UnitedStates4473,UnitedStates4475,UnitedStates4476,UnitedStates4477,UnitedStates4478,UnitedStates4479,UnitedStates4480,UnitedStates4481,UnitedStates4482,UnitedStates4483,UnitedStates4484,UnitedStates4485,UnitedStates4486,UnitedStates4487,UnitedStates4488,UnitedStates4489,UnitedStates4490,UnitedStates4491,UnitedStates4498,UnitedStates4499,UnitedStates4500,UnitedStates4501,UnitedStates4502,UnitedStates4503,UnitedStates4504,UnitedStates4505,UnitedStates4506,UnitedStates4507,UnitedStates4508,UnitedStates4509,UnitedStates4510,UnitedStates4511,UnitedStates4512,UnitedStates4513,UnitedStates4514,UnitedStates4515,UnitedStates4516,UnitedStates4517,UnitedStates4518,UnitedStates4520,UnitedStates4521,UnitedStates4522,UnitedStates4523,UnitedStates4524,UnitedStates4525,UnitedStates4526,UnitedStates4527,UnitedStates4528,UnitedStates4529,UnitedStates4530,UnitedStates4531,UnitedStates4532,UnitedStates4533,UnitedStates4537,UnitedStates4538,UnitedStates4539,UnitedStates4540,UnitedStates4541,UnitedStates4542,UnitedStates4553,UnitedStates4554,UnitedStates4555,UnitedStates4556,UnitedStates4557,UnitedStates4558,UnitedStates4559,UnitedStates4560,UnitedStates4561,UnitedStates4562,UnitedStates4563,UnitedStates4569,UnitedStates4570,UnitedStates4571,UnitedStates4572,UnitedStates4573,UnitedStates4574,UnitedStates4575,UnitedStates4576,UnitedStates4577,UnitedStates4578,UnitedStates4579,UnitedStates4580,UnitedStates4581,UnitedStates4582,UnitedStates4583,UnitedStates4584,UnitedStates4585,UnitedStates4586,UnitedStates4592,UnitedStates4593,UnitedStates4594,UnitedStates4595,UnitedStates4596,UnitedStates4599,UnitedStates4600,UnitedStates4601,UnitedStates4603,UnitedStates4604,UnitedStates4605,UnitedStates4606,UnitedStates4607,UnitedStates4608,UnitedStates4609,UnitedStates4610,UnitedStates4611,UnitedStates4612,UnitedStates4613,UnitedStates4614,UnitedStates4615,UnitedStates4621,UnitedStates4622,UnitedStates4623,UnitedStates4624,UnitedStates4625,UnitedStates4626,UnitedStates4627,UnitedStates4628,UnitedStates4629,UnitedStates4638,UnitedStates4639,UnitedStates4640,UnitedStates4641,UnitedStates4642,UnitedStates4643,UnitedStates4644,UnitedStates4645,UnitedStates4646,UnitedStates4647,UnitedStates4648,UnitedStates4649,UnitedStates4650,UnitedStates4651,UnitedStates4652,UnitedStates4653,UnitedStates4654,UnitedStates4655,UnitedStates4666,UnitedStates4667,UnitedStates4668,UnitedStates4669,UnitedStates4670,UnitedStates4671,UnitedStates4689,UnitedStates4690,UnitedStates4691,UnitedStates4692,UnitedStates4693,UnitedStates4694,UnitedStates4695,UnitedStates4696,UnitedStates4697,UnitedStates4710,UnitedStates4979,UnitedStates4980,UnitedStates4981,UnitedStates4982,UnitedStates4983,UnitedStates4984,UnitedStates4985,UnitedStates4986,UnitedStates4987,UnitedStates4988,UnitedStates4989,UnitedStates4990,UnitedStates4991,UnitedStates4992,UnitedStates4993,UnitedStates4994,UnitedStates4995,UnitedStates4996,UnitedStates4997,UnitedStates4998,UnitedStates4999,UnitedStates5000,UnitedStates5001,UnitedStates5002,UnitedStates5003,UnitedStates5004,UnitedStates5005,UnitedStates5006,UnitedStates5007,UnitedStates5008,UnitedStates5009,UnitedStates5010,UnitedStates5011,UnitedStates5012,UnitedStates5013,UnitedStates5014,UnitedStates5015,UnitedStates5016,UnitedStates5017,UnitedStates5018,UnitedStates5019,UnitedStates5020,UnitedStates5021,UnitedStates5022,UnitedStates5023,UnitedStates5024,UnitedStates5025,UnitedStates5026,UnitedStates5027,UnitedStates5028,UnitedStates5029,UnitedStates5030,UnitedStates5031,UnitedStates5032,UnitedStates5033,UnitedStates5034,UnitedStates5035,UnitedStates5036,UnitedStates5037,UnitedStates5038,UnitedStates5039,UnitedStates5040,UnitedStates5041,UnitedStates5042,UnitedStates5043,UnitedStates5044,UnitedStates5048,UnitedStates5049,UnitedStates5050,UnitedStates5051,UnitedStates5052,UnitedStates5053,UnitedStates5054,UnitedStates5055,UnitedStates5056,UnitedStates5058,UnitedStates5059,UnitedStates5060,UnitedStates5061,UnitedStates5062,UnitedStates5063,UnitedStates5064,UnitedStates5065,UnitedStates5066,UnitedStates5067,UnitedStates5068,UnitedStates5069,UnitedStates5070,UnitedStates5071,UnitedStates5072,UnitedStates5073,UnitedStates5074,UnitedStates5075,UnitedStates5076,UnitedStates5077,UnitedStates5078,UnitedStates5079,UnitedStates5080,UnitedStates5081,UnitedStates5082,UnitedStates5083,UnitedStates5084,UnitedStates5085,UnitedStates5086,UnitedStates5087,UnitedStates5088,UnitedStates5089,UnitedStates5090,UnitedStates5091,UnitedStates5093,UnitedStates5194,UnitedStates5195,UnitedStates5196,UnitedStates5197,UnitedStates5198,UnitedStates5199,UnitedStates5206,UnitedStates5207,UnitedStates5208,UnitedStates5209,UnitedStates5210,UnitedStates5211,UnitedStates5212,UnitedStates5213,UnitedStates5214,UnitedStates5215,UnitedStates5216,UnitedStates5217,UnitedStates5245,UnitedStates5246,UnitedStates5247,UnitedStates5248,UnitedStates5249,UnitedStates5250,UnitedStates5251,UnitedStates5252,UnitedStates5253,UnitedStates5254,UnitedStates5255,UnitedStates5256,UnitedStates5257,UnitedStates5258,UnitedStates5259,UnitedStates5260,UnitedStates5261,UnitedStates5262,UnitedStates5263,UnitedStates5264,UnitedStates5271,UnitedStates5272,UnitedStates5273,UnitedStates5322,UnitedStates5323,UnitedStates5339,UnitedStates5340,UnitedStates5341,UnitedStates5343,UnitedStates5364,UnitedStates5366,UnitedStates5410,UnitedStates5523,UnitedStates5540,UnitedStates5541,UnitedStates5542,UnitedStates5579,UnitedStates5590,UnitedStates5591,UnitedStates5592,UnitedStates5593,UnitedStates5594,UnitedStates5595,UnitedStates5596,UnitedStates5597,UnitedStates5598,UnitedStates5738,UnitedStates6749,UnitedStates6750,UnitedStates6751,UnitedStates6752,UnitedStates6753,UnitedStates6754,UnitedStates6755,UnitedStates6756,UnitedStates6757,UnitedStates6758,UnitedStates6759,UnitedStates6760,UnitedStates6761,UnitedStates7406,UnitedStates7408,UnitedStates7415,UnitedStates7416,UnitedStates7417,UnitedStates7418,UnitedStates7419,UnitedStates7452,UnitedStates7453,UnitedStates7454,UnitedStates7455,UnitedStates7456,UnitedStates7461,UnitedStates7462,UnitedStates7463,UnitedStates7464,UnitedStates7465,UnitedStates7466,UnitedStates7467,UnitedStates7468,UnitedStates7469,UnitedStates7470,UnitedStates7471,UnitedStates7472,UnitedStates7473,UnitedStates7474,UnitedStates7475,UnitedStates7476,UnitedStates7477,UnitedStates7478,UnitedStates7479,UnitedStates7480,UnitedStates7481,UnitedStates7482,UnitedStates7483,UnitedStates7484,UnitedStates7485,UnitedStates7486,UnitedStates7487,UnitedStates7488,UnitedStates7489,UnitedStates7490,UnitedStates7491,UnitedStates7492,UnitedStates7493,UnitedStates7494,UnitedStates7495,UnitedStates7496,UnitedStates7497,UnitedStates7499,UnitedStates7500,UnitedStates7501,UnitedStates7502,UnitedStates7503,UnitedStates7504,UnitedStates7505,UnitedStates7506,UnitedStates7507,UnitedStates7508,UnitedStates7509,UnitedStates7510,UnitedStates7511,UnitedStates7512,UnitedStates7513,UnitedStates7514,UnitedStates7515,UnitedStates7516,UnitedStates7518,UnitedStates7519,UnitedStates7520,UnitedStates7521,UnitedStates7522,UnitedStates7526,UnitedStates7527,UnitedStates7528,UnitedStates7529,UnitedStates7530,UnitedStates7531,UnitedStates7534,UnitedStates7535,UnitedStates7536,UnitedStates7538,UnitedStates7542,UnitedStates7543,UnitedStates7544,UnitedStates7545,UnitedStates7546,UnitedStates7547,UnitedStates7548,UnitedStates7549,UnitedStates7593,UnitedStates7594,UnitedStates7595,UnitedStates7596,UnitedStates7597,UnitedStates7598,UnitedStates7599,UnitedStates7600,UnitedStates7601,UnitedStates7602,UnitedStates7603,UnitedStates7604,UnitedStates7612,UnitedStates7639,UnitedStates7640,UnitedStates7641,UnitedStates7646,UnitedStates7650,Uruguay4551,Uruguay4552,Uruguay4564,Uruguay4565,Uruguay4566,Uruguay4567,Uruguay4568,Uruguay4587,Uruguay4588,Uruguay4589,Uruguay4590,Uruguay4591,Vanuatu11990,Vanuatu11991,Vanuatu11993,Vanuatu11994,Vanuatu11995,Vanuatu11996,Vanuatu11997,Vanuatu11998,Vanuatu12000,Vanuatu12001,Vanuatu12002,Vanuatu12015,Vanuatu12018,Vanuatu12027,Vanuatu12028,Vanuatu12033,Venezuela4806,Venezuela4807,Venezuela4808,Venezuela4809,Venezuela4810,Venezuela4811,Venezuela4812,Venezuela4813,Venezuela4814,Venezuela4815,Venezuela4816,Venezuela4817,Venezuela4818,Venezuela4819,Venezuela4820,Venezuela4821,Venezuela4822,Venezuela4823,Venezuela4824,Venezuela4825,Venezuela4826,Venezuela4827,Venezuela4828,Venezuela4829,Venezuela4830,Venezuela4831,Venezuela4832,Venezuela4833,Venezuela4834,Venezuela4835,Venezuela4836,Venezuela4837,Venezuela4838,Venezuela4839,Venezuela4840,Venezuela4841,Venezuela4842,Venezuela4843,Venezuela4844,Venezuela4845,Venezuela4846,Venezuela4847,Venezuela4848,Venezuela4849,Venezuela4850,Venezuela4851,Venezuela4852,Venezuela4853,Venezuela4854,Venezuela4855,Venezuela4856,Venezuela8107,Venezuela8115,Venezuela8116,Venezuela8117,Venezuela8118,Venezuela8119,Venezuela8169,Venezuela8170,Venezuela8171,Venezuela8172,Venezuela8173,Venezuela8174,Venezuela8175,VietNam10226,VietNam10231,VietNam10232,VietNam10233,VietNam10234,VietNam10263,VietNam10264,VietNam10265,VietNam10266,VietNam10267,VietNam10268,VietNam10269,VietNam2116,VietNam2117,VietNam2118,VietNam2119,VietNam2120,VietNam2121,VietNam2122,VietNam2123,VietNam2124,VietNam2125,VietNam2126,VietNam2127,VietNam2128,VietNam2129,VietNam2130,VietNam2131,VietNam2132,VietNam2133,VietNam2134,VietNam2135,VietNam2136,VietNam2137,VietNam2138,VietNam2139,VietNam2140,VietNam2141,VietNam2142,VietNam2143,VietNam2144,VietNam2145,VietNam2146,VietNam2147,VietNam2148,VietNam2149,VietNam2150,VietNam2151,VietNam2152,VietNam2153,VietNam2154,VietNam2155,VietNam2156,VietNam2157,VietNam2158,VietNam2159,VietNam2160,VietNam2161,VietNam2162,VietNam2163,VietNam2164,VietNam2165,VietNam2166,VietNam2167,VietNam2168,VietNam2169,VietNam2170,VietNam2171,VietNam2172,VietNam2173,VietNam2174,VietNam2175,VietNam2176,VietNam2177,VietNam2178,VietNam2179,VietNam2180,VietNam2181,VietNam2182,VietNam2183,VietNam2184,VietNam2185,VietNam2186,VietNam2187,VietNam2188,VietNam2189,VietNam2190,VietNam2191,VietNam2192,VietNam2193,VietNam2194,VietNam2195,VietNam2196,VietNam2197,VietNam2198,VietNam2199,VietNam2200,VietNam2201,VietNam2202,VietNam2203,VietNam2204,VietNam2205,VietNam2206,VietNam2207,VietNam2208,VietNam2209,VietNam2210,VietNam2211,VietNam2212,VietNam2213,VietNam2214,VietNam2215,VietNam2216,VietNam2217,VietNam2218,VietNam2219,VietNam2220,VietNam2221,VietNam2222,VietNam2223,VietNam2224,VietNam2225,VietNam2226,VietNam2227,VietNam2228,VietNam2229,VietNam2230,VietNam2231,VietNam2232,VietNam2233,VietNam2234,VietNam2235,VietNam2236,VietNam2237,VietNam2238,VietNam2239,VietNam2240,VietNam2241,VietNam2242,VietNam2243,VietNam2244,VietNam2245,VietNam2246,VietNam2247,VietNam2248,VietNam2249,VietNam2250,VietNam2251,VietNam2252,VietNam2253,VietNam2254,VietNam2255,VietNam2256,VietNam2257,VietNam2258,VietNam2259,VietNam2260,VietNam2261,VietNam2262,VietNam2263,VirginIslandsU.S.8023,VirginIslandsU.S.8024,VirginIslandsU.S.8025,VirginIslandsU.S.8026,VirginIslandsU.S.8027,VirginIslandsU.S.8028,VirginIslandsU.S.8029,VirginIslandsU.S.8030,VirginIslandsU.S.8031,VirginIslandsU.S.8032,VirginIslandsU.S.8033,VirginIslandsU.S.8034,VirginIslandsU.S.8035,VirginIslandsU.S.8036,VirginIslandsU.S.8037,VirginIslandsU.S.8038,VirginIslandsU.S.8039,VirginIslandsU.S.8040,VirginIslandsU.S.8043,VirginIslandsU.S.8045,VirginIslandsU.S.8064,WestBankandGaza778,WesternSahara944,WesternSahara945,WesternSahara946,WesternSahara947,WesternSahara948,WesternSahara949,WesternSahara950,WesternSahara951,WesternSahara952,WesternSahara953,WesternSahara954,WesternSahara955,WesternSahara956,WesternSahara957,Yemen1476,Yemen1477,Yemen1478,Yemen1479,Yemen1480,Yemen1481,Yemen1482,Yemen1483,Yemen1484,Yemen1485,Yemen1486,Yemen1487,Yemen1488,Yemen1489,Yemen1490,Yemen1491,Yemen1492,Yemen1493,Yemen1494,Yemen1495,Yemen1496,Yemen1497,Yemen1498,Yemen1499,Yemen1500,Yemen1501,Yemen1502,Yemen1503,Yemen1504,Yemen1505,Yemen1506,Yemen1507,Yemen1508,Yemen1509,Yemen1510,Yemen1511,Yemen1512,Yemen1513,Yemen1514,Yemen1515,Yemen1516,Yemen9304,Yemen9306,Yemen9410,Yemen9419,Yemen9420,Yemen9421,Yemen9422,Yemen9423,Yugoslavia488
1,243.4749176282079,72.63256330185128,167.13626354949986,295.2309669190316,322.2645887822608,123.94706123893077,461.3804830005722,376.05353421380437,363.0109920781291,278.24835835114186,222.81771505895802,274.8269355188339,213.9095006627699,132.83950792212858,35.93716355402092,86.14887087297853,118.21077126367179,819.4666830897459,183.96763169561368,772.5062149619965,112.64028962796358,620.4534192549884,206.03379282533575,256.27086387274153,147.67179315149312,238.38594737110282,198.91039393544722,250.69550445131847,414.09912673971206,697.0013679707234,1662.0727110123382,1084.56601776907,1771.6709029411506,2231.2493473146333,2162.9282268339043,2382.942830338624,1082.4662066525386,221.01947656698732,143.19617506790888,153.72055120859474,339.6990306072901,127.72854779141657,195.4450976705353,930.6089592557846,632.1044830896559,363.8684526551766,96.68734165146601,172.25791374801966,193.58320497829942,162.68654891120693,201.4553128957562,148.70615093293546,5.703886080081052,165.10718557463542,5.981612217887929,89.73325525876956,57.29928450378681,7.866115322924554,4.654111677002898,7.045072221899933,4.746484225067423,62.19438362045561,3140.3566898770678,2.6535201676925926,4.722140909381295,4.731985697082877,5.25491318477442,4.702718212392363,18.582789450986457,7.470040447697025,2.6330713868864013,685.175782881115,1266.1881036724646,101.2532336291575,2.2542835759081643,9.059950383119668,0.24011138451607203,28.178372320464867,0,0,8.717824303756299,261.12668479847395,0,12.944350756333051,0,0,0.9926428854860877,1.5702383427555557,0,0,0,1.9466183053428574,0,30.155369583575826,0,45.58625259338085,11.34314737082712,4.907751043987255,51.53946537962465,32.3648904276759,4.2425303871438915,0.6553256758733926,47.33877581926491,40.34338932491103,620.0701499837385,49.753427574648825,4.434467377508451,29.042713166201786,15.997450455928279,2083.122731547675,537.9047707495032,8.447196954499109,5154.061578592887,8411.971337663594,79.36124661596475,600.7823967745393,3940.4465818904255,50.353550822392734,22.037726838787375,107.30286624933272,0,29.953338204896557,5.254190261939974,0,0,0,0,0,34.8817277300482,0,574.8138581651167,0,40.10542825691794,10.524557514561971,0,0,0.08651387093940985,0,0,0.549963136244445,0.37279833592538425,0,1.9849902076263881,0,0,0.4056918623426951,101.21316153954307,4.133832245783468,0,0,0,0,8.823821425520581,164.69711099888767,1117.821681920655,646.8726260669049,52.045764842078654,0,22.42043147530699,160.68859641751501,7.530134740891844,5.12087870619107,0.8222498795113399,1.3961872188307838,1.1352093302734827,17.632947797039492,32.69448136036995,0.1997518903074348,0,0,0,0,0,1.276884229217087,0,0,0,0,0,0,0,0,0.18030647312374865,0,0,0,17.264232502504772,158.0646356797999,19.728960775323067,19.013920316012456,399.1301683364103,366.58146975883034,286.5774883010683,28.32317774111341,580.9376140629481,290.9633647107929,35.851952655868196,0,0,0,0,0,0,0,7.3372009976886705,92.25997810840201,5.242345514575564,0,0,0,0,0,0.16768162996080505,0,7.779802761790423,6.6744300609796365,1.802408619740592,1.3740387438718817,1.132866053351233,0,42.30444811088334,834.8391842520375,882.9315729475876,318.3687360868942,95.30545888249016,0,0,11.44955465418014,0,0,7.345908799220588,6.22533749129505,0,1.2011771607317812,0,0,0,0,29.878226658436116,1.387417773319331,7.8922903658947,1.3253381231567147,11.993079305030905,2.1822860778293496,1.4831209546551583,2.8618963303732396,31.391208305796233,205.66441880165434,118.56845905949757,146.91144567578831,235.74066890241053,109.21263301672813,46.57375911175522,71.96233227688447,277.9841232727274,0,0.3591959194851114,165.63596073707996,134.23226291887312,732.8003865470291,1458.6562112937143,1962.0413449017983,588.6212208375756,136.72618143958047,254.25755939732582,11.416106143661793,2.4735230090561657,1.5175922319704147,7.725289947309256,0,0,0,0,0.7242580562233647,1.2407477979291766,118.66253578272885,98.61412602952903,129.74795147291283,249.7170377989429,23.46740345949421,447.2472437194642,514.9590006665095,15.27488232480944,5.554822485884321,8.662395296244297,11.425066572134888,14.410935645280007,4.730676054674263,26.630650486689966,18.18757129522348,159.6861098859866,67.81821415024238,137.1583703728232,487.47659458201514,483.42586857168226,730.3241331950968,1403.5703270718982,1271.1164900629287,1175.0081815248898,616.3156415860566,1028.011722525091,598.5757856873395,157.92913917689418,394.2193164124662,292.3066370721107,242.4696427937682,110.9767564951159,40.819508928937935,29.674505317191763,23.829870176877467,11.778951370461003,35.83437920308529,27.701581245422258,3.233397513961858,227.65534568118537,43.243723183444274,398.5298645815011,240.75236539015793,594.0873705668706,3114.275561174306,969.3806575931719,19.745187995484734,1.8200634687297268,0,0,0,0,0,0,0.21677127744447272,0.3594369007172476,0,0,0,0,0.22035288756623803,0,0,0,0,3.4992981698731613,3.3954985258339456,0.12253816600396174,2.3884430120339295,1.4465123041383343,1.420648225958004,1.4305641696146494,0,41.882852280119664,1.3469366914570635,1.4397445182052573,21.81539319945131,133.25516430028367,12.007678871012331,0.6055586873711718,0.4678797312042689,2.50366154673019,5.028112609075516,24.185312966147833,0,0,2.924099907203307,2.987754413425248,1.3062460896061863,11.774881612348473,1.1562279154352602,31.37477217703207,0,5.9078913858948034,5.843475401795025,1.9233960107558379,4.592901229667291,49.503493508882386,0,1.653090876557469,8.402686907413868,12.178601276397455,0,0,12.018714813022463,0,0,0,16.151174584641787,12.590744896103633,0,0,5.068241202501174,1.1603840228928226,12.583862980502383,7.877229032862519,13.249073991157955,11.72338192501083,2.475538545690183,1045.4394270550436,0,0.6084639815231268,0,0.9378577066753483,1.8349051569108343,0,20.507778251272054,5.41102687506048,1.7811533651625333,17.017068172477433,14.402275902859786,36.69272344972669,9.490965033844384,0,0,0,14.607847424959083,5.371270556832281,9.84459102139869,0.29076244628059406,1.7784958901500083,0,0,0.6819541956879932,1.0549740218271233,0,0,1.0023867544812757,0,0,0,10.224826815323897,9.962793065773248,0,0,0,0,0,0,0,0,1310.5309100797765,1482.1694356177666,2277.0922241388084,2295.943541936956,1959.7159348818216,438.5002645230424,1545.275586067051,8237.319791059337,0,1007.5970485018898,267.9588113031486,657.9445862117959,1168.3877252839613,747.2782668832136,713.4741728353033,1072.6555376412618,844.0120136429431,1045.7232294779712,723.2066516268103,280.98697809281856,446.2100780919059,320.79364876440144,709.5039061203236,938.4862251720092,1273.0596399209494,622.5918767161535,377.8604806338059,603.3792203862515,968.8135755615118,1375.3890649468922,1563.494637473316,1482.0438238571337,990.9775392732612,3557.1424778820638,2398.396307145238,1171.1389593964545,1481.9189981324957,938.8071680009474,1117.0552271768977,859.3656118903849,673.9815781631555,372.24379750721766,1034.2389765409127,717.6298856616071,701.1660758936642,1027.6085305439162,1179.585262112655,1035.5104104652107,2962.1005020581883,7812.245031096092,1369.2502841906717,1341.0939175985295,656.759430168646,735.0128964766736,777.2419294073638,803.7748696271559,572.3679654104309,277.7644085701586,273.36932712858163,610.3027454719074,0,897.3530529351638,487.32524469924783,621.3480330790816,112.25160872333372,87.85561842434332,136.533520010943,435.0036217392277,475.0452542647472,192.176125153678,55.0672982237622,28.50299004526823,24.898476205339673,16.566107741283975,7.139462336285488,7.907029267426547,54.60620779678351,7.259082475674662,339.45507318281375,369.2157954384909,255.57671897074673,521.6626203608166,2314.015292650366,1208.933046568825,1248.0809245642706,975.8850929156312,39.70086179889615,79.11337338514862,11.605245070647351,0.35732881697463803,144.95912220070397,7.1377483032785785,1442.1387012129144,1127.1607969053898,190.36265332010365,67.81180722040921,42.52100137930577,223.92554416654303,150.9685431803976,883.0568757776242,169.62031685703386,10.718572018832168,91.28604877150374,241.8026717364654,630.2701627499292,613.9087263797059,614.6998034707639,314.3751649579974,25.801423834459488,194.35675738591198,731.3397883298226,183.33330008398858,31.86941058311859,9.682095452052303,27.644704858849632,92.03616837069282,1332.1394992802793,1563.9766472620302,3473.5111345641862,2622.0138730073327,1921.396302376837,1496.2018765858702,128.19306565811544,352.245639151056,1050.0189360395805,1922.6317223411622,791.6693646732277,438.7059283671054,143.81372529959532,58.630429159866665,40.123035024302794,336.08764895700546,5491.8470264979105,1675.0562824338735,352.60057609185804,4022.7469684645134,4765.218658703042,1237.3945199236734,4598.232381387446,415.84645341189423,227.94349887316275,226.73724258022813,0.2648786099474896,87.89450655946457,68.2375457509836,0.782985823880215,0.6239880928767627,4.062364540541556,10.080457933814461,36.72368915258547,20.28463794877306,44.334155296849055,241.73910611744273,386.9025566451222,1068.22294479526,1328.8849801479398,118.50620820949472,703.443743739187,3979.5395950181473,3575.1905966001323,828.7562333482576,243.3051506077347,29.316779158204913,23.730319842021313,6.21918719061206,68.95277679030451,31.635349109791882,959.7357241638728,1162.8136378060387,673.5716373570347,514.7252548411335,301.2950718899871,1326.30593570047,501.87606675108503,138.11949539521262,1691.6566117177156,239.07537280625527,5.352691807027062,58.60614468497417,92.59050512631701,22.933819664030302,9.429398542031617,32.09394011547631,45.94531730130944,5334.911412670623,132.34672039601267,36.27299944131255,11.780872473863548,32.93105484882741,1200.890052392203,1898.2870113399852,215.4524065307326,60.15947091979492,48.39862388809247,207.56357577689442,142.9859069647798,841.1883986511755,97.630443329923,1278.4638175916375,89.07549814203419,1409.4977185466842,3554.716931908343,4067.864240871102,3091.605967855608,430.6920083447771,140.71199840616583,58.99910067115576,62.68274651343351,1330.6459940243321,101.01890329112759,143.22314996503675,101.30316645821271,1110.728167977809,367.519475473474,785.4708986645361,55.2326486530938,758.2866854044524,1080.6869172558181,294.09477962557486,51.350409678917664,85.31785426621131,1858.5109559059588,804.154774556419,896.9445531979702,342.7237820830913,312.7441816122465,148.3501365947959,156.61965392405193,13.427123135408511,19.613215102991116,46.027082180908714,5.9667714058187205,32.651310899885765,701.6497670963505,1461.507872456475,149.13719647466183,1075.2366817593372,78.98620212440275,14.6388078971271,131.09176561217973,0,0,0,0.00877843503227256,1.2885629382341588,1.105720116205365,1.5250133427749117,1.143217857934251,1.1182452523029724,1.001421937853652,1.170327946060975,1.1758491790088816,1.0331549583493436,1.039775313371321,1.1393267215547895,0,2.139503340598641,1.2687365932393633,0,2.227689826656371,2.12173544177275,0,0,0,3.4540787988574766,11.229260598508024,15.56876492183879,1602.5192468926762,1699.7491985754837,117.35474777947792,30.49938369977395,114.98655236055384,70.14931902351829,90.87179515494606,7.228873322702512,3.335476841429946,4.307103939721315,4.619752218906512,4.937634291822087,632.5495331096861,1008.8363847725386,1708.1066052535955,13.775030738398545,101.50892075399902,1644.3723581160432,1461.5565623913326,2464.854729305601,927.5112585443799,3126.736474297607,1051.152312949279,84.4947168832549,9.99692615025801,37.169675669328186,35.89121742205782,29.681034860717524,115.26180776339025,189.09408585101914,174.49314361957812,53.29734277008678,71.1540414863336,8.355494528957655,85.19392464941093,164.16222401026263,17.186727881437452,26.081435713917276,21.760195191596925,46.953628752207315,5.812990842122659,29.970771440803983,11.45985772378205,7.0257072421545015,5.78103180240558,47.300848282364,97.83868764889472,339.89693421066244,88.51840641078266,362.410632679437,171.17955483209028,279.4527669452801,178.77297943140303,134.68604532735003,1388.9428401829148,163.19447512659522,742.7355559533638,4088.874067339891,750.6471342030754,90.90015647247962,7.139348838740321,53.543291031336,6.323775952011295,0,0,0,0.071935360155308,0,0,0.026155628096702282,0,0.16175310264262446,0,0,0,0,0,0,0,0,0,0,0,0,0,0,0,0,0,0.2140242902756816,0.07403294622828682,0,0,0,0,0,0,0.09731319412082651,1.803920686473296,43.68468009824092,1.522936111002842,93.64332089387194,0.9565103021081275,0,0,0,0,0,0.8734727618557673,0,0,0,0,0,0,1.6106729914030655,31.533222962887457,11.313298081778472,63.57895247252514,34.67381227504348,362.7914878879465,1405.817933109205,965.7129392531649,671.4463613650855,265.26014090688784,132.27325290032047,643.7627647814248,1162.2396882824828,1036.3195072690567,3466.3973423640305,0,0,1447.8294357229865,1771.1028266462977,318.36645970836076,920.1218106645581,1319.426450905195,1080.8764722930018,1005.7994726651858,985.8374761565873,0.02122346598016411,0.040646992414966936,0.29822850726355116,0,0.8538484524571097,0.07756271751604171,0.044982283066351776,0.2932871889233564,0,0,0,0.3529631439132259,0.950548727959415,0,0.5328017696081364,0,1.0755094303688157,0.17866549031958207,0,1.4477631626689949,0.18285511390864398,0,0.14193644277652478,0.12542383327819492,0.17972754916251543,0.10017878279302951,0.06400105036409404,0.4025668561721069,0.22912909757913436,0.24962236522685527,0.4593654485428407,4.113130945483251,1.7828201392620169,0.04154606946839125,0.26449719840070635,0.2939882766394,0.36875638712633674,2.8547151328545155,7.306666631591882,5.229454891076231,42.78411828006395,26.783391514774888,90.63083462268705,5.419203353685872,11.351502072666209,20.772086254720882,604.1114315143558,0,578.9180945691508,174.83917776585454,33.18438179676428,551.5469898995489,248.35024786827216,660.1871082379802,402.9730968637815,361.011693349342,194.86852301996288,27.97138931751801,11.704068046401538,115.37694751590217,17.534166756772933,9.5586606939493155,51.932135919154696,9.882241380152822,74.99109926703197,17.567237842987858,33.475918913143985,51.33403229363802,66.03682607386489,5.360262787284614,6.238041123336733,11.525399070090455,9.37728094808504,15.604456234553782,16.73086782106549,23.771866874756316,60.37608757011998,22.57085759990904,14.07828969058839,11.67881947415906,42.227879594163625,196.06589694133206,251.85159220657536,420.71189739073463,188.69337653948665,106.4928449988465,294.96322409594995,269.776410673985,360.50631966339836,218.3294641051317,8.98404122956032,17.078903522678203,14.825582278088078,12.469863509662218,22.45940884772621,47.26503329148875,31.910630539034734,14.977202413185113,10.784935533029618,10.130897853313,18.496260829488662,12.209508408623394,88.55436538345259,29.273622352206154,197.07089470302483,13.95350265016153,68.30026277896721,80.39684903704625,46.57652851867023,32.170477091156506,0,0,0,0,0.3022200504348316,0,0,0,0,0,0,0,0,0,0,0,0,0,0,0,0,0,0,0,0,0,0,0,0,0,0,0,1.789423915531418,0,0,0,0,6.757037219676243,0,0,0,0,0,0,31.979338329124626,9.89733384788482,3.8907295297214435,0,0,0,0,0,0,0.33746613246488233,0,0,0,0,0,0,0,0,0,0,0,0,0,0,0,0,0.07696901932541608,0,0,0,0,0,0,0,0,0,0,0,0,0,0,0,0,0,0,0,0,0,0,0,3.790688284807896,0,6.703985997463024,0,13.257543618033589,0.938125892326979,0,0,0,0,0,0,0,0,0,0,7.880334606672901,0,103.99221086184835,0,0,13.057181589893922,23.238950005498054,1.4861114515940537,13.934584730670762,9.937449321023134,96.51548636151071,23.688826908376207,44.81734128398821,35.344351422492885,43.72826560166291,24.163635157543414,176.45289552767156,156.55564828907023,228.03285062531893,192.83302805719828,133.21027498675738,189.45237442675347,588.0964990169869,286.03719721695416,335.0663166320736,836.8440278832835,183.40647569031856,86.09144514560337,0,0,0,0,0,0,0,0,0,0,0,0,0,0,0,0,0,0,0,0,0,0,0,0,0,0,0,0,0,0,0,0,0,0,0,0,0,0,0,0,0,0,0,0,0,0,0,0,0,0,0,0,0,0,0,0,0,0,0,0,0,0,0,0,0,0,0,0,0,0,0,0,0,0,0,0,0,0,0,0,0,0,0,0,0,0,0,0,0,0,0,0,0,0,0.5353224598107159,0,0,0,0,0,0,0,0,0,0,0,0,0,0,0,0,0,0,0,0,0,0,0,0,0,0,0,0,0,0,0,0,0,0,0,0,0,0,0,0,0,0,0,0,0,0,0,0,0,0,0,0,0,0,0,0,0,0,0,0,0,0,0,0,0,0,0,0,0,0,0,0,0,0,0,0,0,0,0,0,0,0,0,0,0,0,0,0,0,0,0,0,0.06500291024774377,0,0,0,0,0,0.04272290897343015,0,0.46726703219286925,0.5103058384484389,0,0.04859982129852795,0,0,0,0.037927951879738075,0.06141110141160966,0.3228808074191133,0,0,0,0.18709809811376307,0,0,0,0,0,0,0.08355780386739488,0,0,0,0,0,0,0,0,0,0,0,0,0,0,0,0,0,0,0,0,0,0,0,0,0,0,0,0,0,0,0,0,0,0,0,0,0,0,0.39761646012411883,0,0,0,0,0,0,0,0,0,0,0,0,0,0,0,0,0,0,0,0,0,0,0,0,0,0,0,0,0,0,0,0,0,0,0,0,249.8793609438643,981.4781386995592,47.12708802591665,0,0,0,0,0,0,0,0,0,0,0,0,0,0,5.874720688875369,0,0,0,0,0,0,0,0,0,0,0,0,0,0,0,0,25.888772006418744,58.675618624602905,0,0,0,0,0,0,0,0,0,0,0,0,39.18019085031312,84.69977080178145,25.036535057603587,68.07094564813434,31.65037714840123,72.92587560386104,20.67831784857993,214.73129228018456,31.629783834561696,69.67125953733505,152.92778522715824,78.09776296952343,8.111830367842341,21.822988335491733,8.63499731414624,43.63006163325848,0,5.087475719788345,3.8566852139853602,10.759005272094042,117.86783738068675,29.98916475385302,7.240564754478178,0,0,6.89043306849345,29.74898473552232,15.920792504559142,0,7.0760321316971,75.11745830348418,315.0409113852242,46.06346433349689,99.02246177550815,59.357400792106034,264.80901645099874,6.915692732447575,27.580320124145615,68.21636489243123,7.84591532694168,0,278.98193747815003,189.61844052945114,12.999163828787278,0.1778007741532424,51.01220248340347,68.28121606344872,725.3124220148479,1636.566850118736,43.55691619008678,3.4464729352760846,23.28129968020234,6.4844166823057,150.61329590490982,1456.3329206941266,601.4876711733486,7.050751778882343,27.023356331257528,2.327545156256629,3.8653070510354888,137.17914458514036,2.7070966695725858,13.208007377119815,226.86300430047564,213.4235342529742,11.300739892357385,0,0,0,0,0.0761421861981919,0,10.634725575466318,2.6219783000192454,9.971290510315844,0,0,0,0,1.5807641804943515,16.771374619368157,12.98649730558031,1.6457517190442874,5.287292481188835,0,0,0,0,0,0,0,0,0,0,0,0,0,0,0,0,0,0,0,0,0,0,0,0,0,0,0,0,0,0,0,0,0,0,0,0,0,0,0,0,0,0,0,0,0,0,0,0,0,0,0,0,0,0,0,0,0,0,0,0,0,0,0,0,0,0,0,0,0,0,0,0,0,0,0,0,0,0,0,0,0,0,0,0,0,0,0,0,0,0,0,0,0,0,0,0,0,0,0,0,0,88.71313941727274,0,0,0,0,0,0,0,0,0,0,0,0,0,0,0,10.317264140318931,0,0,0,0,0,0,0,0,0,104.1994308107994,221.52131648550397,340.16660337968494,374.51930198647597,1590.7991341558316,524.9776618231293,256.0445013562803,157.25155779873685,198.50628867975024,206.8042527476776,214.60894831880148,165.94026802329049,264.64986226142,225.30823272498571,656.4074560808746,1119.1511441920218,315.8891088259998,191.76538684117068,2215.009508781789,575.9921869215818,1645.8273588926372,2894.0814677697585,458.11414560062497,1094.8673069105785,794.322814784106,1151.5150814798253,1363.363123120655,204.03064639233526,1718.1020546249722,1813.7166236289102,1188.6925781343814,1167.651321103485,1691.4220645327357,3754.7639421795525,3508.746818571377,5349.513055243985,2303.360545807485,1807.0740400640047,1166.304898945368,659.1921619821406,531.7028122049321,1396.9050897342274,174.55078152923883,247.80476108719915,174.55732680609523,110.45362733389643,168.01271420437143,244.98062566966848,206.67622083726596,176.7758508768948,696.6443911458671,445.24765722642496,484.01245895369794,342.96328276800244,606.9497508276316,982.2811389170506,695.6304877256288,1247.4980078325418,384.5068928240782,764.8671262235125,2470.946679785847,1252.2336121979297,1132.5430715582195,2159.0848749740776,4017.8076676096757,1872.8792815269694,2563.351193748127,3079.3296333833814,3695.9125416942125,2204.102693813228,4210.856618095452,3156.9844964259833,10899.538353710172,11556.531410340809,9502.174139208782,5168.633937229445,2932.467438974043,1424.2870991662585,849.2868020137329,0,564.6543705743352,834.5015609787558,3040.8577640311933,1804.360567674947,2935.273316089592,2372.6704048021998,541.2977604805943,1215.6908683221884,690.4624940923574,428.1667803669196,1002.5379190839164,1230.7853788445761,1074.745872365504,1748.2225674414965,2863.643611987095,4077.1510454702384,4095.809750109526,1997.3164975355578,977.8919516815785,1779.798650204234,1247.6409963804642,3737.781153797745,1621.7277059535154,1144.6999579253888,1229.9655603763408,1669.5102306975664,457.1806253975862,282.48497891527137,319.254048250223,297.4448753051537,721.0927392295281,367.25157259430097,723.2105289835799,166.7588008923501,587.2402724204285,1829.8283664187486,865.6975390179219,1824.9190020655496,832.6681135425325,445.9199976197426,1606.2350393552565,846.974531351381,2190.265820868371,2207.001906337231,2416.122756505605,1895.0607895782107,1521.243162364689,1631.8306244053974,254.8260762792246,1672.7543928121079,406.9052062547937,1562.3955889124686,2145.8538741811044,1281.5903931032535,691.9191460920923,1189.9066443051056,2018.5600084359487,839.9509824118674,2497.246620258872,2945.701298266902,1106.8578189065022,874.9797468617853,1047.4254308526597,754.7706589579175,5489.748894152987,2055.63792527732,452.9252126356947,119.33044243704224,499.64268902439886,619.3914766779085,2501.768875387355,636.0257345826817,579.2383731428628,756.2354373432646,1100.2015973597722,1671.7544774793473,807.2202089491718,1332.6943633261144,1662.5446568881782,460.97485054777025,1306.289077896385,772.2302436686729,1467.1389359818068,1419.4319204940994,766.3196540999359,1286.8071018768167,1132.119566799866,1434.4313699639522,1468.5356949708485,825.0574171747562,386.5398070255204,501.5473791915209,146.01743761749785,1123.4038211128243,2239.393021911101,2132.586999945406,376.6844048739846,313.2066526357186,368.1551984626115,274.71748400899793,345.34209984677534,281.00314342766353,980.6327431453706,599.3572572585331,583.8044139682453,280.1685079810989,470.38057758743304,115.1764069836375,323.8400370637008,253.48718934581686,730.0022328058559,214.85007741928445,313.0805787239998,423.9312890621943,539.1496634446778,1084.4877585166437,996.2909677508949,719.1137636938313,441.4643257618864,117.72022655831674,473.51907913301443,688.862862422254,716.8504615256621,652.6623570419048,136.58209290067902,104.4362050806073,1393.4188829469365,775.221662462005,196.58537510164413,171.97161558737062,1029.4215966118697,3205.3640267989385,2927.1032318779367,3199.723022421275,659.2889470054503,179.41097398404023,36.541787044212974,974.3041384973125,884.3755772993061,390.79125207184126,526.4635911644681,590.5681253749531,477.50279449674906,596.1731318310435,910.2355851829728,3.5724080296795035,4.656471348002646,2.685323568442751,33.89280957230482,97.18169780145674,2.4362920174705613,9.363958006775738,24.368366040443618,7.131222475607244,6.930711584885652,68.98524314927604,21.434431882375765,34.574028427072896,129.95025761926908,164.1743938789357,23.670600832816408,53.00565487977382,79.27168569845414,86.97931800608511,503.1794051837631,82.75609543753507,107.4097712975132,341.3075049743596,104.99858382996887,87.03972800109732,5354.67413687715,1237.8297076346482,718.8361045307221,146.53767910155835,200.0275161242372,38.960414241254156,41.32406162548646,12.949621281227603,4.888686991742906,4.952599358435483,4.764603534007896,0,304.9918542711362,5869.002004822506,1.1587159561895335,5.519002112895514,371.58353800001504,204.0666710098338,698.4479829439626,126.9913665510389,105.70819565321925,54.98044289346816,9.87855488707867,28.851606689170968,52.826001710529795,22.02377506634107,26.19593673604453,60.46711451536958,48.023977586286136,10.66675607671167,15.938473244983522,11.540496828063384,34.796166230247096,49.15568528818283,112.73941084519561,34.90962344614322,54.45758345529521,112.62046064897801,15.762769295808727,49.82091136407099,87.02113489569906,26.8819246945746,18.642183779724974,26.983066962844084,39.79926507466533,34.86346891895087,34.499822947776934,34.62721778203232,45.163646125715786,138.01804555250212,4301.668623419577,125.02664321840868,47.94174205174987,130.05980822094062,4517.153184662535,1153.1839741946321,258.00819932328346,176.21205020934084,173.909391072131,135.57590654141796,799.613171475114,3837.272968798956,334.84090498657247,204.45070520433057,3465.220806308903,214.75248135738454,131.5137617106397,96.37428251545221,122.38872264670609,293.2442445842406,71.29828272354774,61.45719352539644,8.690962378509367,85.67700670091406,39.01275313665978,23.70117056812278,9.856231423436732,31.68621309378766,28.849468321436845,59.771057778969315,31.311341804333004,9.289749259889941,88.9506548554712,42.221365946934384,183.66328659215193,281.53239367314046,3688.411591705945,916.6415985025019,73.16417538067886,53.65651312684151,68.51966709238962,213.84474406148706,111.83991260965355,64.51810118997618,172.38755454161898,128.8312730085779,115.80472648882805,102.34035149907645,65.29773438088147,41.89915189268137,34.37828804160424,136.21399904448506,28.391065405887307,13.138561505775591,9.237567328136867,55.83188537996987,31.48534208864088,114.05321888255843,42.255836237335295,138.46371574803985,51.63153838782771,110.39217587923571,101.34465386935987,88.00637556071416,25.27478837615884,70.86040474629858,47.72871797525105,49.60003375159568,58.02736725200543,51.69525212414993,31.683406658205293,94.5025025122849,122.69054527714584,178.59496936181725,128.2511156503503,59.428280661259905,55.392464056899435,308.01472374366506,14.843390421195194,12.948625841413529,20.583462148439168,38.80232675235495,3.120025623221009,17.108618901117623,3.6263247858459398,4.82006043473551,4.925802522995535,0.5145349040656702,0.3376256096947069,17.730551754396306,66.13633190836785,57.24636792944357,51.85168350637812,180.5498680517541,12.541112535534417,16.854458916351202,24.142215916047387,210.9833307892711,50.10459146008568,112.48749620933687,75.4679664926679,104.37086065284663,135.7281233859397,265.7606263823521,152.63437674915184,249.00779783138353,213.0003575285575,235.13817255078328,184.1531055369185,150.16618008697566,160.76453440798167,163.62649926570197,140.4601244987298,168.63400876407417,338.55499832629886,275.68277537464536,133.7445812879722,28.76995500334413,67.5125562502832,34.19441369796342,54.747585348674605,77.56679770436695,163.3135423973232,126.44707817627351,112.85424729821088,73.75165642149543,50.744611167632804,45.32435430987809,30.433107089494186,57.04879968621382,13.706210129185477,81.69851753135244,164.7299798735135,213.4321999648707,236.38348976627438,61.56543596442677,140.6181717923447,82.46925617902811,37.9156752279005,54.437202789136634,0,0,0,0,0,0,0,0,0,0,0,0,0,0,0,0,0,0,0,0.20674309874060823,0,0.09744269197909586,0,0,0,0,0,0,0,0,0,0,0,0,0,0,0,0,0,0,0,0,0,0,0,0,0,0,0,0,0,0,0,0,0,0,0,0,0,0,0,0,0,0,0,0,0,0,0,0,0,0,0,0,0,0,0,0,0,0,0,0,0,0,0,0,0,0,0,0,0,0,0,0.4860861653504329,0,0,0,0,0,0,0,0,0,0,0,0,0,0,0,0,0,0,0,1.5011151530268858,93.14549432581543,0.5481460463711824,0,0,0,0,0,0,0,0,0,0,0,0,0.32356428120516717,3.6490226448733964,50.615571708915894,0.15113143799547898,0,0,0,0,0,0,0,0,0,1.0773077810034195,109.43596745440249,24.06783151312231,169.33530773285548,0,0,0,0,0,0,0,0,0,0,0,0,0,0,0,0,0,0,0,0,0,0,0.9899524512866026,0,0,0,0,0,0,0,0,0,0,0,0,0,0,0,0,0,0,0,0.6174989838547613,0,0,0,0,0,0,0,0,0,0,0,0,0,0,0,0,0,0,0,0,0,0,0,0,0,0,0,0,0,0,0.010184962304818931,0,0,0,0,0,0,0,0,0,0,0,0,0,0,0,0,0,0,0,0,0,0,0,0,0,0,0,0,0,0,0,0,0,12.88544887990648,0,0,0,0,0,0,0.1314411981460466,0,0,0,0,0,0,0,0,0,0,73.840856269094,0,0,0,0,0,0,0,0,0,0,0,0,0,0,0,0,0,0,0,0,0,0,0,0,0,0.2084799786925043,0,0,0,0,0,0,0,0,0,0,0,0,0,0,0,0,0,0,0,0,0,0,0,0,0,0,0,0,0,0,0,0,0,0,0,0,0,0,0,0,0,0,5.982352212485024,0,0,0,0,0,0,0,0,0,0,0,0,0,0,0,0,0,0,0,0,0,0,0,0,0,0,0,0,0,0,0,0,0,0,0,0,0,0,0,0,0,0,0,0,0,0,0,0,0,0,0,0,0,0,0,0,0,0,0,0,0,0,0,0,0,0,0,0,0,0,0,0,0,0,0,0,0,0,0,0,0,0,0,0,0,14.950516634965071,55.001606068107854,34.67971615892879,10.052626125864895,29.127929800361777,41.43097582083307,23.07949089802091,34.2445115219825,61.952291906641356,37.72291963017754,65.55063952202379,37.890981161409286,163.76598341484123,111.09193471476274,81.13746476342611,40.29582144308331,45.4470536601659,47.50210921590764,110.72160800443973,210.444916371473,109.41575234203978,122.06650005865379,20.152448003918288,15.601807293891241,108.52246114441306,165.61386802771503,80.86342514216592,207.14413946945083,132.98171979656118,323.38976839475924,127.23412438270886,85.65005117136273,8.193705380702742,35.42861474653571,138.0452385879049,98.61830996196035,242.03114593320873,87.38427457528915,313.549419362685,137.01157170354634,511.5672328928686,516.024090487843,321.6365954207392,206.0151005853167,123.16451519219385,118.74921325050407,224.88625095681166,444.69775178316934,1023.1696116738245,1297.1143406141664,3139.9764378113528,81.62607417153016,254.5043875275244,321.9381849874832,375.904750851209,627.5633616354141,1154.592405972643,49.715881673525985,55.056981260640875,21.047923318372344,38.3778428039938,184.62935206112525,75.18708512188935,877.82441068252,31.975175450874325,12.00642418296272,17.463836199581337,12.681031733722605,134.52489722911588,96.42502757562617,15.409698151905578,8.652719419894764,50.6766914944775,98.38805656920587,53.276529096418955,86.73194306243089,88.88666657817133,145.58889071757437,207.41620130564888,492.6725542818562,794.7764641109771,1792.201148369372,2417.190282324178,3092.477711226527,1860.562078342896,1091.661049617707,389.8706935154695,195.09986593033938,95.79173082557872,184.89965372346398,56.81891942177521,345.19433922899935,327.93464557617904,52.92010083717776,97.79781692730724,232.92400082969587,20.262060013895173,75.11545708167878,142.0695183857982,56.15805725461579,67.59285098299213,95.06437995777769,71.78978422027897,80.29555188636421,56.679347904386304,56.702496032639516,130.52128427576687,98.63710636442045,82.33404192619199,81.3064693736829,182.64603414443283,60.16364557709837,43.00718165918861,52.25718085215922,101.95061808740553,16.481921167259337,15.755946195679892,83.63863005817684,11.30897570724344,11.4572993379431,16.01849500271705,41.11446250942746,59.73849487264111,413.18922274435084,214.89384110773682,276.1748243362123,58.52583540403328,34.786906375013125,24.743623880417875,104.94393606506475,545.7954290109975,200.66886610846376,44.839557069513724,56.315431008190586,628.3412792507248,86.20652563761163,1267.7204663868652,375.8449353079597,1395.7158082788108,82.64014773872255,124.53500399911667,16.057464401872682,7.605647330720984,138.1464035483758,12.63066135475064,29.662780818101524,43.542435908977794,37.193119660048296,131.41850680982247,451.94187502163777,936.3240425514254,811.6693810630552,134.56252594840075,396.71984960780594,0,4.600185715320487,0,4.60500931709744,4.704588178364519,4.635070769793348,6.046587013837752,0,0.06971582528028204,0.9826456995466994,27.486342964009527,23.940128161039855,20.31353852812703,7.463685450826936,4.973862214649555,1.5238588259531056,0.09723123784996923,102.654341792977,7.656419629328317,60.180914053497744,380.168333187399,12.368944950513935,23.13300942365316,18.21804762613872,426.8814128688614,1204.5931132395997,993.5926388277767,168.99586569215336,234.04584292097803,895.008516876729,1313.8488510226805,179.77277583995217,1258.6195917944196,793.1998917920636,1451.616686356488,1605.643167059554,1177.5131167491968,1461.3934245453738,1422.1017950982066,1478.7953085162026,1080.9174874127448,1947.7873945721437,3673.5513906593956,9629.121221687634,792.2503906362832,27.83904385402397,44.99126130120398,3.859176154020212,8.539726475773177,199.9316300171952,171.68464568233372,347.0064910631263,498.119578250318,503.45459342617426,157.79907685822636,257.70095812281335,2151.957650535588,186.56543877077135,156.5875163515037,69.49426626600902,131.81646503718022,364.8872008406227,339.89989966528276,225.13926648009036,125.55994718149438,93.45881082473439,245.4050162962203,149.497037321218,231.87717195757946,136.81566157214223,99.95165608076127,312.2507855800855,58.764463330548764,74.03104995017726,114.798345119222,142.33715831488115,99.26780666338237,91.18410914706514,29.91791859371899,16.941070571131938,198.7397627707516,39.51516566882226,16.420781935443394,13.887231674308005,20.958771344510716,6.866048963371054,6.994414654009883,7.142166178537913,7.639128487065493,7.720531451295403,22.541500671928144,69.06751986376261,34.61937431299753,48.05611084480961,42.18526331591786,31.180275509339086,30.922344735232016,30.995153804559628,30.51529056107531,20.79885412164167,56.47501501515444,57.5231491108104,10.311013406617093,8.758759604084311,1.9350210080307337,10.100404882418129,17.24847268247709,92.65509449408253,66.65006248642587,23.31048910333485,14.262003439829767,23.948237920813828,48.29336864282992,41.741422508813734,14.518439701497504,14.019670786361457,12.812991028471773,12.326807995074015,13.243678799144512,0,0,13.344028552667957,13.556367015197496,14.231801457961998,14.126281601861134,13.672785122870403,13.811486493879839,21.059868856347524,0,0,0,0,0,0,0,0,18.995445197533183,0,0,0,19.287749446066055,11.369899363420563,19.40088994461674,19.65392420874407,21.791270669012718,17.484788845472316,18.650119159778082,19.292452408144506,9.247293964215277,8.87443925085249,9.699182408411719,14.465991757089434,6.512044913339225,11.1483671018315,9.680887950516569,3.576502844783972,9.479208002587907,0,13.533866723948723,13.597416415108729,0,20.923132817283115,11.61094212979303,0,19.15887386142691,20.57232313935074,19.61900436130796,19.589995271255056,22.1820759479077,21.104774188537807,20.483231247436994,20.225588983333232,21.238987778800954,20.74298266827065,15.835794334978445,17.305972984530744,20.89783342462379,0,26.279691150446524,0,0,23.774849842918236,23.156032594616974,24.79016882119232,0,0,19.92151738487217,11.699185845959507,0,20.31389552263104,18.949473257386863,20.16119708645878,0,20.744527354560212,18.91640320979142,18.427411121867976,18.566077674173453,19.05512011774527,19.05512011774527,0,0,18.83919704491443,18.753576699043517,19.53586786600511,25.073458978640122,0,1327.5061248106344,18.35527275433776,44.7952103868093,122.34344067810515,20.129068802362813,21.46568234041793,21.928601891542357,20.564727446440408,17.26367073234237,17.59497845800545,17.823375533679645,17.72064261442888,17.844826645778287,0,17.107154556817026,17.683247654302985,16.87541965125574,17.662851779964463,17.194113878908603,16.606460572897365,0,28.208572528962772,16.61149913657302,16.58057056011428,16.96413972407379,16.67437857701298,17.12202869637358,16.492808415901905,17.64123620586475,19.22683415968381,17.294403404542454,17.113778261630422,17.912741460595623,17.315609946938316,16.923285101572514,17.674063364367004,21.11239519252209,31.7627673313649,59.99378746548758,13.355333811419083,17.986756746884975,239.3644132099559,52.51096535314779,3.881392563377629,6.065630018261402,104.09364536690391,56.903346972881565,120.71014091683581,35.82001371022934,52.13713929340653,37.1748932389379,252.83627872633332,55.07613756561772,64.95698265711673,785.3326288385439,1101.5149337210837,22.095870443645556,78.5980733184463,141.4705041380015,10.26412993340079,6.784446993490593,59.15862113056004,19.219650840223988,36.790635752991236,13.68336104821859,3.948239755801639,2.7359812228923124,8.126679333661725,22.34932555576779,60.70897314511107,4.741657878135931,2.285046913167717,8.476673922589718,1.198753441791557,63.82234724401986,626.2132603521468,83.35610276760183,0,0,154.1611537431735,74.0843798745061,527.1215093218938,501.92580358283044,270.4719665191032,820.2278343704733,523.8060358308362,213.23037815490017,91.46790809088671,71.07165354398512,161.43278135964223,1397.524393408002,915.753404225144,211.75748280762454,0,809.799052177227,134.71243623454998,85.90098226820116,46.24348191041358,133.09620128788058,21.6901651969172,240.97118991898512,219.46438203204264,254.44798607006902,92.77897194628467,87.93346940530063,76.65913488326379,90.81028289066471,348.0583498003007,108.59852852413354,83.20628132647074,108.16389965747044,263.92580109241527,574.923896419752,851.3209029860616,154.90799831503602,95.80512644581385,243.12382789793475,548.4750154821099,174.87332404502038,90.34177900637926,130.68267321676532,773.1921754002676,125.6830185459712,211.41781927289324,32.37204365079741,108.4106888053098,86.86336734257998,43.37978358959458,195.34642803090244,37.60464785604901,75.72442816837122,57.6921411559091,131.16448864107016,246.16745100389997,799.9110916883673,26.530553483154677,84.56195866706324,104.13220760745921,131.20959737821306,217.76920511944635,131.3539858124052,124.30553808162263,97.05105304537047,124.87232782608672,257.84827478375036,276.0077123613782,702.1644582600682,231.74558483294635,124.64476969605323,158.21455151457104,118.48355055338749,472.19396935149115,517.739202159176,67.62423436705492,532.8332974886317,1105.2331892170853,458.11716035067644,1078.4612384666789,1265.109047980491,455.2780488345648,123.97119497495623,638.6296439872239,577.5702591715175,520.1604531121635,39.923702386426996,547.2240503667084,153.5618367153278,228.76892478054023,990.925446559507,323.43719616712826,396.7680140849944,1015.2770243669254,230.05141381705602,149.21880634074896,89.6235397270192,277.4693815904405,160.05844698068,51.81765925027228,56.334706553638966,209.90323851808523,238.83116086790227,119.48993695540439,93.03745588306897,375.92018237424924,645.2835124502303,74.55703739950816,62.87780648957172,230.3421501253594,323.438016576431,274.5268733452088,205.8768388351079,589.615729237299,116.51608760163127,468.9641032629378,213.10348697776806,29.454283966896313,0,222.9185817044864,214.84378113791644,173.340390967801,102.87063628245106,53.94212065032357,136.3739923126139,147.3254448547358,91.8009596324982,55.7991593183256,218.1634633978167,752.5248580898456,164.79317663862875,460.4008464019569,112.6266532282048,139.7728794911571,246.4374965904692,156.06347442089694,234.7016644888249,314.81229705972856,105.75884399755512,274.44965152148626,132.33810381768384,104.00862818545134,44.610833304770836,49.714446574320434,137.90452601141192,2.2076909580861237,126.31496623121727,109.28117893807742,178.03579771397256,258.54705802381267,49.69487260230644,413.9672966544741,472.9387556855253,145.94399556737164,93.1618537567834,120.02705163955434,67.66072720930956,46.010701700321505,27.89451298061219,87.0203280617256,54.83789035792181,103.20003052888221,39.57940969464977,74.28573624174004,46.92413133400096,205.22330623157396,332.3100370071212,50.11485045794085,65.31608604494609,150.5027699009678,27.643740404856608,164.16735092296318,108.4620275202326,23.353643667373365,5.297902216319747,32.563812436208806,40.43381975260943,423.90954682679256,1550.5764444069548,0,490.93290741408236,132.9532075165444,11.542823644770769,500.38669233162693,0,434.45364314050875,64.07803322829798,45.68255344351358,0,0,80.02013187477301,48.70844862739075,11.073833178725693,3.740538817561696,33.81647345502862,135.20351420900283,0.5516837653400285,0,0,0,0,0,0,0,0,0,0,0,0,3.6854365151319333,5.706600849527021,5.813894518812898,5.7008548669948524,5.706600849527021,4.495847556996891,6.066660185900807,6.429870374521267,6.159833505289161,6.430354139900241,6.935130631996168,0,45.875946393200145,14.547654553981355,0,4.0171144310160605,0,10.051387647539688,22.551565991606868,26.901670113440886,22.448570418407456,22.76615202231664,0,0,6.37685999530397,6.2895053338054865,7.44164203333573,9.040653757588247,7.919360324082725,3.5403871784261276,0,23.14481609430488,22.269694550449927,0,0,27.52355232509012,20.15964634560449,0,6.846745282785813,0,9.4557771944126,5.567561668117132,11.241934745637636,7.850268333713005,4.887650303647546,4.490937486410017,3.8281199562566557,4.150617555607859,6.4663248908031274,3.8269395586459254,3.77424902859437,4.547342740570282,3.553149947433193,4.422738709266378,66.29123065419243,0,0,0,0.06556778539476701,3.3167675690648184,3.3192814694038444,0,10.76373576796531,5.487221360869047,9.81282519021488,5.329617438743282,5.616717764235641,0,30.519051032263956,0,0,0,0,0,0,0,0,0,0,6.3067431476449345,4.3575014962300616,0,6.394941879448446,7.277638654434893,0,0,5.590310569317254,0,5.063302201443201,0,4.119271455389386,14.02864695423096,5.798366360569998,6.218025986379018,5.998099629404105,4.424532202538376,4.525562438718513,27.53240963564494,6.061754405003797,6.781255197750206,0,2.1556928021191486,0,3.68706424735946,0,0,3.6858349185967016,3.8708750593701104,36.14828679363207,0,43.25131920722651,0,0,5.940700574247233,11.23837439896662,0,77.10199032000926,0,14.159410946636378,6.0099987502516115,6.356935563750854,0,7.852493832124643,0.5558067784478093,0,0,5.492454642403718,0.5220885580216647,0,15.090400119909935,0,0,0,0,10.204869217821228,65.49849851275673,0,3.857939923224201,14.840630907549022,0,0,8.063330550373735,97.78550603935075,0,0,7.59348424370338,10.425621779181725,52.607253668302945,44.06879956717552,40.325062030870654,1.5221569158496653,29.141790768044434,13.40174740814752,0,0,0,7.584703393622994,0,28.583244785604467,7.608495414919366,13.22486475922631,87.09340481055226,59.53883300793846,96.73777693875955,14.33805527007391,13.457368846863789,15.422050451528335,6.47181170204195,15.875314436900952,0,9.947381648635869,0,7.632545504830911,5.666831510743682,7.003252708514614,6.753053515660081,7.029195940801432,12.180594073064439,61.44559690691213,61.3906706601667,131.1445218221396,74.37388249884704,219.57952369387286,0,131.30701136758395,79.07537332021309,5.215011548675765,12.390567023888753,125.40926024746318,10.6066899739356,48.07223196833044,9.492027649422475,0,9.93270811788738,117.76100737030994,9.058468387233155,10.596952696835412,0,11.718373738592623,10.508625970151465,110.59083286435072,11.396230158991465,0,190.39304023829297,7.92533313851903,270.38675491862665,11.69982088474411,106.22494827670279,10.855024984808232,98.24125407758808,98.48508158126937,271.17690131591445,60.426615787442195,40.51045258064892,12.605234617008078,10.66076078001713,11.925155639632619,9.22136276286145,8.387645864532676,0,0,0,0.9029327742186385,0,0,12.064822500938815,0,10.182219820685946,9.497643574542554,9.931577727616402,0,23.62804778281042,0,5.066958372167333,97.65742226217913,114.54389712050875,0,105.15364360518237,124.0443212254451,0,119.62265100308318,110.12308133275481,9.813475303704093,97.1012143119583,108.2264120666916,98.87724795774659,0,105.77545824216382,12.869336230349031,99.14991887779948,10.50670171708391,13.18578573917556,21.830723486892772,0,9.900515625796185,17.361876440416577,20.09586415025532,9.83657496101068,16.276811338464285,106.49998020656254,0,11.929042207952312,0,0,0,0,9.811128746439751,0,10.157169557114631,0,6.39083102589097,13.369056408304264,11.13718512929558,10.551454923741655,0,0,10.726657465589552,11.69814832609784,0,8.905395494989072,14.653878435103872,0,5.870358681009815,11.071709347714018,0,7.867313809749878,10.90038686810447,0,73.70605168314911,70.46652719944662,6.975449945167279,0,0,0,0,8.895014920970672,0,0,0,0,0,47.06586034060172,0,0,0,58.20123041826919,0,0,0,0,60.2076022737869,0,0,0,0,0,0,0,0,0,0,1.6004537704182782,0,0,23.021525120186993,0,6.95099803787248,0,4.853373636163172,4.50504902666015,4.634665133455024,0,0,4.385166349017536,45.46338533301133,3.833461367057363,11.908566236287855,2.7014807992249783,0,3.4168327064670887,0,0,3.7228428659022956,3.1875336843488467,3.3485093958445757,0,3.1253103939851132,0.7109921373397314,3.340677648184089,0.5731992511011909,0,18.855497771345966,0,3.1527737262290074,0,106.4334849554596,27.056931065338617,78.03397388205016,25.885910797919603,58.67966714402417,13.667585449881988,0,21.007670150760145,0,0,0,24.1849061241383,24.4591539526643,19.52715862191635,35.45903279280272,0,0,0,75.65388465244702,0,0,0,0,0,0,0,0,96.6345720810228,0,0,0,0,0,0,0,20.192206744998433,0,0,0,14.447943232022494,0,0,0,0,0,0,19.861581022274965,0,0,0,0,0,15.329334165275776,0,0,0,0,15.912561473658489,0,0,130.3960728653029,0,0,0,0,0,0,0,0,0,0,0,0,0,0,0,0,0,0,0,0,3.913194060649997,0,4.084832556668135,2.7979638177285904,3.9168791885658423,0,0,4.197000258330004,4.705262965232918,0,0,0,0,3.877040473024371,6.90781162487471,3.7082317838263474,2.751172558452292,4.101846211800847,3.654346946255553,3.91495155088687,3.4757237238536196,4.835886466821263,0,0,5.128716055231923,0,14.143694544660173,13.018555279135727,0,6.730276559838573,8.82777879792094,6.506217647476694,8.415532698455873,4.145558856240574,0,0,2.077833421732278,2.564930481028999,3.378606791271706,4.131523977811822,3.5797966929930833,4.104359348499595,0,0,4.484241823523498,3.9025553809487015,4.1638896771400935,9.92258458995,4.164773352165727,3.891250503914002,0,2.826693556573752,0,3.5759801044496426,5.01289661747773,2.7315050574605477,0,0,0,0,3.8523891087091697,0,5.89373497632747,44.787643179729564,18.25754778988998,5.6011736092103614,0.9760470423368698,6.684262935196897,16.077910906214115,2.4213182368867936,0,12.834119680455359,5.147769989355777,29.576271856859176,17.002262192951452,5.997579617444004,0,11.648534248777603,10.582512226633858,8.377610936313312,110.62374761116136,8.547494761582646,8.290713506408878,5.881701579480133,7.728451631160323,6.134309222494808,4.55112005388475,6.789030005292223,6.986489564243717,0,6.26754387796347,7.228800659538287,3.325854563968704,8.111196916411595,0,6.5162212548769025,5.613419559073998,3.282890889206879,6.3226577566663344,0,2.7370325839232197,19.62183243161288,17.811158757340014,0,0,4.655783220122228,7.592875415720077,16.237737776106457,15.974679037558673,15.014006515109704,22.120660671034397,39.59130902665121,0,43.85598316570928,4.978997695524367,9.414291602307022,5.551374038615831,5.621980515011867,4.373894386835568,0,5.383741889191512,6.825617780309357,5.822916739758673,4.5480247940156655,5.722859896787054,5.248193410682331,0.4439409919152817,12.878223305738238,0.015540988998044682,15.504770446360766,16.434702662129897,16.656744331928877,16.459111161664218,16.459111161664218,0,0,16.475015628257115,16.527738084740147,125.96771806208046,0,15.415382717429916,0.7740628410540348,15.560018997472454,9.907956579312799,15.33134147536052,5.008830124467295,4.515471616157431,13.280669668968114,4.540518587851562,3.502217162443887,4.928741851600019,19.290987622724256,4.205903146234794,0,4.333382405810176,3.7647949208848916,1.4492296811129906,15.298289719874047,11.203902115872113,3.566958656936133,3.603064283367552,11.654650119321113,3.6679328224475563,2.451636656815972,3.416945309608265,3.4085662360636015,2.8361900489353666,3.2892551488442,3.2023997786807317,3.008778380567511,3.0110656442129202,3.0360426792815276,0,3.3391478945846425,3.326662557371329,0,0,3.2519271544963635,10.569232039093803,3.330695141755228,1.9524500633031778,2.127596865968105,3.4001545352135656,15.58374804949088,19.428668247181896,0,15.476033232305014,10.050579545688814,2.799320064118593,9.575412788821618,2.589805651415125,15.859268554920984,3.1586846368266044,2.5809129042685823,2.5701096750437893,13.89592511898922,2.542348123025143,2.7631648581146697,10.99651837581626,0.9869803455369173,2.5698949433551164,2.321236487276894,2.4586142033196436,2.310995684234971,2.0038621403594603,2.327993539046802,0,2.4417302487826285,2.390256913270808,3.0771854575952142,0,186.78585024027123,0,0,0,0,2.303037784854376,2.445051114619212,2.4501862914517316,0,2.4389850092378653,3.0797668057105563,2.015972754133244,0,2.739223701482029,0,2.73925503829125,0,2.081738243290567,0,0,2.429532487741563,0,0,0,0,0,2.033803218583808,0,0,0,2.957836978391044,0,0,1.6666273093830883,1.8334671309187611,0,0,0,0,0,0,0,0,0,0,0,1.2378081586354464,0,0,0,0.30555774601670904,0,5.17481916018918,1.8764125676048002,2.574838663762722,1.2850506606360006,0,5.641599459597923,6.546037871404965,0,0,0,10.137716588630505,4.231305829452578,6.806486149149733,2.0730271234347777,7.108952470619731,2.3396324984306016,7.018654275115795,4.49355594819752,4.1733104045674425,0,5.461260365805638,0,1.7219475554933035,4.640266830147928,4.984055928224257,6.363755372508343,1.8504332570061885,0,6.113419308462991,6.305164481112544,0,2.107030050694443,8.190823261097824,6.7852814508068295,6.76316639652774,0,7.139166877946794,0,0,6.388522505629768,7.0757766272590015,7.115844445208738,1.036228212316858,6.343708004985146,4.4623495584161805,4.551967359408384,1.940056626047727,0,1.9105736021973314,0,0,1.8909715005749652,6.21585700387213,4.490026551155461,4.970004920011322,0,0,4.6259208485074534,4.726136931450589,1.1083586246296524,4.7979508898245795,4.926751720321095,5.215811434977539,3.6555802492866394,0.24967365398732316,0,0.2572022251345971,4.591967303973207,5.392842187942797,2.5708555597040657,3.994109288288923,4.438401350438063,0.353967039429371,7.613258319705754,0,0,4.647673551555272,0.5882380861227849,0.316283395044916,0,1.015303238715262,0,0,0,5.537150318915835,5.279996963792334,0.8605136488895754,0,7.853303786184967,4.395623658762344,0,0,0,4.496885488568559,0,0,0,0.5536956029444879,0,0,7.9495031494703685,4.520036123672769,0.2917397322699766,0,6.258097972530761,0.5752051659548664,0.36626428855364673,5.67708340717473,0,0,2.340965650512314,5.877271297690971,2.7961264048771133,0,0.921336114483288,16.849434360613024,0.8707852523009768,11.104241050034876,0.9044847517811204,28.03141141777852,1.1197495392255816,0,5.876828691382514,9.854339470203868,0,0,0,0.8836280089618486,0.8789280094291828,0,8.722896470623514,0,0.9160068329128863,0,1.2254231029106708,0,9.803801214751788,0,0,0,1.1101286229622487,8.855366950933057,0,0,9.797705685271549,6.523597186572108,0,0,1.336621082602008,0,8.002180531308039,0.7527939737593716,0,0,0,0.9069389916011664,0,0,0.7846329630115096,0,9.431356255371744,0,0,0,2.372308249752328,0,11.270756168252102,0,12.053119950023694,9.976597812864126,0,0,0,9.942498500347133,0.6235201360435794,0,0,0,0,0,0,0,11.691323995991057,3.03471380423497,0,10.481796659308412,9.858689652791986,1.4615873658462906,9.516803706656273,2.62557199392544,0,10.554462663471606,3.1819782458995785,22.78513694517999,10.715047189779778,8.37212266524693,9.359819826866715,10.243983521512618,1.8565724280678912,3.225214626397762,18.979390224564238,21.019137056095847,22.285125695368823,20.266999180301404,15.470063181539814,14.498921158862919,6.405411821197537,14.498921158862919,16.519421498613852,0,14.816532007424524,10.734306977796107,0,28.444991812230544,5.65126825433586,6.022475682690724,4.743143563133518,14.466149909045697,1.9561914630335815,14.466149909045697,37.366501214343685,0,1.7833626160330038,5.302060541145034,0,0,0.3013202447116114,33.413482296620984,30.306440141460108,0.29772085963090095,12.094371159404982,0,0,0,0,0,0,0,10.832799612603615,0,0,8.261206911204306,0,0,0,0,0,0,0,0,0,8.255093170688724,7.982268801777022,6.186641512399338,12.218422172009577,12.763450780703362,13.002722882617526,8.623177284279048,7.268211194704261,8.623177284279048,7.037222794828154,8.623177284279048,8.943395773394041,7.857604868326277,9.534485169558112,0,9.534485169558112,10.205880884021632,13.611796197273174,9.399860306646346,2.008690797839727,0,1.4823066000209162,0,1.029666666795456,2.367853325092364,0,1.9560964102206115,0,0,0,0,0,0,0,0,0,0,0,0,0,0,0,0,0,0,0,0,0,0,0,0,0,0,0,0,0,0,0,15.750090139723165,0,5.701914553663187,10.156837292950307,0,0,0,0,0,0,0,0,0,0,0,0,8.634701659433107,21.31471461938514,26.814828706111,16.209152358556274,4.036413160171727,0,17.571613212148854,21.00580004675476,14.256598132481487,11.808224917148793,19.424442170931876,20.427098655293427,19.04883469726794,19.27969196721388,20.07629561951685,25.485743310877506,22.32410761883278,27.292476581862505,0,0,0,0,0,0,0,0,0.7136855455192245,0.9123184890560292,1.7142424559525433,0.7365533229298584,0,0.6843235154253441,0,0,0.8819720457672936,0.08756275646657156,1.5792778980226871,1.8479618141443777,0.10250311844161926,1.072551251029342,1.9723238231986757,0.3270087148863598,0,1.7375303513125329,0.7976031762106297,0.873237419263609,0.8492049978494458,0,0.7752343372805632,0.803688210542058,0.9800524296022398,1.5351259862684123,1.1820946225571276,0.8997970739822901,0.9001747366712798,0.8848895515222974,0.8534828522806472,0,1.0579350990007181,0.6253877339983263,0.6188945030098207,0,0.6592613035513926,0,0.5288553983688489,0,0,0,0,0,0,0,0,0,0,0,0,0,38.56886489555778,0,0,36.098081490172184,40.090864018601806,34.61256729037602,34.65345217015753,27.54556502207995,29.34788012211002,0,0,47.022570173153746,41.51741019678909,0,39.426223208076564,37.50266277148592,0,0,38.759411515109115,0,0,36.01920119183668,34.77723534371793,0,0,0,0,0,1.5355659404381339,1.3067869496283107,0,1.419387278671059,0,0,0,0,1.23356589692829,14.000229399174357,0,0,0,0,0,0,0,0,0,0,0,0,0,0,15.98570470398926,16.471802125910127,16.213473839931762,0,0,0,15.50277853501611,14.594241543549936,14.727578474384538,0,0,16.175055576542604,0,15.69097644124666,0,14.70077689616407,0,14.324266169088444,0,0,16.510202699341548,11.13433564090151,0,15.233072031727795,13.305837140603321,10.242138358499908,11.709334890832197,12.966699004816649,10.503532762582177,11.87228887997687,14.787564738283033,8.66355955306224,40.870996083877415,11.113512844402763,0,10.824443168949331,12.93830606811682,10.272328084757252,18.99192697243654,10.957737331333318,11.804576917939514,16.478376854611852,13.797880289534966,0,0,11.160930061582475,13.944469178430477,12.752117348427873,10.31945057616054,13.305118511682156,11.666162009569753,0,2.5767119048332114,15.806744798943075,11.110889592942145,6.516250953826596,10.861164614294163,0,6.516250953826596,17.394732945748558,0,10.358951326439424,6.516250953826596,6.516250953826596,6.516250953826596,8.804266603791163,0,6.516250953826596,12.548181414817606,6.516250953826596,6.516250953826596,6.708415575524591,6.629851417305517,10.98777683307626,6.516250953826596,0,6.636956048214566,6.0258002111223,6.6437670663683885,9.848280397512738,17.341383651921625,0,10.346026984813365,0,11.33079638065932,10.173645451063948,0,0,0,9.217353867180549,0,0,0,10.110213466714413,0,0,0,5.579204411516692,0,0,0,0,0,0,0,0,0,0,0,0,18.775828985515837,24.954682031810194,0,0,18.775828985515837,21.42456148160121,23.423688963328168,25.957266145761448,0,0,0,0,0,0,0,0,0,0,0,12.39933210959854,0,14.569068575801095,0,27.89395374373709,28.693625648696,47.56046789581908,63.40531962091494,56.419306200231965,27.934234285914233,0.7614457352314753,9.189647759528354,0,8.477985558780393,0,0,42.71749294033748,0,0,0,0,153.00138849619552,697.609809475466,133.8355071632606,5.432276623571316,1.039998814930274,0,156.87390803330257,70.77428130752075,191.1165200327081,434.47977892235076,85.63139617859075,1337.777668903495,166.3474765765707,1515.2111774347202,129.16912174807314,482.08108535219407,433.7237494482801,82.73517659825481,29.15475238567258,16.19201212735986,86.28675639698746,20.104449569643318,55.829273256756395,96.85442346937002,193.83349786427252,47.808962728201365,90.16538986957285,131.3181428166816,371.8330021340293,133.21361231064253,62.6241474548675,53.516196234431746,48.97546777178703,46.5290226970877,146.8734862612576,147.6512099320179,118.03428267108559,60.63587554585198,89.07722546546275,221.47066078026728,150.12746104411096,87.28726336925915,58.370467776133516,84.62715944913778,392.35760121861836,124.83706904006509,139.427096111265,271.4810009226865,226.45738957392248,154.35149712369895,157.411027850894,104.82310257546347,254.67375247459194,59.69881421088131,193.8380190025568,157.65988534632754,352.65952922212415,88.20420332958531,98.89393816222976,271.2884254263128,72.54481262684399,128.91091867433647,184.30372265596378,74.51939474118726,147.84025516236142,256.874154500206,153.66604466842207,141.68561437536238,235.95022140762325,310.1297009373531,442.09870956651764,583.1526919279913,1218.5572761258559,95.21516948574586,230.4846334942412,267.37518283318536,474.58688872675646,692.47892099331,49.4074690925061,109.95559442293721,278.08923809358276,192.1660936528311,186.4942964623727,135.8461561934181,172.2758626892285,283.7099789292242,241.34124470360072,60.49663426828501,58.54751335736557,86.83031617205656,257.0176115643549,106.79704713454841,71.28829994345598,99.52524941182824,671.6257227408881,310.4217258329583,273.6419686181657,195.64118724857846,319.6933029884082,303.21050248137163,381.83256474935035,203.37381897531702,1409.5517060186144,3152.241021730069,4515.361249730068,784.3114745473355,149.6270828394766,97.80661481223196,101.19577719249283,106.42972834043752,253.48878809596192,190.91017269775077,291.6465466383235,759.764661433315,45.17040583665667,81.59199757169594,36.43658890698922,32.024518276263564,74.84054504268431,96.45289884846805,73.97384060279443,67.6070937518191,52.201061147465744,20.6695194203303,101.02467427451678,49.13803220381,58.44437779152792,42.07064637501569,54.81280408866856,69.81279403357172,19.51896317885015,64.64443395009737,671.8440179471979,25.284633500110612,48.34289563845913,64.94112468940601,38.74100443477201,77.57978343834353,102.02552926422021,317.7661236015598,2167.3577491610954,179.56706514593148,39.66334696408609,43.549302377878476,51.80356308935583,44.65988506011387,72.17520929614781,34.48957953628444,82.49684112347799,74.77696804500991,58.94676654315573,43.921940401990256,174.67259652583834,94.13394554260759,47.761461889117996,58.002830990411766,104.19210140955634,18.47469059414246,80.1425809594812,317.6910346365753,53.823481249769166,11.370250306627007,18.206594728736576,57.10390898976865,22.27833590290991,43.59136533241298,45.48761489252235,37.883388529801174,22.769446372520875,61.85683133247498,83.98567728459052,121.6120469467915,65.15584250069698,54.62492717733157,45.843829340783785,66.92868624463648,26.305097501201704,52.29387709515282,63.267570310115104,52.03137546966555,74.47014396510076,19.967730719086347,83.27681591734495,136.90134216754632,106.65036050254423,31.675239204902386,72.50884152409414,274.26838497458397,247.23791290600857,294.74471731650004,285.1657146372953,319.71733601268187,216.28620720833996,96.79354677649557,134.53848286869783,99.5647852348632,133.6196458606397,91.99985609845787,61.42366219453824,64.89672812250173,61.252250259274206,109.2559937680711,72.59250621499622,48.6228842148405,106.09453127130706,128.7053545569869,153.41263294768603,49.15518675462929,509.1829047327695,34.055472104947725,34.253148915693025,24.082251637967733,93.65908771745356,39.5104839719168,29.201548102102137,46.35017343097557,33.63095495647961,19.49643588443817,48.2990949231928,18.997031404734667,2.3022212206204498,2.002865411369202,187.23587527355346,36.5485740053339,33.06706123919096,343.6015323729252,886.1551493540356,588.2630767115107,1922.2378202136547,3069.992380271868,4122.811380901065,442.6929085011697,2473.8562732182927,2436.8966746306355,812.6657489322134,0,272.3232699180416,0.1787643637602014,19.05112286005039,50.770932191040906,19.621452263414433,37.79475680584447,62.5104397592401,95.12983900688839,32.25391189765232,12.80627846989429,137.53760126139287,144.50143984431958,197.73059362254153,309.0367942448281,196.46543077295718,298.28914899921114,166.89364393662527,149.4419670649727,128.17952902278176,154.16955778772942,139.10455374148273,151.39620711361488,131.2237170646212,158.87374519918265,147.37700113797027,127.19446657258791,156.17101252181484,172.4630227271376,204.89830986223177,147.6561908772319,158.80183897978793,176.9311309275983,187.57961830252066,192.89075325416704,305.612982335666,2865.3116048177667,305.68208530285165,85.45126211321384,52.93838728269062,189.8007166182023,458.20825624598035,219.38830946170347,289.25304920256605,735.4474459718116,1628.8465480471218,7580.84999468495,440.91200422179867,4410.815236381955,261.5441869475428,171.26389331475136,212.14811308801566,172.0232367374622,184.60553184560206,214.54079486577749,240.45490962370076,110.22717691351647,139.93248959483645,194.0508214307635,183.30480888605092,182.9936392073858,192.6633518477516,255.66449923764225,231.64874268495686,435.0518656418334,2005.3658426874772,640.9438261819405,203.88567617237845,119.91241042507079,197.83684930642906,110.23520596881265,76.85979717195146,109.7828035762587,110.49822842512721,364.11277657087726,237.65520593626158,50.044504467906755,69.20627111709722,34.27430503982664,151.2576343139726,76.47870661792169,62.65251786506346,6.604462283261954,9.412554615058129,7.356090094665653,5.12065100359369,302.525873708289,19775.883791143908,102.03480167237178,3.5490787590583763,179.8470636710095,140.88238215416476,0.09984390783905005,49.25048607509324,297.24226431542763,148.26939117556233,211.16580219166403,112.45840107808395,27.86526953082508,0,0.3595115898451306,0.4012234596314062,1.2356059538543331,3.5356775669205733,0.8920615652655437,601.5637821937279,85.55471852419893,41.683996278282784,31.31446451437348,29.22614903714462,29.943167279271904,31.359795578993456,529.9016515788466,41.22557917813805,42.24145516981,44.54959641066057,41.78956091393739,20.66814161973546,18.93040652382953,18.281887985735363,72.51308509377112,106.2447077744119,255.4962918163106,203.18918820684522,689.1636451474508,139.01422722015178,210.28330290099288,138.22132719335238,280.7314597954015,246.67731319030935,407.40516799649777,306.1402840213739,277.33237134781234,246.95530574747792,331.1758906520705,263.6111506382236,234.73950555735271,338.29317511425745,472.4601886206535,221.64980015861445,450.4905917408659,328.86242337534526,426.607948889724,154.92445743418597,756.7731799911811,241.41367137455978,412.585150240519,1151.5761527524749,384.3898909019876,626.1833493270635,2772.501787117001,2246.0025396944548,1148.31949325611,789.6522675103233,761.2146233380322,598.9623347353674,415.1777577598055,452.48838704116105,5292.778702229942,10920.901248673663,479.6690221686672,743.1997586449609,10433.93594457047,402.48441765016486,260.7110021068673,259.2724944448347,314.6533936024337,225.0954916988835,189.1127813707044,207.43242769687208,764.323795090156,298.9416482554094,552.255246356097,178.9716159678114,127.73834934355303,102.56630308655983,230.89036193588797,339.0409593327463,207.954292275445,334.08439554825975,605.827606546404,448.36128759076416,1355.8686711973357,804.0264073692049,685.1874958325703,622.2963471349472,711.3284402258101,814.5128413635573,1092.2188443841583,1199.3243886346963,1339.074162777891,1134.0673998433608,1897.5838846958413,1645.3750787168392,1666.9074770372279,2325.53630379303,1772.4933999791979,3978.445603832694,2526.474775330502,1189.752204555371,1170.0922528459448,1257.8882209173105,1625.305733146793,1382.0197402794201,1999.9082464751752,1355.8159840203853,2282.6387351948456,1692.2277796373337,1371.2345820090957,3795.287569585082,1519.3332347159087,2684.957104378539,2179.300099007593,1762.4332015912294,1712.7862074127322,991.717072625879,1769.7971154279735,1846.5324784282304,1773.609753165097,1912.183622816306,1654.7653839630777,1346.255825148204,955.7821255686508,1137.1433905657213,1554.965050190998,1888.1161069953037,300.8264503460279,345.7077888808809,507.98086195131225,497.0480224450836,259.1453683450409,404.59889783002274,197.34309770157927,216.1168213070207,1316.665838290551,577.6422641243087,905.4714288708883,855.893178680518,1212.5812692630882,869.2021379156979,1263.329145597498,1346.16986588728,1708.574523323711,1115.5070749132806,1641.750831177152,545.0029151188025,1190.080659394129,738.2146223392867,8383.024557775023,914.3997510033868,385.7812355766574,350.09892444909565,187.32066144452355,229.54387029411936,821.9087529251001,206.4144251876349,288.109552447988,290.76548098323855,326.06138469019794,562.7974110257118,312.75256470835063,206.42811958724994,345.39898989632724,316.00327059235536,768.3668284292679,264.3256487048995,206.5497433626628,453.83288775066836,686.0900396939924,441.40377066456085,222.79486414573864,468.6085148557771,301.0604013068984,619.5117082607806,650.2305609543769,833.0465791593847,1251.1281436744193,1048.653988374145,703.9847673736825,1118.7684544165584,722.7759322274206,1476.2888205443758,2591.3480272274846,1036.3621145714033,843.0259572814742,475.27161554636535,645.9557139081923,2048.4264801805643,3766.9464763199862,3074.900978131685,884.0845969596761,533.2862081059013,582.7489033579585,547.4678007134581,1159.1883501994578,416.9133684390981,1006.6277358083124,1124.5914830642641,647.0547920527694,370.2944120680575,350.68504437094833,422.9067937242434,322.4846458294888,375.92581420691994,426.1766745342731,286.6439659812158,381.3461049464606,269.31846684937204,548.6034152450666,736.6298062709354,544.6376487260651,618.4934831699488,573.214742068084,479.4829386446436,604.0725046751292,1530.9658216980426,979.7788240953846,996.4314996120885,1183.3342365223198,1229.529094924423,2035.0287524199523,1382.3725855764335,1756.566570204269,1542.986270654951,2147.311814846882,908.9933123357812,680.9493005619416,748.1528288135627,929.0724835529985,804.9534564489077,628.7803142416816,647.3944168729055,421.74429473822744,371.7865199498753,288.5710719112239,1244.5303419193137,33.83110436732277,4.098868245040622,0,715.8688820152678,0,1827.6773129031408,2623.1758734473324,468.54014369905053,1602.9342818621556,0,215.37595593189386,0,0,0,1273.7919927647238,1286.4284010247393,0,137.0080029840199,0,2136.2189392638043,0,1692.1079680878715,0,450.2764613887284,109.07069942838841,295.5239936164977,249.16566911296897,195.39554776567994,174.42734242443026,45.70919653959489,186.27395753075413,162.4897247800339,60.961009765699835,273.48883348601277,166.00199597372625,45.20453767127719,633.2936566301642,39.09314835158625,12.144048799773058,70.51975858568024,32.90382152953481,21.28591492571457,84.30948406715028,60.74219610698656,272.8988401320529,36.022910024318676,42.85345759538263,65.45190670077369,135.70990996622584,149.84889948628216,35.4527274504916,75.41087168104013,47.51979035322578,61.57650119745317,89.82578974949169,311.1263784048782,574.4424965968375,81.92275088101158,250.3818700924005,263.50996986888765,292.58966557456216,941.6503514845716,309.6502127422065,68.20330022508983,28.777862978258952,172.83536703200357,30.753577054440036,7.276884384217247,170.19800586982134,155.46223206333903,175.51294044619124,105.37764089619861,171.6009147424623,3.4836471637671917,13.65466876927901,2.8238379419489976,14.411268343280824,6.578366115714532,18.772034003944146,17.12177341600466,22.924558413547945,10.763058099630788,25.631028923618096,101.53889303802862,60.8004859940847,50.79052506635534,25.289553637938834,703.5159129793617,141.5002889175721,34.02558525600987,1438.1424186582074,22.925167577640142,0,207.92341711778096,46.85361488828686,35.08625975358698,27.175593091316202,22.186922290015147,33.93778959354827,63.21228455651951,37.1072757867246,10.303765390375577,75.69742246474713,44.22183289227484,71.95990412299324,19.82423319790311,0,361.7620438807089,336.9212734111632,1064.4904007618584,38.89955131947789,1284.044036694117,3822.1420705860496,213.75065893280168,11801.616001412098,302.5287733530867,4173.964581412541,1243.0379713601928,2024.8750732598596,1639.1342729901935,1351.404327047257,1588.8554714377926,1193.3894963302473,1661.8091591952978,1663.0165814043046,414.8401251944694,1693.2583851093943,2277.8736071425205,765.4654150677245,756.1498087854221,718.3718470663912,1210.5459808060841,965.2518404996534,2628.4709022422267,1261.0497415296068,898.7208261817395,1048.545285416471,564.4913781873319,792.4116352348697,4345.420919844391,672.9824790434953,756.7280165507758,382.42770518947253,405.4674597529602,441.22660819092454,363.95561835878107,443.7994392653663,1873.771845450708,3490.919105049927,4962.4732076816945,2929.569710709142,455.91327531822947,774.140256202334,851.8068665799245,614.8459604388793,1801.665231050168,1416.0532080117616,982.060857695511,902.5841430878904,1281.5363030193002,685.7972002237078,619.1918982278769,260.80349572613324,802.3862536285782,416.8435067129012,23.68805756211031,9.486613764118522,95.41994635107038,135.2384318134591,154.80337732080451,140.77955096260456,21.525513831103957,57.58411335929638,12.988694050654257,7.636763173153782,8.511381834723368,3.456184188182969,3.6293289228236536,2.5233583322926916,23.32218155341305,25.44147902013645,18.626088465291918,6.987337153322605,24.454563608994196,13.902619473956745,384.7970573680301,44.15716438000254,39.07222752543753,15.674279982086844,25.122031833342145,50.192839761315554,109.85169993994067,217.62170751135196,267.9267352598338,42.32081296256791,23.212887730873906,30.11304277205444,141.841371639879,12.533595813843133,79.60403524294689,36.26905075025873,1.605013299354073,6.005654328241155,3.3711822020572724,6.267532123365012,11.667749611193328,39.432192637532125,44.297794630617055,24.260952737975156,10.491683543060928,13.826875909002421,0,724.5572807534505,938.2160494106488,2524.3957004885297,290.46307518470195,0.10668235078419039,285.59492068319855,167.5065970993971,36.04127977713867,672.3853585735549,49.89047947093676,146.52757786118664,21.258791067328016,1811.7436847840806,458.4675875157015,408.2452068318475,1103.4206654633883,192.69681225110304,753.3067151929637,2499.4511924865615,199.9080148970356,1051.765823170347,449.48482788392323,1015.1630128470877,82.36387411079494,7.432477876223262,22.618039014823154,46.84370377149969,2.3050648786078667,48.17738070078601,4.463546846804644,81.19502204658583,75.96791525775218,9.50349884911412,50.469318842619636,31.235388042924512,101.46232257682165,39.97599443654673,93.93361705199864,35.29378273942488,55.070987338852106,104.65192258991148,96.38954480142992,94.87288688163235,39.478923941384,202.58055018647616,200.6086047385965,201.35267725683207,132.62866380964127,62.17112891850018,189.53150438602498,185.8917979727351,303.8698368390151,10.50714536563076,18.17670637392151,11.463310524334156,147.263942521909,209.3576263935861,107.44764771522432,179.82680423694936,44.46980797291805,53.345776490973066,52.01860135190691,65.27623220883464,39.62275570458862,26.26277218544088,51.58674214681176,48.57358800259536,51.82662143408302,41.366508952630404,50.12728533422132,49.98347354285991,53.37651336393765,45.404585076965674,39.913766989055965,0,51.614658437064136,49.777165993051185,53.387111169917745,57.71370989030779,55.9628283128675,26.215263360634268,22.956468639717613,82.09008404164888,45.48015832748907,87.72163286708712,34.412260939032215,65.79050409074685,47.11156482950724,57.548038526777255,47.29629077902586,70.096506643195,62.608918046428286,81.26372898916675,75.27361611281357,123.61557405387242,58.4983645241013,80.24050261839544,0,61.22951690656495,89.26479944667791,87.41455949356518,68.24618838381265,84.157799461563,136.84955405246077,83.35684024786197,56.836368375654416,80.92516472573085,92.41364535150309,65.96690416505457,27.12692258189785,79.83005627435224,42.84432665431242,17.344069861149777,36.40428164160136,174.31046533601062,78.98665530473193,86.36569083476586,83.78312773455255,88.53105284236753,129.88597181951562,100.53965036904967,44.70152399049235,74.14532720867871,58.00344083210752,13.362740144432143,32.71040266174277,16.571658456853072,11.995174115105474,29.823646364618778,17.553895566025957,9.971217377787662,3.926480979157038,8.675863888184596,11.934035669095302,1.6683527609569198,50.0062818286736,53.52182912331427,13.594452466851143,358.45872764322286,121.1353127934791,18.63288747285024,38.33488763183298,207.96443150583843,6.548080536501438,18.55321105678683,2.064891860033026,1.7809740001665841,1.9165736093763812,2.453471401609092,2.156696300228461,2.5799830975249227,3.696891904388396,23.836761610508336,3.087942076204055,3.893291508529867,25.145315640025746,7.4755784938465,3.418633118592389,19.404798417792982,2.2039710365678387,1.5099533646783538,8.288562520500857,3.0959130398266494,2.044458780568005,0.17899233882941867,0.2049139446298008,0.9744549590075201,0.02434161213618266,19.539229419470278,2.3412342123780596,26.977816250290186,2.7702689583913562,1.0225703634441015,1.3504004327841435,5.0136186726468,0.8658214228778596,0.9324400200166068,2.1392498810575593,1.84062517900757,2.0335827757234552,66.4199465095215,0.022172872953678965,0.14773094545975599,1.6218426449727124,0.8885502423255068,0.9986089678477242,0.17810584045906153,0.6689623235308129,14.497048916758969,1.0487123283732942,16.227639904474774,16.96071987671317,29.54620223510383,1.1102369528295661,6.4488608429793866,14.58296380384177,18.86948370171467,28.116669272821024,13.655107345304312,13.42723728906989,45.17810512678279,26.52798924632785,8.59773035750747,42.59568658558472,76.41057505616686,76.16761881227144,0,25.428685399825998,4.734070285730211,5.441062242465177,76.92023638430157,19.724204957135708,83.15671472290832,4.9967279804009115,1.0674412153282733,7.165579836772092,16.507459007799948,1.1122692901034865,21.86812735327784,0.48130845546280626,0.44906333860051395,0.9923593698297918,0,0,0.7229106859193234,0,14.490870247531804,27.18275111363787,79.60857734916007,34.866912706659605,25.91145252350979,25.900729816692834,87.1833142049538,169.82267253667735,348.88836065821766,269.82705122646973,114.67992032046568,130.0368101409214,163.54115041810547,182.20721826756582,120.42954701459475,217.65600875910678,357.7429358662196,475.7836260090397,4508.781268044435,947.6716188738775,369.0002331257297,164.30185679155394,291.50735604404485,165.93075602742638,75.43893324017924,85.86348655801314,161.70059478501713,117.63531306555868,88.67276581255271,26.20708773751784,24.66034287397965,36.5750321837331,38.86965251043651,38.01299845627415,100.60575146678292,26.675877377878805,12.969792200056874,12.37799800679566,9.875112321727991,52.32962715419114,27.034122144810844,52.665337159430294,42.581275155136666,207.9911035398628,189.0455517285703,155.32635344285447,352.44130376938256,139.18172498553062,0,0,31.246145617814996,43.21872174336931,16.803786308779774,48.99414993825151,33.72106170959643,148.1260654983282,16.063173707932762,11.895679973018723,17.19251101468937,16.56462782541324,10.374383380285485,10.910223137990421,35.61238568973593,112.51016341830426,31.927415401286144,14.38367181501931,10.259565702398909,4.3663478021638555,3.9905659760459167,4.002996717525024,4.106711138848231,4.07967171354458,3.9943007811551,3.883465048177511,4.047054568912773,12.820461501929255,40.36453631114687,50.81328711639553,200.4759350333478,12.772342547270025,8.75423398106321,18.252793487084332,38.59654180558871,28.245186033541778,33.50612910563939,54.93368481157262,33.5459242442139,37.851029385821114,67.62550101127698,356.1227061441174,167.48677542472134,42.72346027027039,58.86842800030739,35.54422233819364,59.27381343417291,128.58674227241136,103.34260634481724,52.88545905407428,134.44124319396906,1038.077360809032,513.3168142623088,146.8935026122137,41.01166306332482,85.396136624733,65.8589792160704,36.22929476737476,27.39163849322108,19.236214878337698,28.772261671846586,122.67869794533001,152.19706199455436,334.9718536046274,995.3565384632541,821.81917354106,544.8829244613166,777.0903752643724,955.9552342037047,1726.5984478849616,3385.061097671904,1965.0930142869765,1437.900361057664,493.6556441575987,172.05693741653621,104.95393518532947,148.9072358198998,288.4592346439308,210.02093985910022,305.5168910573074,393.84131649140113,282.2046378833236,428.2285687428804,396.8613041736237,190.3137158629335,58.90635826886794,86.03331369079568,50.08956407095052,23.766171732815327,44.11355746865557,47.946859924857684,276.8490998393308,1170.8845965781256,207.13222488587706,188.39341282315561,222.51980642817136,136.75725364331666,222.82872366062986,641.515560288277,1790.7292357684926,1476.3098407746759,1313.4036834234735,784.6732359735992,340.64551554370803,160.63627647313118,102.39602443438531,87.05757452701363,165.91771143765308,153.40803618240275,241.407409745444,171.86158571679167,198.08209531655524,104.30232728704712,144.71784805801988,42.48745197260907,56.742811001613894,57.64683663492002,88.25511587506278,110.2456296733161,213.74958526441108,281.12421551487836,289.3508959563966,244.914127599891,297.50969717406235,222.06819886012738,450.0438824784651,257.86484311571024,170.60952650269823,331.8071893989798,128.16796547082103,91.35796901612356,99.73968825066976,95.91368428081398,240.11779310498045,291.7510186314095,284.96999240481216,246.185191035544,210.3345349096702,259.7373356785338,106.88421394879224,406.00328145812944,121.17112992300221,174.8713208804365,251.25904900943132,208.85066224575948,177.45885386320273,256.9670209349829,229.58041951164,356.2135284466738,266.96456517689955,672.892203082317,636.82342733662006,325.73212884455694,525.78984641108,101.47050438753041,52.71288624592359,250.8764241259428,75.05735650473474,85.6131216519117,95.07157177812283,394.4021760292652,332.6843574065421,43.593870701241805,41.68681227487145,119.57309409562384,1225.1858954842787,207.8317157284847,239.27125250378,314.9976522212606,203.38213333164384,129.54677368458837,188.12446171877153,155.31746266804865,245.14192112559348,138.14358359275386,650.4665912391222,174.8635430249902,144.82144748771975,313.4034998364967,379.5417850707733,186.15754031069667,178.4189954942602,198.18404446825645,278.62549641366894,269.2561331184526,278.82372055170396,198.6008097140407,165.50888261539296,120.33225953402928,136.1543147552945,170.12823219764888,394.7954800490546,488.1442736802439,463.50474016872204,374.65636093004304,353.77543390666233,457.80609049343406,395.96328753490826,658.1271517897129,534.3090847563626,179.508001540899,116.63475489561556,1018.4438752199169,663.500312670111,817.8367839903318,450.91125104157555,15.065082974433853,218.76334983038421,227.3189435803047,190.1990732081045,0,240.3499161931853,217.47201213587692,233.506277200337,83.23570250558008,9.652811365971445,97.33129897049015,96.42092798666144,70.85935202498926,0,156.21533013133381,799.0349502789901,105.66342457526521,126.11882556265991,211.9655793643447,66.42702327851332,220.3283111645876,459.54733569559056,248.39897630824404,288.4636542212031,367.02380844651407,171.7595738105122,10.416047861342053,24.32609774839323,95.79627108264266,94.69688697578349,84.28647696927233,79.17599648528449,108.14862355501327,211.76680538469603,112.92727375458598,25.40028152368277,10.289076451254905,26.266224546546617,23.274210594420893,0,10.520873210068691,9.698275006052402,10.428411093094256,230.6069944394522,35.26255476378767,39.83024780553457,223.224740680423,239.2096654726197,616.1272112794701,287.6322974987641,208.57452677166893,114.17115296629268,263.1986944334318,511.850018330548,61.021164151050655,102.55237486792879,68.71041111779482,80.85630428727875,122.22532694467962,116.89018687351926,101.63093853578675,344.55752072152944,188.53709761357516,123.85411204046146,162.03957162024508,357.2580349547707,166.9923096656758,493.1166692377055,259.5606579930047,180.97550508674027,205.9525465480525,362.4002665408284,431.1011543663052,312.2221668055614,357.34301006032905,185.810657083109,76.98288837529965,97.03611852211614,206.125556425669,482.93474664890516,293.1368646588919,71.79004806684459,287.5564106181284,638.4942359232225,152.58331260016524,193.15115318140894,1619.2923552748275,3170.6607596953286,3490.5131037980186,759.1084167109572,286.87681774056176,169.31864001072043,161.70640524344174,335.84534833108205,107.60554974624961,582.6133903046511,489.1554235117241,955.8787191590221,1721.2044243722787,734.9922181105301,528.5669929997262,178.67802092997695,137.55810363839595,229.54709878017906,668.1256358429903,508.3723728334236,336.43191681003395,492.3406254546033,589.6937013956283,1208.6326385313357,705.6650432384554,5143.232912382105,377.81954447011776,235.88666791780855,188.3082045466825,240.8003275262686,263.89412976122924,2618.720700290042,1296.9600200629973,439.8875940433965,686.7134545174556,668.1414733047611,438.0844299675724,609.5930788143229,379.06147012849533,272.3794037043155,355.7798069603598,130.71739766658106,41.744378246323414,178.59378391876027,37.96209080158041,113.76068168267898,249.78321713053973,164.97174432118476,30.981301915184165,39.930890161635595,36.827669986060364,43.95380119376366,355.3779003633365,34.522194022362456,953.5785675063615,27.004055436294532,26.079369280690162,40.47776132049137,33.93994356996279,12.417642125172065,24.83979183519941,81.0957340213589,177.61489440786676,156.10226201983693,72.19602515238505,0,21.74408290203685,5.800256349315679,59.15361597988026,189.29856270259398,199.11835906114476,49.09102332443303,182.15270222042676,64.15666206431739,93.32561599142083,511.82235519200265,1413.9031236703424,160.52281168781622,148.8757014760274,250.1257141103541,67.32441461608192,15.884077918747105,1.57431262988945,89.16039590590195,582.9562205352302,1062.0488607397565,1198.893599288178,162.60458395684142,109.71097537622522,291.55519077524053,64.15530335870264,284.6751804005454,503.891675022934,935.8615926653093,941.2648583110093,141.13964006163835,7.0957620048798695,0,23.374411750522043,15.811735714794736,140.80647626063273,81.06528035397093,8.044040006636205,2.26877458898753,22.12674366165546,30.246260138348255,0,0,127.88129492903205,105.63312012593653,95.03902624210286,7.867443010280768,2592.6499581065805,3065.058887168764,796.6748966800276,0,480.2272739890748,158.11344933270556,115.41905935544017,219.96589066310023,355.8281688983066,220.35076330352246,221.5514936967954,1356.781590553935,1026.4991799109807,896.6214326461712,130.81863632603577,141.65800282858234,590.9928376420456,282.0145560009238,219.09827285862596,198.39662763935615,1103.8791739995556,256.5971783180535,206.4281093430115,391.03831646508814,205.98771825368223,210.71956015308007,112.0108207372675,111.4039816402082,296.54142043110244,197.16407441147206,492.8317594502743,47.178536536908844,14.596575475562554,2319.7874351208943,1546.583541954734,4817.598687154454,6324.558544352206,2867.7533433776925,506.0442056404102,285.24560448233643,229.3650586273226,386.44954509593936,321.98245349521767,222.077430171271,417.3699525567743,513.7298667721197,2766.9635601136906,4872.3147137650885,1094.405642648042,544.7770496459277,1375.1407680954958,210.7456764541543,132.11287593637047,133.09975981103702,2750.541631579542,799.6778878878919,107.44863609749677,153.7816566833543,405.5372282303342,452.372877207601,13.117314112931357,5.1364886417057845,5.02379549784558,14.383370216363351,43.44838630504389,410.68205103081164,32.62515016117569,75.28664121867594,81.15108677299298,130.61638260327283,141.23191634794318,196.29741046772506,1311.1289047284185,255.871652667273,202.0093475161016,923.1043609590452,1331.5525216773447,4485.978234681846,2896.735222478855,586.3608692037109,422.526544992876,230.27152762703687,58.39993278686523,267.97566572056445,7.943021780851711,18.30932437822016,573.5361687500027,1688.5340823660874,184.53347683770681,82.65617787115718,127.10652068740195,1380.846104177299,1230.052343933029,41.10932968031517,0.4332097378684052,1.1815886961708657,4.792615938713322,538.5378444876069,21.050605543038934,11.68638088308699,21.494649396479854,284.3918400619653,40.385542454782374,20.76132155749058,108.80644921074789,12.756063652800046,24.483665869710183,29.82854058877749,81.92133245283061,0.30540957413584074,128.15198262727537,33.20927745650518,186.4412444212726,21.728061624903287,1.3409509812547347,10.120728193797362,0,0.8484638950623624,158.9927284882535,221.5084538740058,72.68610708546764,148.38069214264928,77.46209195549926,141.78152796163403,266.2180632399932,619.7881216552415,668.8209984030274,310.52490515265697,184.65005282246847,172.63582701040255,74.56081326417124,78.33200921768051,13.184177499404349,226.0774814963843,412.747275982344,716.2016320935908,437.6102526791395,161.19600080172347,35.04489972799878,222.0509064752021,261.7928714189896,438.91692785050355,343.6305930126121,17.075306211383168,2774.035814216163,4772.371116924934,11431.645983121436,12416.380254595808,10305.244190545147,3.7980323245509364,3.4838026762973158,10.021772837784342,115.29678009298758,9.297576666919511,215.7296074102921,63.999019011146146,126.7969102683263,537.6269389483188,260.2563988753657,38.35086046136744,10.846915674508802,175.48880350244306,29.47005205717142,82.92353325009405,41.03265972940297,8.260249084501526,10.129317727091912,9.397260423660757,9.564095616132818,8.996091650827987,7.892230196972306,14.04464521544294,14.665957581412364,24.528029999863595,13.39715286789686,43.09771459903835,75.2260120368366,37.2534110921688,45.76227188657994,35.56791103987333,143.6577470174601,40.64039307791852,23.32459164316096,36.22734019478007,74.35478868554183,176.77727669659504,67.55660660550919,315.01108087812906,79.30365192675973,198.4236516761386,65.36555231116462,48.20099478266816,81.87049655000018,27.46119091610043,43.23871356673897,30.3047972121227,42.22676890965615,171.8981821055484,41.4309647727509,74.6217803985905,33.932654227399446,51.54819766007043,295.43734795320614,25.566908478943795,92.10624654216824,59.63471546141988,13.424773968457103,40.44350406891237,32.81898565744018,183.95690123729432,72.97780770129643,285.0316735145118,159.52811010297071,3059.448421172325,3104.239632083234,2041.1407587435606,722.3043316535459,1395.495820202531,16.623833071940066,15.219563926888066,8.99889642485155,22.17695538161568,371.41927720838817,398.67827686320203,34.46991657723405,21.94123029925582,5.063449754592525,20.46613903559766,98.49989658407526,287.68733751063996,173.10749528179144,58.649746966330284,15.793453700039793,27.05488709404854,59.99728540101418,96.06096535217227,524.9910077288307,29.611041092585864,81.7736129901509,73.50243836289636,30.878069788676502,87.6438855048581,14.61463158412213,13.297433033909263,22.566354698827304,4.69379530181504,108.9723586138294,25.8008185378782,315.4175339380574,180.73661208945938,233.69236337895808,188.9734576662898,416.1374530411718,1478.002786717183,1007.5591301672358,642.6469782762164,282.8678728553336,179.91743098424664,387.54502199715097,271.08134135145747,371.65501409145094,830.5605670904533,637.9515711890009,1651.402243055841,1029.4198417916753,347.02681057808576,261.1640404050246,313.13250117050217,210.71174053962443,95.16844044865691,164.45619767096466,102.15855213908424,96.53371333932586,370.4694194931171,1642.8464924505188,671.8511760028767,163.79565881064053,1119.3810387284802,572.3161146473585,157.83771654124422,69.71431897341823,325.42688530313023,568.972245351513,1156.2374571139778,265.4877755825796,162.81068445927312,182.92188555440904,219.82109656560485,492.76197565488894,196.832050478688,75.58365123088487,151.83793660942473,328.0260724887908,701.7164404788678,670.1298634557464,1066.8386749896772,2124.116632491063,2312.134656881439,3999.134785741338,2083.889896397885,695.3956679844266,732.552533039769,7019.962440326806,2819.3716148508897,481.57660810930554,41.41851218608127,40.43587068935832,48.42242872788467,374.49603099836224,53.34116113551965,242.86105640061592,437.8543858663139,55.478425853269755,220.37536770289702,67.74628993169237,275.6758802657112,785.3210548120902,761.7886842501656,166.16444463187867,39.256708247305724,27.897611689998005,127.00378754227538,163.79012278290818,185.93546386871898,258.5354018010401,241.32447591740112,470.33320011298724,1574.7471461093505,1048.333419188375,530.0640522921046,364.37512782235086,126.23983748216625,458.5992186832655,0,0,1079.1435704201347,0,413.89722433171033,0,485.1474262343121,390.41996889991555,1538.2142878715529,405.49204189514876,0,280.9075962748825,226.81260702159275,1188.2923192641144,656.8874633985126,690.7967121632826,1122.655895584234,261.84206149610236,4329.932619572076,1234.2806789358222,291.6161368830038,817.6633661891697,778.8382874952537,891.130628885701,551.3295130561922,2663.5937492912385,866.7093430102888,1324.7404744190217,0,1496.8526174605515,1402.5202652046512,462.9059480041111,659.9741321072058,465.4357760705119,609.1718467115511,637.0209565022914,0,699.442383744309,556.6992494607638,0,406.2104761373065,3537.646195928318,728.5463476786982,1128.6347650996388,264.26867773635695,628.61646860608,209.0056407656606,0,830.2805122113615,1788.1896323858164,973.4256751208842,1535.5760619065632,0,1479.1521307295918,1369.6970082172334,551.5131333708729,14.56536753405792,1186.4729809569938,0,1147.625906503955,1183.6720418928257,612.9337596698612,526.771688458723,535.1437840027471,1071.533007966965,1346.3750248822657,678.4865269602927,713.5829747228277,0,539.5124539806357,566.9201630356786,1208.531028766429,368.26280150012894,928.3167120887606,727.9299104295172,493.6620625939975,782.4745604002576,833.2685219017193,0,557.1607349491175,0,1610.4723188392206,17.509436307069276,1391.7741244179872,1.4157089009843746,1003.9647634510394,23.6806680980803,1157.2584940508502,895.0127891885029,1154.79678665185,844.2820422656379,250.8924430867367,1143.2437205954773,725.866756347604,706.0821770811689,0,649.6514716854454,801.8476472863273,489.4006707017644,0,0,559.2323372075093,711.8717441330061,750.1147938329235,439.2535399068466,1122.1954685613275,687.1817227528628,973.3148444200668,656.8796374905345,593.3445230366492,688.3783527627795,586.5622191436602,561.8396154361868,795.6193885906309,786.5847719391941,898.4425196441206,784.0008312497228,583.3427167110568,555.2764464407676,1310.6062048855529,1539.4652824631762,902.9069002569092,914.1970578742438,848.7300270555526,433.2903250558057,534.5566691690397,935.5864989989425,1162.9830118053835,803.9901760894612,818.9083390405594,1195.2743165902707,818.3135459757189,819.2037207356278,988.0862762322128,529.1451431028212,1229.2023910529374,1214.1223377677622,0,1113.8187690565246,1058.7152750525095,0,1035.0476358524568,1297.2146779061788,1638.3806036081617,1917.806036803763,1255.2183210871353,1573.7634049558449,1551.5885699486878,1435.003663495771,1242.935561392836,2906.362298659998,1346.2613880198137,1230.402609220807,1295.3685719393052,0,1942.7121965388087,2536.154227055451,0,25.821240567715193,0,614.4986199761154,1619.4965243174597,1063.504174821704,984.8583705780408,1041.499542206447,1726.9506100034073,1012.1166719101558,670.2463360279155,573.6923847534006,550.1389726139631,1385.1637981590397,818.9178673863465,1032.9134328019554,828.8462478921123,975.9923035076777,938.5674564377738,901.9201784482519,721.571343815788,1148.6800077181529,3450.289956527212,5834.708966692336,1182.813962003159,780.9329913266006,725.8041600344329,599.321162585407,9019.69487039695,635.0570059507988,1417.4166459881324,639.7242098806495,642.4189709583308,674.5039679006213,551.9658636377313,692.1829586685064,313.711787314057,831.6174075752301,686.8886688770359,0,1387.1644213412956,674.6036438505911,659.4581866866238,0,332.5964661842446,0,532.5120235738884,506.3712318487099,761.6421894850607,597.4903224981191,597.785578015152,824.8977876425394,562.188646648051,823.8452737357213,891.1217514633676,691.1661668709629,955.6701337610174,813.9505933490219,705.0749056429376,0,544.0887856326835,0,1299.6667911876377,680.9665049267862,803.493430102397,831.6067055115298,699.1911095704177,423.54748990454095,0,0,461.2377556542353,449.05144985350313,452.81098248322724,0,459.6304213173932,415.27520921070357,439.1316799396867,450.67954620078234,436.8943104635287,448.66672915421657,463.0479966816504,0,476.29580697994254,474.14184549648223,507.19621739199465,0,73.63956273197657,0,0,155.43154694279895,1141.963604466525,0,1061.2600473674845,549.2440928167154,196.48899221086532,497.19726476718637,707.6686199376699,2141.1231006646185,854.3354003706138,4.98172054251014,497.918564112883,56.14988293567624,861.0824811718534,500.06490497975085,843.3803149869997,395.66763784357573,0,752.0430480544444,463.7784033568569,545.1552052996412,662.635303747652,403.3957626856272,766.0164078297971,430.40054645824057,718.9983657547514,597.5550255544906,776.8424949918707,562.7674914570952,562.7674914570952,558.9005559429834,437.4262223172446,604.1154616185634,457.4065385449086,469.94978421169,425.88327202140124,604.2199368147619,399.69950737427405,507.59765800350726,403.844212257039,629.8121672841763,569.9082347413297,480.6534433493704,474.4701929100286,626.9266184907575,405.6779273288676,450.220657775857,676.448249910177,0,485.5932416546357,468.0036709105903,403.2412118313095,504.4624379083087,600.5066260941146,518.4967606325687,443.2089759313683,699.4458127380748,610.2216059129701,436.47361878766077,1033.4559132566958,453.8617575440436,387.81453784999405,393.9254814121784,677.5600944860362,638.42307155272,396.07334072759267,388.0363696677988,403.2050906154844,385.61180524453937,592.6353099463828,0,0,0,0,0,580.485106102675,567.9620093848678,563.8829873479713,295.30775506693874,236.16962395955628,0,0,929.010192302454,800.1067132097292,577.1988912664865,0,641.2643663076623,648.2628298746058,474.7201219489368,880.3018702646689,717.0676440815901,738.6471792951943,553.5963700963794,266.937263831552,0,785.6675688784368,278.3523959667118,1737.4743926307558,696.164689580114,2040.5049025082149,1062.3465977183573,1250.9973454629321,1139.3847939449267,318.27933434049834,0,304.4440363645737,671.9931702035228,306.5942024024157,254.1465959593371,290.1090110650358,662.4016518137627,395.51693099921437,361.9821005057447,337.4365422761701,436.9224679782189,1289.436735186294,390.37387253384946,288.9666661038224,0,347.3517935675574,556.4353559623685,1340.5556211382768,812.8035869459437,2410.8985073908657,1339.195628901237,525.5010124104906,1636.7708863339897,364.2657055836697,429.8091390590322,2113.304715421099,478.00754283821453,376.71179748486634,394.61707074907326,441.205083634915,349.4250229840303,318.66532558310865,303.898380030632,276.90265772167936,52.18279859129612,0,1865.7509619952903,2040.2315528999259,0,861.5016698449022,1806.2983906406077,1542.7884621390026,897.4712818681105,1686.9992527114978,1544.2378861532738,0,1.573271311338678,0,0,0,0,0,0,0,0,0,0,0,0,0,0,45.44519415241495,0,0,0,0,0,0,0,0,0,0,79.52813691727559,178.51413490255047,32.939979256580855,28.211833066926935,9.137390845672023,210.1257571110687,1188.4396112977095,1379.3453652108901,150.99648288989414,768.4233925411619,0,185.53260604573939,55.806187707826595,49.25359084956794,55.07099177272012,457.8658291286757,25.347229756798566,146.05400280926386,27.112128081724862,77.21850003867388,57.965173472828056,140.31792210162058,139.03584201975875,199.5794509422134,0,0,298.34552249941635,50.14813889143287,2515.9597341500335,149.08525506095359,207.569884165167,50.77266674125177,1100.5475759810204,50.52217631809206,50.74703990665252,99.487112233699,0,0,30.539869737612452,47.74750413490138,82.72935046590905,23.559469004487468,212.31184015251532,37.45830326788878,11.768250012131318,36.69545683816179,39.04804594868103,36.76179727526407,18.30620123829842,36.02826744417819,19.719692345069475,30.50979003608808,20.462230013347842,21.718802402636555,31.562960430922654,27.4452281438625,28.836234926278152,50.61225022340264,33.22652688786314,34.61275252196629,23.62648118438618,27.937851799388373,27.419731243956726,168.27586865818813,54.06218343005439,40.52160405222763,24.196874640332627,247.47066219605279,204.0115589832704,53.15888983830888,688.5120619149386,314.88738708928986,139.57762462593732,387.01684231154223,391.3640693238318,200.87269838651886,78.3778506477818,174.46251652336812,53.86548946250392,350.7095589753441,0,38.89421685161168,3.2887230381508576,0,0,0,0,0,32.62796070583275,605.1812238498906,205.75995766991664,6.6505228978597986,56.099395062552034,583.6117294780095,1573.9120299222218,2683.7692069287127,2750.082570378658,1150.708963581068,47.10474673961996,1.3266659260954277,1.3629615523362708,0,1.3317510439470674,1.319188288595047,1.3345309342113014,1.2699265248414684,1.2623463567433104,1.2838329258763643,10.082949712194761,1.530635927433521,3.838023953946154,3.7276484456265364,3.6477636553940895,6.589127859914918,13.949339773227715,1.2859018294197453,5.5095276176818,8.515956669736623,5.2336501366928125,5.416926046280416,1.2815331674263368,0.2595265135217362,1.2420810201687404,54.16722115377998,17.081696311218202,53.81482384689522,47.769212879633116,39.09248170722217,19.25202548509083,113.82963183782901,60.74933109272321,201.19999677542398,43.47461132677976,51.53183338785054,91.30796339068642,145.56211060590542,291.37374600658865,165.58096527246613,10.942479659645043,6.126808551274457,21.429465036329738,90.61797934685067,35.30061592496903,10.356112961112538,6.353894903365332,85.42051116516046,47.74353334279261,1.9149005758933768,44.25304915196374,503.36787706793757,198.9037348583018,44.401091370627555,26.282028123387427,16.786522856512487,27.54032795003225,20.040700800270976,40.832076721992536,27.881600862398393,7.29987976794504,14.825955005289487,215.48980509845944,75.01527134148452,92.68757446739731,15.267319867324495,43.84851730175413,96.74227280563507,13.351976609875898,76.49438949652628,23.33939730674766,54.0221247887025,1190.1001668671777,3822.1991947947945,5226.984627993607,178.0427642134214,156.8991975161174,51.39524200510005,178.8218169831625,103.61438222815195,774.9002700296909,182.69493103534248,89.32678919802407,28.802638952599903,512.9176274695445,272.5590972886048,323.21488035202856,136.0463683740066,4.902259640746075,45.3829349500859,5.199991834565156,55.39633996669566,4.767635477911554,5.212246913318911,65.30980814365692,87.7675528342391,18.7006537253731,0,0,0,0,0,0,0,0,0,0,0,0,0,33.53897371616205,35.58145886634122,0,162.22423406797162,6.107586334520542,5.93321854086561,5.941928793665826,5.844488309788191,0,96.1785006099095,96.70661462129573,95.90314577984644,96.0120110150779,96.55700862804255,90.03059355122507,0,0,0,0,0,0,112.05338846086072,96.42910215561946,0,309.01333425652354,113.86202063037442,0,103.14283074150686,95.45596543010244,105.22987212189929,4.052717746228058,3.504198896077727,2.666514087506691,99.66270285878963,145.51288502264705,36.771507103523845,114.46618034929514,77.31684002828712,98.14682062833671,107.9706155757647,120.5807383920232,119.78509219404718,81.58814160581545,113.87748504266895,113.87748504266895,5.795220672364993,5.795220672364993,100.87530899522051,94.39226629345579,93.87310895057608,96.7581458448528,25.126035352641882,70.46115252395724,5.955442741628678,1.830403415145562,69.82185672758584,54.52999349490109,0,0,48.277194160573266,0,78.5463999025865,0,132.11252107532403,0,77.64000556213452,795.1678192707343,96.01652058105269,134.61212982359788,63.7891479898682,144.4175557066653,69.34154112753421,160.92923130104504,96.26146122081092,7.713176043801474,95.22331419399602,11.61148345912057,87.8052642039014,97.88002211010293,67.35277640293116,59.18754791653045,73.77588990308061,89.88414604628863,56.63914074093143,83.78932235370253,185.47859868857034,123.18240993349046,0,46.51336224860707,85.18494972070813,54.26716897540948,102.34769813164388,97.84732413608765,113.4258758235542,0,157.91072625840042,98.12729532077716,85.50889506870998,109.46155724120655,182.12373985119095,94.86668512180064,260.8008536496799,102.57394356314508,116.99057003461714,4.3795391236951255,502.5717078546478,179.79222634051612,144.58558155334396,160.9212087148496,116.57293480337219,247.0299370507787,191.527439451543,518.3573801852395,442.69836799139665,570.1146007182809,293.3637723819907,112.52933269701334,220.95809186704744,297.0378380973685,473.05884264047575,1293.894574336198,2788.394408183387,442.82442743186044,2720.7832945011096,123.00153403406023,2700.2225212268513,344.3172678327848,359.24424651084297,178.3599135001395,142.2032615114201,291.40369069110426,85.19075193929187,63.170830619453476,107.15735783408535,386.56892888227225,135.0989360046628,8.854476534740686,35.063358340640605,0.7488916789233335,0,0,0,60.51151881541982,176.44005979675697,2090.2568887751945,4066.538914118386,2668.786078826175,367.3024036802894,12.39727900113722,137.05554021514695,92.22067406923466,501.2822113971197,138.4704728464758,275.5140980572589,604.7249970658645,78.4179232140114,205.71777799551558,132.9547125437521,82.25786787274697,25.452525676791602,10.33542777744964,175.70880084755774,271.36709261542677,395.59258042448573,155.67088038350116,14.287654552115136,46.8608936001506,141.5254307460705,201.82100579875757,150.98814295817056,154.2343646688111,240.84388063073388,1368.5097432022515,199.8578910518325,31.975370340834345,73.05780374105696,56.3191250337402,237.31236714247206,138.74771944062613,87.23308916143235,572.8606108935235,195.70413492516616,81.04591209735175,41.89915903190567,77.53028481773846,96.8639532857369,21.414709170674065,16.83590587438882,38.652607497430985,19.392432372380764,9.984501546122052,75.2938412290993,224.98309435263047,313.25603761558347,228.5646350712186,46.992232222746786,114.16824988180811,156.04740606979524,101.03051097831344,62.474872226776704,389.58262768278263,40.25516811561624,42.766365171606225,41.73257377807457,43.2146720909015,41.60082820181156,42.348553938341354,6.753441816046756,18.45350556118437,269.2325261510223,228.89176809357335,294.7106743860204,338.2376703974546,181.23891411616455,182.20066692704216,153.0586554891316,186.56150087292613,1073.4009637983775,103.72368680409376,610.7474362808921,104.97207239295471,169.12803461500368,202.0373637521701,40.76698945884032,43.39560422163577,52.61692140475089,98.30019997676813,21.40178444386154,83.60064954723437,90.90583182713065,73.32085611718588,110.58689396256773,180.0360872402461,160.20676656889728,227.17609379155755,168.43405663175974,530.34268696484,4850.679013863457,306.00955593443763,950.0197256118615,8245.005585896777,1700.076017998359,191.21792953435835,144.93860329358674,160.96973635958255,162.79004062173001,142.64402096480646,250.12461033442491,346.29203028586,956.1751056763218,1322.771807074824,261.19504851610463,163.3062949902915,551.9691605856254,331.33923242446224,96.60505820223533,110.64769914698587,41.82602149153687,25.959556289998066,95.38946099782495,67.88245591351937,16.327609984480752,14.905875652407362,49.377449150616954,0,0,0,0,0,0,0,0,1.123907595423469,0,31.24935279683385,29.032482015472056,0,2.7542456791303858,0,4.171965045814523,570.9446230930776,185.47741150308897,0.9076242075992241,137.74378548941243,412.556738762379,237.1578270014349,662.826119114917,376.55669387943993,312.30228670004635,268.757861462983,333.5056294744308,452.7739243935768,414.521052957927,450.3777230828484,72.68860197508589,653.397332808661,1170.6234894166573,840.7226937985039,2441.0822887646295,1856.7942304707642,798.2580218889912,446.40887239594616,459.33421480467524,771.2051814690614,313.7299777253114,740.9858442993449,650.9030472231093,218.42761737920102,117.83274037574843,3.7262599358828266,176.7988456596244,114.97230102390704,177.92657149600686,376.78908763360704,159.19254963346086,175.88219444435092,207.76370481397655,249.5753715055463,589.2810519543887,469.09103547274515,507.99101712778634,265.2631037717992,142.02678873825107,535.8302064943358,498.7556057360715,215.73353517219516,189.8691231718842,359.3445188205313,252.55464850174891,353.4765773013073,731.9852532370872,803.822054752395,1191.9389093868713,1430.1183521931644,1036.4598359059555,713.3373401481648,767.2921593401089,1088.762169787742,1849.4209468293282,1872.575786452072,4133.3332337940565,1712.5340040894605,802.6179066386525,503.26364348414774,492.42359239154496,714.0504136895797,454.7734491232686,236.81020722435497,212.16848358547335,529.8303465097276,258.82552331724116,259.25124110013684,201.99993550193673,387.3300070815072,1462.669220862822,311.36340085578547,220.9739204021614,212.083651969541,267.9509018483091,227.10499986594849,709.8109424547,146.85927860335582,106.54646480081236,180.0095671995093,339.23315078457466,219.36581247321126,296.57862491384014,101.57663880593759,260.71451284959954,531.584980581091,103.17464447653354,158.3026735971004,259.9986667823776,401.8244980975997,328.7758105636336,409.03601892994203,271.5093359388972,283.7280731935822,408.92003491368735,408.4355799691694,118.85053328266604,314.12084631468804,99.67519266649214,446.8963346557831,42.30017524932055,916.7736535579696,1450.8382593897888,1111.6941525373647,2887.960102047743,1969.7658367900513,963.0498226658848,338.5840566829385,415.4806045897337,800.8538468748491,429.0441076248297,96.27632034486764,279.7639324918243,1090.708518698589,767.1529092261738,520.3067636966624,949.4343161755237,1289.7162774393685,230.89584039266302,121.27259175002128,271.3409505398912,324.7813819980628,339.0329610381874,302.8304917580236,434.2459515012145,303.3651563387172,40.21731487569135,34.441609084202554,11.496932973000742,10.975562655752368,11.7829306024065,13.730481133772537,2.4311322741807348e-4,0,14.453640726618975,3.011352782191807,0,0,42.417032539225296,357.1536190339729,112.47291233787789,18.71409281741672,179.6214464662477,130.7413631690847,22.06231369932606,42.6284630540181,0.668739874819498,16.11255782938189,2.025002674055777,58.80543926714432,3.474338187922726,244.3883701858457,1019.4151414356129,218.4153552911375,143.50481292113798,10.692056972707558,1.1890836061531576,0.46345968618871153,22.728851447286498,71.32258673998854,0,0,0,0,0,5.625580992316153,116.04346240761284,81.12434360169154,586.0549875007346,687.752661951516,148.749259514966,473.6983696897892,13.801693689225383,59.76036997047035,25.583644670023073,84.69164839632978,23.315798078303573,103.03806972472087,6.8609208142509015,13.990012075694972,9.26238604768627,97.46236304602084,5.046718717289671,0.7603473613867412,1.0684318107332686,124.89252636614931,19.473737620378394,32.224765725211796,129.2869358974599,428.828268615313,279.4819531075239,408.3149260272948,266.31804371373545,124.44898795717846,71.6552484081488,9.48236930497174,103.5137803256097,701.3351040233698,1367.5117156605245,1730.8213712500208,1562.1964232672133,981.596066725363,109.4000855883929,8.41395651832691,0.014712624133369484,1.0604693209340872,63.07130597735541,261.60572103422413,19.27629879045231,106.02969411475578,17.056290050248617,7.574882441080262,13.705193143516304,40.30759864301256,5.221549328637822,0.010201264259724634,0.44075485600231373,119.1630766970052,8.811974547166004,108.48536427753524,142.28039635118063,2.263799370250662,100.48751719653043,0,41.9678630248891,0,0.9640645611215889,0,0,6.3599895701519635,0,4.98998183818276,107.58197918227837,52.09953725608254,115.5893722074784,74.59894760705426,118.14392668214349,0,71.8397351074717,102.33416596636373,0,99.74682281355132,0,0,53.616723483327355,97.29783587085626,100.44601074519059,0,0,0,10.5896498425116,27.016175186105656,34.76819958393197,178.74124053977008,17.968879179117756,0,57.83576830198362,38.035390350076234,40.32850781924806,341.03828067014786,463.06393148822434,455.64941959699684,441.9055465726108,351.90012427214583,279.14433545775415,130.03788360851428,180.01543200457544,267.95385256743964,78.7959754373116,373.32786138939485,258.2817802764939,70.49574252612375,8.316683416543425,11.470103476310543,2.484087601316595,1.2318362144083836,19.80082839050817,1.344643035568533,1.4174911116734445,1.358866880239165,1.2047546939065805,1.4112596102528014,0.8959987686060155,1.2991370355030012,1.407944900801826,0,0,0,0,0,0,0,0,1.3604922975052303,0,0,0,1.3580751161026798,0,0,1.381925717925389,1.2951999653368205,0,0,0,1.3301629420982632,1.3686551410927772,1.2880810693591243,0,0,0,1.2286364929147366,1.1738315156132666,1.165350858314503,0,0.8396040008024699,0.9299596852182165,0,0,0,0,2489.9840099435505,10367.852204339712,6102.427541182306,115.65307859729795,433.6926225145961,181.1792113367977,9865.850033103636,92.19369499115527,145.16373760152172,91.85147272763896,111.19245914091732,149.7728638977505,160.2072583371728,160.8437325142513,123.1650091275217,331.5366503574367,2246.220780981747,714.5135505820624,2710.725609018287,453.94823716110585,873.2640673411873,952.444136327353,1125.775032187474,505.74555513962923,518.8884186524361,227.4083105344724,176.2799319224141,557.1565429526531,1004.9806315191076,292.51489998551546,342.52028233372414,639.7714757054566,291.33284857917823,623.6619886653003,516.7019746021514,475.4292615020432,296.40105516807245,357.66131118856106,413.1520127425269,295.42052290102305,291.4653610509525,1813.2180711804303,1069.991566869032,225.5736921366032,190.6501175276699,212.66988005704954,387.0620447828079,661.2270815376479,357.17765277574773,521.5427611131079,441.0447731417445,0.733417898242427,0.8165562385740663,0.2675984140598574,7.047840764619307,5.227038919741319,6.431549320706567,0,1.8173022516261403,3.704625110111762,7.6800036066990645,109.29679056721834,45.73816132233399,23.334298883781873,88.07155618766889,167.67427690887212,181.78332734243583,31.95528339740414,33.21507126466449,12.763616095966642,158.62457553989358,63.32500707752099,5.105008270460675,4.333932900306151,16.106808732753603,46.15027999141975,74.31484300007448,79.60079810655854,33.158155078306145,99.25390909920631,15.649587832115424,7.0123774336811335,5.106530205969103,89.74014247815907,27.98418389497224,74.79600515072583,185.27054038120357,247.85574743384748,414.18864628922745,383.17608097682825,224.01297826387363,205.69476534620986,549.5234792729041,369.5545331744146,404.7599526403071,421.6608991221117,248.47956094761105,253.80994572591578,412.762412742549,146.77013168659323,491.84252013921014,38.17636091459066,66.81091780742841,14.791543557523582,69.82819906610008,33.64400797007003,8.759255133501652,191.97987955347526,46.34212440526915,89.02773104714086,138.34603391612498,230.29492444434436,362.7833972966032,363.7433939744262,30.739748247552335,930.7218363089327,119.28302869869233,15.3448336669349,13.864775835389302,48.74511966914753,184.28665640311294,282.20724856177515,70.14458853109032,27.663264297398356,69.42027332833774,446.4977391294181,189.93226842810188,225.75864242985716,115.65712343546227,230.06519106380182,139.21458659761356,166.22896760584678,281.9859162608282,656.8992792986295,315.5376033242877,736.7521920535731,792.3935732279814,908.1763229052875,591.0924785746066,331.2951296646641,671.0268199689359,388.5932162033847,302.6220829656775,293.70588331508463,260.46525276171104,349.70679661840006,158.27040551889294,106.30572277499896,0,2.4405555988755787,2.3633122781474465,142.85372586406498,37.26946562796067,282.1786964864754,88.57413640288527,66.46421515316261,212.9328703021248,48.16901074285079,78.32064096434921,342.38010651336356,457.8039764786658,387.16350443656916,389.7326887912725,365.28806621740114,243.09914718063106,42.6559885059189,42.435975500593436,119.33499059917844,7.53876289544714,90.93157333826416,95.97560213939433,15.219656546424076,20.179710930140608,29.974562523775337,143.78495925271386,11.371269228719274,5.9246175715341804,7.818465788897334,14.360441017693145,4.941727230690176,5.2005675717123845,4.753682416250347,0,0,8.18919351076425,12.946120453248382,0,10.85658398927637,0,0,0,0,0,0,0,0,0,0,0,0,0,0,0,0,0,0,0,0,0,0.19786378560974613,0,0,0,0,0,0,0,0,6.096968923709854,10.250581975806897,0,7.325087667753753,43.00995182584093,6.511308467988064,6.179323114892313,31.42416197950384,9.624297101882544,22.442970962113858,2.5891332007440835,6.260541001193188,8.858348894011929,14.699697925937613,10.683332145602913,0,6.2836676281430215,0,0.07134666532051578,26.28546487945983,6.443395350487382,4.998451060008541,5.901197582177765,3.140645205431191,0,33.072469705446416,1.866227728591464,0,148.17751613000866,0,2.2288631887620296,1.7015252398736824,0,0,0,0,0,0,0,0,0,0,0,0,0,0,0,0,0,0,0.01760901570571928,0,4.823955110236825,0,1.2565864124819226,0,0,0,0,0,0,0,0,0,0,0,0,0,0,0,0,0,0,0,0,0,0,0,0,0,0,0,0,0,0,0,0,0,0,0,0,0,0,0,0,0,0,0,0,0,0,1.3280985652485775,15.589767479895926,0,0,0,0,0,0,0,0,0,0,0,3.1189595045886978,39.772334380340396,9.036877807767608,0.1674717166582544,0,0,0,0,0,1.5406966334122276,6.980210076258131,21.456007106938678,28.453957194041937,299.2287434091145,241.61574902507186,285.90269837386535,510.8394180697265,46.17474991761056,189.0285561046933,271.2556859934002,67.16987190222589,87.85309405525608,71.15059471690252,89.37620299542743,23.63895815435939,11.177318490670856,12.861464749457145,15.021209384150675,12.955159041130718,10.843415409013815,10.603675730023943,8.831456290833403,11.23172647120516,103.86473178024846,2274.8765693472565,1124.6987584706483,15.535880178054388,388.4261677647648,10920.33907228553,6656.156812939613,3259.456834721024,13.808755138421578,41.76425293301874,8.911727886478687,40.93623940997648,15.771369270567204,35.866332524361916,33.3466736495487,30.113934485362634,624.0743307230516,10.251275087399296,77.54936938246064,61.3454993319688,18.871301786045947,20.784852216497203,8.241379702861323,2.4672840868987223,10.90547444817308,141.30977808953432,29.92797235305818,261.46578986585143,34.13632007030194,124.71175537632868,55.551869871110526,34.9676900697783,762.7531654723322,111.22537352961301,1915.2722344784897,1487.9846023986797,457.2152813204249,51.01233320583377,2.5192994535224327,2.541082533693698,2.7808740239203096,1.8571968490050708,6.034018635551667,32.810700167534684,8.734959262469614,8.085044220900528,9.817716496216995,5.191824315872626,4.750082999648982,72.43086334312964,26.802413838502645,9.046675897965565,4.745397419565874,36.43092894725079,2.3266511126776805,4.21188833757174,8.629505631472718,8.962631599789312,16.175578266746232,9.111522223532742,13.919676007548706,13.96467764247224,26.562772455580255,18.573607872207763,25.629909230042568,1.2002519251319559,9.441744067618327,5.871687261965992,2.115511127360775,5.876163413244001,15.386520610271841,5.8689816475932215,5.83396151615646,5.724332813178292,5.910538567353689,11.686728742243911,5.866323667651899,18.324250855294927,16.88928761724826,17.7996606135909,20.941029529390267,1.3095744969073786,3.584302254323125,5.854757829280468,3.472596327999281,3.974621682759758,4.867132532175614,6.504879148837097,175.10690600715537,472.05852067267637,363.1184228714298,86.2560446806806,392.1656490015473,84.65149642081244,5.864504751214955,5.882327534708938,0.9516242443088352,1.0827599133682175,1.1526975667173414,29.723233944317126,14.019444824239798,12.81564631455877,17.330899451128687,13.461826362012783,9.242062153196015,8.214024604006859,13.75637618228696,9.331007011908612,9.32653331000925,12.481632594498576,11.654509453567739,19.596985985689507,20.657385563002574,24.962275226064683,13.398948704224633,14.025392360380042,13.810598111377534,31.327441317077824,13.714287900515767,13.914721270289327,19.080120096385542,18.92435933652559,13.649147602529647,19.050387872323018,18.15393877972426,18.812894227228703,13.580454581955252,13.234616489341851,18.24061470738028,19.133556263884735,27.147763715380975,18.8699539701042,27.6316822032367,31.355429230129477,28.281591399937245,18.776486720344028,75.18633772915463,2.7332172944115976,25.87176036879758,26.375181571453883,18.00762878687223,30.991455812130162,0,0,0,0,0.029201303756990354,2.602586799412386,280.0512022914522,189.0774017532084,648.2491121051771,19.18169309470917,9.9541399937724009,127.8398755498567,115.63573036210295,146.62874593686132,554.2240000919091,8993.915476809405,9569.890427722828,593.520032114178,28.712403783009954,112.58323828657325,188.62105447311083,180.93095266509835,30.43886743735016,9.780497802493088,15.325643645650656,1.203918129133432,47.440765174408654,23.888348880289968,54.00537062139141,39.35016302085318,36.103240758726656,101.69259498452092,219.82999611406754,118.29565093272262,88.2560127519994,150.13148492047233,445.39171126652457,1361.1130581538714,843.5263185643965,257.71405387434805,273.40435268366207,294.5291533054738,155.39290267559008,681.6580162609628,1359.7106884959826,436.90997888712013,61.24645403818041,509.2066143029661,206.67578635843822,168.39878159961262,311.19402990669255,183.6646728857565,71.1517219610453,148.72444086295238,95.81241902958581,181.43768826034585,690.5951043045817,336.0539336336614,722.3479079190282,77.68925038600365,527.1800531082662,1361.854159367953,1127.3902233116924,994.1376728295887,1829.3583139327177,2397.231173284028,4860.978123986176,88.35637533523375,74.01056720658978,18424.30515548378,17847.938946718114,553.3535986689099,4689.912046723127,113.45259643471508,34.78756584080532,302.78395070555223,316.1474582752046,533.1542272320844,891.5337100629349,485.80102303045965,351.6776190779672,320.8585381321525,473.0955815188128,770.2836761598925,1128.0422800657068,221.10631102416215,505.76077928137266,208.57853743668008,224.54220434812362,180.25620937807344,186.06411522780027,144.54901341354307,48.000637775916054,110.18922163289241,328.48771646069986,212.41401225914072,153.86471227806814,116.87486373213251,161.54443397004115,335.8781356935231,208.44972593081576,129.245423242305,267.3394206448485,199.08630055102554,370.0007026569515,301.0999834752338,174.29570066831906,275.9761114206461,452.41353546281897,349.18169567107054,506.8350356436868,534.5465092167968,117.3430241262458,303.31420152091897,252.59492363739432,607.3136088747791,433.3463290592076,299.5768448857925,212.1824714598254,300.89902712716065,354.50261065660777,392.4502206303536,335.7785511874822,252.54793114632662,240.7263431480157,286.2180312108152,251.064720289423,302.524420024588,276.4990173332729,321.78951995004803,268.03616696475115,531.7931048512711,467.6409778093343,322.07459825192456,435.30412344119424,431.73526755393993,28.964995433516798,118.75795292174948,57.40164736671637,25.642167131014673,38.43036233872533,69.04278169315029,345.0179649664586,343.27794633480596,156.89430880481294,41.13861941756674,132.52698067181188,140.10692796565087,137.7573101294611,43.14918208371797,55.84032084855985,112.42983448936052,159.02538348849006,130.6874290812828,240.992161583971,101.34585381124549,134.51670328433835,153.11978009900182,197.1318759628015,27.366100724954567,68.92272603306132,199.01572479309706,212.40804736209296,126.0401921743527,90.34083731788867,163.09202935484382,188.81974057438364,210.46851521011087,201.08412993787877,115.63162999233543,235.02851960786924,69.19774061253673,173.1636243663842,208.8849237104113,224.3627535543891,233.88013422910802,184.6163392021851,166.64685210735612,666.3962076489456,322.4236042022948,488.5038272946591,293.445415784884,232.42750933482418,241.89034447939468,200.73117478852953,204.71411227633504,216.5718483056839,159.6175369925061,198.83731595982658,181.07056588527345,244.86770432803294,436.03372077816323,178.40439541223355,932.9940969947588,675.7747171029431,674.5405691687408,273.0818494035992,369.36955106771654,147.18560365875555,198.85063135296298,297.5414109355763,214.9048616452428,200.66098528731095,235.1891277193554,1010.6938786154417,227.4506068856438,283.24444974924154,240.09689176190093,98.70912018561727,210.9702778366166,500.519011683599,1103.6885310370776,505.2975386330955,296.4282188328985,358.5931416178786,262.2246260716718,705.9417873974983,3767.306639764653,1777.0322424011836,1177.9093355731782,1016.4247537623926,1100.1184358838225,283.2298381279352,261.425539213207,277.03435917592554,209.24480637080947,207.17199942055976,321.25743264535987,430.7446646652225,386.45379401161125,1496.0465664558162,388.32877572819723,236.9860588981393,296.6531896526656,194.70848280362608,184.00288456246338,173.62964748487545,718.1775320992874,764.9598371710455,223.9348134898722,158.50115531764754,140.68648988187067,148.58335407710342,153.32901629573973,167.03596774770938,249.3710581765808,234.29981565002097,243.23773441526603,223.08176261361808,225.15351599879594,170.4211897185682,518.3722259432017,305.77793578096504,236.23095641296732,196.93386774338506,164.92130124122974,223.40437456143965,160.92744969061835,247.67890329796992,386.89413753031016,263.80756241475353,207.82025557480148,253.71028968998849,86.00182179675564,254.46997263896884,117.15290834924421,123.95030147648167,121.66626457740689,246.04975511768177,271.57932738378514,278.67422468851834,172.6170432167122,187.36280379742888,208.37892198645076,219.581662280566,197.4738601761709,220.33728388653876,249.1321620809518,230.75571670816194,207.19117123563544,386.1460850447035,394.8818196440588,247.33847194529633,221.80906475015726,181.08980674522334,226.06572766798106,205.96629127907227,480.80045783514095,540.484077026206,303.7976353027933,148.703581794694,119.20759052816143,341.4874956838206,82.77067763197604,152.9240399666182,195.3028060658592,295.24562037713844,121.68340049884172,331.255928275748,98.02959559857459,150.35585207381868,176.8855831204269,160.89971486370646,240.73131987244727,170.18306724971518,185.16881369324486,168.70810473198253,244.4374191462236,329.26203326117485,93.13202315680999,111.78525623996589,85.24416904424773,224.71452531831315,186.017516087803,178.6523091597916,273.7564228057994,557.3082668197868,124.2443090683727,187.05715337084416,497.3841873828682,848.2222028055731,145.81935283003438,77.05853456341835,130.82993425803838,103.92445839262022,108.53279047645941,113.46942906384528,119.94846306785274,98.86410491436695,414.74408800405314,137.35068764904514,261.4866648586363,285.3934414528809,204.34836940241394,423.0894056046012,328.7129700637573,479.88102401655186,452.08256934189546,186.85723651903652,252.21495999341337,180.4235188568168,433.13395338297175,180.73425010457782,233.19508500075077,196.41397797080455,193.0779473221754,274.6142204817978,124.75073181827378,127.03737116929761,171.10296906926195,378.8879743563984,287.09749563452675,211.2115197967217,169.14542322131354,213.73036545819016,274.94137634983394,240.13015241819488,786.889639450984,1148.3741417511696,417.08754637307885,203.16653492896413,699.0879842852203,2600.372618211705,507.99326949368395,202.11219218657484,190.64564195929404,248.1867021416775,288.3087696909493,157.93044673421306,174.56554382378593,169.16639468498505,238.7247808370163,200.7600736373922,178.74574927337926,190.35120192920596,151.18657738473618,237.95082429498223,178.2324127125238,214.8138486886595,175.14192369452334,225.26570564844926,884.6745635634531,299.4877545263259,231.62905446683786,202.2489365730946,244.46980650388966,191.294546211266,251.23119149756027,222.14721062599682,227.21670269555415,206.5188908720503,225.9221329590966,759.5286366864137,563.9989083392283,211.1178719628038,286.8431576654902,238.6530489123547,215.37102325088,197.2221852203903,199.2824122478234,145.3755825403993,139.13155762938277,221.5996397455882,271.71168126801996,266.9451269206209,195.95535613294604,328.0829073030553,198.8693059483888,230.46694787022415,159.86651571424585,179.02916909691928,141.64788703831863,163.58800864267363,172.17081878165033,186.86977256365606,204.29267538792038,200.66328902904175,246.45893487886113,218.57488557253072,267.3067303853587,229.58064797656857,270.77712140903344,187.12000732434123,215.7302704230678,143.37179618907118,285.03703404900943,165.32464118843552,407.2964968058665,224.01504043716187,324.8835780660142,213.0703197420039,167.3471938277821,207.68773815542428,240.51746624309246,181.32683494568752,296.86808251454505,137.75809626021723,180.09512265046914,116.20652267034525,216.72096855026984,119.27483513767656,193.04136725028468,88.75350021810934,191.55051859168182,264.7234983245728,114.58107749800055,113.45478280076982,147.54163532326655,186.9299370457024,114.85856017886738,239.99829548369047,93.07459184187326,133.3436107641616,192.94069040095255,100.86992219457552,128.58276512519834,134.75476121445033,278.9199500873657,462.63773019669,286.4413420413814,112.17076034492055,141.8251896328832,642.2497905042042,434.1684965819718,94.60818384285773,109.69103859328419,112.55638064540392,48.84271236070115,41.87849581697508,58.32914807517134,55.99664933823729,433.8875198780659,314.8481596093559,253.7130548022772,123.35544372772895,139.070263700534,327.8142194359881,315.75060221673834,262.46111322821787,465.84271921694756,554.0986437461264,581.098244571447,2200.108291624814,1672.617933222012,557.8028310962966,599.5691079488229,455.4164725703925,345.49016809764777,263.1208665734315,352.2432943776129,305.56339208173307,189.72390334068479,207.19357199034832,128.45267849480362,193.74246288218882,190.79459740099355,150.24749285206107,117.41010912277892,192.879151433829,167.815909879552,145.84443514306372,279.46738396562364,199.18064567967951,158.7971985702311,137.96380352000043,195.47131702656907,175.21121823903238,207.88741853379338,1410.3064490578313,2160.874640376148,1257.5840787876264,279.0190152453082,266.1101699048724,161.4391814910154,118.1144126399249,1765.5795071346697,626.661611671256,567.1018044827669,310.01373974493146,1030.5628113928492,2638.2441701102407,1501.124624049199,2327.398597612655,655.6223802118021,2214.1886069858238,1218.5185462325824,893.0487258305311,325.6093960455891,65.32940757146041,35.50643362703626,24.99485969243817,22.732299064284813,49.75940576748416,64.55827714743417,39.28016786489616,56.26261349738213,157.15051917381356,80.89767307358643,80.86915655784149,73.33189578170438,101.38583831424545,204.5225883814391,212.10050690009425,128.10371305893003,38.87069338176985,197.94045901325467,114.25253713487132,0,167.71214286022357,46.60758080298109,162.67979762255857,41.83866858271547,51.61716736884473,168.55586580389644,123.91838567372758,249.09331609193902,164.21265643595854,139.82077540644548,183.10670003893534,168.34564956522587,162.0063720499015,352.0165434844115,539.8662880803691,286.396841668836,303.07381498792813,102.57148998461872,75.47847637176964,491.23278811493475,221.32147490938476,310.9943618412524,299.5485369985709,617.9640508938803,435.8321315051298,202.87429823670175,342.9397330935741,307.0766179670234,233.99889016931326,225.95215117848227,265.28724042657853,328.057195956678,929.4763729755668,397.08564534651913,373.552413105508,195.81619201323,269.76587103528124,1123.6899759728217,344.0424312701799,465.3580552541953,383.06767305553086,471.3410830620612,1198.2228480961737,878.5026470549651,983.8554122216221,946.7255901385158,832.6117794341961,932.1426357412478,472.0113235673799,266.08744756205954,586.3316073073461,66.51772191127006,0,113.37263485477783,1067.129787136439,265.53837937525395,48.78400025470952,7.657111695628312,7.580651431091958,8.576989756924444,0,324.1869020659887,219.1318143978047,43.365549761041045,42.1430499333472,57.28091430039574,63.75197809386293,22.483125956863077,0,0,0,0,0,0,0,0,0,0,0,0,0,0,0,0,0,0,0,0,0,0,0,0,0,0,0,0,0,0,0,0,0,0,0,0,0,0,0,0,0,0,0,0,0,0,0,0,0,0,0,0,0,0,0,0,0,0,0,0,0,0,0,0,0,0,0,0,0,0,0,0,0,0,0,0,0,0,0,0,0,0,0,0,0,0,0,0,0,0,0,0,0,0,0,0,0,0,0,0,0,0,0,0,0,0,0,0,0,0,0,0,0,0,0,0,0,0,0,0,0,0,0,0,0,0,0,0,0,0,0,0,0,0,0,0,0,774.3702154674592,0,0,0,0,0,0,0,0,0,0,0,0,0,0,0,0,0,0,0,0,0,0,0,0,0,0,0,0,0,0,0,0,0,0,4.212472971558013,0.0057676305610656715,3.553699649072515,7.556496564670571,1.049945552991669,1.891693185012941,5.215742390070288,95.05061099093693,17.74581179267359,147.26173556908384,13.093341217217786,50.485914999817886,0.11632965332374176,0.010861319252525032,0.27388027843607304,1.782692278240065,2.8597662768280365,18.53933553792734,36.77306086628332,35.256104739935466,66.2470723969561,127.59858168324408,7.593774236112029,7.391746371992542,5.470738240239137,1.1707479869971655,4.155651689334094,0,0,0,0,0,0,0,0,0,4.970749861174034,0,0,0,4.75556836771054,0,0,0,0,0,0,0,0,0,0,0,0,0,0,0,0,0,0,0,0,0,0,0,0,0,0,0,0,0,0,0,0,0,17.725830086587862,43.14685875488005,181.77131600316255,254.21988969126394,110.37751095412195,239.59748782414766,117.69046684403672,187.05453084818896,364.63320268804927,41.794911806108445,122.4677135139852,120.69143218590202,65.82129090971388,141.23700600164082,46.69552523549326,109.96491753560835,9.297262046085788,9.127152001032021,93.86412618815743,4.328250048230402,0,0,0,0,0.026898104140912506,5.090376346571938,3.9625058761858063,0,0,0,0,0,0,0,0,56.37987384889683,60.509974221291046,0,0,0,0,0,0,0,0,0,0,0,0,0,0,0,0,0,0,0,28.668930400424802,638.5930613528501,14.757099827444813,0,0,0,0,0,0,0,0,0,0,0,0,0,0,0,0,0,0,0,0,0,0,0,0,0,0,0,0,0,0,0,0,0,0,0,0,0,0,0,0,0,0,0,0,0,0,0,0,0,0,0,0,0,0,0,0,0,0,0,0,0,0,0,0,0,0,0,0,0,0,0,0,0,0,0,0,0,0,0,0,0,0,0,0,0,0,0,0,0,0,0,0,0,0,0,0,0,0,0,0,0,0,0,0,0,0,0,0,0,0,0,0,0,0,0,0,0,0,0,0,0,0,0,0,0,0,0,0,0,0,0,0,0,0,0,0,0,0,0,0,0,0,0,0,0,0,0,0,0,0,0,0,0,0,0,0,0,0,0,0,0,0,0,0,0,0,0,0,0,0,0,0,0,0,0,0,0,0,0,0,138.83756762366036,0.17913811002768412,2.3006463590107136,0,0,0,3.0533271625014915e-4,0,7.47294991931265,0,0,0,0,66.12631356861452,446.832016043708,82.49110128228061,274.3086030508218,123.62594849159042,527.6175360034114,34.7802261378812,21.749455516959543,1091.1636627376358,48.04351738744314,135.9508620418353,1614.2153909039585,24.73205131602199,214.86758357307215,235.41080310147146,47.2108264959895,569.1790914090254,373.8693560597309,157.49245129172584,135.94340873530922,99.080813700193,1846.8938362292292,87.54205852915615,176.63728401341803,25.596318532743215,417.6404428760248,86.0565178516132,40.4634543334741,75.61259386594122,97.95893217554813,0,0,0,0,0,0,0,0,0,0,0,0,0,0,0,0,0,0,0,188.2492864407317,243.36715563504782,930.6094487311146,1126.529750944423,1086.2120490068905,495.19234035388985,86.70373559153964,38.412843484592855,1.416865212465867,231.10848922794108,11.784441891625526,158.65603459977902,23.62384225804474,330.5223671369124,43.73044376149353,142.54992927003812,35.83649876909335,24.502026709284387,37.671012828916695,37.50583508500594,87.8831203542498,198.6371240315419,31.05613361508264,131.92514416418095,149.8448516717601,166.126401826542,270.9392487454177,273.7695315844166,137.40052625921388,56.826131176802264,36.78151140545048,55.02567278257775,143.88100376749873,0,2.9567841270510757,0,0,0,0,0,0,0,0,0,0,0,0,0,0,0,0,0,0,0,0,0,0,0,0,0,0,0,0,0,0,0,0,0,0,0,0,0,0,0,0,0,0,0,0,0,0,0,0,0,0,0,0,0,0,0,0,0,0,0,0,0,0,0,0,0,0,0,0,0,0,0,0,0,0,0,0,0,0,0,0,0,0,0,0,0,0,0,0,0,0,0,0,0,0,0,0,0,0,0,0,0,0,0,0,0,0,0,0,0,0,0,0,0,0,0,0,0,0,0,0,0,0,0,0,0,0,0,0,0,0,0,0,0,0,0,0,0,0,0,0,0,0,0,0,0,0,0,0,0,0,0,0,0,0,0,0,0,0,0,0,0,0,0,0,0,0,0,0,0,0,0,0,24.88133547591377,104.10896639010512,166.71404127213734,87.3136906991173,1.0030522845997665,2.721630435329794,1.3037345249447287,1.3126557931852623,30.530305580073613,3.624235544050223,2.556561835282146,74.22609077822264,2.6031004373931315,4.849452436442838,27.84846596356058,7.505557627753266,606.6344564888497,1482.6451917425848,126.54756682022624,5.20992148953352,6.072723046642815,17.259199691131087,12.002171691612306,6.691505751338925,48.87354585632492,105.2979314464057,0,0,1.6332391096778922,180.26239658313207,0.6525561923831829,49.447639261730316,51.735738413021615,42.84949673804047,50.15230025397588,113.22718433925795,54.41457158082661,108.85541932302625,89.92312876373185,65.07151152128198,53.5496830014061,242.86548547120108,308.159983196236,96.10615929798873,137.4989388482606,56.8423648795582,62.63786277906938,64.02536034846852,77.05221463787116,287.3528201330076,50.050589230575184,49.13331085357846,62.96018153227322,195.55845034000234,902.7074541438213,372.2231091640528,571.6294618556439,8405.196541630155,778.2105267920961,323.2148832554145,141.33850494674834,171.51710925888116,109.89442683482527,297.4077278915013,106.20221739388992,86.78458357227522,74.86413514236845,0,396.3626546086589,106.94288447522561,410.0279298284446,521.6799349064187,3473.7484575741055,365.56029066547893,79.63916346438288,47.47227964916631,43.641742983664436,45.21700372861461,2854.489909950864,4202.712396270137,1899.6758577578753,136.27081406772498,152.61501875612805,788.2789778121313,13.694896101899113,13.465553160732853,13.714467272688859,13.795711163567313,7.97883835026666,14.11861856819562,13.59134126099165,13.972698841707146,14.085905891619658,4.3229655065608315,40.98383194393056,5.384972030595415,5.883382883771996,41.293280503242094,48.376755403353286,23.056800406608957,4.0016716914374655,36.71971452686152,33.102887526571735,10.833566648378834,38.43332638950638,27.13342006448668,23.297818227217373,38.98594011434256,26.31681808734016,13.52602034852276,30.399143727290895,8.19299994022264,29.23570941993067,22.314606114508532,23.151672050178615,20.141846586054385,23.907936592637526,4.176308025334047,25.59032608838224,0,20.87130455315931,20.012138303061672,19.553327456377765,18.456726744102742,23.129300533893336,20.170485422628396,0,23.074548806779077,22.22020652197174,92.25173496044016,23.416524492412194,26.668577838000708,180.25745574633723,42.555315054996996,32.98472803324679,1487.5107823544597,595.5670241900513,89.66506697662416,9.748398196287239,4.302098286306839,0.34518451739542105,0,4.421618698344627,2.4285164823305903,1.1993535401352926,1.1642283968565117,1.1581047679803707,1.4752170499031911,7.069321157527853,7.143593558449712,3.2341362338213866,1.1674878964683149,6.080535606102992,12.962759999079399,12.99377184919347,3.029127083026042,1.1785552728632165,0.5873976215087258,0,0,346.90643261655737,702.1036524709024,0,0,2.345918597399343,10.840166765730322,15.689588093451642,16.5944784918378,16.007052933049287,1.7709487807386282,0.5717956127077467,0.15443532785543446,6.887321300578683,8.51144629497171,2.7942108769819662,29.324094056504308,120.88280375844728,1987.6090704347298,3107.2841788968094,1590.894601725896,3119.267398779869,295.9505873241171,112.21648089855776,24.916044641652817,7.1915247668852365,59.27359176252059,52.84436877517105,13.312890353770168,19.32465370700889,506.6278404074076,10.914442890262416,8.083174993786233,21.50744822069588,35.3882002746263,69.16364434620098,214.68688887358906,186.0608946779641,107.69964704311462,97.28080326003793,183.55739071216757,192.83167508922278,619.3240502373935,1904.2796540321683,217.9643841059037,184.98675100578157,91.95731095616259,0,151.44443599845982,139.59548836401416,1837.7224731261995,1325.4291149396981,899.5768890779284,218.60186862975348,214.77335271961587,151.70104817195008,374.4713667259499,228.62703103453057,612.3378810042337,261.9863698493591,229.50135887964245,182.72697936832384,221.43251466496693,618.3189892306125,721.7108832097168,118.30157901975043,518.1981325268963,154.2154998849053,480.3861534605745,523.5163980489731,54.328927041487596,75.99779038999812,167.21609160216573,187.99020699692184,57.5944844407816,83.23678133914152,26.225100489710666,32.14905146917707,64.99145972898523,123.01733808990156,449.87044312634174,1109.234787816043,518.9315650998603,986.1425042236035,842.947595982363,31.165921837927897,191.9382777050728,294.92249585485035,164.22177907833432,232.97308960196764,784.4630805690399,355.4202388857302,336.2486468730624,294.4545111421988,44.873325517581414,302.21800825917734,346.5188339321995,434.49723521439154,584.2866653509004,349.66134809263207,173.85691221594487,301.6238705965349,170.19587336102944,125.03667720270258,89.24352461047702,371.2396980040636,1556.8132329407883,202.683635759614,395.44287827159496,472.19222138095245,561.7104388797992,323.3511160921211,60.74127127331894,139.64183336708382,82.95607079656351,37.023078225703536,102.45823283397628,84.56560636389733,68.50999804459879,191.81636114473375,150.1083412277424,19.00530845334128,112.71704765759591,32.66222262754756,121.05250002692246,237.2941213496062,577.4587597541159,333.66469855855905,210.4334805875029,139.2932927421332,85.64240264645893,342.73914670113,96.42914813105102,400.72592733220694,90.46396806935564,794.0109608143767,299.0366482788023,85.5191986895482,48.5182436573659,75.94185364996845,55.342565739661666,163.37860085117833,228.06591405043335,252.94493466943715,556.9515171439318,194.90634385430744,61.84236034191376,116.75887271558713,67.51959697851129,139.74624338657677,83.36836174709671,69.96887304626408,77.65468180001766,53.7016639703711,76.71242331586538,64.04833663382138,287.03351555496255,321.77747880520235,382.4542958034249,345.5139234528471,336.84684033000946,345.86927896027703,511.1243585002923,249.89852246393,347.6846989806369,485.97558827603916,344.84717670411874,210.03057020956592,369.37883468903505,199.02530582845458,347.1827522444821,94.69897189609792,275.659987706008,279.5131367144485,646.9813802932655,539.7244959366451,1006.0652066542569,281.3097201312994,163.71600634672862,265.1062407832476,1789.8669351165536,420.1447066423475,586.9009452081459,591.7857891678366,183.67125850469205,107.52593757363547,27.05128528747588,107.15381164525112,146.16739983648506,26.061417683559355,52.326765769105876,87.19181755023337,30.862128359878795,331.487806605712,446.0814273754691,280.7719765138154,111.35351264385314,51.33056713456481,76.69611480788419,226.189440280672,642.0505587627937,258.8128196894708,4554.623868991924,937.7901466680784,721.9201973243315,625.8377933856348,210.29891386498852,248.48436845467074,201.13867821493338,282.1260913202596,210.08417942303268,285.02835216014444,292.4736778855555,396.8951623307758,487.999266372711,424.2948444362356,110.41156832970591,104.87641512573705,179.49495470222467,108.40744632963417,107.85556427242555,82.23976774194131,101.82069964732518,105.21701646362266,36.92327231507,221.47274746688998,122.09237744037006,26.334327059699486,42.048747988015585,223.23250193677973,181.55095034254927,263.14251661253553,210.4398631186525,454.7974248075778,1203.7641925718187,1043.950495808571,1352.745969476424,918.7901580833743,229.39610237485667,273.98186850276795,404.9939716859107,638.2611236918982,1106.650233881451,430.0494941013179,236.3741349264601,33.79006800958893,107.40345276019332,379.46898530700645,81.18251972467348,175.9020337982411,701.4022814710952,185.15241120934536,57.7780617856778,157.2271741549656,1138.2821260928815,337.89916391076406,84.38747200210673,80.5994064008161,460.3978026298397,170.91748792193465,102.75604321846589,102.59469260165704,261.13995120690845,60.9888074879871,107.68524695306917,412.7759992724575,260.55907103228213,560.111919702643,1130.3905934371826,1029.6977180779045,176.02461781639107,108.33460174227987,90.729189398138,231.5850155196365,62.710453586778215,57.33056944664695,178.3352805069195,583.5116023844001,831.945167275837,1005.3749012465671,1570.2844973028891,956.6466160199692,68.20391336354712,592.2201448296823,109.58476520707903,658.0415434436948,144.8605055874958,754.2386928282892,430.7423740659065,211.18397307734205,206.46269425379032,122.85847372531538,104.94484778930187,184.56778389066704,84.69257973473464,281.50149461064075,264.94683578656503,288.5090486006205,323.14176462862144,26.22119204941761,25.334481950842168,123.42345723276392,0,0,0,0,0,11.402317765972793,1.6508336406497235,3.788742508037177,2.0329049521357,15.433094872804972,691.4266284913793,66.05132517789632,122.48641410044891,8.945334222297765,76.02476727980144,26.56166368882456,175.1775391311344,1310.375910014641,673.8187021784736,681.8263846721522,448.4605558707047,409.5915168456358,150.8772184360753,148.3647424647517,254.23895624105194,238.4736314343949,210.68222835199956,408.704658205448,348.7733359763334,82.5844994269027,278.26499611955796,750.4165567677734,442.7468599823873,77.41993476768691,47.19126244902315,47.83057598269867,49.42219685528628,25.89389044876727,47.18255656954195,22.866162051993577,48.142207673737,45.17601295926549,63.91478455770808,63.29825135745554,141.05135162808787,942.4803930414697,1222.9735125619734,1540.0543688822079,478.86051844928653,433.67758192835925,190.6955573974852,170.12624691910216,931.109351942997,688.3167189208096,924.3969125978304,138.32361865419975,92.29728632306625,89.42518237856531,59.446343872604714,514.196450176733,136.5936932215942,78.0798226562841,108.2341272391062,329.0648098025476,107.53369126461838,407.53656380370916,201.83938011364643,90.6372712863323,1330.1516049057732,636.97840308944,739.957315019497,706.8387724213459,517.8839559909171,1130.896071556418,518.040811961687,269.1398469125606,513.3364037377955,2172.727312843716,491.3671469145451,325.9767904073662,11.816499240216473,28.229000559340086,34.27225270805135,22.748278047364792,25.349784746205962,22.77123433073759,15.037409910698335,18.785964927472524,88.25461049535883,9.301779924908613,48.97812568775175,10.78434729596623,136.79263710263018,362.90735072218075,1822.963315547243,9.925420822096832,16.037354784093615,4.002346766033801,332.27229360729837,567.317862946293,644.5824737375777,610.6079563506321,475.6320983023794,464.1668511471259,421.0391990651581,556.9582513855328,1183.4170745625972,756.0162947799142,2574.166112841082,1253.5771015404684,2077.8239050307193,655.1577517236402,1019.4065209162985,1043.0349625633303,1737.2411391107498,2728.932779269132,574.304056922288,592.094339485218,2952.4602897581103,1794.297594747491,599.6367102458706,1682.98375765488,1819.2410394302651,1045.8294346802165,1976.081805541907,3098.3790592515434,468.14712348495715,5001.696790703973,3990.6294506329937,58.52187167212592,2038.791420183274,829.0968028238632,37.588138756135315,1581.2504345587975,1755.1171909812201,1330.3565461148744,455.36985730790315,53.964441735800456,180.0595099690607,151.23802822927604,24.06235860050377,71.32757173436096,140.4260832534747,251.02065810571384,180.36717840982772,76.10302981727337,88.05546536194775,25.413050294020604,19.48134848664811,16.468922623119752,16.476637139650684,19.341148496569385,16.82734793466542,30.356779831037887,57.68388434543838,69.13754017329245,51.75153616572263,1883.4388704593487,139.9585225794436,522.567813942789,114.97628993483944,19.78254006501764,207.3417721982412,411.3244318463848,446.6378999753892,43.80073071472183,403.4973756053124,727.8863765065688,895.4317187950907,204.60193058430247,248.60976705748988,332.6933174974419,700.1791990254308,2088.96487865521,196.93465500711557,586.6046706555355,434.30086343542166,426.0953997095631,466.586895959625,107.95574391394945,760.9787637842556,171.16375758372976,390.12917134264177,94.47666227737324,210.75452761694442,84.75851973829391,46.350673704471006,46.73157304187171,45.45570808701986,16.998303614330215,33.87981933295037,120.0784417972422,78.18860634674633,180.6600992404233,79.24692244678972,137.24835053234028,495.1885077161309,219.5012520959773,210.0043571288769,573.282513381529,180.80932084308816,188.39828306722353,441.5280607813872,716.3151602028316,341.8519257374776,200.3059624749103,196.32436533180194,269.0677512987259,123.95046053531625,194.2644876333944,450.3889071573841,191.67963624455692,249.28474194471593,167.1226889193451,170.96317392843477,219.86407751344345,333.4422815769011,186.09848761841326,206.01133441499832,199.01084385986087,225.02594641366747,229.01492445835478,364.53068879784905,269.4829709003808,170.93801660259132,315.2967682518174,115.57045771053774,99.17671399871485,98.93359014864284,415.0793157111799,407.6151363831175,65.91567678584617,87.51148752013555,147.53497094027873,73.30863853326375,55.24646130400899,60.59808837413286,113.97108556927132,318.98455676079584,110.96604760611412,242.7044755094827,500.3350083981964,959.4519478739207,3825.593606002306,9883.819246306744,2966.411481404832,589.1418960256624,530.2838833524191,502.61440796236036,260.5424014505037,256.33055595564315,299.4052930649098,320.972481309589,195.20057075289213,128.91364962111888,118.57847956820612,188.75003025080517,189.6560944664866,125.52274862962336,78.40528544912566,76.72801729056405,19.37053896022036,1204.0729445735508,87.5955945965599,41.752098116715096,378.03884763125103,83.0890729651609,58.82889747520089,59.01012594044042,2.9222548606442724,39.83681022765214,0,56.55653932159845,10.532472779380228,37.950563364294126,39.85659607200372,35.87903818795345,37.89756336725676,37.022449398794876,40.58359440836647,0,0,0,264.50599570731924,100.88133441637468,215.46038483731405,147.50764373358376,245.07934117557508,124.08272000023533,181.07492018044863,550.9185289772221,420.9086816222443,472.4215377714903,245.72090133030798,338.52573560293075,281.61889122768434,323.72355103393494,231.58411770284627,116.3820533199272,146.35564773815457,87.80404002083789,162.8583821728825,168.72301670614584,462.7472052354721,706.1638186490436,183.94075391857498,414.72958161656425,80.61791563717215,135.04681588521248,545.5676454931425,128.20865448319336,160.32714000954235,730.9089107827201,132.0250825147975,738.9237045075597,772.5087085851729,827.3789963447975,1050.4778435929404,2679.8969843579644,1204.2629608072261,3205.8747462566453,700.8785117121427,494.47119128186966,320.25498567452536,833.9071388040284,388.4898660572059,1385.107158505214,0,63.376592566509075,59.339997864833514,110.63629007506626,59.533293371368984,563.2449039181126,56.72105549049592,49.99202729099576,27.647642813392228,139.25125916509722,576.3216840008796,478.981670118205,976.6706926997854,2411.981974179515,2533.894987366486,22.979372551237926,58.953017071444684,438.36228697496415,29.209312750856352,113.94053843269967,211.8368796334046,97.45461660967392,144.81297755557205,200.96374499424044,214.670512617971,133.79060743600428,299.1038397818468,106.3614116816793,135.01269128853633,60.450480679104516,41.90778897776662,20.735687104740663,58.76306830526083,27.87762078896937,16.611237740493216,162.28072322761312,23.683172397433047,209.22607187841933,24.923389786063872,210.4715325157616,7.913814547875775,3.1145861032255633,2166.3322379541182,2205.1009973422338,479.19242895710363,505.1960436790246,121.21774412667997,1052.0602813629848,920.5997129305003,551.7802504874182,305.72513492684624,124.51992810259115,117.90478000712028,117.2847808071454,50.17846657495491,48.81073073517472,61.762048957481056,42.09228793289239,50.962178830818935,74.0908346666155,82.85317733434516,107.66672789760196,373.68755971977714,943.46356604583,332.5224755923597,126.310186166853,63.522261008941456,46.9940135518323,69.29658920181998,66.75867716233721,42.69460450713915,463.3269864434291,196.1912827142143,85.70300364179417,64.5818478905545,41.92147698844211,290.187580053936,253.2338642045154,520.5372752089828,544.5259088163028,183.3939793543075,157.2615583838091,278.7162959475661,309.2997273514289,477.0475459141311,232.77900059399465,24.00012323727728,28.429521568932888,240.65121442884623,132.28979217165207,0,44.966012511214494,20.77265110530933,26.24893996139053,90.60946979472659,649.935327686743,1580.272701405481,1714.9322195710856,100.35868496304897,106.70156680913101,40.130307413338514,131.99349432863295,496.1793307312544,163.2892956723362,591.447077736512,93.96842230625649,90.83814776830957,283.6658360991104,550.7361350547535,94.79747026262875,80.88562108478774,21.67081024191475,13.943964147273373,18.402676214965883,58.726400829077065,18.290862855779114,213.80393993965308,157.0586720753616,28.609443758489185,37.94850192526694,113.993414650168,60.59010463438166,61.63535287506435,282.59911563360464,642.800176088335,52.860634049355674,190.16567216755087,176.63619241643988,37.70978061717084,166.2985490184872,1.6165945765875214,1.6596819475643103,34.3823788699131,275.9499248631848,195.26308040014897,42.3168113850934,627.4365684130935,364.1723603844902,78.91880794985094,16.38927710505432,8.672946314651435,67.68461891928472,22.45799326492729,81.54656043129671,30.53235932825843,17.11230005818885,25.11737134239962,14.95375982226263,23.312662797857595,12.470350161024962,26.348882123957317,312.6680326197319,11.913166789564533,5.5504436659997705,155.55832910178682,739.1292646010174,549.4077270222303,35.42828726046668,108.7007650025126,143.03879524884564,125.6555855449181,198.5562613143799,94.61293982766777,129.6057950790429,23.751102605905043,35.68543706731125,688.6777981498625,498.73183345600836,1831.415361370896,1377.2301024590827,1193.6587800108573,1244.5278028141872,726.8074713895369,418.36928501753056,3.3017569473361026,0,0,0,0,421.24119171880426,0,0,0,0,0,378.4215173090517,0,0,0,0,0,0,0,0,0,0,0,0,39.581880624974474,61.46223286376951,0,0,0,0,0,0,0,0,0,0,0,0,0,0,0,0,0,0,0,0,0,0,0,0,0,0,0,0,0,0,0,0,0,0,0,0,0,0,0,0,0,0,0,0,0,0,0,30.901061014806444,62.02682259192449,32.49793010626582,46.31668238895734,0,0,98.02491167385219,0,0,0,1.0965990524292502,0,0,14.605857597502144,0,0,0,33.83744143707721,40.91511709262152,0,0,0,0,0,182.78964782692438,3.1394175921083023,37.024923659387625,7.8437280397410625,0,18.76914455274412,20.909814656346636,13.667975657497122,12.56394991918757,80.42316997141955,23.000491279525658,329.1836942762402,275.0369524530553,105.81448474197335,77.41539161683934,127.01755014736108,173.7616548374744,0,506.10400059847746,22.098429132620065,224.9116681388874,313.72696249469703,1514.6353241009958,117.79735340826016,0.7604473165496773,92.52244398717819,139.0247225046854,152.36492116822143,98.97880899513132,119.23222056498702,86.63271092099708,86.31987900112098,179.9900383519327,7.503742433471463,115.99828424749286,120.1269909640125,113.44149957424871,4.124593363794145,151.4179079142429,57.047784115846184,5.926684971899607,4.241827686607997,117.06162869424911,12.617525211340315,614.3416276928448,442.298373441727,18.76798130795777,413.97477587747795,320.1705956538219,581.4012812146673,133.4803149647939,568.7265366915304,160.40112237046807,520.715780026681,118.21867087250325,274.07548743999496,427.018739283716,41.74111518129408,690.286079250011,367.7880484376693,37.406672127789484,138.9821034376808,35.337609969693,31.7914962849858,69.96071599669547,261.60565099669736,287.38340191608063,508.5924187540121,291.5840291612233,362.4966836580901,411.9003303579779,80.27298273031573,15.730139640874432,17.555163287749846,2.455220317626536,6.161027034850986,11.781944791768055,6.754890300195971,6.377435540063997,2.0502843458370763,2.100760398767574,2.2467639910311585,3.8348039147864883,6.0934519463176455,0,23.796794482550897,128.48447372092295,92.31096309799572,174.43767915526058,3.1922351176768817,413.8095253009347,242.14569051835548,126.23739966497862,32.182421626571475,12.694322424714462,10.317301825650668,52.48966065179053,67.42496084733585,81.72475915924322,99.29105607080905,290.87424642085966,231.85656612094886,136.57715678354884,261.4980338254538,217.49220305839427,364.02273490839673,467.2496875436183,1037.322983915133,1129.8868041293383,814.6451096341141,1230.8323616779444,782.1424315241541,192.17533571607862,785.8638660822909,873.0936636110064,885.0900048607086,500.93786721659404,1010.5156661340831,16.188422117318854,70.07070715747678,230.86639488373575,243.71569335740728,511.14012461336984,542.216864672881,385.9779939110755,12.043078146190199,36.70490501844271,36.676429953946844,86.01218394564249,17.267705226941132,44.14928951159562,66.60638515421596,63.619053550403436,61.0020290671471,207.46925940913735,252.2590542619386,53.99598136491668,85.9878229365376,580.569919855271,93.92048858392509,433.05020101865597,730.8615565233342,66.7618036266967,55.986122502790636,456.0370413576384,218.700781668395,397.70878320703514,179.57229869940198,208.67993586164718,260.69641763848654,219.4851253232474,98.85203927835055,573.3209688005126,477.54096406506665,588.4038285552841,811.4584507422722,296.49930945278885,259.7166064094463,343.99379843072904,223.5718134881732,237.08021488642254,523.6553132883535,487.8073432755401,471.2228117758835,448.30685815508656,502.8758881641756,367.76137308420164,390.4919972710006,347.6338014161335,406.87960544770635,627.0416336305057,832.5249777390146,750.4575441024449,463.90319359763004,322.02221532551,338.88462915327335,280.393167619427,139.47205579214508,342.1465896626898,255.29754620295458,591.4318415854548,145.1621485378356,48.98365384622757,31.489989748945867,45.003088934348135,40.100786581252464,48.93097912175287,714.929734262821,1874.462444617434,1632.3097833354025,158.5311449326482,287.20794213778424,962.649550956355,879.4357259672903,134.06772493497115,304.1231199281593,322.60101785798054,273.66649307220786,186.6815412777712,874.8475393812108,571.2294890736001,206.39731599702512,117.68758343606898,740.7680805775994,249.56463617641214,336.13792429209406,284.94498129463653,481.95684833398104,183.58822362284235,148.89768680255847,160.73977842021674,143.27019572721426,491.301822121879,262.1669105041314,243.88868519560077,311.832378612727,225.20345656875338,133.40241185738284,154.16047791457726,328.0126674136754,113.9785465937963,207.79810012525766,303.8710187721234,150.95085469709713,188.27937635083245,378.9856210031514,661.1835672126367,138.39931742897448,432.03426465839453,77.39239878754607,805.2383924241668,661.8615935476134,151.20733961428672,191.50388151231564,184.47680856527805,633.5086002152859,700.3366570989011,696.1205382270639,582.066322963105,122.06059334747751,206.52648864626906,600.2177274571545,204.00425513377323,108.59252149938305,241.73636907368135,528.6169798570633,115.59232191715301,764.3599841328555,210.81984742923268,181.18901766570377,481.71526969164984,452.051619144181,142.04688143513073,281.68687294434477,352.2183146933402,234.4415758313652,535.8305118082316,321.3509835023514,123.53128644871869,238.5516493116394,207.37288756734398,287.406620409009,278.6537239640715,369.022344845185,366.36697905522743,492.8916882512856,292.51875467897815,467.07989332219245,314.5949154067559,180.65715240447486,275.75012943813306,487.4051742931373,242.7523121623869,582.8814760548712,754.5004030408733,779.7652558602736,386.44745318345434,395.33641263981747,449.88464654765687,607.6393203827646,377.761852015209,414.2642097478308,14.496968898911298,78.19933012795696,114.41119622182786,114.53056126724593,8.675889835653258,16.257407512163642,31.515805341978098,11.32463008453725,20.232321369432064,2.3170185117557596,0,0,6.689238860752098,667.5504070075572,0.01402370579063585,0,734.0619384686881,638.3464793185691,1003.2613670505642,775.319113935503,717.2625606952669,968.5592113029525,420.4606664657069,724.8657014446419,0.34910942764569564,407.1955012271902,0,36.44711601509064,0,334.151203465381,36.87370398211978,649.9177159713431,0,0,0,0,0,0,0,0,1.9220200533768954,0,0.11334823159698564,0.06568675187054751,0.19422390084857283,0,0.3770524864766752,0.5833490639311913,0.026552076382390717,0.13103575527007968,0.19858196890733767,0.14497186768038417,0.19631795966603421,0,0.24861379154935656,0.4913807557351395,0,0.1537936892873162,0,0.35469545216690035,0,0.8129047607387575,0.2841392325927869,1.097907747358021,0.09833695864222133,0.3677124609614663,0.4361073201752539,0.22342398593208773,1.673300859899573,0.16594009565014226,0.38599770990946425,0.05993759658732216,0.00200873708485723,0.02896626890882362,0.0529727051712827,0.13685266038599708,0.04971795407175041,45.84512278733731,136.18911029581687,393.19755988210744,92.22247001512673,593.1885672078603,21.82675455082129,36.07032347117979,3.0061325645931545,0.9921046588036161,0,0,0.36665141261993944,0.13767544123081932,1.4061107250387146,0.1731777925162749,808.0435184247967,425.7990589039968,222.4290135412533,272.92881145812436,502.73803252670467,76.4224735392649,38.15390412892789,169.160348411023,40.62253080824178,100.09441609493292,159.65198145505542,58.58367305392484,268.42945015139566,136.15187440169652,358.6679065956703,886.2641682498099,221.63509232086804,123.4431363979762,502.08373974911376,415.70759193242424,175.13887066582495,370.873871200127,1072.7542609076754,1247.8527798776609,707.810389738809,426.24911596017773,256.8636267090862,172.0419708204953,144.93747989475074,118.3521184669447,511.0515370000836,656.9223789577504,459.011944945162,1052.56499919312,459.23374093808354,628.4084007524525,683.3613712364661,649.457256973694,849.8253815036078,1249.6454718800253,579.4163323415255,1766.7181243548673,1121.371802212352,226.89684703346236,610.6645257721048,183.98737000693114,154.21596820013573,136.154326123474,2.939926041122064,29.004814641893287,22.444005976536932,25.260189598694737,18.192444612273462,7.969627247833972,46.68092761277439,29.019406176512657,52.53957894403837,6.44093746378621,13.626977230328354,176.34397551734767,18.17072650400986,58.892279644242066,18.926256009267814,126.0390979192164,15.222306122661637,16.122078727563544,24.69902407041116,97.39511987330285,50.99701572102603,66.78149419601269,2062.96549087445,460.90230172505386,437.3322101488381,539.4599100301847,327.11796895137377,187.33640572398403,1112.416246404575,721.622256649066,275.62064036343924,181.4949790124782,462.72888506475164,787.6077567255976,771.55488615833,2504.7344939767677,2063.501173115749,698.6291561255421,1390.5026401108469,1205.9667079622095,3312.1417960927593,3620.978880214728,1473.0712192999538,989.4188952477137,937.4358087907922,1106.0853796659223,1314.1689150272102,682.9621811420244,934.5153041033049,536.0859878288012,1004.7535541291678,902.3901827480915,957.9144454969551,891.3830341282079,1139.7161581389355,2408.4360370873023,2518.3695941061874,1619.7965670164901,2287.075055629375,1406.439937899708,1120.4166924761878,617.604440478885,191.78651104656726,541.7440297829777,452.95094523866396,585.6817256453676,117.38065723542402,197.18794120181735,269.8261259832784,272.8614503572468,68.35963020601123,156.13703177408703,113.96243605062253,189.41605244450216,173.7469536186702,325.0030650614202,67.33676668996101,4.103557885883836,15.435593205539352,146.62366135054577,136.21932044253398,131.96254053705186,61.60241085140088,217.57134312232625,85.33299222477682,37.359984066181426,162.2752114324267,233.25183655124226,139.51604624546644,356.69461310364056,77.70279792219297,0,14.145107410942323,99.43669628813399,16.955407513350604,59.69311752084908,81.5706042168752,204.83749968747472,260.1483386379674,476.6681104624752,164.1997621296301,768.7880520445035,336.6685366055572,1233.03769065409,196.49411632600197,308.26678084570244,521.3139368869922,2062.6806589794905,3805.4323893618853,4902.109847881663,3978.588509482458,3842.042401400816,4595.720382929369,3445.7896138052192,5084.553037975325,4067.5737549884743,2809.00213758465,1499.8053716259665,190.94671780108757,355.2130028390388,1176.1134292292622,1298.6456456161604,910.2808346179085,226.984838826621,119.82996212527168,262.65297915983615,107.84397022481079,81.33880449561184,951.0822529906335,513.7587862158672,733.2184204815327,827.1474933780071,1962.4664453811351,2141.4352960295614,2857.2156871907046,2241.540689055031,2387.931299789209,1174.9093503794054,2154.344947099048,2395.7160366839653,1651.986327826299,1201.5562916840197,2440.2694428142377,1688.6330652307954,1619.521949600367,1835.880031528912,2589.6484314852787,1346.215355775743,1155.344170635108,515.2132132438533,13.186049041393806,162.14677649589794,61.959592911498206,41.479934717830126,78.3074824581517,164.51058595566593,230.04367591774226,194.3580158287146,177.60341466037892,130.02892825294524,219.1648787773628,238.09648967111082,226.54694064035763,609.5863774477419,176.67559495278195,190.17636981450124,389.4256859390729,353.54338529464917,463.34063547193546,571.7373349152617,246.668741626214,1186.6181701660453,268.95077957115643,1182.2837771449017,722.7561601468394,342.0037409268104,243.35456570038306,366.36737554518083,265.205454897461,236.3537793627889,134.41386675530333,643.5216132307947,303.3383081066878,174.8341193676919,122.95826679463782,282.5766463771929,234.93444882347077,217.81512662489288,360.61146363281534,238.59367609141768,168.5314488262348,169.55707446868098,128.1418745558444,162.89268457772283,2112.134442467148,725.0434555326998,360.7064642993439,447.4310154972753,895.5512556458135,809.0149112650194,559.1895839607743,759.691885429062,308.0218988627315,175.5594512743211,231.62813092864454,80.41173088970892,115.11443020677287,236.61646811189945,70.24489826319805,232.18525869614106,250.21175067025993,178.15458152531963,220.94825887744236,652.4806555072264,324.46789363801736,261.9780994959524,747.1715968071742,412.257424297714,535.8597038936571,666.6168054907504,698.5274242891513,702.4746268979369,411.43423590249154,661.6167499157486,883.1375193333195,628.0851447412628,491.75051266294093,621.2480511163488,609.6949225511081,215.35611421230917,247.2295164922693,150.5628449460129,144.52073234972673,162.4108590524098,106.93049155148562,104.26724256963512,131.988052195575,543.6612191466132,271.8867510994408,64.79989031588164,212.45445660864354,282.5948306762089,629.7457120574928,973.8576958107203,775.1179332873983,716.3530324077187,1251.9020153965737,1059.9934981685715,4650.076240463619,698.4468854636094,755.6605130782762,331.9457836059647,229.31030024099275,653.1072744312505,1521.603170550682,2004.7709375756888,2999.8988282022956,5519.159909599276,2704.210690181665,2069.7497500472177,1629.9925811687326,1130.722413568697,2260.137443506225,950.2629223625935,1405.8061419310252,2237.2906472576306,9410.570302373264,485.0123598263051,675.0841076271271,566.8723422273357,658.4879197415155,778.4862880275309,350.83867659844674,166.3026778888413,263.3461629865285,654.9489828202893,770.2668830260301,730.9938269899945,595.0998491422278,524.8157362074215,391.9073066022168,103.89757710044822,23.338073760140446,170.94329181357173,187.2981619098904,156.53528308058102,29.081050488171027,35.03740217166379,1.7550071114165158,143.91468676716232,101.99274004063642,1782.6597574068244,1485.6319590611186,1833.676247486767,2233.4401047035103,867.5800061566841,1412.57755684567,1163.820857202106,731.3110979931104,601.1883732994359,407.18383956437964,459.1788562043508,321.3595486446195,461.7048357276039,408.6253805206372,480.58588236147165,381.5762219240305,146.18027134039744,413.6762293897143,143.0664256042296,200.23050379486932,124.19052703198038,292.1051788789029,338.01850678502245,207.99801797123456,85.34311787218986,73.42785477424428,44.70581006380454,436.1998149779207,62.39800877403056,306.83718345746075,259.9482795475015,162.97871490161407,361.076265806434,222.8120845034466,277.90438499176275,402.80530045055514,548.3826663091525,1098.4264460807444,1018.2715733957189,1047.167419298293,1945.0571608222954,352.9975495293622,500.1666480002389,405.1813053418248,452.9240236127029,435.9316562739016,104.6888260174685,65.89551385322729,88.53465180915677,83.00429127627021,56.23731815036164,61.25348204860537,92.74544144245343,1.4911590138191961,805.5640318152896,126.4889724541631,97.00810958950431,36.76416680877813,49.505807245263306,1152.2666873788348,544.6622334652621,965.4621258406856,452.31566234174136,140.1809692037258,139.57208583865977,368.5051798046737,292.57366905169687,583.5823487150928,630.9100773521077,204.37426993527353,624.091611356107,818.3790806964067,1046.17421148366,637.3809662624562,647.6569436350908,666.8275966846302,317.0079544559113,620.1335331511499,701.963455192202,1383.7725650832213,460.986297535236,217.86657842863212,91.58814555515089,93.62291248273829,83.23064560842857,164.52330871896135,62.16845498039775,64.49846912546583,1520.9574230244523,1848.4530010232615,1055.9471331649129,427.98865989469977,864.4213050986854,662.1484118933238,71.40193286963662,95.1095443898897,560.3013041585863,482.5849126289439,1092.2945396902162,1515.6644135221654,935.8119678177629,445.62179285211954,447.84434785450344,286.96669976604045,169.98988096839201,52.21878531150576,162.7825237834234,428.02288189872877,595.1128354376967,599.5574247916877,900.4724185882433,1007.9875956538473,697.9045710178424,74.07036717606174,935.2541048662408,1769.3331104145975,448.3127635104294,32.50350937391773,36.213146582668934,70.18527744914081,37.999604476552484,32.582429941577324,32.61030904289823,32.74996868246455,493.096846179341,20.571335287327376,333.33177167378693,37.21121407034943,384.15172933425436,39.68493004304911,44.95757650034034,26.185712152107357,141.35419572502792,27.043441073660688,106.97398827065244,54.13853640382552,61.82237946177185,80.45420960524724,235.13905802569835,85.38681660323661,121.68643540204528,41.39489005333856,122.74008470085832,272.2061545857674,175.9222796138158,203.4409948040705,181.59300096281265,319.8877504206034,70.80316224477676,114.25103062143222,39.86756229549325,141.16680660469487,29.58596549046881,42.6854365622269,70.48192414025736,73.55525868216576,52.57484786911359,254.54281822371235,145.36531478113827,99.04734037284645,81.62197972041011,48.71313070472847,59.57087358925616,43.47548106628012,42.50255028660022,46.982015750042926,101.34844705029491,36.5303494490938,36.1447269862014,143.17647646586687,36.66974337394894,94.2649360559342,148.31951684440335,324.0060078920314,1040.677326595875,1237.5026924139404,1013.1422661703161,730.4743419990962,112.02514808634861,133.520434650216,45.41285827583303,125.1714437954722,288.75809838756726,231.90151079372112,99.21422507111376,335.47597862887113,109.39823200749146,315.0933936750444,336.98924155165975,126.07139056137551,300.69627161149737,312.6987974764652,89.34395206291785,322.13911388294565,120.18838787498373,106.26686207046268,13.721202642627114,155.51421552119027,115.41034410665576,231.1479561165845,412.15835979577435,314.20191165286514,67.73604538036976,218.42195207965054,67.54883933321001,55.24731926375873,192.9849006130321,151.340358167267,296.64940915625704,303.8178867536897,162.1149351521591,161.848345246543,66.10458600501559,81.24957626621763,38.079055981218374,288.68692952621166,497.1528260510484,832.3607364856458,513.2835551201039,683.6603318570958,1009.2127798210789,1249.7997706056817,2273.6434073853798,1283.8567439831468,51.789131328550894,107.87205756307034,171.16737737570602,359.58766751225744,155.024731317545,167.33676922179575,175.11760944972033,228.02110411113745,399.30172447264397,189.92281129349638,186.79988911176363,236.769956418135,828.2714308676993,197.5909401140006,82.7363921026865,229.63320747531534,432.0482937809514,250.44050534229888,53.62600567047335,122.44107441938397,14.674825862167308,157.5736295754407,407.4999107128551,588.6671013480376,383.0079202401334,390.1445657035942,346.16419578069923,571.8104202399618,217.82063153408834,55.72773539456758,168.5569064913656,190.00222549175888,70.20234354917167,116.48030285768081,67.52087035689797,200.6904155893034,249.56170433770578,404.13673296788875,247.20202971634373,208.54930060672066,164.5172147948772,35.369737543676585,849.4422294438101,1286.8431194150019,932.1728037366845,742.481959825243,1213.9815513064893,1054.1713815525113,811.9674981144883,1166.8052116422737,912.9572125580111,1254.2320893756828,485.39155693677924,359.37715727993225,144.07417546443483,560.6486477848116,34.66707792117167,291.74408409606787,404.1485370198401,376.2715121213308,605.4959377109603,465.2716077020081,26.875054802302316,170.79687103094452,39.86287299404757,86.60566208031499,224.801892305508,187.47905675343455,209.7970657774363,59.033223970252976,11.692556681315992,31.111532871927775,33.99820486362403,90.97848147544228,393.76231834784664,83.81945994654369,442.26709348268156,480.81731619929724,143.865830753362,83.37992993308517,406.11959362568865,115.3415880474308,37.63521924111917,27.176480057090917,179.81197320427282,374.14761658870884,183.44481332891368,110.80465992128781,67.35877990028067,105.21729590799309,53.648962169720534,55.670371374258615,81.50853827985385,132.1561255299227,207.94754632558747,193.9780899388305,129.00901760694947,423.2098498906677,402.58932443095557,28.919863806236968,60.7580093483022,139.22901891280944,214.8049270263539,78.65804328533515,171.45037696122827,142.34614717078617,62.14090882031472,69.1688990344154,62.41669639238539,171.6346391246788,300.83730905439893,51.28014236865093,94.24560914103779,349.329948539116,993.5586455091928,89.22779580027004,153.69533908360557,297.98973472545356,200.42546667825135,31.552170114809996,35.82838804457741,146.91473424953776,249.9392895880226,58.271271792062926,124.33234023317446,238.05854916373437,108.37315647823206,456.2824144120914,643.5663070883921,609.5264241660109,832.8166889055608,192.1742720175407,314.37220256098607,203.44932837057152,90.88351835014505,94.5837393712663,380.00371659383376,415.45225413926,83.69423869460599,20.985146418351253,25.46300327885063,58.009643539612455,21.213241283331353,45.61341689789853,11.830371454080272,26.09246052381419,87.27030706177679,96.34396062823622,273.38274752569015,103.98413886704321,149.23104644081377,338.4922698190548,147.4040492207885,8.473604879386565,149.96647259011684,0,0,0.2951720954830049,0,0,0.04204244842388119,0.5852293236748631,1.1929788233752157,0,0,0.09492232947029253,0,0,0,0,0.31400983089397017,0,0,0,0,0.02311525076494766,0.3122472175890931,2.4267773586396664,0,0,0.0124167426739031,0,0,0,0,0,0,10.659221951827112,0,0,0,0,0,0,0,0,0,0,0,0,0.4972521976263969,235.4571851071012,5.94891262351531,74.57099137586253,2.6993180349569377,0,0,0,0,0,0,0,0,0.8052831711216095,0,0,0,0,0,0,0,0,0.24443191737983785,0,0,30.76362576880858,0.011107046382746998,3.1168498469396204,6.560541288393395,1.7653519332627277,0,0,1.3411932899630945,0.035401409702717344,0,0,0.0038650578842693265,1.3637425695949466,4.056531889447569,4.47358775379012,0,0.020637196574211994,2.3134488278984784,0.03590538315578398,0,0,0,0,0,4.295247772275496,0.2443617907758425,0.4388385859034501,0,0,0,0,0.26474908201706726,16.35516970746877,41.39704199554857,10.618782701583022,1.6725791179526974,5.039860530009313,34.98060541355455,2.408864508625475,0,0,44.2464647672197,54.43844577865854,31.570458437475715,22.919684840887406,32.26416471485577,792.3641156962093,698.6504027908862,941.6663607796347,217.52957647850758,791.7791932376982,726.6236991606982,321.77485515354107,210.4588208806382,364.99071327496756,1628.291680343853,913.2434746997212,884.6572619746637,9.880556040329505,53.458718962272,10.813724109221797,30.87258450771064,31.88765377928775,62.86908926641274,74.9002849405248,246.0258894761756,41.07665152142121,0,126.34938536617203,322.0683166163911,126.99753417323593,105.94583500144766,111.2326582337302,327.53197153560177,278.997361231855,855.6198274707097,636.3779905826809,958.4778027460469,7.0005361756114945,62.56421877199562,17.366429733687006,0,0,39.15208827660844,211.02633732192268,3.8743200650865877,0,0,0,0,413.0601863227658,0,0,58.650476065450285,0.24726930433669703,184.60028335490884,787.1428314257778,75.10583365654928,770.8668151969562,213.84608447974685,838.3136598328318,845.5310906215765,376.45891644064125,131.84322062236225,0,565.565970690855,316.0508006735353,118.7447664791359,33.359536648304044,21.64442690050757,174.58888395959883,107.56764831424664,221.65565562199325,21.86496885269675,32.81130571066741,125.23497900048947,351.46190063683713,693.3370331677044,91.6318003049223,33.3032077226225,154.73378647124377,190.44253242191945,101.60562662098874,253.9869539054393,93.71812212386256,1181.9761110260965,1731.3376517328213,1630.483329667033,5857.812389945036,1351.0062597157757,5909.889858654178,1964.2946272545375,1898.3280366611668,886.2137549586558,1686.8508682019226,1057.765000546315,1159.0849374784968,1532.489602476278,608.855551039155,847.0856789727461,1342.3127380553844,950.6232681094755,520.0924538302555,232.10435842636184,198.62351969609963,165.34526484173645,260.5903558291393,747.9702511754841,489.94399370217224,1217.4517518711111,620.9519354257626,1275.983408157646,1239.6684006098803,1488.31054700379,1061.415611002955,3697.147495222854,1703.1727312485316,7863.946305748822,3433.6712018798908,8118.057268995773,418.3124035948015,105.23490555506459,364.78943450669806,196.0269871456601,1492.2452744402692,318.26839582641907,8.866885319380602,317.32351501454457,128.65134505720283,313.5624439961807,5.472930182719662,226.71776407763497,222.43003455236925,123.90411190318667,210.19287589843498,154.04328007272983,219.06323124463836,131.79005805821183,283.4789265630754,265.18709474198357,47.582972891867,349.1971644459698,341.1113220259723,302.7101069212839,294.7146186982915,10.178868184535037,0,0,306.2529885884384,93.88201654363988,204.11580997042873,0,5.9599476383134435,44.21961905696466,30.61183602037497,613.6752679381057,356.6019826445742,369.80697832050186,100.85444229281151,253.71530439587826,357.4436820149784,45.67359819823959,62.06362108015992,46.570085533545935,72.15067621907285,255.08365806250964,67.45913093465398,43.079767116479395,215.3757609624696,233.53911709044786,490.2105828304703,394.7812426285188,551.3191964248563,511.4616847487674,799.3147054075147,229.00606518798094,200.78442851799872,907.4670130055198,555.1190068556808,336.3331268067691,80.5630882325451,108.47473891259409,231.99262384865722,101.0518871349385,34.73073614111894,43.226025836681934,139.32055030877822,27.48463468544521,8.032520711396195,27.867494409813933,15.65764892833374,22.74835094551847,248.58019244734228,1269.8317316470625,560.3755950803669,187.51604243692364,54.229741385934275,10.663331093365416,12.121831576766041,16.306435208431722,17.61121374709712,8.582131892711242,17.993735261519397,18.039237429959133,16.805232255169052,0,0,0,17.688576885788432,26.88366633248101,63.12231277215472,27.779367015189187,28.11272856554083,26.96324608469581,4.576742692869975,4.459593319964648,5.535100284728317,142.12312036811184,1264.4843287674871,1600.070809393164,73.20153568475197,14.190759965716984,49.69480718842344,27.76612673146594,30.618781622821235,1009.6785065763975,3473.4272376158224,155.73147882905155,558.2048718080829,156.68407308313965,13.93958858863867,277.81187276218566,33.76428008190656,80.59429609296407,23.30405796048407,2.7901946205148436,4.383926106350174,38.97504937554345,105.33413388374768,1246.2021148978667,1397.3687593679165,1114.7398843830033,493.2301081774193,911.8629714055828,410.9692098674369,308.9673992303626,245.09900659843797,1860.8626740976824,47.376334600760835,51.117777294553456,41.65670328577848,12.838406782943137,98.40951803114937,737.9388161634924,582.002469667757,772.8955276796994,157.45340733648436,114.57007734010924,201.01628958368005,52.71062235568839,17.51890412338738,75.72879715004683,4.33934570055685,5.840722075065969,0,0,566.6920878412728,1023.6026439987698,1126.8337284295346,615.3856608516002,267.32249973191915,0,0,0,0,0,0,0,92.73959629836793,913.3421493652562,2334.5972267166517,359.3162198868455,100.85053347825905,319.02222359320973,614.2272255741772,535.0338054930118,819.5571427673525,4720.749431443748,4573.495064415668,2755.3109897673894,141.74249787834492,288.4195489320021,603.1832621604736,367.0397572408125,160.08859838920665,192.53497316655336,212.86194689683964,174.43916784858973,254.92371239323427,202.12620803697328,216.9146298832042,326.6166732913564,650.2623921949532,295.40518381123724,436.1890013717758,1083.7475610345296,527.0118800036543,804.0591366907155,722.4963034182413,507.54867558194593,313.6646501422573,446.6219856486173,857.9784840279038,679.8972561637337,825.4251656846872,650.565625566043,624.1844710334389,665.0271201674528,957.3469675507995,1521.8795851366283,442.12022122755036,2229.6761204564605,2157.302616315085,3609.1240314765864,1101.405473080113,350.0587878857805,657.4030532672812,588.9855292516335,357.2548328036338,1208.1067950849192,580.2508099587088,552.7280778010089,215.500445972487,153.75486804536,116.28615697181772,254.71868355875557,57.93416643819299,102.70928498171176,271.40575454282146,173.17359830506354,318.6296857297273,133.3351559190496,42.48896880443414,975.2565815618027,111.58082728927485,210.52476848210205,379.7498487724929,143.61101869965603,383.38528189524595,414.092888832964,98.9411909536508,532.3540530450293,115.95916083065646,97.00137925780095,195.21325156283095,181.12770347135475,486.97242138605606,645.6093353684455,837.4602589417003,534.3560265781593,418.68265327242204,789.2233670972341,245.19227626269154,337.43670303356595,223.67713260628835,295.448065466046,201.7743277791161,136.82525413215413,445.9229398050597,670.6654260445926,223.61200626356063,488.52393634213433,136.01074553640706,237.24429823076989,422.35387586031413,2334.1709284716617,503.1321660045734,1026.463593351024,534.5454094554796,204.79393585173517,94.644677153893,125.45556560494069,693.4294643352896,654.0323000351466,72.42368095860223,241.2373817145979,1248.6283174703312,1643.729918347459,738.8224847244486,839.7485512657789,240.1587835668975,187.996415903779,187.82633455344777,164.12409312527942,173.00331978721712,466.627061631579,164.54318185153892,149.10357047547063,161.13001976135618,428.1980132045023,161.47372212022282,787.8789651909217,944.9472397373825,492.7432275975107,448.43558381000975,295.7462630710025,812.8579029818734,956.0220556534842,1886.8760100258478,1485.0279058725073,806.5435098771619,812.6063937904885,866.4022648217706,966.0580970575883,1057.7874479764737,1315.1255087332233,1194.337269991194,1007.9719763316359,744.0340808889059,1644.9414570984238,1311.8605759027284,2459.1732338347833,775.3189504062542,348.6893554254273,2401.094250268229,228.4457548328513,95.54497138182253,145.43071880497794,56.03842326603014,610.3011621216098,375.03671055756394,368.75000795373273,223.90818255214862,208.8388983927437,342.5640279070174,200.41966593066533,134.34882998015962,113.99158375817117,208.87898746002801,321.3511018592164,25.45805728951513,245.24925616142036,0,245.24925616142036,142.53861369209037,353.24672215329804,117.26381140250811,127.4725334266773,300.15644643591133,444.9834753854309,128.36258985179464,559.6103765777146,137.2323604335246,134.180874924404,588.849663134888,24.13839622215821,208.66204573828966,137.20065334809053,236.9829455903058,1146.8721082621066,87.85619916484255,0,0,0,0,0,0,0,17.224553912798807,0,0,0,0,35.07080151042023,79.06094125019362,104.08246641879224,101.38374076268148,272.01660122269647,1216.4536707782645,604.5872058114008,141.10860303493513,50.079135516674924,17.482147341732748,11.13531158166771,22.898465699636642,21.56686828459309,62.66746417369894,103.8389812690907,515.0614441966782,939.8521977518515,587.8111545502024,251.96267429105444,104.61779238572178,100.14762527921425,36.52053706919307,29.09087450821955,19.203102068444302,13.30898090171316,13.330855973199345,8.478623752931503,8.501871518650729,8.553094245834396,8.414415741112848,8.863697079665883,104.26235191725316,121.50019877166062,7.324021307047956,7.035747747314057,2.1440377687747323,1.2195808114261906,1.69470390834722,2.3456679128706064,0.7077876387726139,0,1.1371358566024803,18.751979336616017,133.40478529920074,11.942720611920976,14.31204782613157,14.269979592825715,14.316801054785154,14.441199560836289,14.272236921170528,64.57718612790119
2,278.3836624480686,64.20105541078514,181.23421870877996,330.2782939383326,350.115629020516,99.6062067433664,520.5984173338588,408.4280543201125,398.8533096213883,298.03551478121324,224.91090306734128,301.6276968944473,230.00475514531988,141.37735145299305,29.166141312474462,89.22760193531741,122.58319319626557,1012.7339645499154,210.16079489388656,925.6893343708875,101.3812513736133,720.4614437601497,230.2869285472274,294.546823842671,150.09797208776678,263.2497070726996,178.46880197160803,258.8281080749263,442.734589833949,817.9156002704111,2033.4540018985083,1313.4226093614557,2176.9621579501213,2757.5309265300216,2671.860757407361,2949.141505224177,1315.61175510026,229.61735885857095,140.99147612742996,143.59784534867305,388.1799685600539,131.24422887902514,224.1695293469429,1139.8386890000754,753.3824625386322,405.98435891584273,86.64732717904883,154.32785555856162,218.15198507110424,145.2945904666232,238.59766073673651,169.21842590959645,5.71016416991604,193.22143827968455,6.024254949188491,141.6646644021326,87.30209785557007,8.712162422036332,4.657462139627321,8.24351469371531,4.746484225067423,88.99006459934813,4585.427403764456,2.660653286422949,4.722140909381295,4.739316426280527,5.622601845702095,4.7149247939164605,19.327422261036467,7.519070249041498,2.6330713868864013,998.4527396732612,1848.472638596945,146.9582709373434,2.2542835759081643,9.726495867392513,0.24957814161168776,31.99023444198881,0,0,8.717824303756299,261.12668479847395,0,14.028874249900277,0,0,1.0670911018975442,1.6525544589542511,0,0,0,2.105944438924404,0,32.716872759448684,0,49.4013440201784,12.286614140061161,4.564931834565711,55.26639151554423,34.86232037601098,4.206873614500541,0.5395384408062719,51.22344486614613,43.2683159480793,665.0455844925986,51.629152434159494,3.584640805671969,30.397987440802197,16.846257810956633,2245.869556023668,559.7791916863065,7.730584504987802,5585.927100397191,9116.239970304034,64.10188222224008,627.2859838678519,4268.76197666277,43.714363717761366,22.718809790732806,111.37033424146203,0,32.34699249874301,5.6763551725491395,0,0,0,0,0,37.76445786541289,0,665.4438811317849,0,40.10542825691794,10.524557514561971,0,0,0.08602646884961036,0,0,0.6518561046609511,0.43668656298604336,0,2.359017811971704,0,0,0.4795499387119764,120.23976662330092,4.90264627321724,0,0,0,0,9.03882682087927,189.9963393994281,1328.3242948964462,769.549797191466,60.23775008839642,0,26.587498689579736,191.00296376989462,8.500245408921066,5.799243354543263,0.8222498795113399,1.3961872188307838,1.1352093302734827,20.802889324484916,38.678412149816424,0.19894071511836905,0,0,0,0,0,1.5142100559100913,0,0,0,0,0,0,0,0,0.17849252470198054,0,0,0,20.43489044603182,186.75249098668448,23.392323746203154,22.65185018080258,474.96383177024904,436.1675019733603,340.7618549025358,33.47387424068062,689.1521066901931,345.83077786757315,42.704676436869896,0,0,0,0,0,0,0,8.668507130329726,109.15873788887401,6.147519908824551,0,0,0,0,0,0.16726137524912382,0,8.880497590602618,7.673021862241651,1.7993740063560635,1.6151234993106338,1.1215235979395173,0,49.07533034968075,992.4644897628125,1046.4705734487209,364.1159242804978,104.888502573296,0,0,12.332365115154424,0,0,7.80689552223966,7.208285516236374,0,1.1861110845994554,0,0,0,0,35.294177343492805,1.387417773319331,8.964450566544546,1.3253381231567147,13.927462808562684,2.1822860778293496,1.4831209546551583,2.8618963303732396,34.772051239875225,237.73732743972664,137.73163876185902,167.29808757616448,275.4121213664917,122.6743845231878,49.04256869217778,70.28524402466894,323.6183633249415,0,0.3584992407985394,190.9345074351117,155.91406505912744,871.7681810355174,1734.5876221309152,2336.0577406742823,696.6907727433007,157.6345989416356,297.6463985731711,12.03056322856875,2.456382962219917,1.5169286586289321,8.809761085181723,0,0,0,0,0.7242580562233647,1.2841443822764609,140.95106598274677,117.4338642187917,154.43302988401416,296.10588858040086,27.560911472147136,532.0781224017651,613.078044511273,18.04600243333128,6.447595712291059,9.824119367552496,13.337017601537967,16.81326677074955,5.424160058269239,31.027127867338976,20.784070995935608,187.75803324907596,75.96492507946571,158.8457399585576,576.9997761607499,571.2931179849659,865.7247687361411,1671.2504281845165,1514.0487935865308,1397.9751994059252,733.7613370050136,1224.3998292064932,711.7471557408504,185.07163633867532,464.9185205407619,344.7668775714626,286.33128925165846,124.1921411570798,44.520568562044254,32.81976605777719,26.963071469249478,13.17317347028622,41.76401990659699,32.26379441338009,3.2993388134730353,267.0414833173273,51.37872524099097,468.6002777877803,279.95427269141584,692.5740624063056,3695.687522481202,1145.6695508274968,23.087544622388144,1.8200634687297268,0,0,0,0,0,0,0.2151129179448975,0.3581995964118526,0,0,0,0,0.21936475802558225,0,0,0,0,3.4992981698731613,3.3954985258339456,0.12253816600396174,2.3884430120339295,1.4465123041383343,1.420648225958004,1.4305641696146494,0,41.743397722028256,1.3469366914570635,1.4397445182052573,25.119842880354927,156.89381453784122,13.759152739734386,0.6055586873711718,0.4637934453422229,2.50366154673019,5.010212998051997,28.069162242075276,0,0,2.924099907203307,2.987754413425248,1.3062460896061863,11.725262986429339,1.1562279154352602,31.37477217703207,0,7.439566930386049,6.678257602051457,3.8467920215116758,9.185802459334582,54.66595060462101,0,3.306181753114938,10.22935797424297,18.26790191459618,0,0,15.181534500659954,0,0,0,20.586721037737444,16.464820248750904,0,0,6.335301503126467,2.320768045785645,16.179252403503064,10.38362008877332,16.561342488947442,13.914230642024414,3.149804718844514,1125.419393299178,0,1.2169279630462535,0,1.8757154133506966,2.446540209214446,0,25.63472281409007,6.184030714354835,2.2264417064531665,23.82389544146841,17.282731083431745,46.745999725025776,11.642250441515777,0,0,0,19.12114294214288,7.5893531694279055,11.69621197095538,0.5815248925611881,3.5569917803000166,0,0,1.3639083913759864,2.1099480436542466,0,0,2.0047735089625514,0,0,0,12.273657897411484,12.667880550087629,0,0,0,0,0,0,0,0,1820.3709701264793,2183.1150008482564,3348.563601574507,3392.8717374428593,2882.3107280582635,645.010324574672,2299.1539206825796,12131.222144989977,0,1054.4838872779887,247.27415451670828,624.4947666833262,1230.4822223103279,704.2674333804848,658.145974161568,1155.7068821661103,792.8156465305323,972.5399753999077,749.0184932763841,277.3360488524775,413.39601141343223,364.3349168999989,672.2741448738017,963.3103666607368,1353.8719989524425,595.843614150896,456.585425145506,588.0903042053254,952.3347585119058,1400.260578943175,1661.1783300770023,1576.4294319872727,968.9431837591962,4570.375281286669,2812.5327531284674,1138.939396216859,1509.1268152149,866.4708691356185,1183.770545244042,871.904434413531,621.6187687566185,343.65195486264554,1123.942639849902,844.3121640780257,646.9609910383424,1171.0741631831345,1089.6511581396605,1162.4968229834121,4222.992561134199,11307.67226403695,1510.9698102287093,1451.266241413916,621.530248063851,759.774473117126,866.5112290910138,997.6004228983538,619.5163672536137,267.79301507576224,251.1154409099555,619.6842118911014,0,948.3355257492282,510.200241678931,654.4277337203205,116.66616507157833,91.15192349942353,142.72758510023846,459.7084724742864,502.3706603983488,201.6276989637934,64.18448382458811,32.423073404384496,28.77536459954479,18.96293955218986,8.378980311450608,9.17929868672823,62.3911879737591,8.697518173619411,419.49895390952685,457.5410026548069,303.2518691874077,800.2375778487897,3545.293503086642,1647.7636568925454,1818.2593408393518,975.8850929156312,33.44861405003417,86.0445264414997,12.702014587645152,0.35732881697463803,156.64047209813953,6.457962750585381,1568.8757843606475,1231.324103879609,205.5930242613543,71.71846001067493,43.64672080135378,242.41207168251532,162.4168561343718,964.7540976688051,185.31916322259445,10.718572018832168,97.23834460178966,262.8214428754759,688.8771166261914,662.1199462823784,668.4618767492556,340.08521783338097,24.03484482592621,210.2393323653874,795.6883981768549,198.98414291134335,32.69862581058757,9.46978021325197,28.530550417291245,94.88418618102418,1438.5024707215118,1695.3051058692138,3791.965606300594,2867.881385617092,2098.1187622466227,1615.5570849805842,130.1684568452531,365.9714073452915,1131.3564542102713,2094.7716039960724,828.2029340066289,463.94875060736734,149.57989742537916,61.648511833627936,41.15082261542186,361.4593604936583,6010.120310553302,1829.9391991977561,381.7023087073345,4401.514843687377,5209.246242340023,1349.4861719876624,5031.03156590014,451.5740390467463,245.52900236559353,246.43864993503124,0.264472077292386,95.35806462632732,72.21183666846086,0.7734868624119975,0.6246363921940372,4.1512866119107334,9.133912714243985,38.189520001932806,19.05233084948347,44.76290124313545,255.0547342103147,418.3083347238012,1163.2894456966012,1445.3640887996407,125.9793014632027,760.8801251765104,4354.5245229410175,3912.4778703896673,892.7766728657715,264.30715161335263,29.880414988064746,23.946377610149558,6.099223173737309,73.99355809071545,29.752612808409946,1038.8588226483776,1271.0444963665548,732.9553188814958,561.7287383547963,327.5276549275501,1445.271421101475,538.3424823119971,150.01596791593363,1837.453243360392,259.5293152931976,5.1201235243493475,61.86920942539111,99.22430232246037,24.89845298761942,9.0173072271236,33.84165429571777,46.86350604958389,5835.669954064957,141.39687789383171,37.808045691992994,11.020201558967406,34.120549168446814,1313.6977260926017,2078.7908859645395,230.69733691587226,60.8931611867244,49.60675234034923,226.93580823910142,155.16488224404353,918.5570891725982,105.29526668900246,1399.0505048769696,93.25764014511753,1538.2709707929341,3889.221916128692,4449.799669092821,3380.7946859949907,461.65087392630943,149.95693213001348,61.40921197469447,65.01975812595282,1454.8796018213122,108.54434955494582,153.74089715195242,109.29576718811767,1215.2678491176987,400.2385250431284,859.8191468795325,59.869577369836925,829.2222614212644,1181.8148364690774,319.37379313600036,54.34252596496799,90.45884516212288,2015.8670961102425,838.4411684791777,927.7950639895954,368.5544000222791,319.1964746873856,157.35260760453139,168.00652740912662,13.690023636054145,20.506215247163603,48.778909896254135,5.582879863164942,33.221671661525676,760.4509094911043,1592.7873660514776,159.33548160475814,1168.3811631105802,83.55658080785088,13.132787261325177,141.88946811255633,0,0,0,0.00877843503227256,1.2885629382341588,1.105720116205365,1.5250133427749117,1.143217857934251,1.1182452523029724,1.001421937853652,1.170327946060975,1.1758491790088816,1.0331549583493436,1.039775313371321,1.1393267215547895,0,1.149180309326284,1.2687365932393633,0,1.1588901120289576,1.1250483303350172,0,0,0,3.518606167411901,9.872917323969133,13.40501769440757,1741.801127913624,1854.6956894488021,126.09131339292887,29.753821409268056,122.81497372783339,74.11674477313927,97.61204424930771,6.351964894754151,3.320519546176897,4.2997161113512945,4.256841747357592,4.45016084262946,682.7400820222406,1090.0181480121491,1863.6705023535183,13.375160102896093,109.92627702807857,1761.949241753356,1570.2499536862051,2683.132660683416,992.991459183523,3424.2196325857176,1150.858662957254,92.58354818772874,9.293654019920092,42.19688583743054,42.39480157507931,37.65324189055176,126.16617250411723,209.71432207229856,192.83817171521082,61.94449953894065,75.87693398759272,6.009130273925782,79.51366418268732,165.97922071857508,12.508934334439942,25.29539057155612,20.395749297638154,45.421113127290894,5.7482052236819365,28.73408917040686,11.259727726197033,6.880660382961635,5.776980623847482,59.395171602793845,95.43842905149192,470.12071831072507,99.9644031841211,396.5033437891656,167.53775381620784,270.09549727140217,232.84964476815918,154.92849632935662,1809.5054336649227,184.68341202299774,969.5448775126283,5401.899106962305,961.2036343204945,91.35505303489082,7.137343403673259,69.1633321416199,6.312853238967119,0,0,0,0.06343949788366324,0,0,0.013077814048351141,0,0.08087655132131223,0,0,0,0,0,0,0,0,0,0,0,0,0,0,0,0,0,0.1070121451378408,0.03701647311414341,0,0,0,0,0,0,0.09435434700228787,1.9148259937820133,48.30342762556593,1.433908751280039,107.70053336672778,1.0057196065703387,0,0,0,0,0,0.7741458553981003,0,0,0,0,0,0,1.7726328982637864,36.46322891126899,12.52358665228796,71.7622288369937,38.88492959781798,406.7932496466889,1607.4509064448575,1119.3628920792535,778.0710295472918,300.86272310624037,152.635736528355,746.1590283941117,1336.4516362031522,1195.6258164704257,3933.0224400467646,0,0,1676.9813359048326,2035.8459521619252,368.43215296894977,1066.6663075368092,1518.147493062683,1251.8552022563467,1164.5768109288367,1142.5594862310843,0.010611732990082055,0.020323496207483468,0.24769461621713731,0,0.7492237230838674,0.07037912386008707,0.042307125262846274,0.23963662870455874,0,0,0,0.27840806187421463,0.7333552126927076,0,0.511589521169405,0,0.9860327722682487,0.15678179311540094,0,1.3269092908853053,0.17275881927565137,0,0.12757218858316574,0.11051372470969816,0.17476128053391807,0.09200499156016541,0.05630004022511059,0.39969820874095174,0.214568340539536,0.23034258905079735,0.4167717039009576,3.7392099504393186,1.7537592865313107,0.038949440126616795,0.24902952597961242,0.2763354009058564,0.3240686741442403,3.174922602659777,7.243178175606791,5.691370549088016,49.68405035281697,30.85958587713719,104.99303745822684,5.881965864224323,11.9924825317115,22.23855958782156,697.8076730615932,0,668.1219765225235,198.23286036294533,33.88818503015059,636.7969027193599,285.2294586118871,762.4689010758987,462.8163208070034,416.3317257871299,223.33447870431573,29.326674449951412,12.740035452538056,131.3402853027316,19.009451785724867,9.625276306807162,57.07230598702822,9.8604974499537,85.3559771134801,19.51251136425775,37.53629255250308,58.66123486401286,75.18140943920972,5.596920444353697,6.11231775446521,12.285971407950303,10.622091340365824,17.474653236447867,18.38202155766396,25.43220548882495,70.25267101294129,25.32063148092878,15.104863856473596,12.561469842094438,46.3339921664971,224.4164991511144,291.7844840618166,487.7600246130915,218.3704874503629,119.71227536341283,341.92976495403576,312.6818799561712,417.8330842681207,250.54005949301074,8.7382138055502,16.931134180316246,14.582887590446141,12.466006602332728,22.842135406557006,51.22306218049868,33.62474093590709,15.806519968849553,11.741604963848344,9.692976272056907,20.54099080484989,13.266667945790365,102.68297351509509,33.35527071937528,228.69289478406878,14.973630700614127,78.86508226884077,92.5360784035957,52.37887551289186,35.0598564066983,0,0,0,0,0.27821878224794866,0,0,0,0,0,0,0,0,0,0,0,0,0,0,0,0,0,0,0,0,0,0,0,0,0,0,0,1.6730712394094198,0,0,0,0,6.271348541843272,0,0,0,0,0,0,29.695099877044296,9.048709011475951,3.8258456901364966,0,0,0,0,0,0,0.16873306623244116,0,0,0,0,0,0,0,0,0,0,0,0,0,0,0,0,0.03848450966270804,0,0,0,0,0,0,0,0,0,0,0,0,0,0,0,0,0,0,0,0,0,0,0,3.5124726308770415,0,6.0552131589988605,0,12.167195054816098,0.8704260856642073,0,0,0,0,0,0,0,0,0,0,7.2982644368618335,0,96.56499356798848,0,0,14.452408432559514,26.86597826009974,1.466745799140951,12.973848227379,11.163031663385679,110.89820724969464,27.357956530219226,51.96500137280703,40.92393033053137,50.491128423327595,27.919389347272343,200.96597432567503,176.84762989713482,254.34567361603885,219.52984812349894,150.20896606949256,213.18416496447531,675.7115268754166,321.0701274126949,374.0545999610963,949.6361272740075,211.07682909420524,94.61312215723139,0,0,0,0,0,0,0,0,0,0,0,0,0,0,0,0,0,0,0,0,0,0,0,0,0,0,0,0,0,0,0,0,0,0,0,0,0,0,0,0,0,0,0,0,0,0,0,0,0,0,0,0,0,0,0,0,0,0,0,0,0,0,0,0,0,0,0,0,0,0,0,0,0,0,0,0,0,0,0,0,0,0,0,0,0,0,0,0,0,0,0,0,0,0,0.4850857424861367,0,0,0,0,0,0,0,0,0,0,0,0,0,0,0,0,0,0,0,0,0,0,0,0,0,0,0,0,0,0,0,0,0,0,0,0,0,0,0,0,0,0,0,0,0,0,0,0,0,0,0,0,0,0,0,0,0,0,0,0,0,0,0,0,0,0,0,0,0,0,0,0,0,0,0,0,0,0,0,0,0,0,0,0,0,0,0,0,0,0,0,0,0.06325334951643803,0,0,0,0,0,0.04095868170555413,0,0.4251173220393343,0.4642738231373733,0,0.046990555692616426,0,0,0,0.018963975939869038,0.05586017588141741,0.2986792388199248,0,0,0,0.17775929459345474,0,0,0,0,0,0,0.04177890193369744,0,0,0,0,0,0,0,0,0,0,0,0,0,0,0,0,0,0,0,0,0,0,0,0,0,0,0,0,0,0,0,0,0,0,0,0,0,0,0.19880823006205942,0,0,0,0,0,0,0,0,0,0,0,0,0,0,0,0,0,0,0,0,0,0,0,0,0,0,0,0,0,0,0,0,0,0,0,0,281.80638201017086,1132.7723051818207,51.54355639944776,0,0,0,0,0,0,0,0,0,0,0,0,0,0,2.9373603444376846,0,0,0,0,0,0,0,0,0,0,0,0,0,0,0,0,24.1438085487836,52.59410298805126,0,0,0,0,0,0,0,0,0,0,0,0,43.073161625650506,96.0975564548755,26.6444180881115,76.4090732957044,34.24073567306649,81.75363512425987,20.617486820426173,247.35084317359315,33.88438708280551,69.54706070978509,153.22187712182583,79.48572349716834,7.371776516139913,22.52390142089217,7.978457762483171,39.70560201195211,0,5.6700515863126455,3.974646662539589,11.651833900928883,130.9284058634612,32.79691088373231,6.852088438057614,0,0,6.363045512502271,27.37465262048063,13.619975651523177,0,6.772837308158724,86.77681403490509,290.2144869380548,47.94412091266966,110.47577283258025,57.55438957455103,278.6429461985597,8.183123847340047,31.19506934776225,74.94505972674585,8.641435862513791,0,307.51039743447006,209.02167172598533,14.324580157690571,0.1778007741532424,55.926935416315324,72.00606770107554,789.2901756734994,1789.1682510789112,44.14616817622884,2.7831293333345717,25.039716462859218,5.474579923566012,155.24085263374766,1598.6148413654978,655.2501750735778,5.859075421888144,28.413279165216327,1.5231816693828477,3.425251040537844,150.93481074424423,2.6091373989332562,13.52360608336997,248.03201984408074,234.54270095382594,12.375484678679262,0,0,0,0,0.06389050109387377,0,11.736644991247678,2.899726747590019,10.98369192815167,0,0,0,0,1.5807641804943515,17.886846948868698,14.112491966456654,1.6457517190442874,4.151503725970493,0,0,0,0,0,0,0,0,0,0,0,0,0,0,0,0,0,0,0,0,0,0,0,0,0,0,0,0,0,0,0,0,0,0,0,0,0,0,0,0,0,0,0,0,0,0,0,0,0,0,0,0,0,0,0,0,0,0,0,0,0,0,0,0,0,0,0,0,0,0,0,0,0,0,0,0,0,0,0,0,0,0,0,0,0,0,0,0,0,0,0,0,0,0,0,0,0,0,0,0,0,95.91512009039542,0,0,0,0,0,0,0,0,0,0,0,0,0,0,0,11.14623809755829,0,0,0,0,0,0,0,0,0,82.92804863663025,211.85574949083792,373.6348971234229,440.4440615218668,2006.6547824725126,642.6762036425997,256.4679782792465,125.59733397607833,184.9170893363988,165.18067968337064,178.2734696655509,132.18185809739805,221.65233398124002,186.57792094597826,517.7224002096829,872.7579286891608,250.14633056983334,152.38794305301855,1793.5433060162577,459.269713606363,2014.2371925429647,3666.1276273825138,356.9363344321769,1103.9073485915735,632.9334087738456,1122.9463786933147,1395.667864146036,161.44376383946823,2075.979409176347,2072.984548446438,1176.7595052370118,1219.5199710919348,2006.0423168924476,4673.656345895583,4236.098910211266,6629.507609010421,2700.49650823623,2124.7298217552916,1345.587714558691,663.9784862326758,419.76737670134406,1633.2979477766035,140.8572479724333,207.23341109653973,139.30554489735684,87.40322003689462,139.4014529557058,195.06420269928958,187.44642717632934,140.9318995470175,818.3524272285905,489.239811627589,560.4740283516065,363.88815113652106,724.2060150123264,1201.106193974112,711.7238615529249,1459.8282931023534,399.99793308946767,797.2548048647026,2886.162618492584,1164.9195889242628,1212.0171253784904,2310.1425855872953,4304.910762872093,2159.575353992333,3152.736206432125,3631.3637011246897,4498.133312897996,2620.2213205415023,5347.765514185894,3748.992429235927,13860.177241464688,14659.424145331068,11440.901366736234,6524.827590853294,3445.8653782914084,1735.2247845324662,931.2423022242984,0,621.4633440829167,847.3217208648261,3768.4081989914935,2139.8186601019033,3663.384332333114,2973.2178543603286,599.1544960443094,1518.318659040232,814.2857696282732,446.7492639419593,1092.1279050040898,1482.509931501512,1293.3096065809705,2097.8449527793164,3572.119797546288,5114.111732653632,5157.738966474222,2375.9493841020853,1203.1217512567316,2218.2858874325743,1428.3866013114662,4677.8008632268475,1994.6230246984478,1360.09658370049,1483.636049597225,2015.6119561411135,516.6780472076247,250.83474277779706,330.48522281112804,312.79135617270856,824.6624735486217,371.384981239028,843.2666559408599,169.88558639842714,682.4733359881769,2239.263364547184,1015.7059253011623,2223.964603218945,886.9685659395086,463.8592990129947,1808.9614575476346,888.8959776997468,2674.224420344756,2726.094962736742,3024.5342051483194,2334.713243481028,1817.3914304396653,1942.2215772572447,240.63668699580853,2024.9253701223727,369.440477574988,1903.5841784664824,2609.024122551924,1402.7010815312508,782.0022586571441,1291.719131823794,2543.5959865560067,862.5967191158213,3129.915501118029,3742.6553579134747,1240.631361595971,992.9527775488338,1060.439562688728,669.2791918653176,6907.923909157168,2509.418779671831,458.17970924658187,93.11733101848172,476.3371041588822,483.9716913250818,1948.1099754526465,497.6778718184286,450.80728893893627,588.6212339359065,1160.1394575703866,1853.4419121236936,644.0705704950642,1367.4125582642137,1297.8125108307343,360.24722249064104,1420.2121076930946,601.6217565019241,1580.7239194515066,1447.6010168109096,612.0120482460735,1373.968577152734,1234.0137911901052,1733.9197416480276,1745.229290934785,944.017569011883,375.85895977707924,399.2370121212733,115.4318923742609,1261.027748848159,2695.023483949333,2636.1561954316685,332.67167691647546,253.73301732364843,293.773999479918,218.9580973640192,275.05808897863557,224.94261205913102,1175.0723222523764,556.0168408473605,475.3314116608424,223.6041368442655,374.93006977384067,95.09046441973375,253.20372375965897,238.17806085648664,788.7007003332799,172.0404310581125,282.5171413470445,459.7982121525028,636.4118609001429,1358.5487547662867,1232.5983605785802,871.540459761012,514.4904510160848,93.6167547694758,550.6158041129919,550.5249229676031,572.3601587707246,525.173748640557,155.82584902242746,104.39473581238914,1629.9996220056457,613.6795942299109,156.5295069835709,137.03782112634823,1197.2095058235657,4076.4845377309375,3712.3086693722444,4062.191693591397,738.8434394412506,143.04297864742125,29.76120043913806,1224.7044271543643,1099.2156946891082,482.7812275307403,638.1602367236211,713.3172117278264,538.0590166568309,679.3367535440328,1032.7888157803498,2.4383804899402803,3.319502544228301,1.488052216152977,38.009732768940715,115.5127769506948,1.3088864693696773,8.131991119862464,24.48109919639103,5.84788519922833,5.110458565898207,80.56709667178468,17.899357473787667,28.687201463175477,139.60986492948456,184.04532501967321,16.864033211362763,57.669116498904025,75.83095487019385,93.11319368208044,578.9878264656081,61.077764622140315,123.12499836105098,331.45363002971317,120.08560640312446,106.19279043212711,6530.475819896504,1509.017987598486,872.4641336954256,175.24527061411453,229.56184931512075,30.456209748908925,45.84952493994723,13.998977364025286,3.662145663013702,3.7084396331686516,3.5664201656344408,0,368.7282315777153,7158.1928756193365,0,4.220025510457741,434.22938686159705,247.67769344338703,818.2279293902869,172.9933151243439,164.41047679990064,80.30053438221177,8.588854665710064,28.311996362257418,55.443394670164885,18.74553892747055,22.72338187538462,63.53582322703211,45.672477161979295,9.270000802328493,13.58122058713508,10.034487403095639,32.57566830158233,45.05219380511356,121.47803527577182,30.377595262114966,53.97147495360258,134.39847142871685,15.612099141552712,51.660336452019486,96.31622712776266,25.032587487687575,17.299448436086326,25.081488042140435,38.17794042762598,33.462979153588236,32.464348143675515,32.825255829886274,43.58712761803426,162.37297226042955,5749.26837980759,143.07939580558846,47.9610404770997,151.3045091391378,6046.991292453145,1532.4668900485935,298.74633605853876,205.35574423335675,214.54128889341692,161.3103418865656,1048.3666841962145,5135.440873130785,431.2079853980839,236.21243411656965,4631.408274047967,258.5457880806718,162.75742951152904,97.4453835451546,120.32521481892603,304.4842703862375,71.68021858976672,59.24772964674224,7.041730235561926,68.6128995414158,34.312390605536024,19.22462850643763,7.504569189072881,25.230494745034278,23.4807854911041,59.662074894040074,25.553232824190665,8.18484836639264,86.35256334372049,36.803673730874706,179.54623399426617,297.57804825437074,3954.3142826471353,940.1673540122656,70.60519671978047,36.3366152028484,64.70916811787745,183.01086123341034,102.83720663725494,44.36967718588438,173.3096515440341,132.37610629338437,120.68276653952053,103.9830627491345,63.68167135012444,38.249232925059715,32.52438434107443,131.13917630187763,25.855063947405135,10.74994565819358,6.315403836119905,47.9205120315414,21.307102923078162,114.05848743063665,40.61072307093534,129.91416199161566,47.324455703177236,111.21251107564613,96.4903129807665,78.62313309562454,23.21677825715282,66.9121213246028,40.78527628353019,48.60601847991069,55.23834251344072,44.072069160595404,26.168383803976823,84.51389338865279,117.908689383212,187.81071958145992,132.01889728954745,49.65876912262837,44.080918208045276,318.88126317077837,11.076317852179747,9.598208414587246,14.636320103943968,40.222219030390015,1.9242448777574503,10.704428865271357,2.374673802463917,2.5053720721207653,2.5538951504693594,1.0290698081313403,0.6752512193894138,14.767721420314698,74.59488264228791,52.810764198974425,46.99949827645094,211.26594280167996,10.49273082139713,14.133718168847967,20.806799651467134,250.16038273261688,42.51226605235582,123.05825956284048,79.01399875414955,119.64349442246017,143.79980715688083,283.8889183046356,157.3471265222516,265.30000219595223,225.29429331471115,249.75411546799256,194.6701999406879,158.32792683614434,168.90445564517645,171.12810520246825,147.13317446097423,175.95393758619798,359.39549681975666,290.66494937880213,139.969261045061,27.125070844576882,69.10048322441602,33.8631861989473,55.728895060041424,80.12443243234648,171.40220777908564,130.50481492226916,115.87481726158384,74.97025419282761,51.71982145304108,46.233438780276785,30.213532536579354,58.36813964465173,12.276126627912975,82.9997853525578,174.42629455746965,226.56836981908359,250.2863614876408,63.75011383009396,148.5027421828598,87.0609245414729,39.13054292056016,54.443825883900075,0,0,0,0,0,0,0,0,0,0,0,0,0,0,0,0,0,0,0,0.20674309874060823,0,0.09744269197909586,0,0,0,0,0,0,0,0,0,0,0,0,0,0,0,0,0,0,0,0,0,0,0,0,0,0,0,0,0,0,0,0,0,0,0,0,0,0,0,0,0,0,0,0,0,0,0,0,0,0,0,0,0,0,0,0,0,0,0,0,0,0,0,0,0,0,0,0,0,0,0,0.4860861653504329,0,0,0,0,0,0,0,0,0,0,0,0,0,0,0,0,0,0,0,1.5011151530268858,93.14549432581543,0.5481460463711824,0,0,0,0,0,0,0,0,0,0,0,0,0.32356428120516717,3.6490226448733964,50.615571708915894,0.15113143799547898,0,0,0,0,0,0,0,0,0,1.0773077810034195,109.43596745440249,24.06783151312231,169.33530773285548,0,0,0,0,0,0,0,0,0,0,0,0,0,0,0,0,0,0,0,0,0,0,0.9899524512866026,0,0,0,0,0,0,0,0,0,0,0,0,0,0,0,0,0,0,0,0.6174989838547613,0,0,0,0,0,0,0,0,0,0,0,0,0,0,0,0,0,0,0,0,0,0,0,0,0,0,0,0,0,0,0.010184962304818931,0,0,0,0,0,0,0,0,0,0,0,0,0,0,0,0,0,0,0,0,0,0,0,0,0,0,0,0,0,0,0,0,0,12.88544887990648,0,0,0,0,0,0,0.1314411981460466,0,0,0,0,0,0,0,0,0,0,73.840856269094,0,0,0,0,0,0,0,0,0,0,0,0,0,0,0,0,0,0,0,0,0,0,0,0,0,0.2084799786925043,0,0,0,0,0,0,0,0,0,0,0,0,0,0,0,0,0,0,0,0,0,0,0,0,0,0,0,0,0,0,0,0,0,0,0,0,0,0,0,0,0,0,5.982352212485024,0,0,0,0,0,0,0,0,0,0,0,0,0,0,0,0,0,0,0,0,0,0,0,0,0,0,0,0,0,0,0,0,0,0,0,0,0,0,0,0,0,0,0,0,0,0,0,0,0,0,0,0,0,0,0,0,0,0,0,0,0,0,0,0,0,0,0,0,0,0,0,0,0,0,0,0,0,0,0,0,0,0,0,0,0,14.950516634965071,55.001606068107854,34.67971615892879,10.052626125864895,29.127929800361777,41.43097582083307,22.2921769167273,34.620142667032276,64.1507601122403,38.036295479340225,67.20064571970055,37.74714813314994,172.02845459349876,113.94948128155414,83.77619653374744,39.81132787655847,45.71568366985311,38.60848514944247,111.51279501815907,217.62519861084775,106.48730709370645,126.8611711543247,17.90225676538554,13.582484440958101,113.28574003232917,173.88123998015396,83.65122753648055,219.43082438144992,139.31280269997484,346.55347336974125,133.75473685710358,86.6079576441624,6.429054047256866,35.64864469142264,144.16567294967567,101.47193626910175,256.78937007328113,90.83949521745505,332.83461079729824,143.03218549137574,547.7888377807977,551.5699128906637,342.37990111823586,215.72158378614702,125.05190225731302,121.99601433905785,235.18973086267914,477.9681315286928,1109.3041033658615,1393.0123038566853,3369.71589385679,83.70233800250604,269.5314488711584,342.76438838827085,400.1386488716215,672.6329064185015,1239.3131180958985,50.48822324654797,55.87761377265585,18.285663341617404,39.318722187590666,196.0161843468334,78.72999593342286,1019.2459396203383,37.276629296340985,14.021732042918922,20.385883873076306,14.771231537986097,155.69565119897632,96.42502757562617,14.20476872477211,7.335140944871778,44.594052024638096,102.45961184490429,46.43319043784477,87.35425796743948,89.55594135794111,159.70433736825063,227.78852553581692,543.3291680250509,923.9821282710042,2033.9338831445068,2822.0379086179482,3630.843970233861,2149.1882825241673,1239.9363457658558,403.22646538400954,219.89174789043327,85.4429538660039,141.89283660780424,48.92973415494084,396.75117499214866,376.961419831754,49.61792112920263,108.75759416764241,252.7255876653486,18.01180709105795,83.82758377027356,148.16885870294442,56.56955781145252,59.25830876432657,90.64505631147871,72.11780019786215,73.50327044472414,52.71892476122113,49.906786779159724,135.17585763733845,92.23639472854386,77.54062167706437,78.25321400697881,252.08591790787236,62.24913119007306,44.17317285172168,53.579138566995056,105.11304494092919,13.747051138372374,13.638830233017085,97.87400367550146,9.808477128484565,10.145689312724025,14.090972486782384,37.93412506171798,57.5239334962911,449.5283276452227,241.6931473349278,276.39238510548915,56.38050116938526,34.02851884266687,21.786792748080433,118.17238496204351,661.5085284723145,244.44089647988665,40.69033717099827,50.35297458413964,746.0542522104694,76.0517171178834,1528.6830530938591,440.7942455820085,1692.6534310659724,73.09849417408248,110.27020238226602,14.487629223926024,6.936043163705788,163.59522421097705,11.251821834137209,31.117420024457353,38.153893062871404,32.41891417821181,146.22875740703185,530.3913226762875,1126.8760998222112,984.8510304816515,157.25358998314826,476.55074957733535,0,4.535972188468398,0,4.577692355599713,4.627987013994947,4.5924792285607285,6.002238908304218,0,0.06971582528028204,0.9826456995466994,27.886981204057992,28.299845366015624,20.421156384929432,7.456510801258714,4.965943733093649,1.5218497833348419,0.09723123784996923,139.78368972590454,7.690564285836354,67.66770103079261,486.10435248983424,11.906415042834887,22.27705830276509,17.538094754635473,465.6847989539016,1210.9563396321603,1046.7688694926571,207.96587827219764,233.19874852458793,860.5438140907148,1371.1556259250992,173.3749707485002,1287.1614789483754,751.7497220921077,1499.0445113061512,1687.590213132392,1244.6919288690187,1596.332130127168,1403.5747348248344,1457.1109069089453,1024.9373184755532,2155.88312551797,4794.699177422471,13408.850307738614,1073.4050333888877,38.58229903259027,62.55659956754903,5.286042659805845,10.347933308511836,186.46746785663396,150.1455071058812,345.2629888259973,500.1529926255566,507.70644701951215,132.85862862430233,247.2458240054297,2410.0244541283887,146.33388211392133,136.61755571267304,54.75868319912566,119.60308368395937,370.9859521048422,363.2008438740565,217.11914036521827,109.15225994971043,78.34305855251714,235.66304523780687,132.2656806449855,223.244441774036,113.73130390066055,78.04468916556932,313.62094393712863,52.89907724232731,68.30268401439474,110.35880407100196,126.81628310062614,78.93120018685218,78.90616207100778,37.42645288731639,21.171786819414095,249.42338479830997,49.16806543382055,20.010470482586648,22.00090722785147,35.17390542721449,10.496558465407722,8.166731270902053,8.336182827579472,8.828635064207267,8.896854494787021,25.657508135531856,78.38570010087349,39.17188857096444,60.170016051901506,47.23096308716632,34.823069135021676,34.56820055483077,34.624063423556606,33.77061241882095,23.093579543272888,59.45495460382624,59.3198120776695,10.127179044368674,7.640464856918382,1.9350210080307337,8.099086267945188,17.833828090253462,96.55852954704976,69.12550228972003,23.98134386494246,14.335292255039581,25.02206876772049,50.14307302049035,43.14948076810077,14.532943637263237,14.111487270100852,13.696645582159482,12.779487384723627,13.587033434677888,0,0,13.584895494051857,13.731948671087803,14.279338307641728,14.192057221480866,13.672785122870403,13.981998672816626,21.94660017661479,0,0,0,0,0,0,0,0,20.00277941255388,0,0,0,20.28845276460672,14.212374204275703,20.44394854378968,20.71003284905666,22.39658374315196,17.484788845472316,19.66419183276838,20.282372999212356,10.335210901181782,10.14221628668856,11.084779895327678,15.044631427373012,7.1040489963700635,11.1483671018315,12.907850600688757,4.291803413740767,9.479208002587907,0,13.831314344255288,14.401204577578211,0,22.07567826908261,12.532445473427396,0,20.136705658852676,21.739040539614845,20.6863360877415,20.647460706757386,22.1820759479077,22.980754116407834,21.49060327599947,21.34923281574063,22.3776747692728,21.883080977355252,16.647886352156828,18.19918449340975,21.922237023870053,0,27.780005009864283,0,0,25.153102007725092,24.471716264765668,26.331179315482654,0,0,21.011562675742535,11.699185845959507,0,21.26610937525437,20.334242456965132,21.121254090575867,0,21.97798573780433,20.069203405401975,19.47840415163231,19.50692620495927,20.047030480038856,20.047030480038856,0,0,19.86427100177007,19.793790937500766,20.299840352385196,26.318240630061972,0,1327.5061248106344,19.31400020114553,46.74282822971405,135.93715630900573,21.148262159444474,22.540595113155096,23.218519649868377,21.634369310265328,18.125657065718688,18.47978340919825,18.722248939556863,18.61323794611863,18.73035939662142,0,17.9869510768819,18.529786105838763,17.724634317577,18.578025447320133,18.07335833862552,17.341944840694683,0,28.208572528962772,17.487435060912087,17.495846217360505,17.859037003096027,17.546680071987502,17.991719042856047,17.165984269612185,18.557664060714867,20.16472850893668,18.21894698277271,18.056686154833198,18.84915796190838,18.191496831413797,17.758708202496404,18.626754512260394,22.142268128742682,34.27306509406388,64.57809005451598,14.556961470968925,19.555714147642483,258.81860438645674,56.38428677928764,3.881392563377629,6.188908409184594,111.80617527314821,61.31796907740191,129.5127570757276,37.904361604306246,54.974389393695894,38.31028406692516,267.84101346797485,57.64691413522519,68.33266077762413,846.1513320140849,1185.6509498379653,22.588867657838694,84.14031284730534,152.41481792920297,10.893934585852085,6.784446993490593,59.15862113056004,19.219650840223988,36.790635752991236,13.68336104821859,3.948239755801639,2.7359812228923124,6.959052992618373,20.74658507766492,65.03442387213072,4.687101534365483,2.285046913167717,8.96872359619651,1.198753441791557,63.50144723240464,680.4252305266431,83.35079075493502,0,0,164.61862643644355,76.18463075842934,573.3005222734689,545.2520938784209,282.135629529245,895.7735190232505,568.7112460146267,229.55252553378193,95.48005282159441,73.30128607117709,173.86266261799952,1523.9864075374328,997.782822109673,227.35638764684512,0,883.6654692217463,144.74736847730372,90.30443417881227,47.29276167470432,141.94985369702226,19.400962523158196,258.0084320897821,236.03376420448495,272.94814896092447,97.87688254649495,90.78087864058553,78.40699660659784,94.14137167497152,373.84440461992267,111.84488357219301,83.88131779850315,111.69430707368703,282.96386187777824,624.2694214156669,922.7206345538508,164.4565131194319,100.31848160677694,260.82913539599593,594.1250683104197,187.73319892419318,93.30847119120588,136.69297337736762,838.7509138018993,132.3968615069045,227.72097926632367,30.875392857419858,114.58128144078584,90.67870791839256,43.39396926114121,209.4981107365225,36.54858439345884,83.61238943590989,59.138973739102596,141.75120908411628,267.8611527143127,873.9081534610688,24.693773455030193,89.79938924898552,109.91586973157965,138.6084995353371,235.48317066336736,132.9949213250647,126.43446261584643,102.15900320565312,131.61210665914376,278.10110533086464,297.60704580872294,766.1137604657288,251.42078438043106,132.76775872384292,169.29298543740728,123.82124231975811,511.1493395721853,561.5605357642112,70.28961499998334,577.3745604658328,1202.8438247055758,496.2600329123449,1174.4515670606393,1379.437525868526,496.90036603382396,131.34681045482267,694.9749280199861,626.8736193262837,562.4398952318909,38.27647643714807,592.1596457367489,164.7152227193843,247.9849624465207,1078.8168513846158,353.31807751638297,432.6955405042651,1108.0629337585067,249.18234807327534,161.1469886451422,93.32277492782131,298.1759516357211,173.14163292804508,53.483535701088435,55.69790271842975,224.52257147241397,253.59489365309523,125.27749326753121,97.59931258176725,408.9489337685005,703.5461159250206,76.75706253533667,64.14726303365126,246.93333803306956,348.4154610149571,293.6752923991489,219.35606610715067,639.1316050785124,122.70170892427734,508.668204297334,213.10348697776806,29.454283966896313,0,238.47045793445457,229.03841938401845,181.55380843723927,107.38159186701547,56.15875569843428,144.86790816445802,156.0211264041925,95.16324161433602,55.478352394130226,234.54835034561904,817.8699970632855,173.94036832927,499.0192866577912,119.37295009312236,147.32836403148298,268.16084237051115,164.9690455046758,251.13128907028906,338.0446919766565,106.33051342456892,295.1694223806839,139.19039558234067,107.95709124008876,43.16738562436327,46.9563946119028,145.4742155245223,2.2076909580861237,126.31496623121727,114.4996832633537,189.62343248962404,277.30665571596273,49.629177265435004,448.8927102360736,504.9799641692335,154.54809702269336,96.47446226349402,125.87360613036267,66.92268911976304,41.827910636655915,25.02179447962377,78.05291824973477,48.88745831614035,107.16449500790141,42.123048143614724,79.50956326611131,50.254060140044494,223.974323085504,362.60749695682676,54.525613057635,70.75602368679162,163.8420206363939,28.38225354179949,174.26335050994572,115.56116264467552,21.251734346823003,4.955304039885882,31.89372697641226,40.11895212394284,461.45414953114465,1693.0979640954492,0,607.022978591977,162.32346033180906,15.510669272660719,582.7550361278738,0,471.9048948087337,65.72722682967101,47.30176557858903,0,0,85.06699275960311,50.775013630058574,12.834836755544456,4.583099710501487,40.930991835026624,156.46048514750868,0.6896854093908548,0,0,0,0,0,0,0,0,0,0,0,0,3.9947039150031443,6.5218295423165955,6.664226030067845,6.532739268187234,6.5218295423165955,5.057828501621501,6.979920859047166,7.434176878261573,7.099000945557464,7.4339354218499905,7.998179852959084,0,50.80614828245116,16.408559011400072,0,4.61968159566847,0,10.90682489413881,25.1868477678434,29.97991108367878,25.07793697874989,25.43450400498218,0,0,6.942793687438712,6.874710344136536,8.181508258597244,10.121927961153618,8.719231587276651,3.9231317382559796,0,25.24889028469623,24.15164056879781,0,0,30.322557646285727,22.06950757834597,0,7.5040328299332515,0,10.319526072748365,6.109270370960961,12.219494288736561,8.59085968595008,5.327979159832009,4.895526449149658,4.172995627991489,4.52454706512208,7.032961608038453,4.171708888253667,4.114271463602872,4.957013257738776,3.8732535463010485,4.821183638029115,72.92035371961168,0,0,0,0.0710317675109976,3.615575458169757,3.6183158360168033,0,11.899359266420365,6.005245755076965,10.789667516842606,5.831228491801474,6.318807484765096,0,33.79626456592989,0,0,0,0,0,0,0,0,0,0,6.88616124601514,4.759256953329287,0,6.973907810921144,7.946255633287569,0,0,6.089445441577723,0,5.526077133833171,0,4.496387856234893,15.397295437570564,6.316077642763749,6.773206878020002,6.533644239172328,4.9295059865237345,4.942812876330858,30.15454388665874,6.620639562911949,7.358383299686394,0,2.6946160026489356,0,4.027006341087637,0,0,4.025663669956681,4.227764249241114,38.825937667234435,0,47.2381726537027,0,0,6.54946494404642,12.37356373219557,0,86.73973911001042,0,15.64734904611342,6.629349766498915,7.034477285279158,0,8.61241259007219,0.6096640244214343,0,0,6.023982511023433,0.5740807795673907,0,16.62614880467953,0,0,0,0,11.265487647763322,70.88193674668194,0,3.857939923224201,15.830006301385623,0,0,8.869663605411107,107.67710347107698,0,0,8.354644955482717,11.64984251840382,52.607253668302945,47.973629908570814,44.153781549881344,2.283235373774498,31.912487343614025,14.817264170166508,0,0,0,8.346717986907548,0,28.583244785604467,8.382240711351844,14.581261144787984,95.13817714245066,64.66045305163209,107.36830187708479,15.854324565796011,14.862379623697855,17.05078185234981,7.1486024682685585,17.520926299262637,0,11.057681650419825,0,8.417001570605198,6.22883132999099,7.718373583679838,7.456954859311947,7.770111188615637,13.45463402365438,67.8461799180488,67.71226256280896,144.73356214122498,81.96260001294245,240.58278248198243,0,144.90967222926704,87.53665976512104,6.2580138584109175,13.694837236929674,136.44063036182337,11.62105117726416,53.704565743979344,10.45014311638296,0,10.963460847102107,130.11042694568548,9.994084840374608,11.715632923948556,0,12.914126160897991,11.568573834575965,122.27793748710756,12.557288090550156,0,206.80623336228376,8.659984805853659,299.1235114800266,12.881236022943026,117.49337377076935,11.976025843824571,108.77138544614249,109.02876974691092,300.54689129232247,64.9026614013268,44.19322099707155,13.836540647477412,11.701850699940678,13.094288545478955,10.053365418157219,9.079410471916814,0,0,0,0.9029327742186385,0,0,13.215620954874518,0,11.15355000094875,10.82289616633919,10.894525378012668,0,26.15962433096868,0,5.066958372167333,107.80062327510119,126.71902761420586,0,116.2067677807094,137.1476801946788,0,132.278546532141,121.86226591350241,10.724238672957373,107.38814606467946,119.77399436092598,109.44647787893493,0,117.16719616670804,14.083424553966864,109.83477687387227,10.50670171708391,14.50892686871221,23.974812400784028,0,10.88454253383678,18.98288701716309,22.046095692263222,10.7873219832645,17.79351421318482,117.88454789396707,0,13.080090140298587,0,0,0,0,10.762785576348456,0,11.211952549584229,0,6.946555462924966,14.661644735074013,12.195469689092896,11.55970506089919,0,0,11.745932609378604,12.815056960247885,0,9.806861910126003,16.747289640118712,0,6.336260163629642,12.157171048470294,0,8.606975791863114,11.940996592983177,0,81.58636203143848,78.04331774030663,7.722819582149488,0,0,0,0,9.778991559079559,0,0,0,0,0,51.927643356942475,0,0,0,64.85051070005356,0,0,0,0,67.25098408752439,0,0,0,0,0,0,0,0,0,0,1.680476458939192,0,0,25.41055131190451,0,7.571622862682522,0,5.286710567963456,4.907285546897663,5.048474520370651,0,0,4.8164941866258175,50.54551419606026,4.210523140866284,12.99116316685948,3.001645332472198,0,3.752914612021229,0,0,4.089024131400882,3.4797242720808246,3.6474834490449846,0,3.404355964876641,0.7946382711444058,3.6161974542198903,0.6406344571130956,0,20.550373975511896,0,3.412796301588101,0,117.40650533522212,29.5198970857982,86.32872443264134,28.251120921587386,64.76948158790972,15.275536679279869,0,22.874054069112802,0,0,0,26.393701018712783,26.704197069092423,21.289365619503922,39.96756960838245,0,0,0,82.56848701315454,0,0,0,0,0,0,0,0,104.89937100900501,0,0,0,0,0,0,0,22.005129332010675,0,0,0,15.782626209576534,0,0,0,0,0,0,21.644818946875503,0,0,0,0,0,16.734740014044693,0,0,0,0,17.37143807735553,0,0,141.90160870635904,0,0,0,0,0,0,0,0,0,0,0,0,0,0,0,0,0,0,0,0,4.472221783599997,0,4.668380064763583,3.2642911206833554,4.476433358360962,0,0,4.796571723805719,4.999341900559975,0,0,0,0,4.393979202760954,7.849785937357624,4.139421526131737,3.0748399182702086,4.687824242058111,4.176396510006346,4.474230343870709,3.985496536685484,5.498336667755683,0,0,5.861389777407911,0,15.402557409891706,14.222583513044233,0,7.546067658000824,9.657740907127181,7.016509227670944,9.189374785670205,4.464447999028311,0,0,2.2611716648263025,2.7847816651171984,3.5813231987480085,4.406958909665943,3.798967919094701,4.38741861391336,0,0,4.7934998803182225,4.141487343047602,4.418821698189487,9.92258458995,4.759740973903688,4.159612607632209,0,3.0441315224640406,0,3.9010692048541555,5.01289661747773,2.8453177681880706,0,0,0,0,4.066410725859679,0,7.85831330176996,48.51994677804036,20.109762783067225,6.161290970131398,1.4640705635053048,7.40511482036519,17.81180325884505,2.4213182368867936,0,14.35087927905463,5.147769989355777,32.26502384384637,17.002262192951452,6.57512432134602,0,12.942815831975114,11.834880537478101,9.286026580009937,147.49833014821513,9.411848164439318,9.114936486578182,6.579530580435403,8.587168479067024,6.732778414933326,5.201280061582572,7.645897870037843,7.812165603654338,0,6.9049212214851785,8.141173558314964,3.787778808964357,8.91002691575516,0,7.338656947240007,6.097335038304515,3.6691133467606294,7.120663104595096,0,2.7370325839232197,22.132197416336197,20.065176366829693,0,0,4.655783220122228,7.592875415720077,18.19605790990824,17.883341987500746,16.850826461107168,24.843203522854015,39.59130902665121,0,43.85598316570928,5.5728231087520435,10.415811985531175,6.271781356604144,6.35155050550959,4.814219325107605,0,5.963005257015915,7.735700151017271,6.316384260077204,5.017657789049892,6.369791885119504,5.812872448540557,0.503882391667556,14.359788818787772,0.01776113028347964,17.558104910878814,18.54663875188958,18.797213813835626,18.602623312950723,18.602623312950723,0,0,18.640745382206404,18.700398490245895,139.50666758509502,0,17.443722548670696,0.8846432469188968,17.6546369394399,10.999511117711666,17.32007680824927,5.611744861671692,5.059000606991195,19.92100450345217,5.0184679128885685,3.895724708785897,5.488826152918204,19.290987622724256,4.640996575155635,0,4.870261641928251,4.154256464424708,1.5398065361825524,17.244723902983022,11.203902115872113,3.981721291463591,3.913005296990567,13.195434372383904,4.0609256248526515,2.750616736915481,3.7783529865860626,3.772587872924763,3.236956034111016,3.666148967982598,3.5467438409044667,3.323650536673413,3.326177165118924,3.3537680759505246,0,3.635961040769944,3.622365895804336,0,0,3.5409873460071517,12.02879265401628,3.7705982736851635,2.1616411415142327,2.3567226823031313,3.817717372871372,17.718508056270455,22.135149396043058,0,17.579571729899868,11.433198954090448,3.0188745789514235,12.767217051762158,2.792927663290821,18.032873889859392,3.5259735480855117,2.7833374457798437,2.7716869044589885,15.738478725927019,2.8459120780132197,3.157902694988194,12.504612324499632,0.9869803455369173,2.8767480709199065,2.5495548302877356,2.704475623651608,2.563760837198171,2.1317682344249578,2.5607928929514823,0,2.7332801292342856,2.675660723810606,3.3798594370308095,0,204.7527312985676,0,0,0,0,2.545462814839047,2.7093809648483163,2.715071295933,0,2.7026590642906076,3.0797668057105563,2.2110668916300096,0,3.03535599353414,0,3.0131805421203754,0,2.300868584689574,0,0,2.6852727496090965,0,0,0,0,0,2.23062288489837,0,0,0,3.2536206762301485,0,0,1.790081184152206,2.0534831866290126,0,0,0,0,0,0,0,0,0,0,0,1.361588974498991,0,0,0,0.30555774601670904,0,5.440194501737343,1.9751711237945266,3.147025033487771,1.4135557266996006,0,6.229266069972706,7.194744327129782,0,0,0,10.782844007906991,4.407610239013102,7.44459422563252,2.297138163806105,7.814805907418854,2.5925657415041803,7.6870975394125365,4.992839942441689,4.6716161245157934,0,6.030141653910392,0,1.9032051929136513,5.123627958288337,5.518061920534,6.969827312747233,2.0354765827068073,0,6.71925365434671,6.930000600862436,0,2.3177330557638873,8.736878145171014,7.42140158681997,7.397213246202216,0,7.811697091086709,0,0,6.996953220451651,7.74233529504427,7.793543916180999,1.130430777072936,6.947870672126588,4.75983952897726,4.85543185003561,2.1497924775123463,0,2.117122099732178,0,0,2.095400851988475,6.646658974437525,4.821258018043979,5.443338721917161,0,0,5.26502833415651,5.360517727618453,1.3546605412140196,5.45649316882011,5.5836519496972405,5.8868515026354675,4.025765590986552,0.24967365398732316,0,0.2572022251345971,5.206385464363988,6.10327648815083,2.9381206396617894,4.471017860024914,5.014377098204835,0.353967039429371,8.302076929583894,0,0,5.245231579612378,0.7058857033473419,0.316283395044916,0,1.2183638864583146,0,0,0,6.275437028104612,5.852526755046924,1.0326163786674905,0,8.601237480107345,5.019518629683451,0,0,0,5.131061647212842,0,0,0,0.6644347235333855,0,0,8.706598687515164,5.117022026799361,0.2917397322699766,0,7.048594558534647,0.6797879234012058,0.36626428855364673,6.343271766179928,0,0,2.633586356826353,6.633411464645365,3.1456422054867526,0,1.1056033373799456,16.849434360613024,1.0449423027611722,12.186192742089556,1.0552322104113072,30.834552559556375,1.343699447070698,0,6.688758971112992,10.785027086834234,0,0,0,1.0308993437888232,1.0547136113150195,0,9.65156985913096,0,1.0992081994954637,0,1.3786009907745047,0,10.730144636618098,0,0,0,1.3321543475546986,9.821406981943937,0,0,10.768233135227693,8.154496483215135,0,0,1.503698717927259,0,8.833008018165158,0.846893220479293,0,0,0,1.0580954902013608,0,0,0.8827120833879484,0,10.443304351441673,0,0,0,3.1630776663364375,0,12.449705558236632,0,13.15442025002586,10.96437977453384,0,0,0,10.997005917050616,0.7014601530490268,0,0,0,0,0,0,0,12.885331553028442,3.4140530297643417,0,11.596003390809699,10.848863722723058,1.7937663126295382,10.477215089896813,3.6758007914956163,0,11.522339152261578,3.5619159469025132,24.683898357278323,11.781703471115321,9.30755536527452,10.374184537167542,11.348726842460056,2.2102052715093943,3.8395412219020977,20.545650582902063,22.789169650293392,23.79598167471586,22.029346935110222,15.470063181539814,15.689653814421709,6.9045348202518895,15.689653814421709,17.74308235036303,0,16.163489462644936,11.756621928062403,0,31.070683364128747,6.216395079769446,6.630806559730192,5.222248973551045,15.654191205923846,2.368021244724862,15.654191205923846,40.48037631553899,0,2.15880737730311,5.794004302694573,0,0,0.421848342596256,38.18683691042398,34.09474515914262,0.4168092034832613,13.126817477890773,0,0,0,0,0,0,0,11.776942698105765,0,0,9.143021132063192,0,0,0,0,0,0,0,0,0,9.067602341032101,8.774834498407364,6.950424415164688,13.745724943510774,14.358882128291283,14.532454986454884,9.592073608355348,7.975235629986777,9.592073608355348,7.792080603269929,9.592073608355348,9.79111101257831,8.63189439914675,10.593872410620124,0,10.593872410620124,11.32433358364044,14.292386007136832,11.108925816945682,2.4104289574076723,0,1.7787679200250994,0,1.544500000193184,2.8414239901108367,0,2.347315692264734,0,0,0,0,0,0,0,0,0,0,0,0,0,0,0,0,0,0,0,0,0,0,0,0,0,0,0,0,0,0,0,17.40799436495718,0,6.602216851610006,11.365984589730106,0,0,0,0,0,0,0,0,0,0,0,0,9.594112954925675,23.79316980768574,29.794254117901115,17.990377892463556,4.4400544761889,0,19.5025597189784,23.24045962619676,15.757292672742697,11.808224917148793,21.852497442298358,22.488548978304692,20.82909962224625,21.421879963570976,21.952584929752067,28.196992599268732,24.410472816854533,30.09170494923302,0,0,0,0,0,0,0,0,0.7976485508744273,1.0196500760037974,1.9159180390057837,0.8232066550392535,0,0.764832164298914,0,0,0.985733462916387,0.13134413469985734,1.7650752977900621,2.0653690863966574,0.15375467766242887,1.1987337511504412,2.204361920045579,0.49051307232953967,0,1.941945686761066,0.8914388440001155,0.9759712332946219,0.9491114681846747,0,0.8664383769606294,0.8982397647234766,1.0953527154377973,1.715729043476461,1.3211645781520838,1.0056555532743243,1.006077646867901,0.9889942046425678,0.9538925996077823,0,1.182398051824332,0.6989627615275412,0.6917056210109762,0,0.7368214569103799,0,0.564112424926772,0,0,0,0,0,0,0,0,0,0,0,0,0,41.42581785078428,0,0,39.463716144648934,43.83919683334913,37.75321611823623,37.975809841810985,30.162393699177546,32.02580586882024,0,0,51.202354188545186,45.394754539880026,0,43.079828954883105,40.96929546464849,0,0,42.42448540190052,0,0,39.39930218344599,37.93282569626701,0,0,0,0,0,1.686515228595591,1.4413091356194603,0,1.5599455237737634,0,0,0,0,1.3480978904026062,15.239187753083593,0,0,0,0,0,0,0,0,0,0,0,0,0,0,17.576515123561006,18.11098631805167,17.88114543489617,0,0,0,17.05714683140295,16.046581114631362,16.19318701188397,0,0,17.78470916547039,0,17.252457106516353,0,16.16371828631632,0,15.749739258730742,0,0,18.153208307771166,12.244405357366011,0,16.748984539739542,14.629961710420641,11.261380282525383,12.784681972643318,14.257074391218305,11.501802405306929,13.053754520945441,16.259142782626732,9.5375151220115,45.34734327401637,12.219469219695272,0,11.901632901781669,14.244883774503,11.294574326201541,20.951411501338722,12.048191774499983,12.979304232588834,18.178526847547996,15.170970318347912,0,0,12.323526942997315,15.332146936478171,14.021138735043268,11.346386191749332,14.629171567456352,12.851006588666682,0,2.8343830953165328,17.437599421056248,12.265267732468601,7.093640278849206,11.94200866571664,0,7.093640278849206,19.15134390825026,0,11.389817841934608,7.093640278849206,7.093640278849206,7.093640278849206,9.623268148329876,0,7.093640278849206,13.790575614304498,7.093640278849206,7.093640278849206,7.302832145507783,7.2173066061806885,11.973859369377976,7.093640278849206,0,7.225040761347502,6.779025237512588,7.232455287439005,10.720912837798677,19.093492362867075,0,11.403493831327438,0,12.488916452715658,11.213493190537335,0,0,0,10.14180823734025,0,0,0,11.150492665861877,0,0,0,6.1279786159281695,0,0,0,0,0,0,0,0,0,0,0,0,20.740741321209352,27.56621852351126,0,0,20.740741321209352,23.46499590842037,25.478398521514848,28.61954985301903,0,0,0,0,0,0,0,0,0,0,0,13.675733944410153,0,15.927202087104588,0,30.708939901361934,31.562988213565596,51.647695605616036,68.47774519058812,61.20962465119506,31.426013571653517,1.0152609803086339,10.356587157563702,0,9.796783312368454,0,0,48.118555266127274,0,0,0,0,182.04750185442555,828.4367246947062,158.8532834106319,5.323784839456806,1.1663780080935762,0,191.03312797398576,74.09033282071513,232.471955018757,577.753757725256,96.14999911872862,1824.536046657748,198.1107137641687,2079.7133428634847,148.13355310823658,642.5744266880776,568.635959104929,85.03249209336826,28.567876305507546,15.59292829228488,91.48031103750225,20.166242137357845,57.87568912649377,89.57656388821451,193.71962758218856,34.370397560188316,72.9275416078785,115.454804532495,371.59840176489723,105.74270282358398,50.79706626821137,42.37882874695358,37.693852056125984,37.64663382088889,149.90482206025877,146.52642071402522,101.793611202027,51.158747202924935,84.90123833578609,230.61161728864374,152.78003760940567,82.1878516191568,51.26889387711913,82.80784203944317,407.5296120209,130.45143457890399,135.54507830406618,285.6973474425518,237.10457244719913,152.92177908369692,148.76968030054843,100.67115803650131,266.64365496947505,52.56916629027284,193.94486814385365,154.7542910408705,372.83455949798935,79.51024553074129,93.99085691287056,285.7289374530042,51.81772330488857,131.420777735607,187.4220049163709,62.8119067881136,146.73515714858,273.15822046812684,158.14072524046694,143.80175685547871,248.1975372479119,330.54733080844863,476.5949262165064,632.233067325364,1333.4488587413136,85.47065308880128,241.3686300759137,283.0524609482949,512.6857093318823,752.8431895033397,40.26050426752601,108.44647172456884,294.43356941386014,193.06442490197455,188.7648518152423,130.9553381268118,176.09361233234495,300.80965623013185,255.1758497048206,44.35794834991365,42.406667514932074,78.69463223954239,263.8369260523387,101.78826998045861,67.39180037109803,106.37713734111217,908.0612926788871,373.1437370290776,267.29219388379977,213.21719486413002,386.98708386093324,367.9434604088463,491.57480055197607,223.92217448276085,1896.4157224349663,4403.131635188217,6342.6604624905685,1102.1593338423165,189.5671915431675,97.38207590442897,120.59606753249129,113.77350138355277,321.54886188555685,230.16034024765588,341.55975543748605,1036.6555646285397,39.82555123095863,70.98909288786298,30.508600054531247,26.518744682559223,65.91678863680222,94.89494728186085,74.73699382810459,70.7434815601711,50.50276704555245,20.421432958557542,101.46102371012681,44.20205351572923,49.62670982048693,36.332808058330855,49.00371593357761,73.2249639522539,19.13516334106377,64.20211304300909,753.2475750365157,22.218163008822795,41.849230665360146,62.08834479627261,32.517583789145526,75.46908912351891,97.55323003481476,351.13579386473623,2435.7925734139503,193.72217828984182,34.11723746708104,36.69774755919873,49.12494218148864,38.881049406781294,72.63954206133897,34.93787585125168,83.63908898949727,73.77848784503784,58.06433240837917,43.25159727559378,184.95586082864116,80.7221187230365,38.72784602049749,51.89078365807372,102.31937567742749,15.602169396901344,65.04719456081652,353.3684755900274,44.14495740560687,9.692672392534497,14.011371446003889,54.26652460005353,18.1459824406468,35.47616077879985,42.055407083057915,30.511635586355943,18.26293326149162,54.619866196846324,80.69804256320595,102.80503771674675,53.32840171141291,47.402161938554684,44.19643738244007,66.58341921242209,21.84295969605476,46.57290998992946,64.77647633040186,42.53168958576684,65.43992774663917,16.528262966950532,79.0417673136135,142.70132632679267,112.03701874293223,25.51059014027823,79.2723447050042,272.87210956016787,248.13787618828147,296.3595419236662,296.1180251567931,332.3698434693636,225.5535010900937,106.50911277608454,128.92803737792644,96.94266028533389,135.1893370183357,98.17115500523714,58.86476280062922,61.062590995714125,67.81013935774176,121.48455389339954,72.33590892207252,48.423935143380035,132.2152480336767,157.87660221519454,198.8069062803476,49.055142276838325,754.4395113451744,33.90560334341935,35.77204785949317,25.60963176682142,126.95900912163128,43.22157160980665,32.215175717166915,50.656865275717664,36.47880797900383,19.513929321750364,48.520269942875416,18.982410805911115,2.3022212206204498,2.002865411369202,269.7845301227013,35.387683540385,31.371640551416,481.95554444142863,1273.945559593555,842.9623350729096,2790.5575875740255,4442.550570132121,5999.799616356897,617.2274220703902,3578.1041373990015,3531.1670613832007,1172.792654342528,0,364.0454129954617,0.18152307307748847,18.884235398662355,51.584507362345214,20.12709209751179,38.82395663728961,63.42498642190685,95.3942868389081,32.22050421011104,13.608023569938226,104.54130455623049,110.02990562474933,159.83802710229205,263.1448650134872,149.2416299816592,270.03962143093304,126.81895644915535,113.72194110838687,97.4420675037528,121.94739236842645,105.8636383080574,115.22423370639365,100.04822994113118,120.63637273474497,111.9252627038336,96.7906186752432,118.77338563724678,131.29080245520427,166.71484745164085,112.10840163038728,120.62022995402087,134.36154164098122,142.61137005528494,146.41434587062258,291.76056479445504,3714.7020523542897,283.25271262318734,65.11936547359451,40.763441915993106,144.19801306476833,408.9765329047091,171.11030411416948,219.80981737774775,760.7535614809391,1892.5952463770316,10461.256937715047,540.8525593919165,5989.423793796113,224.45575184487188,129.8810686764426,188.06763875802287,131.19834120399332,140.9969737911447,163.1864041900248,237.64726441804024,83.87474689400501,106.12407647180049,147.4051067640877,139.2180415314693,138.97147332980737,146.38668190724258,195.51439037157058,175.89531807742267,369.29718540127686,2561.3881015493744,744.2516503388542,169.88936918279555,91.08217078723654,150.99715940647494,83.4993129362848,58.10095532890576,113.89246878841693,121.88361990829922,468.3408340203222,290.34083480449294,46.7342886999394,76.00561038747544,32.97243092897243,189.66927520950003,76.09369384098228,67.7780707128773,6.397432068473673,8.419595511391506,6.82972291462157,4.735738209979364,375.7026427509059,21355.519656018012,114.18927837638289,4.35453187052686,224.13171199159657,175.54894585277384,0.1996878156781001,56.58374241553087,331.461641979969,179.27545897365874,234.9579625878537,127.34823041146282,31.59577794319826,0,0.46616322494791085,0.5758516398443753,1.6144555993399092,4.132891014529477,1.403531607636517,540.9890367014971,81.93213209231821,39.92195110348462,29.90545311730559,27.95166880162989,29.364169685664518,30.012188809536656,506.9988861821747,39.822267876634314,40.80954143524018,43.00571359319447,40.511529058108756,20.09366878149528,18.57907914489216,17.914158793245505,73.23108782377318,106.5343265298526,255.20180018228083,227.9153608110074,910.9475885037697,132.0494630606631,216.81928120079104,131.3212832680702,279.8664949303913,278.20820986433336,461.5882787413923,326.5529233489385,302.8239202250782,260.03765720278267,347.08749493202384,268.9053848001377,226.2274986923965,336.99056057593486,584.8618278837858,209.6556204822998,557.3988147145608,383.42234011689106,514.8721260536902,143.63668614267561,896.4392875218199,245.59897761542157,472.7648412500343,1617.0930762584328,545.1852921663774,849.7178998032623,3944.7499211140484,3177.9689921557638,1465.3682771205893,904.6218388472961,865.8177320887893,611.7739259183965,422.02071266564855,489.6745018932702,7572.350088373956,15733.604067037537,601.0963430047196,1048.3916817234424,14939.343093897223,465.5607481148306,269.71453521266,258.2878852023401,339.4611217750132,216.4555880807271,182.19522879479968,210.1001952651421,1056.2441959440653,339.5082772662299,743.3808646864119,171.74798595442033,122.19951350381281,97.63718183810562,244.04859006478245,355.69548687260925,235.02042682365234,371.6776798441269,670.5139045730338,479.8283553709704,1773.6314041935927,850.1208714963836,732.2509192205866,599.7099984000197,753.3662875095376,776.8038169012239,1249.4902637715827,1455.9951281890299,1460.8924349167314,1147.473243462076,2254.091207437383,1774.8519728606184,1871.8577402153142,3000.096294095133,2196.690698697968,5554.323780449248,3590.481775801,1325.5477853894818,1291.997684289639,1300.5057723397501,1808.7684102762048,1478.1944056208283,2409.969237916628,1294.80763105916,2640.1648238998996,2006.9124346329486,1662.7764398065767,4597.710870174568,1786.3457398083594,3543.144374190163,2627.6199796940464,1731.7317073057943,1886.6022959111367,1069.953680274816,1909.779071947363,2348.1856167761443,2103.3289418889553,2441.186153986045,1867.9179769884877,1344.5767320862292,1077.8995358870968,1402.4200288186146,1885.5486474924107,2515.52734543634,289.8563481264003,381.8961568979882,536.816452177944,545.500452387167,257.8602992652856,443.2591743713819,198.27345788967787,258.42574230306775,1840.0872543993266,702.024543060738,1065.1132139508527,888.2677330043409,1468.1240653482423,935.1516096055047,1508.1306380383612,1556.8759752008007,2182.193381576904,1292.5031467442423,2088.4336556582675,619.3178503352069,1439.9719362272779,1012.5484369348418,12171.088795129564,1194.450846152168,381.84592162989856,425.2959133623832,176.67844921538676,237.07906252730365,1131.2441538509024,209.5364157259733,273.77264944716774,284.5329478571836,306.55324762727014,667.0244497822882,340.6985823979223,198.05571405521508,410.47044186519724,352.89167735662835,1010.6638862879191,290.35351532885005,225.9896444440235,507.3888764234359,852.6186482768818,461.42963012312106,203.28188895812676,517.6954541882234,323.68354768736293,707.0954092232339,690.6791333430155,785.8175232886755,1413.0295764109126,1411.194838657864,730.5830951499385,1355.3977069220005,775.263486525098,1852.7050275522831,3469.7916804933657,1195.1519121440986,867.9805114759371,480.47028795375866,791.9893358649389,2973.9508526170334,5487.184079195731,4418.777673370647,1029.5731176274198,629.0915086260692,624.9704772446402,574.791653523013,1409.079268765725,425.86890759155926,1238.0195090092798,1334.5581428420942,796.716364264549,407.12907068974766,348.68140403597806,489.00028330488817,296.1198885991064,363.9470599374617,482.5616018142122,270.53849272282724,371.0353585053232,248.8340210685391,544.3826853239979,700.3255164804133,516.5311063475045,602.4370173394699,524.0744102793242,436.10678411502556,599.1654771537933,1771.6329995246576,970.3803457929788,901.281747579014,1219.295647298498,1204.8449923191868,2175.4257735424617,1371.6982571940496,1824.602168074701,1742.5095456606168,2383.323596663366,860.3627255855506,612.1297455419142,687.7739633508545,969.280832782894,747.6275970597547,565.5227947665348,601.551832600481,379.19222034995164,334.15561141574244,261.6637369954431,1111.6193345298725,30.63949074776402,3.6870881788529384,0,644.1951165222342,0,1644.9095816128267,2387.5965404031176,422.3460450244963,1457.8099572855326,0,193.6345345129014,0,0,0,1183.586277686011,1236.5954500524756,0,123.30720268561791,0,1922.7797322478511,0,1523.0418783459106,0,541.0375283672383,98.2274166761787,311.8648431198142,247.61048528078612,174.25024892645507,155.22384421911786,40.64263316534862,166.17139677495496,152.0803561159981,54.807143994315204,247.08681623408592,158.87789367154667,40.26569333230073,749.396292490981,34.807665740384806,11.006065661349696,66.02289878835956,31.723178606728556,18.835941198220045,75.1544089510722,53.99996768999624,302.7152585706983,31.967203159329276,38.164050913385935,58.35817758999028,121.10354500107546,143.64413461000228,31.716113951503903,67.24052031063599,42.69058829729093,63.022021556714655,80.18878359687614,277.6358053041109,641.8055346665576,73.07651860474981,223.3189778085942,234.9276804370795,275.1522960541323,1127.087765992507,282.07417118496943,60.81149697074775,25.54697856548907,154.06656604130103,27.209133286434504,6.0949869205024285,151.78949137248108,141.8446953688514,156.54530149880964,93.97761683828719,153.0582609185021,3.4836471637671917,12.29534710781883,2.8238379419489976,12.56638751882497,5.6393963903228315,16.599469571158643,14.944718606275783,20.424445266659376,9.153476903462439,22.8411798146672,93.55755752813526,64.74546755393487,45.22937695781659,22.211153636143322,874.4489526656615,126.19485678954419,30.46628471455954,1822.7607297836455,20.05679157713515,0,189.01394564350431,41.71068152285684,31.609643543842303,23.92142623692919,19.49393734316806,31.706722690036962,59.7757034371853,34.8064568526587,9.331929849688247,67.4626178330518,39.30576459536513,64.41081096626637,17.406722192677677,0,330.45097115928473,323.728669336224,1199.5438291120847,34.717795515472524,1383.1838640337794,4832.385615340613,190.69647519087172,15526.661105048195,272.38045188195986,5319.414478948139,1349.5522350615156,2366.183076818983,1469.3579138010718,1337.4057253580004,1605.0927482275238,1137.3629642944338,1788.797734048849,1973.3060886181622,373.11635463752066,2067.7590762708755,2853.5624408310077,901.2559860195462,774.899956065923,665.5273070647514,1316.25194393555,1079.782369774748,3287.545585404654,1354.2616601352436,913.915268803943,1083.20274466381,561.9687116531776,740.8850045269065,5506.497409583929,703.1561493016158,849.9961749327571,341.04984763732205,362.4001888354689,406.9436327552534,324.60863982003673,395.90359298493655,2238.9993356463424,4482.064380632259,6457.934787546714,3703.215008926513,406.5205755253586,790.759285338634,964.8910560406664,622.8173141834905,2198.5498103438877,1776.8262041701041,999.8353407668583,976.0765638789675,1546.9822525705843,760.9955593525225,636.0887271506837,318.4969125839742,830.9560117041916,442.1923542809381,20.728950478415673,8.310733400066553,88.59143978196428,147.18763311811887,138.14409715395263,158.21572920825827,18.99028917520188,51.290517977727774,11.79685634539451,6.7303844636254535,7.532428574053673,3.3045147461384348,3.3712573552451324,2.3780944709979157,21.077464471580136,24.36068856801948,17.49091104045134,6.181343744386267,21.793997660793437,12.407554782607178,460.08072104459296,39.22159074156757,37.60508144386085,13.919194819918925,22.35303384685077,52.7419952200172,127.15636792386522,268.7388409905775,310.43383869577116,39.10396701712822,26.728577909384718,29.41795320837822,138.09135066230937,11.447782889337974,99.44144125941598,40.544276677837246,1.464276334485054,5.131044474613803,3.0222968425057237,5.53755770662712,10.296853900760308,37.940422678170215,46.38698681954184,21.50601818120619,9.320461525915466,12.007854852987485,0,680.090575635827,1001.1541598083073,3150.2820028994634,259.0619348019995,0.10668235078419039,347.2237227586919,199.34227390861807,31.750536830733544,871.5608086849311,53.1445834437906,130.72427464896077,18.805652888677347,2309.5323379140277,472.9617957886749,422.4848886372514,1326.77428887885,171.70598103033848,857.6868745500416,3247.360999659273,178.3440266692684,1174.6694609433443,407.8342305701034,1151.1232100968057,78.03014561671733,6.300910944984612,20.211864651544094,41.66988530983029,2.3050648786078667,42.89489167834986,3.5473451256184276,72.51240566787396,67.75055678128905,8.340991344635329,44.87752385877341,27.710706963389775,95.00715174912473,35.51606388798288,83.78203208012548,31.323130615865757,49.016733889068064,93.31119193888226,92.90397168598153,89.9136464058362,35.12635989723717,180.74304905805005,178.9849233563101,179.64614934529183,117.80310320252124,55.8352176911371,168.87167215437296,165.84464328940092,271.00736383660745,8.994286278635691,15.951950870062612,9.90974237789272,131.30602134943706,186.6354289182343,95.83459055495291,160.43291923208034,39.62288228728017,47.549581027692035,46.36298094151444,58.351735543716806,35.73817181198189,22.888226038708254,45.98232441391355,43.34910324650225,46.183332562497014,37.098535806724094,44.71870464519735,44.54810961369153,47.56672867310651,40.57524539173931,35.577731020885544,0,46.02798356919637,44.3566623251923,47.617839160922756,51.47323422075653,49.92880137512624,23.145007291370796,20.152625141736838,73.20683649607489,40.467399238720525,78.2180593298498,30.76247568792274,58.67472579787645,41.929254732619704,51.25718593878544,42.00477958460198,62.410326219129786,55.940340263808714,72.47244574350545,67.15893427276917,110.25677693529484,52.1675423900516,71.61493516732403,0,54.63748344296086,79.63993880959751,77.98494093069479,60.910986023112905,75.11697086741958,121.96977456282288,74.44942441620674,50.685068028258016,72.19520955344022,82.49690703790087,58.80050295137849,23.970758179497086,71.22542386272295,38.1270915611959,15.195406950870089,32.34932183821005,201.71121343750693,70.3394158416313,83.11267747195087,76.86792263947481,78.91831489569695,115.8422647506366,90.4744674110924,39.7502958408392,66.02080106712971,51.70016095424732,11.750557184806189,29.02465286005935,14.501975037399708,10.588750633934026,26.418322142639692,15.427719578918092,8.729470851030714,3.404342551077644,7.519912163338567,10.508132643299923,1.6220568213071478,44.65484786957725,47.9734693890703,11.96569364393713,402.04946423720435,107.91534873586005,16.239853015570034,34.222332636847064,185.58078427918264,5.600826635698704,16.30484670690121,1.9401379768226974,1.7270422341601632,1.835949570938966,2.1836973133794544,1.943660228705676,2.305855471999585,3.4172724439837463,21.079584073852363,2.959277823028886,3.510364794769999,22.215227558850156,6.662452606531219,3.066637376257,20.057078517044914,2.0204964353528436,1.3847827105383506,7.318103867968146,2.7911816757028554,1.8657140656606108,0.15781385599082334,0.17430029507064984,0.8189504399792098,0.02434161213618266,17.170724946555584,2.140382384209087,24.01850784253414,2.5211528332672457,0.931044003753117,1.2580221281658885,4.507345325105536,0.8658214228778596,0.9324400200166068,2.1392498810575593,1.7974011043537719,1.8467442177822415,70.50587050460383,0.022172872953678965,0.14773094545975599,1.5541108043611855,0.7898224376226727,0.9516156046548901,0.14837648924434715,0.6583352968511366,12.968669736461008,1.0487123283732942,14.625016309147732,14.923818184852664,26.64509432683871,1.1102369528295661,5.736906605914462,12.960587329560223,16.878714425275934,24.97742259476588,12.001539587025087,11.916785539699521,40.086138732623134,23.76215174557744,7.56324408454534,37.827928636609435,68.00915879085926,67.94076740443987,0,22.470963354206447,4.322931036586201,4.371952050995519,89.77177289115443,17.36331983758424,100.63733247716692,4.5177028186434685,1.0674412153282733,6.395326604339009,14.455640697731006,1.1122692901034865,19.383370507895133,0.4603246538419814,0.448353169904783,0.9923593698297918,0,0,0.6684980536458259,0,12.624734489638053,24.075617829849246,78.06754352522327,30.8077795855858,23.0242631257961,22.82379733978896,81.87089467507819,161.3527881795774,343.300712503707,294.89177743401257,103.85255666448548,116.09050856495357,145.71469716620948,162.6191451511302,107.50319014483605,194.50809714382166,395.1448427005957,589.3191840224148,5895.109244062509,1069.6672414204547,329.37948016743866,146.57350765059968,266.3282585953536,159.85264706172777,67.32565087832755,76.54904814586016,159.48982960604317,104.96564513310217,78.99256062307744,23.38932728266309,21.917674636010712,32.485214802790914,34.53709276952558,33.849320678818366,108.93959342127405,23.724456250545167,11.481967593796329,10.978105375074723,8.622532918113365,46.58826243223345,24.836069856515408,49.26631317362136,37.84684193751466,185.53322116177762,204.21318348592797,138.61249854574442,400.6154869957393,140.8967583945946,0,0,27.89564391741711,38.57311880159306,14.957016688091981,54.4988741857452,36.04215241069339,170.9474551157402,12.597986392086037,9.729455300422247,13.754926112592614,13.478307527347827,8.155754749666366,9.250757223293782,32.0941367243329,133.922774038361,34.72881214662168,12.563493869075197,8.626693051367319,3.2874304619223893,2.9369226157618025,3.255916293299344,3.288115875051059,3.1707680888188916,3.0018308389556427,2.6543088572637368,3.0328074616815655,13.940355071559265,33.96443648558243,50.81328711639553,248.90202036162083,12.626819200457474,7.797769615791281,20.365372454020545,42.32264998245096,29.121819537563372,35.58389730763366,55.11975884686513,30.650591496945438,36.90837922870296,76.10760105073912,428.826116490537,207.19280761308002,45.992336338736145,65.5608241848427,36.49675862358999,66.67766752413416,135.46208611851597,115.52980551233057,48.399390082680206,158.80032646897382,1301.5822310181734,630.926124555635,171.35848527325948,41.703922317422325,97.57752321475695,72.03296618864837,32.15844182160426,24.026421359783654,16.872228936001704,37.7292524984566,150.16631098394856,190.30253779677673,418.4852743806258,1242.8953512707947,1026.3568172107293,668.6646193814635,967.5978239269771,1203.939921215059,2163.5378949353826,4222.939742519422,2452.9845085679394,1790.8644325904722,615.7860053544161,216.0403381079957,115.33019388179193,156.62009937810967,305.0136629436637,216.96718355392784,320.21114328477336,401.7318782435384,285.6615322780644,452.80946008341266,418.27134015804666,197.26597438404403,57.19678862707388,90.18547769362998,49.68244393165002,19.825301017153414,36.44468206954723,39.765778434695356,270.0421247239957,1271.616152700798,208.02354838514069,186.38123635212094,216.898726777746,129.0091882155671,219.93826718663345,712.8317229965904,1977.5494616883993,1640.6177541989077,1458.0947539632703,861.8117162933678,340.3799768539185,150.77959331159602,91.72715867904002,72.6463720296085,166.4656409672996,139.18399804258794,233.8050700175381,171.41581343262004,200.6057724177249,99.65052898752344,143.68911131967573,40.33397837947683,51.13638777246076,49.47681841465407,88.0047163950414,109.31583550367885,233.55571160200827,303.35869835369306,300.2730731154636,253.10863633851872,324.52401167540074,229.7745977539997,496.0737253388773,285.04740549955596,177.63002014137118,357.5290624551452,125.59160538549123,95.88733841554505,101.41332593565937,90.39158276439636,248.54677268752272,303.59876859424645,287.5942298437147,260.83985029463565,219.01502914935335,275.7839264708691,96.0242913080608,407.21678736103894,106.30392142624292,157.03560032184444,252.2583392863766,201.9718547268814,185.07226279657942,272.2945870915932,222.93544399473916,383.7693861485109,284.2507170806109,753.1846047836998,717.425767958029,355.7668811762262,580.6593231989557,97.5487242431191,49.94974973970387,271.940439434661,71.69540695641689,82.72473115024357,95.04937157622149,432.8006533699159,362.48827066734106,42.166928997523335,37.34031999976637,128.59518759714354,1175.481454865425,212.64853350742487,254.805159656885,342.51209211408553,212.780494286071,133.26072833832745,203.3703168164178,166.40318388204207,259.57964745004824,146.73774298118542,700.4641229020798,181.85792672546,154.70423345435336,336.4854620138709,411.72517774097014,196.56051409553,184.88063188319214,186.68181301710786,270.4981226335859,257.3434034131631,277.5687331713397,174.27843475388337,143.752652417407,103.5735902233796,119.87305280372189,166.21996755099596,458.8794374734003,526.8436025226428,541.2025041114281,418.59073214580064,416.6834786348481,501.3011143594252,429.03798705870656,723.549299590388,593.9601723791355,178.33850969964826,104.50536507607599,1134.8452973281328,685.8599625709672,910.9569213828726,485.49460500323784,12.452774468892637,202.38793804876354,243.8242376013103,150.57975069209104,0,190.4696191433674,172.31406123903372,185.0625981349147,65.71239671493164,6.435207577314295,77.31062038478807,76.57442479901243,56.62849360581868,0,123.74096768526358,858.7446116813104,84.04911649094191,100.2964487789633,168.0618910614106,52.72711800151043,175.22050799039943,364.18500044991873,196.97553137143518,228.7081665199617,290.9281574238525,136.39325488916938,7.7707023727472455,16.21739849892882,75.77928867110036,74.88914735663549,66.32720857749675,62.65373275591727,85.91793168698253,173.58361146622113,100.90765615967656,20.075403228356503,7.755199414751831,20.915697324101934,18.102163795660694,0,7.906218329459905,7.239069558089114,7.936666849611558,189.43300659660727,27.725294525090387,31.240560545320637,195.40200200395938,221.20793105708975,609.7769426267658,259.8547140299504,204.012712935426,92.6286764686924,208.50331758821892,405.7022256168729,48.845834181302834,81.35306030740688,54.54016312762646,64.12429501082845,96.63930964966424,92.692859305237,85.48774510709256,332.38884979566444,181.11137348002683,97.94998403199894,138.19379329872922,306.865171078771,144.78033891485487,486.5194529732231,231.39731151082145,157.83790334621548,181.36482705027692,345.51503770157916,428.41616478592914,298.54148116521344,364.58815808829746,171.55646963271442,61.874097198838975,79.58868300077609,187.68726773023874,494.96971771985125,296.5684717429065,61.43946804809712,237.71935406015032,653.8792907927296,141.35814243954496,178.65739283880865,1682.1023260025906,3370.6010760204754,3730.659650535037,771.0731849119168,284.7935268697811,160.74259829597202,146.16519273358722,330.31903550133904,92.37458143656137,630.0190515454619,525.8036288295818,1034.1495313228718,1867.5963381890795,783.5331275097385,557.9656393752161,175.20217933127483,123.58963807441721,195.58383931275938,685.8051114296416,481.65534965421557,301.7704491103879,536.543373744558,642.696001326099,1281.6952898480258,719.6700897826414,5559.8140534253425,398.53350854790006,217.67090424152903,159.41510122136793,209.38833897287938,218.72679063875316,2831.0474809214693,1337.1701876764228,428.1486382927025,747.1600933710844,699.6560548624044,455.41027410667067,565.4128195796732,345.07685714061967,232.18511792082163,302.75086278215116,103.7010972397979,32.52213263807012,141.33861230569417,30.257869707041113,101.47930500796241,246.14276921065115,149.2751199675394,27.424525182732946,35.65928337427506,29.642358816937154,40.03415771518141,361.4385983059785,28.973792255972036,1034.4370135676943,21.165014207763363,21.207657280755953,34.37417177322249,27.768857198827828,9.731356696003507,19.53666872520227,68.87719549711424,140.9091195866483,123.79786002684773,57.32715937708772,0,16.574533780719268,4.430217873870253,47.04455081448349,150.06213334241997,157.80059409447773,39.52783696253049,144.49546038885575,87.15470238963798,128.06649642353966,555.8092790420842,1724.606262109381,193.15326448448326,171.49069143490703,280.6538188906124,73.33746578056677,17.45756366571583,1.6297461731954166,98.65663086285072,582.9562205352302,1062.0488607397565,1198.893599288178,162.60458395684142,109.71097537622522,291.55519077524053,64.15530335870264,284.6751804005454,503.891675022934,935.8615926653093,941.2648583110093,141.13964006163835,7.0957620048798695,0,23.374411750522043,15.811735714794736,140.80647626063273,81.06528035397093,8.044040006636205,2.26877458898753,22.12674366165546,30.246260138348255,0,0,127.88129492903205,105.63312012593653,95.03902624210286,7.867443010280768,3058.2460735751047,3562.5460264655067,894.7153374347904,0,551.8051338371529,134.9028507794566,98.84074687363503,187.69784017686192,340.3989489848654,189.24253068318853,189.37039502510845,1484.7731671244685,1126.561613947507,987.3120725512529,112.16392288168842,121.46485339729415,617.770024886275,275.04053450663685,198.91371854414206,190.028369408157,1168.188597174117,268.0473922647898,189.67653618584836,414.04196052180475,218.53191218948533,223.02989356606705,96.18433180199256,96.55387456435396,300.75787270104337,171.34349867396284,499.2003829505978,40.58857422701087,12.768062780999642,2454.5660796496377,1592.185603168343,5096.531529178714,6633.184140736442,3030.0247382129687,509.07961441036736,274.63562064478526,223.9531910477956,384.38221891427594,324.60205552235055,211.2039271037647,427.89137264039476,521.2667600626887,2890.740119163219,5075.1588345096,1159.6798056708462,574.0511397675591,1452.6313011921,207.94888566411524,128.2691654791601,172.4193302731673,3557.04110639087,1034.9668869048803,139.10543097306146,199.1463577996214,524.473521411706,587.1342637489629,10.74637712353521,4.7756609272057915,4.441326454617107,11.541236317177487,33.054035514363534,420.5100939619981,31.370436014263724,73.65420174382768,81.11616329619844,119.74682714976038,127.82481135266379,209.35799162363037,1419.474354988689,267.09448001476835,215.73401289975803,992.5079175082217,1436.545261012697,4858.260306560842,3133.0232001984705,629.622582803842,451.91379082671176,248.84608614187226,66.51237554304772,337.3933939731895,10.465984062907692,21.73231107212912,876.2371653856087,2804.249521594326,267.86721507471935,94.29668458173192,193.64598406394447,2296.1747110874126,2046.9003369684974,63.90121943857107,0.4332097378684052,1.1815886961708657,5.753530542891724,860.6574471904028,23.88876450239224,13.35935107945624,25.2598587851844,341.2593139222778,56.36661544133687,23.778398177509864,173.5101401398786,13.587689253718661,30.735271183713277,36.99472995581252,100.81030620826478,0.25536655957864274,161.14713431518288,41.88256263237028,231.39019921528634,27.169461133756602,1.3409509812547347,12.421777238673942,0,0.6211902971551999,189.65153769816484,274.7160120226534,83.17510600729052,169.9603066434048,61.75838735707516,161.65547508946452,211.97177862432704,779.0617166282029,735.3505018108784,389.68706792714727,231.23367824284523,216.9421405654418,93.41713743641729,74.52075006262764,9.936604365359894,231.51884521192537,430.0078638047782,748.7107166889142,456.3361595335703,167.02130048626447,32.108571565850696,229.0919372651281,265.6213052245077,457.9688615851204,358.1637893433887,13.011263802414888,2963.128900899498,4899.311053985998,13987.22159543975,15312.628557048522,11242.778555999568,3.9044604870939317,3.786683963371523,10.723301871561386,165.96510882809784,12.43966660590249,313.537274498049,100.39234219331621,201.57353728014166,844.1778254841878,290.89090659981474,42.28008823910175,11.692394246287623,240.1808230019025,37.56789940116978,89.5493976931141,44.43828903362458,9.27199854172379,10.797184829977093,10.385740487968167,10.557893087683825,10.205955942031736,8.687597835021318,15.274634027313269,16.05687412255512,26.907975292415447,13.904667336248764,57.03516843614612,81.4994157225877,40.36106648044636,49.075072356933596,45.765228676262915,207.65200849156017,44.26452930976156,25.259953660646506,39.16795756507589,80.92124400416392,250.54156048311825,71.92574525594577,334.7018091552319,89.47786119850726,217.55981613070037,70.21514188005018,52.880121781196614,88.18900184815688,29.89772077529388,46.18903368967847,37.139334294661865,45.7098595385989,253.5885274518188,45.02793880202078,91.77160946463799,36.25340336732281,55.40644253073448,399.9711225114201,27.502539862675647,100.76310041879653,71.10144136802477,14.366352475283088,46.09832382731506,35.62824527415571,199.49387227784055,78.97327243880437,455.58261551236876,181.1722420747738,3830.885181894933,3886.9843227564925,2555.458383264361,900.3183917477621,1716.1270353072557,13.421600853659719,13.157940613935859,7.848700707320272,19.05687212877871,420.61983695439784,452.55836185879497,33.28091961741664,21.501537520279065,4.263649954411051,17.224732740396792,121.74867106221933,357.72072585154046,184.10061653645366,63.24745621963453,13.380810727085427,22.55854153055781,65.34272787832866,97.96315877605963,610.9391567798863,29.566078421841908,95.80578848931897,87.70384736963632,32.70979556765839,102.75237213934545,12.192559158107139,10.966740545962725,18.499391733589455,3.9470551401626475,129.46984639070575,21.670092351176827,364.2922308716271,180.74673880816448,259.4672563986961,185.4164075479782,489.17512153780166,1859.6302361937826,1249.7418188981694,778.9833870484115,315.50240058643595,181.35373822793946,451.46924990566094,264.5503748006503,408.1842701990227,987.3046428591014,741.6919568473621,2044.5862863133182,1258.517675593163,403.76414091554807,302.49634877218847,343.42160386658793,225.35209258868574,79.43529306091848,184.33128837037785,109.32305181031232,88.48903018933905,397.27224572551916,2015.985934013743,807.0198737612491,160.4991517249938,1377.8037274986173,698.5029910299755,179.34231375637657,58.75336334774346,385.5201856861685,713.5135570254182,1449.7890335958227,294.9614014294168,176.35801405507362,212.4127824901101,237.8551544563991,598.2777246709419,232.0699482888176,63.17276660076844,157.63858446604053,368.3788038859962,841.5263562549906,801.6703852583161,1175.3093035717015,2373.0076578427925,2665.1895128759174,4621.936817982503,2490.077926188265,844.5320553073154,847.8931141575176,7866.371257843523,3151.031327870133,593.1951310334651,41.50830946890793,43.20516018028524,55.28163001037001,453.2637455434456,60.26389425542251,302.55546335800506,533.2713737532092,52.82950925620141,254.00874910770986,75.65606057262043,331.0055775590705,962.6272887592828,939.3742140895517,138.83126134643,32.87362537821038,23.284757843586107,106.86221771178236,137.19474185720702,155.56242679458998,227.11120931693577,203.17328845464502,497.0731931368836,1931.070794774062,1276.1534023384013,566.3993534505637,357.9432661985879,105.75468990455278,489.84059565830194,0,0,1222.2520006821367,0,466.67606501830426,0,549.661711637811,442.012950812992,1742.7392412134225,458.2060073415181,0,318.2461639404774,257.5980768841523,1346.6657161196795,744.6024065822903,783.004715289608,1272.2665405169519,295.47315196349166,4905.325195213108,1398.2247944348637,330.0055056795398,926.358217619785,882.397845837059,1009.5400725974591,624.5337402098203,3018.7395825300705,981.8476639136633,1501.3725376748912,0,1689.62909092138,1589.6893397426386,506.9922287664074,745.3825492034325,527.1942267050733,690.3572197902315,720.5646885025918,0,792.1395671321089,630.7876050828451,0,460.30747177033663,4009.0102910939518,824.6654876665601,1293.8008282849519,299.3098283754319,712.2659367267883,235.76414840693894,0,940.9845805062098,2025.809425878526,1102.5110470957743,1739.812852785669,0,1675.804937249787,1551.8183543544972,626.8998206661721,14.56536753405792,1344.255617855791,0,1300.00500050574,1340.9332399275522,694.7430374127956,596.9756359095638,606.1864451544765,1213.9566715172018,1514.671902992549,768.7802474671165,808.1763420284277,0,611.4277988433918,642.3941805445291,1368.7304707897529,417.10402185823625,1051.7960310596618,824.6806274352423,559.4432399765064,886.4450974613154,943.8759288896117,0,631.37010456379,0,1824.269512531276,19.832775176280624,1576.42496040034,1.6016100698005045,1137.3381845810316,26.665626261703867,1310.9211791740213,1013.4758598243089,1308.1021602144367,956.5243941762349,288.0616939144014,1294.804354870142,822.2718189209724,799.7819490894552,0,735.9801264868272,908.4516697579198,554.7041344303741,0,0,633.376216111888,805.6494612683728,849.6691996503806,497.324075361344,1264.2455278728878,778.6534994920125,1101.1238643944191,743.568214185382,671.9019952446129,779.6436912298899,664.4035002174014,636.3086258093499,901.1327302741719,890.8889871557387,1017.6187715819527,888.0260724342409,660.6678753512571,628.9169462284704,1484.371755041159,1744.0729781706411,1022.299548224765,1035.5359401011888,960.8213860790032,490.6187555416299,605.4301933549559,1059.7427728265816,1317.1106860465059,910.7592354358302,927.7369472551601,1353.4347632299641,927.0509015180706,928.0319712419358,1119.2169484796539,599.5187611195416,1391.72353477639,1374.797702366751,0,1261.4050801380106,1199.1250066207174,0,1172.266528453025,1469.1781946351084,1856.1343793657459,2172.166588956828,1421.9072731832136,1783.068638948289,1756.8698090680616,1625.8918319835625,1407.7904445734343,3293.6801634865087,1524.9781223594869,1393.4279886874792,1467.9570099902155,0,2200.2566939523003,2873.2454895435008,0,29.26407264341055,0,696.5424897783319,1834.175359307182,1204.98832689363,1115.3133518763632,1180.0562898911303,1955.8734508205994,1146.9508090410438,759.0656436931469,649.7026082795514,622.8992883467776,1570.0242678078255,927.5036619569119,1169.6653520743268,938.8124040685645,1105.7298353032377,1062.9948794802135,1021.7835554993521,817.2559036273393,1300.9645198391556,3908.5413081451165,6609.7475955470945,1339.6259385167175,884.5845134686897,822.1950379281878,679.2038895475611,10218.20537303683,719.7135813366345,1606.3159002080351,725.0347108224063,728.0888320960979,764.3998514603495,626.8557044328004,784.413619915174,355.14541960081925,942.3952915229531,778.383681857376,0,1571.0536529888448,764.3616225874088,746.9100165855266,0,377.06123439069444,0,602.9915561057265,573.3909537110392,863.0169059213566,677.2157556546717,676.5933230267959,934.5234860347995,636.4818208599236,933.3315778091988,1009.0963458192897,783.0194544944771,1082.9588301610127,922.1214523201553,799.116556917644,0,616.5750251483295,0,1472.7102449718275,771.3779380573195,910.386574439673,942.2532082344018,791.9081855237853,479.9987765251641,0,0,522.7498152416531,508.93830690843987,513.1825782597881,0,520.9281219450495,470.7045571504736,497.74987047263187,510.777476910638,495.2065845994253,508.5022786952108,524.83201919441,0,539.7787153938227,537.334094833002,574.7586573798392,0,83.35027430102842,0,0,176.1851909948204,1293.790869156144,0,1202.4639136997105,622.4076163336136,222.47100770982271,563.3984995901235,801.7240592767791,2425.9773633962113,968.0073151629063,6.227150678137675,564.2192395633103,63.763426384581486,975.6826695613199,566.5664446527763,955.5946224605175,448.2872908838762,0,852.108858383103,525.5777837248238,617.5780078235244,750.6942309589373,457.1664528865881,867.7582560073678,487.5263053615745,814.5437027874473,676.9963841562042,880.1082885274911,637.5827069941749,637.5827069941749,633.6311387526855,495.549638021377,684.6567837357863,518.220132743727,532.6347793900862,482.5224795536592,684.8177139138539,452.9290270963663,575.0593367217018,457.6589102982434,713.4914364585528,645.6405169756082,544.4732211671533,537.7972701259934,710.1718540341203,459.781401913769,510.3022912812335,766.3076103977824,0,550.239474901817,530.2182039961391,456.89474440071,571.6256886027579,680.2805299680679,587.5354113325653,502.1796639682589,792.3739356101278,691.295432277697,494.4365144936368,1170.7502150405144,514.3830833191066,439.33903290920995,446.19534210247866,767.5804885850666,723.3148824819673,448.768672594865,439.6527904769811,456.83897531056294,436.8565718832979,671.3196950820466,0,0,0,0,0,657.6791171290602,643.4250584593156,638.8692171156496,334.13307744625735,267.4843303935561,0,0,1052.507784912215,906.1765066139649,653.4143882629864,0,725.1945554273416,733.9191797679472,537.1465167881494,997.0166510006095,811.9019953375453,836.3354889458394,626.7814467757873,301.6433928369384,0,889.6529824064652,315.1857617767873,1967.8524119587728,788.2530303814768,2310.84663730141,1203.6787393216864,1417.3284531930221,1290.9676084890104,360.3907923286738,0,344.736465419761,761.0376572226967,347.16688026775523,287.6304829796404,328.45275385792826,750.0397933300231,447.85198610763894,410.04584829213337,382.1535034147733,494.71953415919654,1460.6713321538925,442.0675000920482,327.346838897897,0,393.2871466684304,630.1201903340127,1518.7311513096681,920.5811606718979,2731.6143638786416,1517.197486932317,595.1116935814455,1854.2387976848358,412.335742778424,486.7817441141851,2394.307960950834,541.0836959379216,426.5553659316174,446.7062586653373,499.6699847649256,395.65821813850846,360.86090367411816,344.1179004247016,313.5802924430316,59.38042598319903,0,2113.7146678054423,2311.6324542173975,0,976.3154046507012,2046.3453810920705,1747.4788471172446,1016.250766048915,1910.9902679864695,1601.587296724049,0,1.573271311338678,0,0,0,0,0,0,0,0,0,0,0,0,0,0,45.44519415241495,0,0,0,0,0,0,0,0,0,0,79.52813691727559,178.51413490255047,32.939979256580855,28.211833066926935,9.137390845672023,210.1257571110687,1188.4396112977095,1379.3453652108901,150.99648288989414,768.4233925411619,0,185.53260604573939,55.806187707826595,49.25359084956794,55.07099177272012,457.8658291286757,25.347229756798566,146.05400280926386,27.112128081724862,77.21850003867388,57.965173472828056,140.31792210162058,139.03584201975875,199.5794509422134,0,0,298.34552249941635,50.14813889143287,2515.9597341500335,149.08525506095359,207.569884165167,50.77266674125177,1100.5475759810204,50.52217631809206,50.74703990665252,99.487112233699,0,0,30.539869737612452,47.74750413490138,82.72935046590905,23.559469004487468,212.31184015251532,37.45830326788878,11.768250012131318,36.69545683816179,39.04804594868103,36.76179727526407,18.30620123829842,36.02826744417819,19.719692345069475,30.50979003608808,20.462230013347842,21.718802402636555,31.562960430922654,27.4452281438625,28.836234926278152,50.61225022340264,33.22652688786314,34.61275252196629,23.62648118438618,27.937851799388373,27.419731243956726,168.27586865818813,54.06218343005439,40.52160405222763,24.196874640332627,247.47066219605279,204.0115589832704,53.15888983830888,688.5120619149386,314.88738708928986,139.57762462593732,387.01684231154223,391.3640693238318,200.87269838651886,78.3778506477818,174.46251652336812,53.86548946250392,359.67077210521427,0,40.36115646522645,3.3742480824855714,0,0,0,0,0,34.418213507720296,773.897999178367,215.2369794541222,6.917458177716241,66.9789023167937,630.2932794752198,1373.4255954811454,3200.147024768392,3279.2390724422985,1355.8576394418976,54.67563898370131,1.310689217667363,1.0460946946275198,0,0.9766174322278494,0.12047808086991933,0.15588772964520148,0.019320936660806177,0,0.7328336919110803,11.643833386502491,1.3083732512426776,2.5556992239442162,2.481859994752978,2.4271522875814093,5.925260119045926,15.26612643457508,1.2228307206531328,4.518590654858318,6.679815572035021,4.019111009733306,5.306260901347743,1.257718923834155,0.22480113495192644,0.6222926078869596,62.527872828932075,13.056730965514761,62.34478750372576,50.76887866250476,45.26117813917407,14.88464674610977,129.4490237973443,67.94661941902103,237.25661364257468,47.17647407623725,54.58261120891383,100.31308455602641,168.55903983371482,336.31921321545786,179.64678351478852,9.962752475006399,3.839279381657511,17.470646497812726,100.72119345458282,26.66567989767856,7.399262188696226,4.012597937038179,89.97681133056511,50.66772277361594,1.5509526024454638,49.1624785429766,572.77498101019,188.38345215971236,39.40986674474775,24.120863507143373,14.465069115204631,31.88353373866379,17.873888859135295,40.05320956502582,23.071476750034464,5.106741976792856,10.930255765287896,250.7254214834641,83.40757336243425,105.97050186975666,13.977343171860703,47.42546734781271,110.267354086541,10.190517129673347,77.20587473111314,24.125550184655474,64.09547071176321,1417.6270672891155,4541.033025237978,6231.766432492779,203.40693006945668,163.4531609569186,41.53305099681952,198.3769782826402,115.46645211845433,899.3464573443741,212.52430535998872,91.38913673122305,22.178633358926792,600.1881388458718,323.75304327533416,375.39157631160543,145.25946355321028,3.7736818817253956,34.27614549607068,3.9483480478597217,63.311743703930674,3.29678909566287,3.732581449413239,71.49299659079448,87.74939703530218,19.74488682817644,0,0,0,0,0,0,0,0,0,0,0,0,0,25.15788695673734,26.686094149755913,0,182.4773031632151,6.107586334520542,5.93321854086561,5.941928793665826,5.844488309788191,0,97.43424694214553,97.956180708371,97.15098674530927,97.26321524611429,97.81351444062281,91.14689874842364,0,0,0,0,0,0,113.38694080956739,97.67628730412042,0,305.912866019836,115.18228084761908,0,101.99679928882344,96.6950236189914,106.50470345304704,4.052717746228058,3.504198896077727,2.666514087506691,101.03615848740081,147.03932544048553,37.54930225827885,115.87294453211312,78.24380381094485,99.434403174363,109.3710494835876,121.96436777433712,121.17613947126652,82.6082434008379,115.24408458764756,115.24408458764756,5.943816074220505,5.943816074220505,102.00826131876292,95.46681747646645,94.96601832713165,98.00983309951779,25.126035352641882,71.0655115516602,5.955442741628678,1.830403415145562,70.42058135021834,55.15651783542519,0,0,48.91451685576235,0,79.22105664303038,0,134.1203101494171,0,78.45448241041288,786.3326212788372,97.27495803672724,136.12961150848867,64.9595910722511,145.8064549385954,70.32165292963691,162.46421417808742,97.51321433104816,7.713176043801474,96.49268413665675,12.069831490401647,88.92452149491574,99.14016156144578,68.28178021538537,60.212066472749854,74.40547468890985,91.13739451580562,57.43925301941271,85.01569557428532,183.7769601684917,124.59502032872821,0,47.306560304374024,86.36600634621952,55.14078817293028,103.68935126280789,98.38494679617605,114.78471263619588,0,158.6293931962748,99.39231351136223,86.67544374489609,110.78694646706161,183.9555675033167,96.14316924637292,263.1458065701035,103.8717532343797,118.43860753852674,4.547982936144938,517.9047368204677,192.33804843241256,148.15486965798462,173.91073558797626,115.60698479032364,279.29793852872785,206.66334957205183,584.14402479598,498.55265260970555,601.5868114679952,276.96697519803513,97.61740683112494,233.08294787603194,324.5507628935384,529.6923839703506,1446.197220738029,3301.1416311751436,532.0760121052837,3267.5709027433873,120.60035059845004,3230.9733751696895,413.92088843920124,431.76660782943117,183.00693286232257,148.96621547166544,330.9080097076136,85.00139387472777,58.99473080092302,93.87925465465537,430.73626594743706,146.0499812599751,8.435879936297674,41.71185911655353,0.7488916789233335,0,0,0,57.12948283372432,242.960623162669,3228.5765102736927,6281.571271712439,3905.176663798129,346.40710785988455,11.290617903678637,164.00879547439493,104.86943627241942,711.9757315193833,161.96604675578104,365.3775180927027,916.5819701904105,90.47925489262839,256.90855847434193,156.15717826968856,89.49755509916689,28.325408600034088,9.430735160325401,262.6188825154568,411.8155065099915,600.839385546995,240.23198538007352,12.498747131794843,45.869813160306286,124.4626048053908,267.46987143782394,134.6113492702468,136.7356455397196,309.9340371199777,2071.3539327667527,241.75634480143148,34.87380009065675,84.2571896812971,58.53907749034635,289.63579784122965,186.6547472170855,84.83633545849906,869.4627895340902,265.6272047577161,89.43493840723377,40.22014946579086,100.39699938658495,136.18411439879438,20.70619013293557,16.120851890699676,50.41383274492164,19.35004865948064,9.558932627762752,66.35113417281923,240.98211673484926,266.8227265178066,194.81524429516477,40.83822525249178,98.07997056877261,136.34118568679133,87.70804608594464,52.742016731743014,333.4860532006317,35.442950304309434,37.81314382013506,36.913764936289454,38.215051172642355,36.632671740300246,37.43639290510909,5.771800779307669,16.242632426665544,248.40084837956408,209.38861689150124,342.31965138900193,400.1649277923759,160.36636991955115,161.02695661032533,133.28657046801325,188.76799201434974,1343.350036380455,89.72739583844792,715.9351128090668,93.88195097040531,171.76604171507026,229.86768173519533,35.35850990286923,37.553587511549466,45.74425086080737,121.6736056869903,18.818900488059317,73.89298446409012,81.86882565807953,71.2244821913537,98.13137072916103,163.31701292720925,136.20131402093224,194.03558448562808,143.5994221094445,640.8186155624284,6462.567737087977,362.92797096000317,1212.027612377063,11009.756510070849,2213.16034672909,179.04356059370397,127.21539570868923,137.27932079512414,153.09505701451351,145.85121508244575,282.5158940567562,345.34097108936623,1112.9949935040224,1569.953049928309,283.90766143054856,138.96829033740826,574.2286615960796,378.3302554486012,97.97744960378813,118.56119413010053,37.20027281993604,23.416183983973735,98.79566966271855,74.05821441391365,14.388995485716135,12.9660815374566,47.240101933841714,0,0,0,0,0,0,0,0,1.0906514190962109,0,39.57570523096866,41.14411368336627,0,2.7290607014018664,0,4.1558757089621725,570.9446230930776,186.46520354033672,0.8035882312340956,132.91809439824317,437.0226136222459,245.3525025408813,711.2554976082787,403.1243972344541,326.4354919287113,280.1217057531256,355.9352298120651,482.41464639984247,436.10066390441244,481.33958255785313,77.44114765386843,697.5761232127413,1245.3273343831715,873.2325565671588,2621.590646694816,1985.2737771330287,852.3523200907216,471.14441570444654,476.3311433175373,793.5601617635489,327.8311098664661,793.4114281677898,699.2355291766411,226.37006474329172,126.07873099536627,3.3407847701018443,177.240471213812,109.5090844086906,173.04251861846004,391.9725095331483,159.4615292507627,172.42270349464056,212.55341018344728,259.2648618288921,602.6965189695954,476.14423703681837,532.0598421580712,276.6201032007984,139.2829391447674,556.8237845316801,523.8685838925654,197.52754436308004,169.9831765799792,376.1601342494362,262.47340537633005,356.5964020121479,756.2996303148564,863.2128515320461,1269.4872278111957,1515.6180676408187,1094.557663126081,745.0319664374334,823.7790812448104,1170.3560893837696,1990.5721365992742,2015.1698182673567,4447.596391389806,1833.4216347204324,851.9931445923579,528.4154123054607,501.06922324574526,752.1012221595295,472.61423630265665,237.93614503448273,204.63796982804385,552.1463164930283,261.0497569175013,266.0605780509221,195.73263440044465,405.39918506254315,1548.0823264429187,315.49489103019687,222.0654510118967,216.1730500002926,277.7667264325029,229.07196780021948,748.7120571814497,149.3855625668954,106.17990586227747,176.4959105401867,357.22251050018707,226.20756548754764,306.33269801104865,94.41717277073649,260.2265436324201,562.6823639300485,106.06109993963285,160.76761512814372,270.94926350764285,420.3564840637755,336.00593642943716,423.1565987809649,280.3553712216954,294.3037616207459,428.16811611655254,420.73093919907143,104.49433723899305,334.3983517951436,93.92255448402165,477.4637304918957,36.83656717945811,956.0450451849746,1537.6137215136087,1170.160694474365,3092.5850826863293,2103.262981940706,1030.11487462173,364.48142079183185,430.6896986378666,821.9999090795219,452.9596538326798,96.0343008093004,289.03435991665305,1150.6278710570164,804.0200223100854,535.3819484367215,996.3413712392921,1361.0702688830147,236.09642762305884,121.49049516966555,275.28411689601904,342.1158027696882,344.75739840955754,313.77796275741156,453.6786279518733,303.3651563387172,40.21731487569135,39.47488724852497,13.179119029799585,12.20771968135214,13.108328235062855,16.186140564114506,2.4311322741807348e-4,0,15.505972981984605,2.8767381841370363,0,0,48.42131533899865,404.75723687518825,127.40976288740454,21.05417476081996,204.6276880311009,148.38181658985056,24.948112342715163,48.34330169581794,0.668739874819498,17.546990578456327,2.1156448646841195,66.08297808192151,3.894167826234987,278.6102296914477,1161.4093995427093,245.98390454703642,161.27755717428226,11.652330909539803,1.1103170277278993,0.46345968618871153,24.752278194193067,80.03643384875832,0,0,0,0,0,5.484388494278336,129.62626080577328,86.41059140114643,663.1255885857199,781.8738048210051,167.04269369556764,536.400169264902,14.705525389718655,68.02890823773092,28.61836008711442,95.474442518198245,26.16661971962155,116.34142834429744,7.770215666567238,15.820332199363826,9.814888570748716,109.85528785440961,5.4300394825546725,0.7603473613867412,1.1994659007288582,142.0304908830522,21.010590001259548,34.04801408907734,146.73542434164457,486.58760501200373,316.8290455287695,463.6162113786581,303.1832405573126,140.85817016619464,81.24678824683654,9.409840240471043,110.90345925886987,796.2246460233213,1554.4744753591656,1969.0490670835227,1773.1748459288672,1113.2538720819123,122.68647645595993,8.309032771229262,0.014712624133369484,1.141994113147446,68.88265180753046,297.7733747009927,18.938055315250796,116.21859542359886,15.975257582275113,7.383983186012715,14.4400176692719,44.91433131195309,5.918020221118747,0.010201264259724634,0.4430746184023259,135.2841723620343,10.061521029306922,122.97489338702101,161.31432149846216,2.5164612180800963,114.42861571463438,0,39.224720462832394,0,0.9640645611215889,0,0,6.3599895701519635,0,4.98998183818276,107.58197918227837,52.09953725608254,115.5893722074784,74.59894760705426,118.14392668214349,0,71.8397351074717,102.33416596636373,0,99.74682281355132,0,0,53.616723483327355,97.29783587085626,100.44601074519059,0,0,0,10.5896498425116,27.016175186105656,34.76819958393197,178.74124053977008,17.968879179117756,0,59.41348708195122,33.953893414058065,37.90368634915022,406.34012325273926,556.282238412041,547.3494651603575,522.4053332415294,404.434376712793,326.4944367481468,130.7995538532926,197.40151884036663,310.44310707006747,87.20381193665044,367.4362910662026,254.87501634582654,73.25653201508987,7.338849804100171,13.004050444311954,1.394195487000105,0.6646186087040582,17.1321246844469,1.3322309460094388,1.402150298776546,1.3506562042256354,1.17901207224191,1.3944188034478755,0.8876249483386696,1.282829876061541,1.387178751822448,0,0,0,0,0,0,0,0,1.348010716794173,0,0,0,1.345895070218351,0,0,1.3608276153616428,1.2951999653368205,0,0,0,1.3168613126772806,1.3464906853665786,1.2880810693591243,0,0,0,1.2286364929147366,1.1738315156132666,1.165350858314503,0,0.8396040008024699,0.9299596852182165,0,0,0,0,3614.5434914490966,15217.44980541913,8930.808941415064,119.2371876090056,590.7391121529519,187.10740233926475,14464.437058109366,95.16030663360429,181.99922155438227,95.07065178460778,115.155475617028,155.12775963705133,167.32570294494798,168.67022729056853,127.5337666073282,381.5798745910964,2932.6226134329745,828.2851390392759,3536.956343647561,551.2597933722776,1097.9565729040273,1112.9129783611277,1474.982066579761,571.7947827919569,536.0517958156148,234.79723105548294,181.90846338559348,702.5835540104622,1218.1323837193847,302.1480663969237,353.98549277975354,661.107727983183,301.14553402804637,644.6986989371377,533.896448784402,491.0732855980611,305.7354194895051,369.0340367935808,435.71957104295865,331.19142748312464,321.6695613621505,2549.9104611590615,1462.8423493698303,232.58393640020282,196.57750122428288,219.60908809850017,526.0285269837868,796.0624957599148,369.2187746313558,539.0798131874546,456.1724037540526,0.9382888896060502,0.8588441738580844,0.21519796415840245,6.699532646509307,5.150484233887507,6.900589734420728,0,1.5516500952422527,3.2814552006150812,8.038229637357896,129.42224819006384,53.05168068163116,26.371601905611467,103.12941983492838,200.388901882488,215.91262073733142,36.163869141486316,38.473461572222,13.80664767765883,188.95309078866956,73.86541908428768,3.4577241231191094,3.7464516783436594,15.003112675812377,37.966519429726745,71.34729302800936,64.13057509410754,26.366744487638613,95.15106061095965,14.50009416470021,6.146608595043015,4.692220512251247,105.15759894638036,32.686888098439105,87.5283735488907,220.48511660703912,296.90380170640276,494.2494210163439,457.4130140088893,264.1971306242099,240.43147390566796,657.0134688850852,438.459062930873,480.97118949450623,495.968605132726,286.8820352202076,296.75473260369426,490.19116813606195,167.4266932520081,583.5817607226405,43.8250542246505,77.46369749540058,12.249247008574217,78.69903050527161,32.73237503290748,8.590033093204012,224.08113918922683,52.80938898730145,86.21653309377949,162.72323309359712,259.9966557584594,421.62640753101135,430.53576861936864,36.52723647168856,1033.3581022272049,141.2268877064986,15.620922349218748,12.81165465543112,55.576208623084234,217.2179223048455,336.57360087741625,80.6280216536368,30.339717856293262,77.38721825412618,533.7882509254135,222.56764342480983,261.28092079465824,136.55551947404683,269.3741495339758,160.2250299324483,197.10192740364488,331.58114158087733,782.1902291826817,371.4358719622324,877.1690790292541,940.6747317769467,1088.9373520679198,697.3753571297233,392.48967662966925,794.1194137132578,455.67100534351835,354.31813517806285,346.65076666950966,303.97450184718946,413.9349249378134,181.38998383495846,118.69615760739252,0,2.4405555988755787,2.3633122781474465,167.39817302635214,33.11940768939698,336.08099234619755,103.39418609413501,76.38449486403026,252.60400490214076,52.420179375960494,86.37665814249429,409.77036684401645,546.8005377754248,462.4917385405654,465.6780084783456,435.75674599315823,282.3195769668034,50.39402605229102,50.47046581641939,141.24710013236617,7.23815546177411,108.60096433319302,76.52046072845759,10.792120096555255,16.032651358459795,28.71218728987662,157.10370677460415,10.8704701435018,5.1827613125769645,6.296750970924028,12.04353576978527,2.656079867213061,2.7001849192315674,2.6343323390054003,0,0,7.74279010510229,11.329087890923374,0,8.424958573157038,0,0,0,0,0,0,0,0,0,0,0,0,0,0,0,0,0,0,0,0,0,0.19786378560974613,0,0,0,0,0,0,0,0,5.62880880992499,8.381318508197607,0,5.897179609171799,47.87071654412998,5.431415306957659,3.230100719148254,37.066823131986574,6.121461054200911,24.364979963569038,2.5891332007440835,5.090154918759883,8.820710879696367,14.588460599047254,8.897403959524453,0,5.17361908815561,0,0.05707733225641262,20.87960602023254,3.378995753420146,5.540670095798648,3.114520946149376,3.140645205431191,0,35.99044792694778,1.1145526712421243,0,176.71169997936843,0,1.2026362258997556,0.996229803656612,0,0,0,0,0,0,0,0,0,0,0,0,0,0,0,0,0,0,0.01760901570571928,0,3.889792374603662,0,1.2565864124819226,0,0,0,0,0,0,0,0,0,0,0,0,0,0,0,0,0,0,0,0,0,0,0,0,0,0,0,0,0,0,0,0,0,0,0,0,0,0,0,0,0,0,0,0,0,0,1.3280985652485775,12.598894015247305,0,0,0,0,0,0,0,0,0,0,0,3.3100420038816813,49.73678399498644,7.220526089466668,0.0837358583291272,0,0,0,0,0,1.5403975851526368,6.5078964603197065,19.126249709302524,34.477245567255466,367.34562736048457,303.5889315588264,367.1424577190331,655.9119252529528,57.86638305338706,238.21759075143348,341.28667307223367,77.21775550413382,111.92749744221344,90.96038966241791,127.19111519475379,20.61550222609213,11.115416414170491,12.856002080126025,15.511514941733086,12.948932220851802,10.833627460698173,10.59155598428098,8.82712855988396,11.229972747031344,146.03322884708595,3348.136316947587,1651.3221938126019,15.535880178054388,564.96548525761,16058.293773252659,9779.656061166987,4772.810413350448,13.446124219821929,40.630649060241666,8.659984160871943,39.80781096614876,15.394600550910654,34.89823585760995,32.42829422330282,29.328580975929,624.0743307230516,10.251275087399296,78.08987013400869,64.59680006619769,16.50641317289773,22.15791568117352,6.795660644055386,2.3645485300747833,9.128453489279291,168.01967228781157,31.141084191149137,315.7162181944048,32.54577962708497,144.49396631324467,57.210124283371655,28.192676891203973,931.6872659018436,122.76086246676438,2354.541365830062,1822.7330062105618,547.0281046252712,59.92500833887448,1.4570575197611084,1.5053703904644185,1.7341119391839945,1.1418773431707068,4.848764974996875,37.22540830500233,6.509754117019974,5.8843812968684315,7.537979290696633,3.927727960703639,3.5600830832442267,85.21110490080197,21.18856674816758,8.40493540649202,3.9279456429917325,29.472439464821992,2.238520388712617,3.161200357483345,10.028626144155032,10.308481837491344,21.912626863580172,10.199065372953378,15.072250979228537,15.123340403802347,36.80901729563998,22.633863046400943,33.0601778286847,1.2002519251319559,10.595182313216476,7.041116302854934,2.8015487692803966,7.012876676773762,23.875245851837608,7.034845804252948,6.9892531784060825,6.775987291195228,7.081810723433382,13.33225375987562,7.02479934991929,20.60409194058279,19.01703896857042,20.030382882216724,25.132051351386124,1.3095744969073786,3.6358423861319995,6.996803578805418,3.472596327999281,4.215768827109213,5.557065326457814,7.713045812192235,282.7591883152988,825.3299803519983,576.3365721004266,94.71973507170303,677.2006329195143,145.35856593155862,7.011577185389432,7.047237487092364,0.9516242443088352,1.0827599133682175,1.1526975667173414,32.43374134319323,15.180689913706289,13.834867127340148,18.49111640698686,14.577806763027224,9.933057454369548,8.919269140714519,14.902533226998427,10.483077378873617,10.47867569267521,14.438698322622177,12.810951977573739,20.76399072722795,21.821564994076383,28.871170649192706,14.468298161864269,15.181305250756152,14.949658783350896,45.79605391109451,14.790923586163736,15.06563380925563,21.424927670858636,21.256506408687812,14.75681678712518,21.358051878417182,20.142173518511733,21.062532280708123,14.66496293366419,14.317001481035236,20.438934110505,21.40663157551118,30.458595948673626,21.16427310681884,31.069082992082446,37.547692080890236,31.807240741089764,21.015189305557616,72.056074603214455,1.9592904664326065,19.040130850588874,19.13741135294481,12.794189640997823,23.147948976184242,0,0,0,0,0.014600651878495177,1.4586900460079644,311.3941149464095,212.56589714703387,749.599838320263,17.95978673323197,9.68561761632888,144.59874088799228,127.95125449418813,140.37996325605926,605.8688905702506,10415.24091838581,11083.838391967793,680.080165306139,29.38919145078942,122.97552078367515,209.20539821449375,206.41177585488182,32.62988599905059,10.160027484299436,16.827084291229053,0,50.52762866012893,26.08670265583492,52.601918125948934,37.70364186658168,34.896167002224075,97.96297952824177,211.28066692387657,113.90165511961239,85.02103132062801,144.23263186409784,463.55219144875,1604.6215334989424,919.3296925325272,247.3506973719655,262.22546726742013,282.49182828126413,149.4417810729727,832.8251563951936,1791.263974199802,420.1699618904449,63.51312049799859,616.6145192359875,198.82698919088944,161.6089095434903,297.2518283258143,176.1423498539321,68.3155181393745,142.9581918394383,92.4228707825207,190.78790167198153,738.4045798720275,337.32038370514033,817.0122442033136,74.56970022106276,505.2315437467162,1653.419721632364,1246.8214352822094,1232.1716098340717,2131.0766200752746,3078.5127839653624,6428.847647925513,84.55727921435782,71.37486324624115,24941.162425464787,24135.11593805412,552.7778383997668,6223.797887723826,108.995419408891,33.41906846849994,290.97757155175316,304.2378642851305,561.2233872400722,1050.1483389254029,539.0639066550013,356.78895093823434,308.66955499035015,469.4740410432207,818.8746517494717,1365.6058103425435,212.5393485845837,579.2467901056314,200.5173612168582,215.32888874702365,172.78524355273865,178.43130951633492,138.76090417482087,46.48165690960111,105.4007822119344,353.730275380169,203.96707806144732,147.8181805732474,112.63458283110548,155.42253283685002,321.49704249992624,199.80337036646284,123.98498532325097,281.0120856355356,191.37127618088323,394.5574854460217,289.0990681370688,167.18849673724836,264.78374016642533,482.34251880076636,335.5837251861005,486.89730638036343,562.2877113236295,112.835428283928,301.8743460979145,242.48098851330388,683.2481717981655,475.01493366785235,288.1350263940001,204.04871099971925,291.28309170541394,366.9316651417317,405.1878611329652,338.2993339373193,242.19976518017353,231.0261724170508,274.4371015998631,241.01402052104785,290.35243182054904,265.3379301368212,308.6174201340212,257.446484066926,538.9052062799508,457.751192238304,323.8422200049122,459.7891224114285,429.2204331660296,27.70029509194516,114.22233844857985,55.04935597037916,24.46470744885824,36.89794006833886,65.96028141324422,416.5560650263826,361.6822942433959,150.5755345969289,39.37768233008857,127.4878777263195,134.8198740801546,132.62053300925783,41.22091060646062,54.260996844233794,108.14605046339598,154.77249602133284,147.81577650699407,249.39524264314454,97.0821123887659,135.4517882304479,147.18402076295334,217.51879951169815,26.167763874621436,65.79343642562021,190.5507119427912,202.9085243593046,120.93144673382942,86.5156143489483,156.70413278829503,181.18083248299783,202.00204782146017,192.90659257965865,110.15964750203811,225.10677927180325,66.34565982327912,166.4750019003241,200.60034953892568,215.3835940092128,224.62497703910586,177.32901368841803,160.22643092980493,766.8599393722059,329.15851788287137,468.10574552175336,281.4868532115973,222.55811666144464,231.74831179602316,192.61602540657682,201.76205190447322,209.31497351094944,153.13582822285395,190.89277367024832,173.87713826783565,234.62872262963157,416.7161513473042,171.0721602655404,1177.299619486424,797.4551851959305,809.0452737174206,284.57514420976156,449.44046274449045,141.58944479499397,190.51230288031232,284.5249889282153,206.37767332766776,192.6545100737536,227.65721911892985,1268.3684652383613,218.69104238547132,271.8446005089942,230.36349456703357,95.09567956073505,202.66719879287243,514.235146936956,1241.1308284780466,569.8779502586897,284.64150825326203,344.44444659074674,251.7663770314537,834.8120827461418,5065.127219306851,2337.9595476804247,1502.1603252423251,1258.3944942546593,1360.8076667994692,283.14096401373655,254.24930855129986,266.4164982679677,207.10196130098015,206.37526860264168,314.27360101205517,422.2228828962648,410.74080778579514,1930.311594895166,430.08784946791627,236.2936051925622,296.60566135606933,194.20089291925626,184.42573500194945,169.176925644323,913.8936413710413,945.8403519447445,215.4386288771115,152.37037031743228,135.360761609857,142.82609805463454,147.4838755902871,160.37702436672575,239.36476308837743,225.10950432308442,233.28192797805073,222.4727701550572,216.3760260012189,164.1084181238321,614.278386190085,329.6727252362937,236.55936126165602,188.91588480314408,158.35221183198675,216.42298785639468,154.53533757662765,261.2554243120212,488.4414798936045,256.1061299465417,201.38832250876038,252.14261852970577,82.69455570838596,266.4367746894439,112.50847522259465,118.92812385477974,116.62529829911179,247.58924519784435,260.93750421043933,284.2550296608293,165.52060671447256,180.0220834286087,199.89893842138716,210.85730069874685,190.68638778186767,217.3375684939968,239.39395093593396,239.51013103150478,199.14239140066715,421.9240405541397,447.53531568974887,246.815723853896,213.86063894027183,174.32786707642208,217.2631766403088,202.6507973770079,580.477124193059,616.2438465180013,349.64483819128543,143.91070766234824,117.14354203610452,386.99928058772525,79.4936008554552,146.7219458496498,186.9210640627803,317.8649146158338,116.89862932068311,369.5628396406384,94.20653416464565,144.21556885238275,169.79368068621915,154.63738541815735,230.44602188195876,162.66147854106833,177.18423617506883,162.4288856624152,244.65817420854464,316.8237668585788,89.46735908709603,108.02097170311251,82.11289965975911,216.26394914071864,180.20821332717338,172.04904871697292,303.95607089652225,639.5046416615588,124.07089633862255,180.02888163291829,527.5268037512632,1039.2092683981462,152.21653649386468,73.83094683541633,125.55842534432804,99.83435284098853,104.13058858829369,108.91195457003482,115.14024560007181,94.84039234772872,484.1158405864557,139.8235527951201,250.33482965961858,310.0515553930457,198.76176608333702,453.078406319044,315.1128312117495,460.56553921878697,434.4718321794567,185.74224825974463,242.46233426868835,173.31151377127037,488.86965723339,174.65485872387362,232.02099366941917,188.34258012136124,185.28418565900816,276.0702790746255,119.92251490238024,122.32081095692628,164.73483288190135,436.5362392070281,309.01747934566066,217.91559264643848,162.71749563944658,205.2159037448151,266.9187631542157,230.6599266175073,927.4749138263253,1399.2565613960035,399.8646666382498,194.83097901087743,727.6802621612122,3274.588862697829,553.5267317203187,194.17525869559108,183.4317280367994,238.5052312019312,276.1243531924966,150.79983078788734,167.1423176803876,161.71904972231076,228.6316140588347,192.64117469340707,171.7317321186878,182.77563293265513,145.94098042163856,236.45505811288498,171.06285399599327,206.05607720821973,168.77475698571067,216.55842434054125,1103.1362923016293,326.3517832443342,222.62689817103683,194.09085916380323,234.60882100144553,183.95190499308242,241.25638270921272,213.17939072780214,218.21498821202047,198.61317152239016,243.4949552068508,932.9042073621171,641.6581833972155,202.7627509259984,274.6151023728885,239.6756629847903,206.82183775969492,189.86864931377377,192.09104805456485,139.94934174116656,133.99120859203495,212.96713644053125,274.5268969316663,300.7839133143238,188.16883873281557,368.5941698490177,240.2399689234959,223.13295993834024,153.5709498916622,172.03424680298988,135.90653758152743,156.91855775879432,168.63720590616046,179.51892750152405,202.14996723584017,192.7261774650243,236.58207282411934,209.94921809414075,267.3324327654817,221.08272224617522,277.6027074221066,179.78679395098385,211.45877989798203,138.02969590523423,273.31167441465914,158.61534174011652,395.7059803163299,215.46982930136045,312.1368764086579,204.836908259394,160.66480266162336,199.5223487796205,249.90202051898237,198.9023171679968,285.1713757236517,132.31242833335492,172.6777884258632,112.0928051797267,208.02252337347784,116.26150038258734,185.23375978427583,85.16242267617865,183.61809197517604,280.8179685566404,110.16939964781015,109.06378760305904,141.77371870156378,179.6425844419615,110.36045773616584,230.20409860223126,89.47902166182682,128.02750834637908,185.28014955505375,96.84583241927668,123.40913127736002,129.62357357074507,302.2221330934444,502.54652773118875,336.10507355726423,110.63618858713235,144.23682369664203,707.1476396898582,473.22172084965064,95.63204754321862,112.97505007790161,116.96786669696364,39.476892803480844,34.15221949522567,46.639368795428545,45.675185025113315,472.19183174029223,330.7387484969595,245.2538545692753,110.24101953018786,123.57202892035181,342.21079443135886,303.4316344354035,252.92187362644898,483.0094347614162,595.7552709735795,664.178271194583,2506.339449893736,1911.1910935464437,617.9230638889209,681.9737069249194,517.0483004580985,373.99149705800096,255.07829960317636,374.4830734504614,302.56341475584804,160.35705486440557,173.18932623046445,110.90254142749252,185.69666696689535,178.66518857063178,135.9567101203524,100.31860453230587,191.48048732818577,163.9709464840731,137.8163010984914,311.8210916662574,215.37274313321433,146.13484044714332,119.71822334209008,186.8061211747026,160.25585576893522,201.80062474789403,1613.2797482255799,2478.261690932028,1432.5913710276252,316.18205747401805,281.21241576473994,161.53265652975568,109.98691306973346,2012.6771794978065,703.6851508360254,639.3988209823955,345.3646196641567,1175.2776090439036,3010.924973886735,1712.329116896844,2653.7505264840065,742.8770699588033,2525.702350755294,1371.5778748263742,1014.2529353914817,363.85043568695437,67.90058400623084,29.481474332134983,20.903083276622077,19.003473986813336,49.50881812220508,68.71983327067377,35.95988197744833,52.282485687639415,162.8732343221655,85.70874239035008,87.0266094809025,78.21543242034889,109.91595936563967,217.8236429723963,215.41247188228385,138.02407657752045,39.1400505867588,224.97544650272977,121.70190364113955,0,183.1061709751079,40.52392984686807,171.04843760515942,34.895723690897135,43.186723640639755,173.92325971935796,131.36328473396733,271.9535773073298,170.9536655349359,144.42844317189915,195.5413175667754,182.690396511372,171.6144776477092,401.40687022713365,616.050480053351,305.11015352464784,345.5801767251176,93.26392560831235,62.85730809657609,543.6734760011702,223.2536966304196,327.13713451108174,314.07183650736346,684.6461427352712,423.3474052861329,196.07845799283183,330.73669087659994,296.3314524237731,225.07257394819393,218.04119184259253,256.7085374755767,317.5829116867261,896.7676670348891,386.1933362864949,361.83587058861616,190.1680248990328,260.6467260805534,1081.4592607782995,332.56662323256404,449.4992726165354,369.99082137172906,455.044794688053,1154.2986359473239,848.3942663645832,949.8868984586768,911.0833810734541,804.1561818190348,900.1149994781325,455.62409055240005,256.35625165320533,565.8381252347208,62.92260122185479,0,163.74064774802943,1548.873978875264,385.0939517708942,69.56970255095572,9.244602576205715,9.136183393249489,10.68580536428538,0,356.85627176938306,230.4568255203118,39.323989850556785,33.216210733856165,45.32213004136809,57.09199575617952,17.79250068084679,0,0,0,0,0,0,0,0,0,0,0,0,0,0,0,0,0,0,0,0,0,0,0,0,0,0,0,0,0,0,0,0,0,0,0,0,0,0,0,0,0,0,0,0,0,0,0,0,0,0,0,0,0,0,0,0,0,0,0,0,0,0,0,0,0,0,0,0,0,0,0,0,0,0,0,0,0,0,0,0,0,0,0,0,0,0,0,0,0,0,0,0,0,0,0,0,0,0,0,0,0,0,0,0,0,0,0,0,0,0,0,0,0,0,0,0,0,0,0,0,0,0,0,0,0,0,0,0,0,0,0,0,0,0,0,0,0,546.716145849152,0,0,0,0,0,0,0,0,0,0,0,0,0,0,0,0,0,0,0,0,0,0,0,0,0,0,0,0,0,0,0,0,0,0,4.589709357070671,0.0057676305610656715,3.8364874195557386,8.151459406402227,1.049945552991669,1.891693185012941,4.395486721961985,100.8273654896005,17.299788631105116,158.32915159328553,12.726835562400465,53.51225244279744,0.1191412461533186,0.010861319252525032,0.27388027843607304,0.9215219198714919,2.8697952660506494,14.03037447675955,33.0199340356008,32.789596931163004,49.2349224705437,122.5990939917115,8.154105020964586,4.669620922876013,3.234512004878547,0.7780747491223399,2.8769559572636325,0,0,0,0,0,0,0,0,0,3.3095481115920222,0,0,0,3.1658627025309483,0,0,0,0,0,0,0,0,0,0,0,0,0,0,0,0,0,0,0,0,0,0,0,0,0,0,0,0,0,0,0,0,0,14.66122504603261,31.16033388511424,129.79731729746752,186.91710121107036,98.38421958870833,248.21422841185924,106.9992097706017,193.62945677819832,366.64675786191856,45.008214921704905,130.99544825472177,130.71920696692652,67.389408634985,150.79021973246248,48.520264373435786,113.99556811915951,9.44283399052708,9.86705478504482,101.44107524569722,4.6958284918699205,0,0,0,0,0.026898104140912506,5.140185025605016,4.169226781522857,0,0,0,0,0,0,0,0,60.67592380282654,64.13566943910025,0,0,0,0,0,0,0,0,0,0,0,0,0,0,0,0,0,0,0,31.096396902674208,692.6714822279665,16.006724104838767,0,0,0,0,0,0,0,0,0,0,0,0,0,0,0,0,0,0,0,0,0,0,0,0,0,0,0,0,0,0,0,0,0,0,0,0,0,0,0,0,0,0,0,0,0,0,0,0,0,0,0,0,0,0,0,0,0,0,0,0,0,0,0,0,0,0,0,0,0,0,0,0,0,0,0,0,0,0,0,0,0,0,0,0,0,0,0,0,0,0,0,0,0,0,0,0,0,0,0,0,0,0,0,0,0,0,0,0,0,0,0,0,0,0,0,0,0,0,0,0,0,0,0,0,0,0,0,0,0,0,0,0,0,0,0,0,0,0,0,0,0,0,0,0,0,0,0,0,0,0,0,0,0,0,0,0,0,0,0,0,0,0,0,0,0,0,0,0,0,0,0,0,0,0,0,0,0,0,0,0,129.1054154628496,0.15966346337399503,2.3129822644209588,0,0,0,3.0533271625014915e-4,0,6.763201768101989,0,0,0,0,71.12875907902308,483.5398471489535,88.95124776824234,296.0037103576265,133.4447753127253,569.5364033132694,37.256439109904896,22.30714513649569,1166.8762358395165,50.57629319052171,146.88859900788597,1728.3030917433762,19.423849406021162,228.28431256483654,255.15565702598772,50.96447417640834,518.544279595121,403.1266174769482,169.79858225595265,146.4960934316574,98.95210388764404,2001.482524305487,66.00044706002542,190.63569024131544,27.464562186548832,451.50112640580596,90.12428985309052,43.41968844002928,79.42041672040179,97.4575483508389,0,0,0,0,0,0,0,0,0,0,0,0,0,0,0,0,0,0,0,200.53903094352543,261.06059074782394,1007.3814068678272,1218.9453357520424,1174.1419007050315,534.510978263678,89.15997137894401,38.24526749441396,1.0663006238145185,243.3395811183105,8.891574379072875,167.69728388596013,16.877460484864983,348.9427652329314,39.088904610242935,146.92619176527438,32.884857648168996,18.845617359115604,37.49930647350599,29.040800873615286,77.42181623403171,194.56843898238972,19.769314905720517,121.83463790795524,129.76168046526936,119.73844023138506,277.3331715893224,289.5432248899301,145.01694249522,57.38991822649813,29.171270207684504,39.422556666915,146.690750978532,0,2.9567841270510757,0,0,0,0,0,0,0,0,0,0,0,0,0,0,0,0,0,0,0,0,0,0,0,0,0,0,0,0,0,0,0,0,0,0,0,0,0,0,0,0,0,0,0,0,0,0,0,0,0,0,0,0,0,0,0,0,0,0,0,0,0,0,0,0,0,0,0,0,0,0,0,0,0,0,0,0,0,0,0,0,0,0,0,0,0,0,0,0,0,0,0,0,0,0,0,0,0,0,0,0,0,0,0,0,0,0,0,0,0,0,0,0,0,0,0,0,0,0,0,0,0,0,0,0,0,0,0,0,0,0,0,0,0,0,0,0,0,0,0,0,0,0,0,0,0,0,0,0,0,0,0,0,0,0,0,0,0,0,0,0,0,0,0,0,0,0,0,0,0,0,0,0,24.90765715833718,104.09425147184255,179.97083181754496,112.48741708875612,1.0030522845997665,2.6378397702225325,1.3037345249447287,1.3126557931852623,38.997846240091725,4.223518586767189,2.556561835282146,95.35598317875197,2.6062030600837076,5.194880593340246,34.8545921758379,8.415528484511862,781.8104904654549,1913.691800709915,162.13810171162766,5.427728192357833,6.322550260586982,17.89916924405685,12.549040649743723,6.832844486680737,51.26826498423438,127.82891300400489,0,0,1.9182622631594768,233.9843071815052,0.8454651397665326,57.77607353043848,59.274979468511205,42.90838573898244,49.39671910630539,140.18920412059651,54.54144164746412,113.26327811854786,101.7453989526681,65.74974347579207,53.242572336314886,329.6791918777299,423.43396215258576,121.90022919691671,150.63674349180118,57.01479597652017,62.97865637416769,66.1065769034765,77.4512766040578,386.3605616399249,50.06514305122961,49.82766793476574,71.9146138989028,238.96221739052382,1287.7954956150584,475.69792739865596,813.3945287097005,12361.030100378188,1104.5380081602916,401.8582020408937,142.2398218306023,203.82024814989433,112.65606928479184,349.8296109419913,113.77093272042187,88.15997992643524,75.15759519794683,0,396.3626546086589,114.34662862487548,582.9411257109799,725.7233345874762,5165.080142954612,515.0368510653717,85.70696888952732,50.5833116963452,45.947779601031115,57.456102095455954,3272.4811657629853,4735.447022952333,2196.2332355533663,139.76024174537758,164.10312400087895,874.1511488775329,17.048253014164274,16.82488403311694,17.128291400849783,17.229711844943573,9.149360240113472,17.595511028933714,16.98494514994411,17.44176861875664,17.548835058760822,5.750854113273348,50.1016400777179,7.413932978986763,8.185390770594353,50.53947960851831,59.098780347632115,27.70223803554159,5.000544964904872,44.96018040689263,40.449348518934464,14.401047485428458,46.24810275537267,33.49055053495023,28.944868749749062,47.24178625620334,32.54207243349389,16.502900895313026,37.681796592610056,9.682636292990393,36.115327287809286,27.687431473044203,28.673025957219608,24.9696751601996,29.593075811687562,5.058882923934053,31.684565949367826,0,25.849488873831234,24.793510841357733,24.042419354723016,22.86117289894544,28.617498659731915,24.977831269351636,0,28.585591849173877,27.553187684559273,113.86005823331702,23.481022953141103,26.62734402051585,195.9559783637789,43.16994830505806,34.322484184984305,1970.7824041185063,725.6258069428744,101.67946068873432,9.514387285567613,4.351764412968638,0.34518451739542105,0,4.4533758999817845,2.44028671786803,1.1993535401352926,1.1642283968565117,1.1581047679803707,1.4752170499031911,7.095549843720595,7.320479032169385,3.234745873073756,1.1674878964683149,6.094732790123468,13.00084906539211,13.075416661315327,3.042996183333689,1.1785552728632165,0.5873976215087258,0,0,498.96385154857103,1009.8107663566637,0,0,2.347759616506582,10.76858922534719,15.149088426644898,16.29814851876927,15.40686999465483,1.6567675728292643,0.5212980519066166,0.14156571720081493,6.2885417300168776,7.81706377894188,2.6215904455343653,32.72876965359684,144.38786865119923,2415.99147195123,3775.0119594553116,1927.3554272727708,3793.741891285007,356.45752914571716,131.06019084495497,26.668103562858683,7.423503868929968,70.63011559339931,60.8810886033889,12.000009161062858,20.651043893236725,613.6334758741816,10.040989932486463,7.541655100411666,21.0936287787688,34.77470050823916,61.405856233437355,240.58881616055993,210.47249444934153,95.73678594133398,87.44260465807699,187.6826756235305,192.29792700411403,716.6584601660194,2296.423455570369,222.61718389934367,184.14737624613895,95.03066986410809,0,169.16681139087362,158.18288307273403,2111.791603531861,1530.303566276197,1038.8492134981516,238.8740597419518,239.70339659533303,157.13979684720093,375.96846424679006,249.6609464461548,697.6721652858984,294.09747515651895,253.27293530445965,205.2045177345864,240.30302934059105,691.7249313780253,804.9635534733178,131.8395496329876,593.7443237812877,173.10077619227678,547.4188162365397,591.5749290817333,57.82574017849506,82.39037787353034,186.58690919038173,208.52185943570876,56.834366000919424,89.27675053942902,26.395251138484404,26.158426123373623,65.28624203849324,123.3845759491466,512.1398239623018,1280.7284166656584,599.0351792887088,1139.4550530439185,971.160397169773,28.33403242303598,185.89318785246806,300.224019707678,150.21752697485655,210.8501342851961,880.663938104768,387.66139319320047,370.13817845874877,325.54285318670406,37.57104974928752,334.671374597161,383.9388295162042,502.46591398889717,658.4602235436016,383.08125320739487,178.05763253195875,325.59189423880633,172.9060814770447,122.7803459275501,81.80219663460518,407.81592031844633,1764.777054391202,225.79602179545864,444.6409309367952,533.9081642346919,636.6118583572186,366.41890297314205,61.13507141914532,152.81361096014584,84.71267939103619,31.58671573979449,107.79761161038563,86.63815168971958,69.26481070718943,212.03755893417053,168.7686274732117,20.101768556418662,129.11734697166358,30.40124599496478,111.32995458324953,241.59224608666764,632.5182867703329,350.2490263093787,231.52715341148712,139.08021617870233,82.60362675564612,398.68273749685807,89.82068151557976,440.9445193523169,94.97512973057192,915.2877270437365,334.61461850532095,94.57734764221017,49.25176265020933,74.43098002639297,61.130023594789684,175.75549119523671,237.81903999941605,277.7064581736434,592.4165297614644,194.8043192355295,58.26670610658173,124.08085927509278,69.30499669596097,149.16163152717638,81.97959285768044,73.71170137158343,84.36938903675673,47.41156585083162,72.96058819138946,56.61082910358546,276.0506229484798,358.07709310462457,376.6728404972348,327.10650267852583,357.85314261783356,397.92101021480454,583.2762397960164,253.69891189183383,294.8800785938492,523.2153835089068,395.7882581228023,235.02530476855785,425.1052555563475,218.70182009786828,397.30104120739765,100.37478570217921,284.2317940008314,298.13561328719663,691.3144511746414,613.9097594878526,1146.5375688959914,295.1823398598674,177.45560850444014,295.21581926978496,2063.2243518506702,481.3726110929736,673.7964114114311,679.1110720262799,210.1524690663179,118.6750368932687,26.560809516990773,112.6499438446264,160.52216294051792,21.26962302100094,51.883511237178176,89.4190686226341,29.40922940449909,378.1100068795944,505.54058512210366,317.75212812213294,121.30802947679084,53.72130587781851,83.62947724361612,255.91757289949805,734.3171436525307,296.3575976600954,5248.9581652114775,1075.1129992914148,830.2302273978399,715.8237665515525,237.31933725186352,274.43611137022265,213.42431520592982,309.9115442202036,234.60844906131976,325.3465618067213,333.18644578855475,453.64931794412973,556.8225244720832,481.0042479262023,124.02144534958798,106.10343850712364,197.70196726507888,119.6562352671954,117.1766064522657,83.45427907990248,110.30257549747556,110.72284593527682,27.57743870310319,243.40252355533292,128.37668787694116,19.675804124997438,31.010420952361706,256.8869539233531,183.85630127292293,260.2901172474192,222.14670360889008,517.9303617603975,1377.1810694922815,1197.958103618112,1521.9054338936537,1057.986661040829,242.5774684090072,307.48103633081087,458.67320656145944,724.5048211645899,1265.9665876017998,490.6538878370782,264.2447565547475,29.089460222973546,118.77897075076599,435.54355697447863,90.68149060126264,196.44123472495696,799.4488143614996,204.67240657889897,43.53639909855431,174.35877590112528,1307.5162209340228,383.1513532156558,82.4709873758236,69.88758120759212,525.8339717999141,188.91884153580932,101.26928773576796,109.18394185987728,299.36678709786685,69.54053037592844,115.62680171867096,443.51009642614616,305.3969494131481,654.5281915211651,1233.119631597564,1175.0797611649518,149.55685137369437,102.34847899914662,84.71847306137882,213.78098166649033,61.1507272012162,57.08283283859983,175.38044814891225,610.4502585268649,920.0968702333025,1189.6239422254134,2045.4890492905797,1047.8302389333098,66.5801613152209,635.649058827646,108.0208367052062,718.9157845374409,143.9367580233155,776.3194834220767,424.8320663886971,208.22461777023798,212.89170422796468,120.4190995869388,104.47606635306835,184.56778389066704,84.69257973473464,303.0793307375924,263.3012414045214,285.85609183187916,317.6865411939774,27.3224575062092,26.210282740870277,135.79481401379408,0,0,0,0,0,12.655441620449675,1.7472142259676562,3.9755968347254265,2.1063834443815685,16.720689673012423,732.2936625104505,69.99554994322875,129.72576115292577,10.368037023396669,83.78580142097775,28.060797386802037,193.82286107316577,1462.396687185604,740.8250115776427,762.2691153306556,501.9685281482538,457.68886853065356,167.3144219504081,162.30627988318506,279.80145813908223,261.46444807940657,220.31195434069036,439.0243841353424,380.3734098459684,82.93066393658572,309.6175889076366,835.1142337952058,493.7994263538797,80.58107620265889,50.73686558203409,51.363642155302394,53.73027098492422,26.65311427182883,51.2090587425204,23.611772948825287,52.12148302256213,48.44959559726303,69.20572952291653,67.33929340050514,154.04736760626906,1054.2376589438663,1371.1164129152612,1725.2517622196178,533.7072689003829,481.4723598828756,207.93838871238052,184.97494921628817,1040.6181944789118,766.6547522569978,1031.360996805774,150.62979569446438,101.46419553456795,98.55489411188121,63.74656061346684,574.6445296608923,150.92960810892643,83.8198519499096,118.75576296778858,367.3524376611634,117.36230544623524,455.3527684018796,223.9780105065942,98.89463945002629,1489.5185093363589,710.5734077862993,827.9904205066409,793.1534297532306,577.0740464149061,1265.367737748418,578.8623239700732,297.1657345980509,572.7599610455746,2435.54460465018,549.3294515790328,361.57981244024086,10.64198454543057,29.88371887734165,37.41008155264002,24.708107905016625,27.740916445144954,24.89195962321903,14.856302197268755,16.342751958105886,96.11520168090333,8.412864376721627,45.62097368618299,8.593994740381886,149.35051615383435,407.43045526066163,2042.897397508002,7.873457865001775,17.173474987067454,3.913157980161181,315.4559966281261,669.0513565002024,783.5835119141491,733.4901505171055,516.3331585630656,499.44204312454696,335.4990267880664,556.9582513855328,1183.4170745625972,756.0162947799142,2574.166112841082,1253.5771015404684,2077.8239050307193,655.1577517236402,1019.4065209162985,1043.0349625633303,1737.2411391107498,2728.932779269132,574.304056922288,592.094339485218,2952.4602897581103,1794.297594747491,599.6367102458706,1682.98375765488,1819.2410394302651,1045.8294346802165,1976.081805541907,3098.3790592515434,468.14712348495715,5001.696790703973,3990.6294506329937,58.52187167212592,2038.791420183274,829.0968028238632,37.588138756135315,1581.2504345587975,1755.1171909812201,1330.3565461148744,455.36985730790315,53.964441735800456,180.0595099690607,151.23802822927604,24.06235860050377,71.32757173436096,200.80324816604423,382.73467397682214,272.37939556041744,82.59944535850128,132.91633785655958,27.71927136207229,21.704741249277824,18.615378585123572,18.66150247377264,21.130522193530446,18.773102782930852,32.62176829099738,63.53741504469873,75.79895335473643,55.55747873575783,3124.361230494252,210.51795913803747,858.5253898562063,176.29017564172793,20.944086362633758,224.93060820986162,443.9447965241177,483.61691205978514,48.530388678277184,485.3983364853789,1114.5104859039238,1433.163278123282,260.98909053210855,271.33676746777815,363.4260729712231,973.5845312490643,3376.5026130933798,219.6244979637993,862.7579295629569,525.5841430412314,524.4545469592929,570.2052117373944,117.480865590159,781.0420773007253,164.44574366632725,384.19510944515736,84.72484344779093,278.9989860912945,75.51807196247167,40.76459127815389,41.052421251054604,43.65138268723269,15.355044469363268,32.6044200766624,115.73439713707765,73.7953797128948,176.90372597969883,75.06210022054228,135.67435487625357,597.5959567807449,213.60617277572644,199.94867163053556,670.0754231049406,161.34815481438062,169.0314821051615,493.90461443397334,839.5893835327684,356.34207694410134,178.66454199597035,208.8299360432824,278.86512394534486,119.13432630356378,183.78368512817616,526.5661647403334,188.76190023517577,276.88213306802203,154.8178826251457,164.42282712829683,236.180680081388,370.30121617931974,170.09536744560592,187.52313773672924,181.51336813641,205.90605337792834,248.09996684918903,403.08960168662475,301.8883724933216,154.44020903761157,353.1982812709787,109.88905129191872,105.84310770648817,114.60921292536256,501.22796762036677,452.4068023698452,58.39722036460904,84.42679714208646,155.23664597280484,73.11511789945912,48.966914904590865,60.0632607807713,135.5774355530526,359.07902078388884,120.95964397493465,265.77046774681946,531.6785401620866,1187.8176269244857,4914.874456617195,13244.022704053836,3929.7986900373717,652.969511546923,619.8402630785636,576.0185109644474,265.179119637611,278.4276765209652,317.0957996972237,349.396430930629,207.0944236260392,131.6597568048806,117.0834154570812,231.97849522888072,224.10738305008897,138.16419759743778,73.67167842598982,79.13855290607637,18.219417336372672,1733.842699215106,77.95286967697976,38.2457010742538,456.3375113353959,86.1504726072571,62.12671993764434,62.45861307141017,2.9222548606442724,39.69554494315692,0,58.953002852174656,10.532472779380228,38.94664114288452,40.93965574787338,37.0364265165971,39.10239919685163,38.00410525406595,41.58073432011995,0,0,0,269.11957135491423,102.94135648331239,240.41564724467096,190.60429393945253,250.38025608750203,125.41359771351229,177.38369080219567,559.2147676175316,437.9354890082143,506.0893773877139,292.9303930980675,353.49210235314547,277.14501549252867,308.0078473154833,228.49575085006774,135.82656012427194,171.1939408395041,99.13969287958211,180.26488261112954,182.7557075870421,536.8208552356388,831.966054882889,196.68956715858613,477.25942734483976,74.287041391257,149.80055619139972,645.1875544583763,150.66205907313213,188.25492316998174,865.0059522141034,156.29338665912874,839.7025686696227,904.84039858504,950.5502652520652,1218.279081492886,3137.0458324606225,1410.1619066126802,3790.8830901532756,824.2481161028634,571.4758858676371,359.66369112698806,969.6304272508555,442.84731909578545,1626.327496687576,0,56.1328954083473,52.24261217693111,105.54404135544702,59.4390312013623,665.9255165283332,59.08474999187815,51.62192731046372,28.850861086424782,162.9631183700574,680.5919527205715,555.3799029839196,1030.5853464876993,2716.6798279539853,2861.217130770949,23.156746889098766,67.80422635724142,389.9847088951982,29.793901061107487,122.07567485919056,225.64522090086763,100.57369759600208,161.8395918885757,218.29675681967407,232.75205228242191,142.85807481790252,341.0419523927625,109.42797149653951,145.48179758206405,56.125166956254965,37.52896955575738,17.59480142411955,62.971391801804444,26.77434165978095,14.939564331839,171.86797382652017,20.986661382893853,244.94519742436634,27.350268560954998,188.48858107962442,7.0134906778475,1.851916061377362,2465.7601071073523,2502.1611795449153,542.6897169703751,580.7726041015819,133.23878357192967,1237.2479766364331,1090.1777443983535,647.5576978192327,351.96865122144425,137.15678210741385,130.0732545147665,129.80710743366254,49.908612149890324,51.07432287605389,64.54624627950443,43.03998527614381,49.624546480742154,79.89478409460567,86.11246775796923,115.5220522053329,433.2599210799455,1112.6956970975386,383.2884921385449,138.2113611767273,60.74438162497044,45.1074362168529,74.54493543980354,70.88692143437655,41.75274336508357,543.2904503814176,225.14630724309924,92.90004912194485,67.64678173610847,44.358080711796596,340.2563487704061,295.7778617039744,615.1834352621145,643.386667937318,207.83215335519958,175.79022940398033,318.5477015294674,347.92761215758014,552.0877929465942,248.19460996655752,21.123125525056523,24.56094743138822,240.65121442884623,132.28979217165207,0,44.966012511214494,15.945263013652502,21.000769279029946,89.30336148626466,662.8131695791413,1614.5852042952802,1750.5603150258007,102.09096953102613,107.78321656211564,38.930076318487096,132.4849207842777,505.4537760383758,166.30325765902703,604.35728351522,93.76187221174804,91.66752258297541,282.40858397742403,562.699027771148,96.54016631578158,81.87364905624375,17.18303062518639,11.294974640467412,13.35067082208247,44.25705751749424,13.822768697811265,212.20952737683456,154.14816701961573,21.869640474436192,29.03227175688948,87.12734541715793,46.31833315511451,52.33125647029213,280.1636501804217,650.8315915155146,42.87749247109568,184.03785612393065,166.4293496291009,29.477710004496377,158.7046689205103,1.5233295048613182,1.6317158227187678,34.18862157442658,281.7545944692748,188.14210643569425,30.672635452295204,637.6943869702558,370.7820950794927,76.96902119122251,15.099011149857649,8.632343704316458,60.68243354790368,17.203664063510516,74.88806984671626,23.139136473742642,13.148827446944518,19.08301656402758,11.525142906652174,18.201019959185256,9.963339393189191,23.20765626100914,316.65840413653797,8.530110226474545,4.380895910202952,157.31548535851562,752.3019443462161,558.5780339319062,33.85610101471424,152.8882784591031,203.26263824214558,176.76629799325295,289.13751903045807,138.69596681693255,187.29930992162278,32.85820200123156,51.8133883392744,1022.7215839572316,740.5144779346856,2743.7520901470425,2058.6015893575204,1752.9783396386829,1868.8690647419114,1054.2763771260873,617.5904910292712,4.438905962076634,0,0,0,0,629.2647281444229,0,0,0,0,0,408.8333288246291,0,0,0,0,0,0,0,0,0,0,0,0,43.22438497696599,66.92554245166014,0,0,0,0,0,0,0,0,0,0,0,0,0,0,0,0,0,0,0,0,0,0,0,0,0,0,0,0,0,0,0,0,0,0,0,0,0,0,0,0,0,0,0,0,0,0,0,33.88001222055038,67.72010582499969,35.64289108429155,50.79894197498547,0,0,105.56528949491774,0,0,0,1.2021444750937293,0,0,15.823012397293988,0,0,0,37.023530081544806,46.1106875170814,0,0,0,0,0,182.78964782692438,3.1394175921083023,37.024923659387625,7.8437280397410625,0,18.76914455274412,20.909814656346636,13.667975657497122,12.56394991918757,80.42316997141955,23.000491279525658,329.1836942762402,283.6004589814087,106.71266751464167,81.00175845139279,127.38218724831495,173.7616548374744,0,526.5787238098842,22.098429132620065,230.89777527747592,325.13093355280256,1514.6353241009958,117.79735340826016,0.7604473165496773,92.8355133893455,139.0247225046854,155.53141301084065,98.97880899513132,120.9626121557712,88.43531701780044,86.31987900112098,180.00356736864586,7.503742433471463,116.00676923646569,120.1269909640125,113.54280054240816,4.124593363794145,151.4179079142429,57.047784115846184,5.926684971899607,4.241827686607997,117.11287598709983,12.617525211340315,614.3416276928448,442.298373441727,18.76798130795777,413.97477587747795,320.1705956538219,581.4012812146673,133.4803149647939,568.7265366915304,160.40112237046807,520.715780026681,118.21867087250325,274.07548743999496,427.018739283716,41.74111518129408,690.286079250011,367.7880484376693,37.406672127789484,149.9478572672093,33.32354929784521,27.171300701621064,66.30803425003073,285.07878509061896,307.710073540678,580.1429028727229,318.3782427094594,385.12783267599457,448.1948381281364,69.35757875154465,11.425608185094605,13.509090778670274,2.455220317626536,4.891871530931226,9.037775161852778,4.559169751148071,4.340199186987998,2.0502843458370763,2.100760398767574,2.2467639910311585,3.0519749776990395,4.775582345551055,0,21.939076986266198,118.84619499049678,97.98297400722382,196.63651869251973,2.5660318794819483,470.4240698957495,269.06021221729026,136.39391302429624,24.152838762701435,9.64037835832121,8.041484325882411,50.65932366287213,59.56269978881877,77.38428622773834,91.04970656879101,311.4252415781106,246.43667169734894,128.04593177151568,284.1784755207403,213.94475820305487,404.5480553283493,529.385395457076,1183.9362977643507,1297.3199873317524,925.7775302058525,1414.6631377607948,898.0540467492297,200.01611161726177,899.1196567345647,1001.9267965014101,1015.3966014526778,565.1315357514777,1159.4058370758942,12.507960563827298,61.226149110735896,257.6467814507181,265.7070039122794,571.1792827164168,615.8894993908364,439.97393058615677,10.91656998671355,36.05989528991281,36.651770834098336,69.33049303652236,14.999293548334924,45.46381692899436,50.280192776244256,48.50357105101562,49.307644605334474,195.611175948926,268.03369269451076,53.445207350519716,96.17059144218021,664.948021267373,99.25808894356409,464.26016050333436,822.3600179524882,59.5950819898479,42.54548747745587,511.23195177666844,224.52618023334975,432.5246091503771,190.47352068675755,220.72806456950255,276.6957256960828,212.53345521343508,99.16670011010636,627.387686544814,515.7805678047521,623.2925708883671,894.0316962083823,310.6115948763851,226.53140558896422,328.2065823633082,180.0058493028161,216.4570556590051,558.4931175688151,519.1407521390228,493.8428289968298,443.3516560660835,532.4528258014424,360.2846720063048,374.430183317657,315.78442820014203,401.6505462602752,669.8677204817499,906.1652468245753,817.1204751311229,523.4566456485834,338.93115384207107,297.67428229935683,288.10496379482794,134.70889966270082,387.1761600122706,283.42446314913775,672.6321311631233,147.39091655628656,37.013674504590476,23.290503096876595,34.77943038476701,36.07633488134182,45.6237695804754,819.8887191785662,2155.2318752309393,1871.8503248354264,157.77211858562123,320.32546483389945,1092.9833021471993,997.0918910584251,144.17956838934523,341.1768526306481,360.34825497291166,304.7530916864743,186.18068540385806,1003.3466318758075,650.1749075564193,186.30925823509205,112.59869595768043,845.4210817493307,260.414450110855,349.9969371958178,303.4778603904215,544.2031244920747,200.0958112353748,159.98977627177698,173.86931402639763,152.93838404774658,554.4019917490278,290.0097171939742,256.8726360278769,309.80344865867374,245.60368600270112,137.17393467323222,154.95437550683397,360.34611091745154,108.60002623862675,218.25904897706926,325.1195680469964,152.42227931283716,190.62134681298437,414.87555155423905,755.314030356054,135.77878786310916,477.91729207172926,69.08205772687866,909.2771885191061,751.0647630430956,153.88572498479587,208.14653251749837,202.12580418936906,721.8120449230572,799.7131152062526,779.8252012204632,602.5322370543065,107.25593680599292,184.3433279751897,664.0362416623642,222.75204858325498,94.87887067719623,240.23269208934147,588.5160606449714,88.51023126640439,869.1850694846931,220.44217744517033,179.63151894651435,525.8871060432562,500.18252821885363,133.84512623813575,289.5485412645467,377.70987457016605,234.87743746580585,568.4577862222926,314.3707680142942,94.01748377809417,225.22331872732363,186.71449002364346,247.6451437409721,249.16100687769912,369.4764208793429,359.5443631067099,543.7437158401907,298.0102262503965,488.54696936332147,324.83869472723023,175.39925386320996,210.04952039046702,495.78007500136806,235.39911767919946,653.6700407502452,856.9345817922873,887.380964338787,410.03156868792104,377.07194527745906,436.0865739824272,651.7316233807395,392.571865288693,418.22024743599735,10.39423041415542,59.940610657799326,114.41119622182786,98.13726201850153,6.450556818293747,11.75310001845851,29.428332274775908,8.407679911247351,16.71719647797976,2.3170185117557596,0,0,4.618545808298554,667.5504070075572,0.01402370579063585,0,734.0619384686881,726.0085394494114,1149.4930851580887,885.8287964897685,811.5485047748209,1090.5511488008212,477.4449987508754,821.6087328008535,0.34910942764569564,461.4787859365581,0,36.44711601509064,0,369.1614815414574,36.87370398211978,649.9177159713431,0,0,0,0,0,0,0,0,1.6408084679591561,0,0.09489619389515076,0.055493980028565995,0.16743439728325243,0,0.32021736902982345,0.49471567707363706,0.023208481578682258,0.11035772870944961,0.1672448485994902,0.13266576711124184,0.17057560468995822,0,0.2171171118767185,0.4215636069887129,0,0.13020871457232844,0,0.3004237042283826,0,0.7250013689525229,0.24470399551955652,0.9368631828506228,0.08403176520753405,0.3216591527439623,0.3778770814018535,0.19377530533446471,1.4555564411313837,0.14748641259939368,0.3442811872235967,0.05371031382500297,0.00200873708485723,0.02510409972098047,0.04767543465415443,0.12446157443555472,0.04556295362432555,51.27658448166764,152.4412094725111,440.13081836777224,103.23957000215933,664.7215426869539,24.33187102235962,39.01533719517429,3.100248188583856,0.8996221997084265,0,0,0.33194411870688695,0.12489390159400585,1.2763933201937254,0.15659527579836602,934.4414930482375,484.23866007546604,224.67016693612825,251.7286979705887,502.30255292832,75.02646582590128,41.6016325476017,188.08403623367062,42.71436517291827,107.50683866250752,165.51876972752336,61.039576647595574,293.24115610103695,144.3088248317381,398.3623784718709,976.1105125926869,231.7793870653159,129.7634066818196,549.7204896237658,456.40051737860443,184.72687397207338,403.7140100315285,1185.1042858337646,1358.1177907700508,777.7135736747824,471.05352811753306,281.14328001630855,188.64215758687607,153.93032913160573,124.86161297830526,565.3526076785373,729.9844575614524,506.0919416496793,1177.6472407370454,507.87371249701334,701.5527221849936,759.9402948639532,726.5033410235015,941.7422186743859,1377.8864237947973,642.6061926359292,1975.418440008236,1245.0926767308063,236.49621436295587,680.1214411069902,198.04074991336972,161.277007752972,141.83815723476098,2.6762949229763233,29.72290263766572,22.785925138801606,27.280616844559113,18.37707248110956,7.825305249962697,52.30281535867434,29.382123210265984,57.626064898131624,5.961866816180769,14.222031385654104,197.51347374378918,18.99010677081566,65.50380154743466,19.617533561639522,139.696530491685,15.31008992299758,17.64747414002128,27.396979670545885,108.8921575539295,56.862249376162644,73.42302451718851,2305.5263078103526,494.87478711047567,478.75149985854887,602.426487554444,365.1065670630555,207.87153739278148,1244.3198130077908,808.8060971481843,307.55722842747775,201.6812635793468,518.6411392661861,882.7230752220388,864.8324299475144,2808.0439639217743,2313.4404808262125,777.547750911868,1554.319638081609,1342.9465753137458,3709.9323367266893,4052.4525797510423,1644.3115415768157,1109.380691661311,1049.8190961448413,1238.4523282512826,1467.997352525884,765.8648645102286,1047.312847768876,598.9035647560373,1126.1126844636274,1011.3065484067421,1072.7228604801376,998.0904271921123,1269.427012762546,2697.111026627541,2799.713405250703,1810.6480523218306,2561.4491166919515,1564.2145463179047,1250.590243578104,689.3929623730905,209.72248497381642,601.2464941550307,499.27280808292824,654.7963682913061,129.65243100263334,218.8284088490756,301.59227723741355,306.00573944764045,75.50028073536848,174.21542217633566,126.97411045993758,191.22001484873553,191.3838382483876,363.8823131179948,73.84695507374748,4.167021281861857,15.562757230300075,163.85893770308928,152.73943431323738,147.34643886200658,68.36829865745419,243.95097992744746,95.51376434639353,41.45554149735389,181.42712934344,260.85831767813903,156.01125562375776,396.941031818419,87.04129924782659,0,15.342447051496553,109.95777610198178,18.776746449462134,66.71708002845051,91.35378851517142,227.34416365376515,287.65395102705116,533.2896349078567,184.21075150435965,859.8179517710009,362.1534059103604,1381.5156747401202,220.29910463797623,345.03194429899565,583.1418943341348,2312.652509617217,4264.338730876462,5497.1622605224875,4461.636972192967,4295.5712809476545,5151.834997729646,3842.495083423314,5702.017685176076,4550.000204036745,3147.2513529137163,1681.8274921517934,213.89556681248558,397.78957096434635,1317.3658664523946,1454.5744754871434,1020.5366806998557,252.8299416751972,134.09368772708646,294.31619301261605,119.52013939070656,88.32632652734418,1064.245888599486,573.9800345232921,821.6029018922626,927.5066697499651,2198.9678586602477,2397.384830629799,3196.498118930581,2566.886889465736,2674.426944327086,1319.3912617645383,2415.978791970326,2686.651371058846,1930.414327453229,1355.9276588168652,2736.619195961978,1893.6916831175836,1796.4235223746646,2058.8738358525766,2904.144988447598,1509.0509856360425,1295.5824516666507,577.8384309625343,12.545908516674308,176.36680232635698,64.60038311988032,42.343258702945654,82.39455536431794,176.9173440246116,250.07004001666135,210.59101002706666,187.46882491338837,139.56933036189443,238.80924696151087,256.1257136103367,240.74641689063617,678.9538524077104,191.74200222908252,198.89443044092124,436.84497743811943,396.4130826020895,518.6537173476804,630.5043980835809,269.3702345882627,1267.1164954400554,294.4568494591918,1319.7799160568484,795.7510042969521,380.22591633318706,262.98524638326813,409.2105094356415,292.89783760287827,251.1198866956787,139.71427279713907,677.8083144065131,319.28281387493354,184.58195055383953,131.22004759829233,304.1361014832623,255.88138854288422,238.29363282872907,399.01256495517924,263.12249650446455,180.69351214359196,183.30390436302056,138.40789025702793,176.119013667367,2315.299061487688,785.2101047251406,384.16893885634914,484.46222809361734,966.1979488380981,898.5557641844829,619.5360523717655,843.1968916022298,338.3482494409879,189.98182282500866,254.6164711116532,85.23839149739187,117.82773617023896,253.02769873373208,73.83539765017672,244.4359144741515,264.8404923337791,187.48890974225043,232.56563329913462,721.3641959898858,342.14408217127465,273.50912412267246,819.0987477486622,445.10472484799374,586.8542940098481,732.6408468771062,772.0328256048849,769.4563530659583,450.1374392068181,728.8828366083894,984.5457533123127,690.1888189494409,532.2029969951109,684.5423529432712,678.9107731061945,231.63531045968773,260.34910119001506,155.41646685473447,148.62856628617754,163.10602369452803,107.08803714578863,106.64723072062178,137.30873025674532,604.3784578845285,295.24623488343235,64.19667369045807,234.0701152068248,305.7772151864643,693.0526090225087,1090.490425172652,859.9523415934423,800.0251251319822,1394.0096624967186,1185.2959451430318,5169.913223091637,771.9542409927278,841.2676644204498,363.2451639328912,247.41422503468075,726.0428890815731,1705.209552153044,2236.3537795509237,3355.177862811203,6134.961338977672,3031.1748436056123,2316.052682814091,1822.7402221974544,1266.9312762514833,2526.6129066855815,1061.2070514111238,1570.4461558239361,2476.261967983668,10409.904100311438,540.1487947761697,744.9210613369952,632.4248001449275,722.2820370763726,866.8302102398455,387.71293955712827,182.665180919819,291.05247602590384,728.4967562578584,862.2089033877558,810.3817480664524,661.8779526312376,580.8574954146524,434.8232562082254,116.11947228152614,22.546163073668616,187.08041874525455,206.3805226451515,173.89357729105663,30.19643248039516,37.32075442814542,1.7550071114165158,158.42617114844063,112.02313494679032,1999.052715252477,1665.9309268648783,2056.1536453078697,2502.3714973245906,967.1080596431037,1581.778099783486,1301.5384980043268,817.8839635073185,673.0806503664442,454.77691247498535,512.1645671418834,354.5024952769145,514.0844532980803,455.53582858323153,530.3621050144748,423.3634623088174,157.8086050380198,460.0719199172586,157.77741828840553,216.0504695786461,138.0199357326228,301.6228239253127,374.89950046597704,229.77791514099735,83.3159049140761,74.02418277728363,46.72713810741651,466.71613534323683,64.49655679737315,334.35685947191183,279.6269178783979,180.54511221508892,386.26718093681774,236.2800958290576,294.09557905429693,450.38872997370356,613.63285048018,1230.5623704128884,1138.9411265835208,1171.8526786228579,2181.2402570378363,393.64502551117397,558.4908690337192,449.08068572442835,501.7126800797687,480.38705438255,111.07114947064474,67.49056411291207,96.01083745639275,83.75997983284168,60.67182889003021,61.70573131510435,100.13090238843385,1.624596062035679,865.7615119425446,136.57052992429306,104.7822786506841,38.34290906240883,50.37838284562763,1292.173387334311,609.5941206997957,1079.5965796853504,504.1032841200461,150.73634162623057,148.89457438469958,408.6332824629707,315.11381833026195,611.769600664536,696.7159302792438,217.82173225627315,678.9107844694967,915.4522169972481,1169.8528539705228,714.4646834551259,708.6684392701233,708.7111454702341,343.127406146382,672.1880856941981,769.7026818623975,1545.9063489489927,509.45427661574064,236.0880651588223,92.38359982361601,90.27944075808905,79.2864467353019,175.62291550432633,64.85155533392698,65.74374587915287,1705.5872488783414,2072.892349907277,1183.966177026685,476.9502152367514,967.2286445214185,741.2047854879754,74.22912601194318,101.60604424029351,625.9239753452088,535.545842419298,1222.4500232172393,1694.3957078843107,1044.2158297715941,498.64123998904495,499.44666747335134,319.1549797778207,187.6794866303941,54.52650950299522,178.65312275994145,479.24444355952494,662.4474077365226,670.2302437680397,1005.2067008506712,1125.0584082669682,780.5135738621548,78.59497182879387,1047.821266695067,1979.7295093629818,501.5132338530924,31.1678401989057,33.568158292376566,72.98801731399836,34.43975141982051,29.99807811928095,31.77233150325083,30.867759632076698,550.1053402097934,17.66687952424834,370.9031828259201,36.72212783752445,428.4753293135236,39.47417496104404,45.51919881135067,26.111899722006186,155.72393721450194,28.340032735274544,117.52798597418622,58.08732754745674,66.81809387868125,87.96733709029846,261.55633742699007,90.45466695679671,134.72725143952363,44.08514895846324,134.9606754911859,303.67826576505496,193.280110826572,226.2961184423636,202.38077945777096,357.1244532415258,78.33652470379135,128.06357314863155,42.629318311265905,154.1240206279161,27.75590576940888,41.56690570254347,69.27122546285297,75.33282005322162,55.86536057210376,284.8043245797667,160.08969753951342,106.07964744464876,86.52898414852255,51.71735918821797,60.58846622127649,46.03286230547307,45.44711683365956,50.036789585955596,111.77243984167659,39.02823291941433,39.536221770958605,157.51839131185454,39.797542181481404,104.38679300475995,162.76425323583075,361.98668369498137,1162.8808289310512,1385.2823448425004,1127.851461350298,818.5387663395142,123.18708532475759,146.8143421768387,49.31301204117516,138.5989050236584,320.40338386374634,258.6481146939342,110.50051915844486,374.71355146802097,121.82087578377325,351.0648758513781,377.16159830003727,140.88333790117133,336.10937228721144,349.71538877437337,99.47137458142574,359.6013948131207,133.33170848395505,117.98144984839473,15.262690166700427,174.1757019788015,127.21896046357078,258.9438057156167,459.4179732673956,351.3574605835318,75.61261834475336,244.6574937167966,75.61826603891849,61.78976496604595,214.99771470862547,169.16686491592625,332.1198911512546,337.50029817985336,180.23989071488384,180.52803661647584,74.10908689541884,91.10515458289754,42.31744357996529,323.060361769731,557.5586807586329,932.7242268816192,575.4676877099901,766.7533207570586,1129.981701671517,1400.3743540504956,2537.195247823744,1439.4368041657976,57.429353219226066,120.90544241002229,191.9701823587762,403.19344507723895,173.62301605431378,186.39727991211092,193.54620368277517,253.09016485113236,446.33311800643935,208.82914986965605,206.9792751261782,245.27344586803986,914.9863712216793,220.34890080243213,90.9564879670035,255.741103794045,482.9964916395303,278.8973806924363,58.71748694517579,132.53095830469465,16.250157131980824,172.1716265466194,450.15378178945735,649.7814887488964,427.64417575930247,434.1463470386484,382.34870907568614,637.0857318466395,241.7302713167065,60.27722752621972,188.23941172889153,210.25114027717797,76.70346763586855,129.14817347582166,75.4541318870818,219.47072092304373,270.6609758088016,447.95924946971013,273.7922010482557,232.8077301583673,182.21803832806478,38.77916439428064,952.4191761794845,1422.0496346193813,1021.3977619677111,821.6264227512605,1343.8652880635464,1169.5537195450665,895.7675452106747,1300.5417246803472,994.8236997796599,1400.794977349265,537.7814199142618,398.73741869247306,159.09744936949454,613.0119803528822,36.59523301586496,322.66543083273416,452.2086709567243,420.6211492867447,671.9036643808853,519.65684883001,28.794297182327696,186.37096272196567,42.44245292427044,94.64721609178912,245.45509552392357,205.30319034090138,231.66634453675726,62.75283507991264,10.950053081925175,30.783257704933813,35.39562344046313,97.24154752860498,436.5505834230868,90.05895255938275,490.7808369503156,530.7229533938252,157.84032863534122,91.02515296593583,450.6283519667464,126.03528921070857,41.476817837739716,29.70779823289405,201.38127829977688,412.9010392975579,194.72144268083386,119.65664556561121,73.04258410366509,116.05432279684987,56.77436515184167,59.916727946772774,88.89299092809559,144.37191667900711,227.7802296788106,212.69481144156904,141.31571187304434,471.58346600164435,448.7310876319493,31.724085548780064,64.29241261301256,151.59398233833195,236.12212130938917,83.744642210112,184.05898918084344,154.54249328380465,65.76740228473061,73.13008008718171,66.20674488017735,186.63422793070376,335.0957888970053,56.57284807543865,104.97469117703535,390.38841941728646,1112.8102364096953,97.70805706534662,168.74037658930402,331.25809811356567,224.25492649672307,34.41618230839668,38.85636036471775,163.02804130539536,274.96565292128474,61.54885308734612,136.65406752334724,263.63272401883603,121.37118303403248,507.8174884607325,719.9298576665242,682.7045525461176,933.3934793506722,213.22727864839464,345.82190395795124,227.2922873257878,99.670628965302285,105.68227548259928,425.43866131948994,465.812125285777,91.54688624680833,21.834675404925317,27.973791221443438,64.97648798432081,22.690209576607447,49.57853851110529,11.611736240703745,28.945394704094557,91.54577786389257,102.88411868476497,304.02081773360624,115.81782293024358,167.2596818628118,378.290591568823,157.01499677987925,9.145702251424515,167.66897405769902,0,0,0.26996893963791757,0,0,0.037125202994187485,0.5079348846989379,1.0103800238790093,0,0,0.07944586270883178,0,0,0,0,0.2743621249730143,0,0,0,0,0.019559058339571098,0.30546790379724814,2.2070174425920897,0,0,0.01089632520362925,0,0,0,0,0,0,9.710973911096511,0,0,0,0,0,0,0,0,0,0,0,0,0.5358046426794473,256.8010377853163,5.474723936133655,81.35205761054192,2.9332563704185532,0,0,0,0,0,0,0,0,0.6758626614770651,0,0,0,0,0,0,0,0,0.22186589886356198,0,0,28.01278769718929,0.010860223129797064,2.793563885459808,5.5654030030752955,1.5837107777296366,0,0,1.2249489155843667,0.035401409702717344,0,0,0.0038650578842693265,1.219869117242567,3.697639875020939,4.080187768002519,0,0.020637196574211994,2.0822911173438974,0.0324024189454636,0,0,0,0,0,3.8680830212964494,0.21499319342527898,0.3883911341246851,0,0,0,0,0.23782814648103576,14.677826401076565,37.044426736325704,9.48843453787168,1.4813346064038422,4.5125235412667815,31.159420077079638,2.16067575322683,0,0,47.63408906017732,59.08677152136349,35.02061492048805,25.649647302302004,35.77321145618241,882.9157232225282,772.243775206307,1050.7439810023304,243.99153445382197,887.8795216020944,808.7252307371234,360.40696641856096,235.7050452782697,405.38533048783177,1811.0779666849648,1009.697533857234,979.4630811455202,9.074632712230125,48.99505870593386,9.934839759308952,28.235729413561764,29.201259339052655,68.98945187715121,80.29900508856932,274.2830916965116,45.1054976372776,0,129.16921655366792,356.1897794596139,134.05193588771812,104.91119864474423,115.46988729204524,359.4638726554985,304.17128264428135,940.4071162385915,678.3878072300328,1069.0589112063258,7.1529595986752,68.08924219909602,17.89248163034101,0,0,37.18318274685468,193.09526245654422,3.506683854530926,0,0,0,0,413.0601863227658,0,0,49.32183865444933,0.23696641665600127,204.01260774915943,877.7740179923316,72.67707999687195,855.9948805233047,228.92620779325418,912.8404399087221,931.0317528769021,419.7187243197343,146.49100184730233,0,632.1625610502647,348.97518665169275,129.6333989884523,36.64497942419892,23.92163887356937,192.14756985063627,117.35499812530122,243.53704267238516,24.284329168347845,36.1266745357974,136.57400084550943,379.1566016410826,772.0045336764208,93.79313837788874,27.693015339424523,170.79415712095135,213.32673803846296,113.38270197832485,283.7372701209964,103.84420359022006,1324.9690812287288,1931.898060284988,1816.018611159151,6513.978297242014,1514.9763787819563,6571.085087004306,2186.096590320131,2121.721566526464,981.973247708145,1878.386715544023,1173.3749877580806,1292.4122275904588,1710.692421336713,680.0092163862487,946.3030451440857,1495.6586789620712,1050.2981725746158,572.3171501745835,250.57990708729886,215.39977478592266,183.01151135800197,285.7094403351001,835.5620265652188,548.6654563113045,1361.4159444125667,694.9494509664688,1424.403209664116,1386.822868346279,1660.5475273728823,1185.3754056415014,4115.712567906951,1898.0132823847207,8696.527428134035,3833.368619872645,9008.81617946116,420.66330243556865,88.5876487150219,366.7456545917159,169.66868065731765,1544.0685742649982,311.2187158769927,7.557004533563013,355.7427605105584,143.43880912066265,351.02119107528836,5.029179086823473,253.53319218294632,248.53617021504215,138.3914835282032,235.4354779175606,172.06428714429336,245.4730630379464,147.1642850680453,316.62067057404477,296.75876548222794,52.70853485731832,391.3837222731508,333.4202466428178,294.2407808251108,286.41288155623664,8.957404002390833,0,0,257.3990721635629,78.93208405138253,171.56131128006595,0,4.923435005563279,38.09690257215417,25.908783024103368,635.0359734210854,354.0424271219211,360.2652729639786,85.07281807095347,212.90023368871522,300.5871431213678,38.457719772304465,65.76411326645285,48.39278946832268,77.9544722573981,285.68865306573497,71.87448180497978,42.73695729857638,201.99082666536697,241.03645923707836,536.048057322176,427.8123553451719,609.8890550172667,552.0908073684336,877.1246535038798,240.0168858533989,208.89609049865203,971.0923138491656,615.4745186297613,375.92825758396714,84.39673394419138,118.56669479515877,257.52598281782485,107.48060152067455,31.619543370344495,41.63695173425657,150.1612123007684,28.546089622085955,7.940943586184519,26.527368873607916,14.289158383073739,22.683567195877046,250.6594691241136,1289.9576216686962,569.6944272560752,190.4918479672272,55.044567626680085,10.499143642007084,13.504422739306305,19.891440288046805,21.515512545116273,9.876544347603641,21.649782981145375,21.74239448579529,20.199861941063315,0,0,0,21.25531295008343,33.09155929855168,70.88799360821055,35.010844105959094,35.42603334160239,33.923447993266976,3.3959430781095215,3.3045755424927434,4.459172427408894,165.2809126082705,1459.4958643927905,1846.395076876052,84.0912545768586,13.0080663252317,54.6819053736811,28.927569510375392,31.502318040567463,1164.756298624455,4008.535346896935,179.61043531042398,644.0251395325877,179.4529661220357,12.384548872201925,319.07315758725446,28.07988252577969,88.37700007254165,25.259136004363985,2.33638176834292,3.3294241160926887,43.763839101721146,118.5342381466884,1431.0097640524352,1608.3410489616892,1276.734870679035,549.6546643378281,987.4208752858019,435.05840443672895,319.66246775190325,263.91231760343527,2136.080750231865,48.33512833590734,52.41382265367036,45.66946806257081,13.324515185973112,108.66108241386543,842.0147348351842,668.5724190585066,887.8388485677197,165.3647081353028,127.35633979939703,229.38776504866777,56.24690860902638,18.36454712210278,86.5326394297792,4.080963813240305,5.737777378358728,0,0,650.4661583308723,1179.65354875555,1299.2016691212546,707.2152167462021,307.8234169219238,0,0,0,0,0,0,0,86.97298746469103,1108.147963136419,3085.1081496537977,436.932083222671,94.69435278572276,294.44110304696693,566.7695172017582,495.8359222519338,778.3968640852212,6677.8177749908755,6423.177877697689,3781.8230787399402,132.01305192608726,266.3941958575584,713.6213051939588,386.2333121736343,147.98384844824875,178.67871738568786,196.46802588185696,161.0143879028602,235.2111067072965,195.4788658066729,200.33935828264495,317.4128791011234,780.2722495887334,272.61774901464514,422.42243754386755,1258.3292842752446,486.31381911280175,825.3005014075151,750.4274020892135,507.1825769382856,289.3923839326708,415.7070318008284,1008.0104092689998,699.4264057229628,871.7221261797998,656.1743369347042,601.9307228664917,658.5811627932637,883.3090862143836,1979.256085777485,412.38127700517634,3109.5726957534607,2842.314318309871,5001.511670653617,1397.371912145203,353.81300873455257,742.6953677093005,690.3305870152492,404.103967269245,1614.4279732743082,640.3784436695262,589.7686309231889,203.73985782978463,145.00362087132967,109.93105723766857,307.0614092389308,54.165173140499874,96.31827204193524,337.36429725733944,188.6145012963461,378.32034901816417,129.88592191093127,40.03082208227255,1294.9622127269317,104.99501646995284,198.79899712618473,471.3156066174413,134.54552685394285,457.17088569641066,512.9855118949031,92.78149415773755,599.3908340428515,109.25855296512694,91.51976081474726,182.889967047099,173.166909994328,544.4586231285501,816.9856392303813,779.8854861799617,676.2672766938373,391.5718387659897,920.73801412261,290.8360483137755,317.50837748088844,210.76268909326225,278.502400673705,189.3256712446375,128.56217438151677,418.59401483158905,738.9040890723686,209.39454326652782,521.0464397450523,127.41098630868956,223.43926993228405,518.1107877981049,2912.68832876782,509.99504911706936,1223.2025887914924,521.7258438385747,191.4243694734898,89.75580625306773,118.89488088256087,653.8965461608354,805.3461516569915,68.13894750760119,227.11364435592438,1662.4180250690536,2193.7679247002325,681.6037591154031,1028.8317546709186,223.32717936817457,175.46602493866516,175.61120478679817,154.27275297036505,174.02700612915646,433.46285707210154,154.0788656893887,140.00623191932868,150.8566032847921,397.216375894249,150.11715615938917,742.6077184973294,1023.6543403562307,459.925725741015,417.3034452903489,276.9178172619174,753.3136827031374,885.0272450766727,2150.2574850879478,1673.6503378519442,746.7045248824886,866.5859233878514,851.760191457771,893.1718174107881,977.4490919319164,1347.4320393109288,1242.465717080737,1156.1635314801847,686.8861198606215,2147.7900279894534,1404.2012866553227,3234.338443537473,920.8093592809435,402.7696963954511,3143.063301338007,234.82546951569506,90.62337102394375,136.71208774770696,52.03567874702798,787.1307035751139,526.038333492583,494.3680349761262,292.683035564931,277.5350410537208,377.08085567986404,258.7751927724668,163.75438087772963,96.94469537657801,217.6644556021236,332.6866582125277,26.763598688977442,255.70186849979186,0,255.70186849979186,147.48120634300784,366.4428754866031,119.49785417236671,129.20001159453867,310.2200007624798,462.501203294542,129.95938997210723,582.021316122933,138.88200485952416,135.88398666415168,612.7305416862835,24.13839622215821,208.66204573828966,138.6353166033309,246.7742191094326,1455.9407862100975,87.85619916484255,0,0,0,0,0,0,0,17.224553912798807,0,0,0,0,36.39353666698951,86.77755652269332,114.46313581679605,118.80915827030222,320.0787950485858,1939.8887116707444,971.4985703480012,175.36014967730532,54.45548317369204,19.092378375497606,12.485532254444813,24.289039235881923,22.833309449530212,68.42326287403867,113.17090054695144,782.8312832191051,1578.6311579778358,923.9878688383393,350.78423072922754,165.45919493384352,155.51100574549594,39.75748389637754,31.821152801307765,20.996057804351935,14.523392103236473,14.554535172830189,9.688061299910515,9.71169693649301,9.772394897846311,9.617372058078391,10.066445534400113,173.71781211050202,203.4145886038974,7.363433080897541,7.086883707643998,2.172128915178651,1.2195808114261906,2.1653212578953474,3.5074324252227,1.0537206564958341,0,1.1600743152483077,21.04773617360542,146.69614359195194,12.979138288522929,15.498026756911571,15.470830316633151,15.516931514269459,15.626118499161317,15.46986375846875,66.86110658344752
3,303.33970882590137,55.61721916796283,190.6594752538131,355.42713915052377,368.41972692664694,76.58463975433668,562.9827170234173,428.6950303216224,421.4698119911848,309.26271012241364,221.88836413676088,319.3037531609729,240.08765496267952,146.95188313614807,23.764294798650404,91.07818554553845,122.79718017987443,1159.2349220487777,227.70375614694908,1039.6190627771439,87.2290281372371,791.5167775130477,244.6685665870662,320.2201354450764,146.91841914462427,277.4982597505167,154.25499378458898,259.1408453460405,455.66436463039383,904.9576558277951,2313.0629934606254,1484.1582618697846,2483.5551268275917,3156.919462340877,3058.261295515397,3379.310516585429,1489.9568692938367,231.46110840240402,135.46772955541655,130.61910644616538,421.15492724573767,130.9886144822751,244.24441257204225,1297.620135311441,842.1467605108911,432.6434432905092,75.46887231916098,133.77476280431313,234.4827797790228,126.04795637301943,265.8191464757059,182.99352539272616,5.72706671947178,212.3472526456283,6.225838769882057,203.9625189850319,123.00102397174842,10.119208493677425,4.667992165018367,9.597995984008666,4.746484225067423,118.225307774442,6171.035083401846,2.7177182362658003,4.815976555739544,4.819954447454673,5.978998724336407,4.725539212633066,19.246793230648887,7.47704470503195,2.6330713868864013,1341.8652555953427,2487.4834414397724,197.15942954246458,2.2542835759081643,9.563699044044768,0.23666892739039358,33.3336800259393,0,0,8.717824303756299,261.12668479847395,0,14.728973132270797,0,0,1.1415393183090008,1.6978672737071607,0,0,0,2.209427551428854,0,34.35925655435569,0,51.91222187758065,12.910527969394222,4.773399368350989,58.012547615695496,36.341662718310126,4.168714612198008,0.4243526978693699,53.75734840901899,45.054580995693044,693.2311383898916,52.378047786990145,2.8681646799481264,31.14971813909613,17.309750155384425,2349.4438488415362,569.699379499341,8.033429888437082,5868.24397616342,9576.201527840578,51.00859446630853,640.0730715119139,4482.610043442074,37.72966968085364,23.146692350455687,113.63098737062546,0,33.95516438182811,5.95995706891405,0,0,0,0,0,39.64806903024431,0,724.3973339576335,0,40.10542825691794,10.524557514561971,0,0,0.08310205631081341,0,0,0.7494341863326566,0.4991706531882264,0,2.723585574183772,0,0,0.5528804573929057,139.09237735066202,5.675479192587413,0,0,0,0,9.381271777850563,215.19879201184486,1536.8289964343683,891.4990998350917,68.14736540039193,0,30.74527823547,221.15752147889526,9.449596507099457,6.461190958894237,0.8222498795113399,1.3961872188307838,1.1352093302734827,23.93824622608913,44.62005003073553,0.19224851980857682,0,0,0,0,0,1.7453511547873326,0,0,0,0,0,0,0,0,0.171418125857085,0,0,0,23.55909456387463,214.96826766193678,27.008587521660168,26.249454615579193,550.0161179586664,505.0467729724216,394.533285641898,38.53573778086364,796.1267740493821,400.0526920460383,49.49497662067623,0,0,0,0,0,0,0,9.978215394152269,125.792583118332,7.032055147504342,0,0,0,0,0,0.16104160551624183,0,9.918102124459827,8.62015950580505,1.788904590179441,1.8541871849433125,1.115085988111246,0,55.43105354521389,1148.7219803917292,1207.90788255003,407.941892446602,114.13794818765383,0,0,13.232216421487996,0,0,8.22442221749936,8.190420515516042,0,1.069495742068727,0,0,0,0,40.66922994336349,1.387417773319331,10.01202861091847,1.3253381231567147,15.841178770209869,2.1822860778293496,1.4831209546551583,2.8618963303732396,37.554713630666086,268.67898232351035,156.04748302807292,186.5892287266923,314.1418907134689,134.93770623192663,50.97758160656303,67.87633544421391,367.9260604209767,0,0.35513196048010776,215.3004669559372,177.06594481152894,1009.9720094679227,2008.383349116971,2706.688898752809,803.6688525702031,177.17313878250474,339.8169292244529,12.258218912087424,2.13750667420387,1.5169286586289321,9.869839245257621,0,0,0,0,0.7242580562233647,1.1280539010273352,163.03972091194214,135.92808185622624,178.72069027459284,341.8997262184701,31.58737910423713,615.9664357653738,710.5130515525258,20.8247576500658,7.342836736261753,10.73644427514675,15.218557426978359,19.187583181558846,6.0758259309941645,35.38858235511788,23.065761551173097,215.1891419502804,83.34095510872905,180.72228150679035,667.1764116196213,658.5659374919217,999.670152892268,1936.6217498567182,1754.8334777617627,1618.578352311872,849.9219314065763,1418.9418576863193,823.8048323943246,211.51821856403373,534.1085381307646,396.4349487312712,329.05024752527504,135.57090307694415,47.171480906615805,35.59339309178064,29.980075826061615,14.445603835085874,47.58130952309479,36.15914366106003,3.3228351385862136,305.8342262807132,59.42259383232462,536.8250476298767,318.11133017101395,788.8632697782675,4270.754018252493,1319.2841921070008,26.38229373727214,1.8200634687297268,0,0,0,0,0,0,0.20658421194708218,0.3439705968998101,0,0,0,0,0.2124478512409918,0,0,0,0,3.4992981698731613,3.3954985258339456,0.12253816600396174,2.3884430120339295,1.4465123041383343,1.420648225958004,1.4305641696146494,0,40.22101879619705,1.3469366914570635,1.4397445182052573,28.332593150125714,180.1950084257177,15.456813536810712,0.6055586873711718,0.45562087361813086,2.50366154673019,4.649423963359182,31.675533101304385,0,0,2.924099907203307,2.987754413425248,1.3062460896061863,11.675644360510205,1.1562279154352602,31.37477217703207,0,8.898305544187235,8.347822002564321,3.8467920215116758,9.185802459334582,58.91687028447369,0,3.306181753114938,12.42136325443789,20.297668793995758,0,0,18.2539879115078,0,0,0,24.78120518359964,19.370376763236354,0,0,7.6023618037517595,2.320768045785645,19.774641826503746,12.173899414423893,19.87361098673693,16.01840185181645,3.846675600868962,1163.4373106130304,0,1.2169279630462535,0,1.8757154133506966,2.8542969107501865,0,30.761667376908083,7.730038392943543,2.6717300477438,27.227309075963895,21.12333799086102,56.591081386528266,14.173174450540946,0,0,0,22.956515470120056,8.792543306044525,14.477832582959095,0.5815248925611881,3.5569917803000166,0,0,1.3639083913759864,2.1099480436542466,0,0,2.0047735089625514,0,0,0,15.143954271845509,15.49277377380055,0,0,0,0,0,0,0,0,2220.1018520007915,2671.5337777793343,4087.793336997185,4165.319224098134,3519.3514873604754,787.4148988585981,2844.424426176426,14835.435357373331,0,1067.8900983254223,212.96362591486513,560.1726509686481,1254.64435581507,625.758523950462,567.003587911488,1208.6890014430182,696.0514505299744,844.8508619453721,745.5723285743486,262.38133774509373,358.1465266511737,401.17123362364595,602.3940186226248,955.2287687879756,1395.4713498756496,540.5466130429759,531.1908867705887,547.3146218637287,895.4672483791458,1373.6042884108851,1709.2981999135932,1619.1239786154451,904.3694940778747,5588.140813252922,3190.1920453968983,1052.354449123752,1475.9737740247847,746.8627236235592,1216.2175197211761,852.307163917369,535.7720872693809,295.81560274576526,1185.6965470814043,960.9237668260852,557.4654762303755,1294.4560927640985,939.8157692713978,1262.5644482650432,5545.721268046697,14995.042550345554,1611.7314102017544,1516.6125054112033,550.052239959613,754.6473021046821,933.9799362008524,1183.279741560457,645.5336720945214,247.6211487619493,216.71854539204654,617.4162697806207,0,998.899293718481,533.0008242247179,687.2489463661799,121.33463283215752,94.34506552446396,148.92165018953392,484.08290853902025,529.9643275273602,211.47764197963167,70.54811247056308,34.652815507436834,31.262555828239428,19.71761345353767,8.389343211382318,9.151732380495295,66.61307829619521,9.801433941809567,492.2010084346522,537.3015577520478,341.4181368155254,1107.9752407171984,4908.504594131133,2099.4009446833184,2433.795753338673,975.8850929156312,28.059164338430122,90.43329368559317,13.371709861457488,0.35732881697463803,163.6022348203577,5.530982451458292,1646.2011536475613,1295.6643631475808,214.73021874809635,74.02530646158266,43.85827575446842,253.3045523944089,168.90599692427236,1015.0595348140171,194.80014170570882,9.957532067926365,100.38607655489749,275.71447170367384,725.2585155092956,690.7986462244826,701.3449053825809,355.49753816082006,22.513547458203327,219.84431646270698,835.1266410857539,208.42436170636043,33.00480553031927,9.340383185051417,29.204956102159635,95.53365930443806,1501.498973571979,1774.2911057174874,3988.291014303543,3020.392332441229,2207.5483281446395,1686.669983585068,129.70401557780454,371.8036569216949,1179.302780710889,2200.3501556341394,845.6269989591651,477.4205404909114,151.93083060545675,63.247380847248884,41.458163041098956,376.3801209350616,6331.981279364051,1925.4482792292204,399.19028448023477,4636.583059923256,5484.1705102484175,1418.346780377065,5299.600125275602,473.24841881991983,256.2451257766746,258.61787040658965,0.2526826302943821,99.48062050799437,74.43409249915757,0.7663626413108343,0.6311193853667828,4.213619339866621,8.616711123165198,39.124535028759006,17.877563381289114,44.79939025984068,262.17026105283907,437.5302159910519,1221.593779641332,1516.9187866543182,130.24058327444308,795.8950041958112,4586.997114675168,4121.983650998256,931.6751160467702,277.06401012859743,29.898419000882956,23.896229385997483,5.025860917489543,76.85704661614761,27.92366897278178,1086.8007899822271,1337.9872866613925,769.8234984133078,591.008668506024,343.8272086098045,1518.2511051212755,559.780546642099,157.10118350878506,1926.613721897447,271.8163693072926,4.773685303959187,63.51768104844826,102.68462869783393,25.89779647155175,8.566504303845436,34.628700042988946,47.07867325045563,6146.206058186939,146.51960855297457,38.35140902605395,10.118828509524002,34.56103572393272,1383.8967982313502,2190.994145700525,239.46628812618746,60.72200157964554,50.00160140327473,239.02669895167543,162.6837882848373,966.3859985556008,109.7534978458638,1473.8809861895536,95.43393283054871,1617.4208593062488,4096.505508852416,4686.394004986074,3559.8289922930776,479.5798714562923,155.1375597973512,62.24761175689698,65.59165522750588,1531.422537242265,112.79828348799806,160.09364793132966,114.12836516995074,1280.1220352542534,420.3090686694133,906.0004152571859,62.65508558721197,873.0354113140012,1244.4551089419806,334.8246211403275,55.95252143150776,93.49188378743094,2112.056381931272,856.463791610809,942.9834632564895,383.9883101192323,321.1360032605673,162.36007287382958,174.81802102984116,13.453253205452397,21.012214903565283,50.28393434590718,5.662095578315722,33.26098268017409,795.9498524433956,1673.8280037235695,165.08138095359786,1225.2635838516467,85.66247494055682,11.60761215002816,148.52824335515768,0,0,0,0.00877843503227256,1.2885629382341588,1.105720116205365,1.5250133427749117,1.143217857934251,1.1182452523029724,1.001421937853652,1.170327946060975,1.1758491790088816,1.0331549583493436,1.039775313371321,1.1393267215547895,0,1.149180309326284,1.2687365932393633,0,1.1588901120289576,1.1250483303350172,0,0,0,3.6147156836685306,8.902974168339577,12.309214377511074,1826.9695161808054,1950.3730269288526,131.41758438969913,28.75646834521412,127.46890135015644,76.68903179761881,101.89392593851142,6.239540737324874,3.2307757746586026,4.196286514171023,4.139141053882268,4.45016084262946,713.1055491145164,1139.3958008842185,1959.7450103010176,13.164971691926857,114.70886582016922,1830.146009598495,1633.9037179984973,2816.405485633759,1030.6851155635256,3609.372254032427,1212.8117476066334,97.62228262877649,8.17190591119928,45.956144098649936,47.11357268209533,44.71635757860153,130.4471174466279,219.82502616326062,204.89082138945938,68.26804687895229,76.15902207297539,4.869467635767444,75.36705589224918,164.73785742335468,9.396974776525862,22.67066119327703,17.829866532450197,40.576103462504264,5.090732424037414,25.545901364940345,10.002359258611168,6.450959062602766,5.5116284282920756,71.7944940873242,86.49849700663678,612.8322707942616,109.06985867328304,418.7895037190679,152.34370680254358,241.9420544903451,293.01562910217217,169.8879347319296,2224.33430862417,199.7958784064852,1193.1377896223278,6711.430348835879,1165.5868357367133,86.23446078334368,5.63025895077625,83.6590807799,5.119428113749006,0,0,0,0.05606151222670857,0,0,0.013077814048351141,0,0.08087655132131223,0,0,0,0,0,0,0,0,0,0,0,0,0,0,0,0,0,0.1070121451378408,0.03701647311414341,0,0,0,0,0,0,0.08449152327382572,2.0597533803252848,53.01823679342552,1.3486697898433129,122.27203410078566,1.0618300713209854,0,0,0,0,0,0.6741478211940978,0,0,0,0,0,0,1.9438952831746086,41.61946411943542,13.768521183154526,80.25489183149888,43.2308904199735,451.97729533874235,1813.012701932856,1275.552054180718,886.1965938837383,336.9203731233754,173.26895662822017,850.4417698711284,1513.6830417432973,1357.8067099768768,4409.371772233785,0,0,1909.797336994971,2305.6748596575676,419.7815819541692,1215.8752498067374,1720.3466592294274,1425.1297791203815,1325.1982364019962,1300.8096632510533,0.010611732990082055,0.020323496207483468,0.2406251081432867,0,0.6508865375431517,0.062090361949370176,0.03616417030664845,0.21288755677728888,0,0,0,0.25103665399562425,0.6882155965680004,0,0.46043056905246454,0,0.9019247136537156,0.13633646098567304,0,1.2143330815525533,0.11853797772809845,0,0.11843630277436268,0.10532500692786127,0.16816813080284912,0.08422992185085566,0.05508180133306801,0.403469948881915,0.20338089671439005,0.21207753793663722,0.3720213139607513,3.4175574815843235,1.7259619491367222,0.038949440126616795,0.22196109924269802,0.2481586954080848,0.28153259178720774,3.499878345304675,7.529730879831807,6.4509702910298214,56.60667957054615,35.15741728520713,119.85060811949798,6.662877600757959,13.07975844359117,24.046881961882168,792.9299783427869,0,758.7284426552478,221.51877617273556,34.83885347862012,722.9534539313596,322.26988994891667,866.3858283228333,523.4841224044445,472.3395650827332,252.22237695984722,30.908393987529735,14.075781963399663,147.13263094800357,20.803034612019175,10.242490352469655,63.51330533497786,10.254887356323987,95.84252885716977,21.869730612161508,42.39455620833012,66.8825306051775,85.1177577885996,6.061617972660216,6.106098223849658,13.152146166439577,12.084035033997159,19.348288100477788,19.952683146669678,27.537071900436242,79.6885748206895,28.26679101189459,16.126890829916007,12.746057304932375,50.927087063426946,254.15045451120187,332.64928900510023,555.9558224815968,248.5315528159206,132.81797704861702,389.53031240274584,356.35168738329315,476.3762375994105,283.6090758321863,9.335954893098616,17.01117590742897,13.025400323151764,11.974491974530654,23.93225543070714,56.080643089738146,35.88851936166442,17.230981647437336,12.876949774310615,10.021576972902299,23.03512895455411,14.840005299041696,116.87624346885036,37.61621467603934,260.2069699501604,16.769432153484598,89.68544576890676,104.85923548782011,58.56136934609073,38.41118901723189,0,0,0,0,0.25454406192755397,0,0,0,0,0,0,0,0,0,0,0,0,0,0,0,0,0,0,0,0,0,0,0,0,0,0,0,1.5366577570594913,0,0,0,0,5.768618156016162,0,0,0,0,0,0,27.174560895438415,8.219819636378919,3.764183034077044,0,0,0,0,0,0,0.16873306623244116,0,0,0,0,0,0,0,0,0,0,0,0,0,0,0,0,0.03848450966270804,0,0,0,0,0,0,0,0,0,0,0,0,0,0,0,0,0,0,0,0,0,0,0,3.220346194249644,0,5.390993348190312,0,11.117905642514748,0.8027262790014357,0,0,0,0,0,0,0,0,0,0,6.701269390901766,0,88.63518262266442,0,0,15.877870439309957,30.56918276444008,1.449559560951059,11.927192199402608,12.399076294036684,125.50006286712997,31.097384969698787,59.15144420763138,46.531582591566284,57.29084608325748,31.630239732724263,225.64572777310644,197.48229039431752,281.00974310499276,246.92009208762556,167.68163839914808,237.43514075743315,765.3768181284976,356.67837845622495,413.90916209863616,1064.9475945313998,239.74522984206726,103.34706340191691,0,0,0,0,0,0,0,0,0,0,0,0,0,0,0,0,0,0,0,0,0,0,0,0,0,0,0,0,0,0,0,0,0,0,0,0,0,0,0,0,0,0,0,0,0,0,0,0,0,0,0,0,0,0,0,0,0,0,0,0,0,0,0,0,0,0,0,0,0,0,0,0,0,0,0,0,0,0,0,0,0,0,0,0,0,0,0,0,0,0,0,0,0,0,0.4372603875931373,0,0,0,0,0,0,0,0,0,0,0,0,0,0,0,0,0,0,0,0,0,0,0,0,0,0,0,0,0,0,0,0,0,0,0,0,0,0,0,0,0,0,0,0,0,0,0,0,0,0,0,0,0,0,0,0,0,0,0,0,0,0,0,0,0,0,0,0,0,0,0,0,0,0,0,0,0,0,0,0,0,0,0,0,0,0,0,0,0,0,0,0,0.052127937686596446,0,0,0,0,0,0.03990968170843866,0,0.37779586830867845,0.4125937077881402,0,0.04516672133925003,0,0,0,0.018963975939869038,0.05145771770229942,0.27442936369658627,0,0,0,0.1555393827692729,0,0,0,0,0,0,0.04177890193369744,0,0,0,0,0,0,0,0,0,0,0,0,0,0,0,0,0,0,0,0,0,0,0,0,0,0,0,0,0,0,0,0,0,0,0,0,0,0,0.19880823006205942,0,0,0,0,0,0,0,0,0,0,0,0,0,0,0,0,0,0,0,0,0,0,0,0,0,0,0,0,0,0,0,0,0,0,0,0,314.22810066153346,1286.5411073000773,55.95734447052187,0,0,0,0,0,0,0,0,0,0,0,0,0,0,2.9373603444376846,0,0,0,0,0,0,0,0,0,0,0,0,0,0,0,0,21.001330109591105,45.96222394547684,0,0,0,0,0,0,0,0,0,0,0,0,47.53109868130897,107.95483798324483,28.6264515567812,84.96820124857086,37.04599679624975,91.05631894165043,20.68043371042876,280.89996676085536,36.52048897410297,69.8939608832867,154.10415280582868,81.22345007777976,7.720515776862893,23.6730227621328,8.408434528125976,36.230327528024176,0,6.256725007545641,4.130147129517381,12.589455574338348,144.1382930344031,35.8417069927638,6.674443229990711,0,0,5.8585878502498385,24.916520548437475,12.510422851367515,0,6.5498999379099185,96.31401440695093,254.15250171620224,48.9822685880855,116.51700406577126,51.97026034432819,283.13813865635524,8.32859417319182,33.78383585760985,79.66431149260895,9.192835735975299,0,326.9755420961626,222.25025935947338,15.232006482965673,0,58.95535569453251,74.41055455917633,830.9590865558769,1890.3413364541361,43.52017378768748,2.195817564971804,25.821144495559842,4.25076763403708,156.51639165475123,1694.1805679581112,690.1979249417146,4.501888459755862,28.514760210038617,1.5017953432916689,2.7057456444485335,159.1313195048642,2.2012329227790106,13.970105530080346,261.4149682072574,247.83776916970456,12.833174213037106,0,0,0,0,0.05076145746546126,0,12.449618752398237,3.0790222786321837,11.64369562432076,0,0,0,0,1.5342355712061004,18.60144640995498,14.843928593509924,1.5989974088441656,3.8773478195384796,0,0,0,0,0,0,0,0,0,0,0,0,0,0,0,0,0,0,0,0,0,0,0,0,0,0,0,0,0,0,0,0,0,0,0,0,0,0,0,0,0,0,0,0,0,0,0,0,0,0,0,0,0,0,0,0,0,0,0,0,0,0,0,0,0,0,0,0,0,0,0,0,0,0,0,0,0,0,0,0,0,0,0,0,0,0,0,0,0,0,0,0,0,0,0,0,0,0,0,0,0,100.82772942371751,0,0,0,0,0,0,0,0,0,0,0,0,0,0,0,11.703126129704234,0,0,0,0,0,0,0,0,0,63.80028846938343,198.869426893518,391.72195235486987,482.56378003957593,2295.1562735703246,722.561088933697,249.50719295405924,95.67736070215267,169.29172713717065,125.94888645299379,143.92033936858152,101.11086196175965,180.93973101360302,149.8150143513656,391.7648779725749,652.8280218857582,189.67012281356122,116.86531142977522,1409.4576566112892,351.03769115968163,2263.570545630733,4203.399819025039,266.77678289020855,1084.5920835980855,487.64082446395025,1072.9639277479084,1388.9434531934608,121.87030221674739,2315.1098546354287,2232.076890451677,1135.8909433720482,1230.583753384965,2212.4591028213554,5305.150286052492,4723.13339704096,7506.184157752051,2957.786870927779,2330.1716545846357,1457.7970717287737,650.8044360922523,318.0723310340563,1784.3027860609395,108.46584476516097,168.08324741064587,106.34892109979543,65.8695836701505,111.96331046960383,148.60155926787064,166.36228328763042,107.58616300679833,896.514453898867,512.3840240966913,608.5862269755664,371.1322491545058,801.3493809052829,1348.8724334452143,706.6130870963804,1596.2850623841975,402.00991954816635,805.741615890225,3152.753929777928,1066.7700813330575,1246.603294332017,2399.0263707527583,4518.958269268702,2339.097791041909,3554.9719079305214,3991.510548855966,5039.185901638358,2892.8043465868573,6140.601123057283,4138.573889322323,15924.264648265791,16828.930352964417,12839.136505202678,7482.2726621405645,3792.132764983822,1944.5770534473816,974.0305343458168,0,651.8281287928721,836.0657089040465,4266.134982502725,2358.5358899258777,4164.2491080989075,3387.7749611547447,630.6871336495179,1725.8568571387632,894.4151456037966,450.96057439173933,1136.9898216930367,1649.7163847575462,1438.4678776125688,2329.419037834051,4059.5621691645983,5830.394709993656,5893.551740296127,2624.103470295679,1355.749220149192,2519.329441822494,1539.40207052483,5325.254326665319,2247.8304468853157,1501.9084390010123,1653.4900067774624,2246.406572024061,552.1708203323645,218.81619191539662,331.26839790992295,317.48724059626466,888.348166365405,365.3647563587436,919.9385909827715,168.2247715450509,743.0581730535255,2516.1636273467284,1111.5351949709616,2492.900805222555,907.9731420424833,466.3887066093719,1928.5294377733915,900.3529102306849,3001.076962874001,3080.2439773880114,3444.4194089276475,2634.1679910305006,2012.7194492244644,2145.93467357977,222.67601964883926,2261.4191065114837,329.29296454361656,2133.855547690774,2921.4160666146736,1466.549890378882,835.563961733368,1343.105861364422,2907.5428948446256,860.4665176908148,3566.577725967214,4297.793692408922,1319.324899802279,1064.0039850589949,1045.8132146473183,584.7674306984397,7890.490311485941,2817.251335297546,451.4908697916049,69.54662983490834,446.72290109641074,363.37280897975523,1454.6254174959536,374.431212179414,336.63435300961396,439.62154222865064,1181.5514306696468,1956.5286766418792,497.54804368128174,1363.1766801524539,972.5371766726462,270.7677766800932,1478.7790854726213,449.5575311906779,1634.9120987846368,1436.242966469251,473.31995290595415,1412.1921747805745,1287.4273862342432,1935.0413587740857,1928.3957342442936,1016.938177518216,356.54121017937604,305.0590715032728,87.7649382787601,1341.2929172406407,2998.171474576439,2979.713991923886,287.48290013703627,198.70350915721136,225.44432973265998,167.62351562043085,210.30087287034794,172.08786627177716,1303.5283705758243,505.60842174242197,373.6208592549785,171.6391622413218,287.6922919720926,76.85809222235899,190.40794064611381,219.32136478583894,817.1535985470204,132.79454297882788,250.55065054664027,477.4429140665226,700.1932528361958,1547.6066291779823,1394.4416547903108,974.1987763068105,561.5407894691981,72.34847994245015,599.4795055450461,422.23691697005154,438.3560365421582,405.9401786534276,168.0866486534737,101.27624684238371,1782.7436566480758,466.9274541316706,119.6141785072099,104.17470169113318,1303.1282079318241,4683.241181907778,4258.262017301346,4662.200108879019,784.369493029288,109.97618804258919,23.71374187167927,1397.7835106557477,1245.34053136602,545.0368529636563,711.5503319035462,793.2508643036075,569.8665148165268,732.2052705294045,1106.0111823752559,2.1795432790979983,2.9768019692200203,1.4534853267167893,41.62556738974086,128.8573779270641,1.293001924838492,7.973577969220797,25.030408561696348,4.909308869130868,4.257214963247842,89.11176203422644,16.121934219515516,24.89560998380378,146.7188347319069,198.19330106693369,13.105182435336122,61.422530827867085,74.11334204072632,98.23810286306869,632.319180876675,47.36847190757888,134.36295275691418,325.8855870476833,130.90710464658088,119.21363118213608,7342.951521595441,1696.875110004495,978.9668789106519,195.5690250054723,250.3294344435472,25.175070630592,49.416154651742474,15.491142806446781,3.3964751507702546,3.1881876445135093,3.2052925641259438,0,413.60947287542444,8048.894007751539,0,3.3034887199051997,476.83520577999695,281.17942226700603,899.2011377149792,217.03327714088653,234.41474370977156,109.33866734691442,7.273360439914089,27.467643181011628,56.68139019841333,15.860528712650906,19.179309866564665,65.25277572028321,43.15694896374906,7.9179251996160405,11.327570036792903,8.5201148330939,30.269843825025845,41.54211309585786,128.338785094671,25.937944896258262,52.91143813588392,151.9009762610627,15.895075220737139,51.07834898275146,102.13709619985147,22.521310394940617,15.711266846836317,22.39603261966046,34.16469221729085,29.068388184033555,28.79164360584035,28.81080430343187,39.314573960441834,182.22449307611438,7106.698302678598,156.78426462645479,45.37950496299557,168.18179073332988,7482.884597883707,1887.4573799351178,331.21307196674104,229.05374404544253,250.59817466615127,183.3303688333182,1279.3810743601823,6353.749616115089,519.8708325303496,261.3406208707781,5725.195974956213,296.2158188683575,190.70004420988084,94.19622202490464,112.60214458629892,313.2488143151756,71.4149340965368,56.50111533814987,5.409828027566648,53.393141838757046,29.94466124210202,14.666411915390713,6.078009377785985,20.15296345949791,18.27185371084467,59.149451694558095,19.732011108611562,7.112129052317588,82.27716753769577,32.58763199982655,171.36685777748224,296.2911561595217,3968.335800915949,922.4576358663459,67.13929771090217,26.282189243765114,60.74351970349825,160.68806237543427,94.86908582700697,32.66892217537111,168.66809220074163,130.55322220672136,119.67068459977925,101.86954038597808,60.923176340647075,35.357235743818,30.892014532484634,124.25949878470458,23.692291794925918,9.728266313357615,4.8588975026772125,41.960188935436165,16.00327330314886,110.90665602149403,39.050765799870426,121.31684121704102,43.352134365459605,108.27214348261121,90.52375493104417,70.98620379854567,21.331983801388052,62.639705616718885,35.80662876977436,45.94055213891128,52.4208583387682,38.96679400960445,22.77648193260002,76.16691670104966,111.50762872647861,187.03444688477296,129.76148474864354,42.725583055062344,36.60410917538139,314.2555223950089,7.421695210597597,6.521724488067514,10.587765119259807,40.01070535103008,1.2095253517332545,8.026672784371684,1.261545457558956,2.335875441448747,2.396172409585266,1.0290698081313403,0.6752512193894138,12.132804727517343,81.41734307626528,49.005023053879086,42.95685916568266,236.52237307772702,8.56378827426493,11.554314603033212,18.08138127586146,282.52600678639175,36.143519408426016,131.8669276566812,81.81984369151647,132.1005312118195,151.338086360713,301.218020281778,161.03334662764368,275.1128860927674,239.30253311427072,266.0663414069635,206.654817668652,167.55208400961158,178.81231371241006,180.54763014304524,155.60346969883713,185.5709152018753,382.9044267589548,308.1425812193367,147.86443575075998,26.907821993418946,72.10477422451812,34.553436511582305,58.118859034499316,84.49329012075232,181.81847664104242,137.13435664812127,121.47485808256737,78.26694381575524,53.6882495039479,48.105083278156464,31.027032187091812,60.87016158629291,11.506737441684402,86.12986200356526,185.66708185292472,241.33128082202865,266.16545188261784,67.25470123960174,157.8766987438303,92.37569028383025,40.79882687292099,55.313438226339656,0,0,0,0,0,0,0,0,0,0,0,0,0,0,0,0,0,0,0,0.20674309874060823,0,0.09744269197909586,0,0,0,0,0,0,0,0,0,0,0,0,0,0,0,0,0,0,0,0,0,0,0,0,0,0,0,0,0,0,0,0,0,0,0,0,0,0,0,0,0,0,0,0,0,0,0,0,0,0,0,0,0,0,0,0,0,0,0,0,0,0,0,0,0,0,0,0,0,0,0,0.4860861653504329,0,0,0,0,0,0,0,0,0,0,0,0,0,0,0,0,0,0,0,1.5011151530268858,93.14549432581543,0.5481460463711824,0,0,0,0,0,0,0,0,0,0,0,0,0.32356428120516717,3.6490226448733964,50.615571708915894,0.15113143799547898,0,0,0,0,0,0,0,0,0,1.0773077810034195,109.43596745440249,24.06783151312231,169.33530773285548,0,0,0,0,0,0,0,0,0,0,0,0,0,0,0,0,0,0,0,0,0,0,0.9899524512866026,0,0,0,0,0,0,0,0,0,0,0,0,0,0,0,0,0,0,0,0.6174989838547613,0,0,0,0,0,0,0,0,0,0,0,0,0,0,0,0,0,0,0,0,0,0,0,0,0,0,0,0,0,0,0.010184962304818931,0,0,0,0,0,0,0,0,0,0,0,0,0,0,0,0,0,0,0,0,0,0,0,0,0,0,0,0,0,0,0,0,0,12.88544887990648,0,0,0,0,0,0,0.1314411981460466,0,0,0,0,0,0,0,0,0,0,73.840856269094,0,0,0,0,0,0,0,0,0,0,0,0,0,0,0,0,0,0,0,0,0,0,0,0,0,0.2084799786925043,0,0,0,0,0,0,0,0,0,0,0,0,0,0,0,0,0,0,0,0,0,0,0,0,0,0,0,0,0,0,0,0,0,0,0,0,0,0,0,0,0,0,5.982352212485024,0,0,0,0,0,0,0,0,0,0,0,0,0,0,0,0,0,0,0,0,0,0,0,0,0,0,0,0,0,0,0,0,0,0,0,0,0,0,0,0,0,0,0,0,0,0,0,0,0,0,0,0,0,0,0,0,0,0,0,0,0,0,0,0,0,0,0,0,0,0,0,0,0,0,0,0,0,0,0,0,0,0,0,0,0,14.950516634965071,55.001606068107854,34.67971615892879,10.052626125864895,29.127929800361777,41.43097582083307,22.099766018555794,35.30552698228329,67.14244591830195,38.95034861102736,70.45672894641886,38.869458178026584,182.4921897847078,119.2381633212323,88.33915093550952,41.1328016333697,47.33889479221833,32.12816268422408,112.9358172949472,226.49212432927024,105.53921740665149,132.27623647386898,17.223890289063167,13.390705175595736,119.33144015929963,184.23160213154725,87.91442073640167,233.18022813116625,147.12602077376988,370.6440873842245,141.49613129250307,88.12739549756876,6.362283456261617,36.61222410523783,151.62555568320622,105.74535894459889,272.7287494730897,95.67602298145141,354.08745896975483,150.2606873975995,585.9710888204693,589.5595427390393,365.1367127277241,227.35480260225066,129.2569926325149,126.97021506925626,247.67053998335496,513.2032916897235,1197.8080022211423,1493.6151338603454,3609.816624341163,87.03060062448367,286.34520998736554,365.2896992926193,426.50528090784917,720.6095626285731,1327.9436886833196,51.937848968219996,57.83801366246939,17.011539820807915,40.78398501431219,208.0458216809283,82.99089949180917,1132.3382627277322,41.665314872497866,15.842871228693621,22.95503458652399,16.694923900215038,173.50174536091205,96.42502757562617,12.823222503692563,6.029201855670551,37.306855415015,103.7557984291226,39.528594272096655,86.17072299969483,88.08899618355144,168.05878339566283,240.4093646422324,576.6196589794584,1017.7762324660199,2202.561365425384,3116.0821921630395,4024.3454371257467,2355.8337348935756,1343.4186854586346,406.8272862309198,237.15792423620323,77.3182784736314,110.51269005030909,42.131606425009096,434.1824150652682,412.36964568300255,46.69740348584852,116.17247926591116,264.88305557840954,15.751770459860563,89.79340637216437,150.7793722009868,56.68805698561063,50.888760831875096,85.34696488009031,71.20444536372966,65.87482946789554,48.56874409496767,42.374193389760435,136.93055791253408,84.61974243235636,68.46650537313774,70.43841008301384,325.5519818842934,58.68503370600041,41.36892522755352,49.492337897637704,99.3116768581613,11.775541545829713,12.014497920182396,108.4612502370616,8.348735480385331,8.79550252205733,12.184593858511395,34.13038458576816,54.3018131748639,472.7359832753843,260.5377388565875,271.1903832970069,52.617144912946266,32.55213615741454,18.5040596032131,127.28382014185895,750.5735382164581,278.34829963886426,35.841901900949836,43.49003281383949,835.5025349885467,65.50078441372042,1729.3907996450616,489.4600421425703,1921.8215631649816,63.028554849901,95.917325523896,12.17904807988682,5.8152361888093855,182.26095724959615,9.489118304444316,31.59512698275764,33.20523126542677,28.326738050923385,156.9142926574378,589.0273666579234,1273.2068344814988,1118.357485301985,174.36616528659485,538.1625444027901,0,3.435423686586762,0,3.4587475865582413,3.5172701306361596,3.4832473503720687,4.838101138048955,0,0.06844053579344761,0.9821817497357709,26.6302158406658,31.20493017661789,18.748585405054587,6.3977375149768925,4.269645254944343,1.4143660032577277,0.09723123784996923,174.4703685848617,7.425482987311348,72.60394612213378,566.7030970725117,10.757550433438537,20.356750570685776,15.959353604708395,487.07877710210823,1160.0350200658968,1056.0620483048338,241.84053811780515,221.59730094953787,781.123911723605,1369.3558743560557,158.82643593360308,1257.0774486634598,669.9525442457559,1479.8496910639365,1697.671718308263,1260.134983645426,1670.0317101146843,1315.291400242162,1362.918917183134,913.3288990408287,2284.3643537844982,5815.264659653781,16982.92836686,1335.6868069079712,48.8170606439961,79.297098043372,6.692999400394469,11.462450272239662,170.23547203928462,129.80616139443003,331.5114459483378,483.07398546563087,492.017472226069,110.68934130525874,231.06413042014609,2502.4463397812933,112.7217133333232,117.71637777531474,42.379079983052144,106.83142449334612,361.68461508761277,366.34962011848535,203.59605626501659,93.82514301363496,65.07283417400082,220.36004341821544,115.31729762426181,208.7319386702051,93.77434247416248,60.37402451975016,303.69767583611934,45.1327115733623,60.65044218014419,102.92808288391024,111.27433405715965,61.78106797860068,66.58431556888078,44.634718163150076,25.31121509799397,297.2456339573513,58.34109806737309,23.510050093636988,32.34957555501937,53.168006228726846,14.085733893417407,8.166731270902053,8.336182827579472,8.828635064207267,8.896854494787021,26.34208140372956,80.92330322629924,40.33657041652637,70.43806700028296,48.43126683985602,36.013982435725595,35.688929193253344,35.77603917481176,34.579750285851226,24.140235999650816,61.15151601157654,59.38440686841058,8.762383430967427,5.754058992640347,1.9350210080307337,6.457379592010352,18.185041334919283,95.9044708706148,68.69559198080117,24.56699517507582,15.3124764578371,25.35304655885512,50.24360043231972,43.199513295080514,15.664250626990315,15.082623155805992,13.91755922058141,13.127702299838711,14.191991602046219,0,0,14.283409624065161,14.522066122594188,15.35074576580793,15.209644748539063,14.50143876668073,14.621419343829583,22.168283006681605,0,0,0,0,0,0,0,0,20.023337253676754,0,0,0,20.32073351681771,14.212374204275703,20.522177938727655,20.787309091030753,22.39658374315196,17.484788845472316,19.75237206520232,20.39236417599767,10.335210901181782,10.14221628668856,11.084779895327678,15.044631427373012,7.1040489963700635,11.1483671018315,12.907850600688757,4.291803413740767,9.479208002587907,0,14.723657205174984,14.870081005685408,0,22.07567826908261,12.901046810881143,0,20.18642591973873,21.739040539614845,20.75869756072004,20.71915327865585,22.1820759479077,22.980754116407834,21.49060327599947,21.34923281574063,22.3776747692728,22.002195726065583,16.647886352156828,18.310835932019625,21.922237023870053,0,28.070388337493526,0,0,25.35983983244612,24.647140754118826,26.465180228029638,0,0,21.011562675742535,11.699185845959507,0,21.26610937525437,20.40712504641662,21.121254090575867,0,21.97798573780433,20.226403432076143,19.65356965659303,19.663734293423573,20.25585371420593,20.25585371420593,0,0,20.002794509453263,19.942392971566086,20.299840352385196,26.496066580265094,0,1327.5061248106344,19.488314282383303,48.690446072618805,135.93715630900573,21.257461447703225,22.6383144561312,23.218519649868377,21.70337846277016,18.317209584246758,18.682024540899466,18.927705718043082,18.823260377104454,18.945034002886423,0,18.182461414674094,18.78061231370122,17.898832197848026,18.78393952247516,18.26874599634039,17.574203030525418,0,28.208572528962772,17.706419041996856,17.707063676725017,18.131397044537582,17.781530474480643,18.26349727613182,17.334278233039758,18.7867710244274,20.258517943861968,18.436486648238656,18.38670391745417,19.151227801041525,18.494688445270693,18.045138979956022,18.922417282296273,22.399736362797828,36.54836447682311,68.66956728123002,15.551857490166109,20.746239841568,276.3136030690952,59.99436831233141,3.8078300110542624,4.73955435373625,119.19910034086527,65.30150522000649,137.98954196669328,39.61105898439221,57.797593701409575,40.1929370482786,282.71212058534655,59.928516190819096,71.64974048321369,905.5783693230327,1266.4128546287404,22.668938346318384,89.26851241136157,163.06567220234382,11.091425910903734,6.784446993490593,59.15862113056004,19.219650840223988,36.790635752991236,13.68336104821859,3.948239755801639,2.7359812228923124,6.608765090305368,18.854460902126814,69.41076225476236,3.382493313767803,2.285046913167717,9.416041481293593,1.198753441791557,63.80821067963152,734.4514725962401,85.24363793520875,0,0,175.28386348785807,78.92900426254438,619.05830544676,588.3495078385882,293.8192417919697,970.5758982572163,613.2134290378837,245.68726397254022,99.96167165827653,75.79903896556303,186.37805549552698,1648.730491537727,1078.745924806805,243.0645178415593,0,956.4121407299186,154.86861795814028,95.02482336955879,48.55189739185322,150.91853840251483,17.681950931383398,275.10612385931773,252.81943229631787,291.71950608153753,103.58624232097623,93.98073592453761,80.59947193049996,97.8369107544775,399.9623448681128,115.38125881186586,84.76529413092655,115.14131903912684,302.0592834970832,673.2577640119259,993.6510053364335,174.16998565466778,105.01643754195842,278.702106790819,639.5317353189183,201.03877792761864,96.65928999418347,142.86869464330758,903.8545336890071,139.4940049721774,244.43453976305003,29.82372244150702,121.05749853259526,94.9762326405962,43.6412052509539,223.92231553000875,35.921442228655174,90.31715651331777,60.88897567107429,150.80315464360368,289.3178695619482,946.7355077550449,23.499224205970215,95.34898456757868,116.2253193215292,146.24635456368347,253.3241088760739,135.62780499328682,129.1991076707065,107.12238873875796,138.81076405104724,298.5238897007519,319.37983121528134,829.2077579368499,270.93671138316205,140.8093869359041,180.31126321177484,129.23597293636502,549.8721577730558,605.0591969850424,73.30496682946222,621.4754742875801,1299.2166146580869,534.1025309392593,1269.2885778569128,1492.0926872390232,537.7615516126633,138.69078137982498,750.5937411270182,675.8183280773325,604.2965429304211,37.1034010666161,636.6740749291673,176.08150022953083,267.1179298060383,1166.0016725496964,382.381903516244,468.0663637295252,1199.493601084352,268.63913419042535,173.2446655471112,97.3536656983505,319.0705393962545,186.1840612867891,54.29739900530396,55.6711280117221,239.45604660376006,268.5719453459279,131.4450642205879,102.35568355613364,441.34355673145876,761.2593601213686,79.33188576775866,65.8754307659276,263.689084780508,373.40560894409055,313.32297158687794,232.78465132306806,688.2594414720115,129.22986996677605,547.9361326110516,213.10348697776806,29.454283966896313,0,254.2526127382574,243.46258255786358,190.06096573364508,112.0726066030646,58.818184269994305,153.47474890913008,164.87924055317202,98.89737690120306,55.824653908327875,250.78860987446296,882.3113415809115,183.39590655229458,537.1754151787192,126.37723489746314,155.19081253441502,290.06020445667093,174.16305055041184,267.55667975803294,361.12007588941515,106.90218285158274,316.0938725300984,146.33404861068263,112.4432827262916,42.40353782461452,44.756749697602764,153.15052038288775,2.2076909580861237,126.31496623121727,120.11182476833832,201.14674305835436,296.0621331362718,50.11276793962754,483.8985045163649,537.5381819983457,163.63732703369166,100.40630611719409,132.02772094322196,66.49578473463318,37.645119572990325,22.940114406443758,70.48529923766446,44.000913630780985,111.54213973486424,44.591898980190365,84.7102760116137,53.55099111965182,242.4485721629923,392.5051553731754,58.78414579769368,76.13768609973006,176.8717107007447,29.37218470937716,184.72962438733626,122.48547713710221,19.535073330265092,4.608207856759231,31.54551662830838,40.11014825932552,498.2175671676945,1833.4357454455687,0,709.0446679176765,187.8610251923087,19.36228507912763,648.7055000769734,0,508.84319067559596,67.75087273859056,49.14723580250988,0,0,90.34830933631959,53.219476435249696,13.939886154056008,5.314293612222469,47.03711019011337,169.22216080457596,0.8178413221117391,0,0,0,0,0,0,0,0,0,0,0,0,4.226654464906552,6.612410508182103,6.74332663576598,6.606140832998326,6.612410508182103,5.182713155982526,7.045153764271905,7.491895642844349,7.1680573749889565,7.48349499132899,8.07411194017072,0,54.3157835256468,17.16922068742524,0,4.61968159566847,0,11.762262140737931,26.64668011870824,31.812482556232855,26.548120431844584,26.9011513713409,0,0,7.373981262398516,7.317959683644707,8.758665313987969,11.128113678360284,9.34452777318619,4.202829685823948,0,26.563936653690828,25.56310008255872,0,0,31.722060306883527,23.13054159653568,0,7.887450565769257,0,10.910512147399153,6.410219650318644,12.952663946060754,9.109273632516034,5.636209359161134,5.178738723067407,4.414408598205873,4.786297721782035,7.466272038865466,4.413047418979085,4.352287168108823,5.243782619756722,4.097326065508547,5.10009508816303,77.33976909655784,0,0,0,0.07649574962722819,3.8247409805432144,3.8276398926458746,0,12.491858483005611,6.350595351215576,11.322490604094092,6.186536321051025,6.318807484765096,0,35.63969717861697,0,0,0,0,0,0,0,0,0,0,7.265011541103352,5.006491080774964,0,7.36865730965253,8.383428273306626,0,0,6.438839852160052,0,5.825519737144328,0,4.728459487524436,16.19567371951867,6.678475540299373,7.16183350216869,6.908525466010085,5.169969693183429,5.199582376399993,31.465611012165642,6.964568890855427,7.791229376138535,0,2.6946160026489356,0,4.236201475689592,0,0,4.234789055408976,4.447388366084808,41.503588540836816,0,49.53363372894656,0,0,6.906326815997667,12.997917865471495,0,91.55861350501101,0,16.511313103874286,6.996372590941761,7.433031239119337,0,9.245678221695144,0.6419783720056093,0,0,6.466922401539861,0.6033264041868615,0,17.494180669984082,0,0,0,0,11.781464181248666,74.91951542212584,0,3.857939923224201,16.819381695222226,0,0,9.367188256391614,115.02514727750219,0,0,8.807716807732323,12.242207392220964,52.607253668302945,51.3206273440525,46.50041609379112,2.283235373774498,33.49574252965379,15.593515297725308,0,0,0,8.807470996800532,0,28.583244785604467,8.842803387799748,15.380566157708255,100.38476779368875,69.14187058986401,115.51837099646745,16.70556346865754,15.652698185667017,17.941494337174053,7.486997851381863,18.39213257933647,0,11.624161243166743,0,8.862233391720334,6.556664557885252,8.137582372569797,7.852899365116121,8.150067725956255,14.130261270179348,72.21789888037235,72.05279221427107,154.30442290146559,87.19236134963576,253.94849261987034,0,154.49917237264142,93.42855032623496,6.2580138584109175,14.346972343450135,143.98840991375403,12.238488431464154,57.50770700837778,10.984905237477184,0,11.525689608491959,138.7695183661996,10.483157077244003,12.305482498244578,0,13.576389040944044,12.113689879137135,130.4845966672632,13.200335560336509,0,218.2954685490773,9.082966068864506,321.3291870047447,13.548163923539189,125.39541608376331,12.592576316283559,116.12374051557444,116.39962343261493,322.1089084733664,69.3787070152114,47.87598941349418,14.566976428264303,12.326504651894806,13.777781628896811,10.608033855021064,9.598233927454917,0,0,0,0.9029327742186385,0,0,13.958071570316907,0,11.756444595594628,11.264647030271401,11.460965172363414,0,27.003483180354763,0,5.527590951455272,115.26145759101931,135.32413367544962,0,124.17137298176301,146.3492040719607,0,141.14911258496463,130.12734494673725,11.293465778740673,114.77247262545045,127.92421960574224,116.88845484367955,0,125.17877691913348,14.957568146971704,117.35344800587143,11.38226019350757,15.33018688014875,25.290503325217298,0,11.466925805942438,20.091999517042282,23.289721603108838,11.408964267045844,18.82931129835982,125.84448952906291,0,13.760254827594114,0,0,0,0,11.374564967004053,0,11.83700913771436,0,7.502279899958965,15.474128826186428,12.875795477534028,12.19279235632369,0,0,12.401180916100138,13.520472939711071,0,10.325888027932114,16.747289640118712,0,6.708981349725503,12.808448068924061,0,8.943185783732767,12.59137767103237,0,87.30138345727995,83.56321153872628,7.971942794476891,0,0,0,0,10.165731338252197,0,0,0,0,0,55.63336721956051,0,0,0,69.4369118582723,0,0,0,0,72.12810242246631,0,0,0,0,0,0,0,0,0,0,1.8405218359810198,0,0,26.496472308139747,0,8.068122722530557,0,5.633380113403683,5.229074763087675,5.379522029903153,0,0,5.104046078364672,53.8548074092084,4.461897656738898,13.764446688696353,3.18174405242053,0,3.9769692157239884,0,0,4.333144975066606,3.6922265177040807,3.886662691605311,0,3.6275924215898634,0.8364613380467428,3.857277284501216,0.674352060119048,0,21.715601365875973,0,3.6403160550273075,0,124.6977886138801,31.161874432771256,91.62216829546136,29.82792767069924,69.38869068621301,16.07951229397881,0,24.30639521575554,0,0,0,27.87555075811085,28.24027920138535,22.57530045558134,42.52646888208986,0,0,0,87.04264148184765,0,0,0,0,0,0,0,0,109.98540111853252,0,0,0,0,0,0,0,23.286678057312436,0,0,0,16.716904293864363,0,0,0,0,0,0,22.905383686679333,0,0,0,0,0,17.645651212320843,0,0,0,0,18.31700624641843,0,0,149.5719659337298,0,0,0,0,0,0,0,0,0,0,0,0,0,0,0,0,0,0,0,0,4.611978714337496,0,4.814266941787444,3.544087502456214,4.6163219008097425,0,0,4.946464590174648,5.587499771214088,0,0,0,0,4.738605022585342,8.163777374851929,4.3118974230538925,3.1557567582246877,4.834318749622427,4.306908900944045,4.614050042116669,4.170868468624343,5.7633167481294505,0,0,6.044558207951909,0,16.069014220896637,14.824597629998486,0,7.750015432541387,10.110447512148768,7.335441465292351,9.673026090179164,4.6238925704221785,0,0,2.383397160222319,2.9313491211759986,3.7164674703988765,4.590582197568691,3.9450820698291125,4.599713062973684,0,0,5.0254434229142655,4.300775317780201,4.588776378889082,11.576348688275,4.9084828793381785,4.360884185420864,0,3.1890901663908995,0,4.117795271790498,5.251605980214764,2.9591304789155934,0,0,0,0,4.173421534434934,0,7.85831330176996,48.51994677804036,21.43277349247954,6.628055437565594,1.4640705635053048,7.73277476816896,18.599936146404563,2.4213182368867936,0,14.817574540162097,6.0057316542484065,34.28158783408677,17.002262192951452,6.886109931139412,0,13.395814386094242,12.273209446273587,9.639299330336401,147.49833014821513,9.844024865867654,9.551289829020755,6.978290009552699,8.944967165694818,6.982140578449375,5.29416006268226,7.843636608056063,8.066219769626837,0,7.170495114619224,8.351721150340351,3.787778808964357,9.278717684682961,0,7.5284497993238,6.387684325842826,3.9265949851297965,7.304818184886348,0,2.7370325839232197,22.951908431756056,20.772319146277436,0,0,5.431747090142599,7.592875415720077,18.930427960083907,18.630210098347646,17.489720355367155,26.204474948763824,42.890584778872146,0,51.1653136933275,5.846896376395587,10.816420138820835,6.483665861894825,6.566129914479508,5.078414288070827,0,6.201525467296552,8.020100891863494,6.612464772268323,5.2648330495942215,6.66837587973448,6.04538734648218,0.5263604165746589,14.929621708422207,0.01776113028347964,18.270486255711607,19.31461551180219,19.57556635271081,19.368163366981616,19.368163366981616,0,0,19.41422029433115,19.476348635069375,149.294662240258,0,18.144421763099327,0.8846432469188968,18.402714775856843,11.503305520049606,18.043253292936086,5.797257088503814,5.226240296478507,19.92100450345217,5.209647642903371,4.0137769726885,5.656851443313659,22.50615222651163,4.786027718129248,0,4.9853071925249814,4.28407697893798,1.7209602463216762,17.9276832654774,13.071219135184132,4.1752771875764045,4.1067184305049516,13.788043700484977,4.2574220260552,2.810412752935383,3.97548444675577,3.9711451293944875,3.3602686449342927,3.837464340318233,3.718915872016334,3.498579512287803,3.5012391211778144,3.5302821852110786,0,3.85857090040892,3.8441433996290915,0,0,3.7577824896402423,12.532089417782652,3.9591281873694215,2.26623668061976,2.487651720208861,3.9966728747247173,18.50125339208963,23.00508976531986,0,18.33083547904089,11.858620310521722,3.238429093784254,12.767217051762158,2.996049675166517,18.75740900150553,3.746346894840856,2.985761987291105,2.9732641338741876,16.35266326157295,2.997694055507258,3.327076053648276,12.944473059532282,0.9869803455369173,3.0301746347023015,2.70176705896163,2.8683832372062508,2.7081980674628565,2.3023096931789544,2.7159924622212692,0,2.8790550694601142,2.818362629080505,3.5816420899878727,0,217.12040974134197,0,0,0,0,2.72728158732755,2.907628352520144,2.913735049293951,0,2.9004146055801643,3.0797668057105563,2.406161029126775,0,3.2574552125732232,0,3.2871060459495003,0,2.465216340738829,0,0,2.877077946009746,0,0,0,0,0,2.4274425512129323,0,0,0,3.5494043740692534,0,0,1.9752619963058824,2.2001605571025133,0,0,0,0,0,0,0,0,0,0,0,1.4853697903625358,0,0,0,0.3564840370194939,0,5.705569843285506,2.073929679984253,3.337753823396121,1.5420607927632008,0,6.4643327141226194,7.54858421207059,0,0,0,11.243649307390196,4.583914648573626,7.763648263873914,2.4652214440846008,8.167732625818415,2.782265673809364,8.069065119010675,5.242481939563773,4.920768984489969,0,6.257694169152293,0,2.084462830333999,5.3169724095445,5.755397917116107,7.316154135740884,2.220519908407426,0,7.049708752101466,7.2708203025441955,0,2.5284360608333314,9.146419308225903,7.73946165482654,7.714236671039454,0,8.173828744315895,0,0,7.344627914635584,8.101251500774799,8.180800756736577,1.224633341829014,7.293106481921699,4.982957006898069,5.083030218006029,2.3070943661108103,0,2.272033472883313,0,0,2.2487228655486073,6.954374667698521,5.042078995969657,5.71381518014907,0,0,5.478064162706195,5.582551006277205,1.4367611800754754,5.67600726181862,5.813567029978891,6.130866072692896,4.210858261836509,0.29128592965187705,0,0.30006926265703,5.432750049771118,6.3616162336810245,3.0430535196497104,4.64985857442591,5.217662656240166,0.4129615460009329,8.70086665109229,0,0,5.477615257190141,0.7058857033473419,0.36899729421906863,0,1.2183638864583146,0,0,0,6.533837376320685,6.1705988612994735,1.0326163786674905,0,9.028628162348703,5.218030665885621,0,0,0,5.332844970417842,0,0,0,0.6644347235333855,0,0,9.13922470925505,5.344445227990444,0.3403630209816394,0,7.377968136036266,0.6797879234012058,0.42730833664592116,6.603954167529788,0,0,2.743319121694118,6.908371525356054,3.295434691462312,0,1.1056033373799456,16.849434360613024,1.0449423027611722,12.755641001065703,1.0552322104113072,33.63769370133423,1.343699447070698,0,6.959402397689818,11.387236721124468,0,0,0,1.0308993437888232,1.0547136113150195,0,10.049572739919867,0,1.0992081994954637,0,1.3786009907745047,0,11.193316347551253,0,0,0,1.3321543475546986,10.240024328715318,0,0,11.27660465663329,8.154496483215135,0,0,1.503698717927259,0,9.226557880360636,0.846893220479293,0,0,0,1.0580954902013608,0,0,0.8827120833879484,0,10.848083589869645,0,0,0,3.1630776663364375,0,12.968443289829825,0,13.705070400026942,11.507659853452186,0,0,0,11.486598646234377,0.7014601530490268,0,0,0,0,0,0,0,13.432585016670576,3.4456646318917894,0,12.09120638258805,11.365476280947966,1.8602021019861879,10.913765718642514,3.6758007914956163,0,12.029322074961089,3.5619159469025132,25.949739298677212,12.26654723535875,9.728500080286937,10.789151918654245,11.800667291938554,2.2102052715093943,3.8395412219020977,21.927645016729556,24.227321133078895,25.49569465148128,23.351107751216833,18.048407045129782,16.740300275208877,7.320470652797185,16.740300275208877,19.17068667740373,0,17.510446917865345,12.26777940319555,0,32.383529140077854,6.498958492486239,6.934971998249925,5.461801678759809,16.702462938463388,2.4194999674362716,16.702462938463388,43.07527223320175,0,2.2057379724618733,6.067306392444317,0,0,0.421848342596256,38.18683691042398,35.98889766798388,0.4168092034832613,13.815115023547968,0,0,0,0,0,0,0,12.422935335554605,0,0,9.560722605101612,0,0,0,0,0,0,0,0,0,9.522607476424394,9.227729182196132,7.255937576270829,14.254825867344508,14.757739965188263,15.29732103837356,9.979632137985865,8.371169313744986,9.979632137985865,8.181684633433425,9.979632137985865,10.342125918048087,9.062055249602567,11.064711184425462,0,11.064711184425462,11.883559933449844,15.653565626864149,11.536192194520515,2.4104289574076723,0,1.7787679200250994,0,1.544500000193184,2.8414239901108367,0,2.347315692264734,0,0,0,0,0,0,0,0,0,0,0,0,0,0,0,0,0,0,0,0,0,0,0,0,0,0,0,0,0,0,0,18.02970844941994,0,6.902317617592279,11.607814049086066,0,0,0,0,0,0,0,0,0,0,0,0,10.553524250418242,25.032397401836036,32.77367952969122,18.8809906594172,4.843695792206072,0,20.46803297239317,24.28330076326969,16.5076399428733,11.808224917148793,23.066525077981602,23.612976427219927,21.897258577233234,22.707192761385237,23.0783585158932,29.462242267184635,25.662291935667586,31.666270905878932,0,0,0,0,0,0,0,0,0.8396300535520288,1.0733158694776814,2.016755830532404,0.866533321093951,0,0.8050864887356989,0,0,1.0376141714909337,0.13134413469985734,1.8579739976737497,2.1740727225227974,0.15375467766242887,1.2618250012109906,2.3203809684690304,0.49051307232953967,0,2.0441533544853328,0.9383566778948585,1.0273381403101283,0.9990647033522893,0,0.9120403968006626,0.9455155418141858,1.1530028583555763,1.8060305720804852,1.3906995559495618,1.0585847929203414,1.0590291019662115,1.0410465312027029,1.0040974732713497,0,1.2446295282361388,0.7357502752921486,0.7281111800115538,0,0.7756015335898736,0,0.5993694514846953,0,0,0,0,0,0,0,0,0,0,0,0,0,44.28277080601078,0,0,42.03743676277821,46.772674688368774,40.23956310695889,40.16267818264617,31.88399151305754,34.211867702869405,0,0,54.68550753470472,48.0790698543276,0,45.58827469149656,43.38543340230724,0,0,44.88460349029475,0,0,41.72312161517739,40.43100139203502,0,0,0,0,0,1.7798293340020193,1.4989615010442385,0,1.6465394426316795,0,0,0,0,1.4232008369431415,15.734771094647286,0,0,0,0,0,0,0,0,0,0,0,0,0,0,18.430120714550725,18.990548567493473,18.853953865292077,0,0,0,17.91613983730094,16.825885274723834,16.97961110517635,0,0,18.648425725382857,0,18.090324780563503,0,16.948711227373625,0,16.514627258050997,0,0,19.03482107326999,12.849897929983012,0,17.56240100745316,15.340467577151887,11.80829058322198,13.421924687790648,14.949470940019195,11.97923571269703,13.687711694148089,17.04877002593311,9.917495804163353,47.48820497364804,12.812909225949788,0,12.479637148667313,14.914106502164215,11.843096699659453,21.906032169265426,12.633313670833315,13.609645718498227,19.006805049234835,15.907750333808517,0,0,12.875760461669365,16.076754513967177,14.702077040056407,11.897424814748195,15.339639060798604,13.458619193331772,0,3.092054285799854,18.23211833952164,12.813597348743668,7.506061225293927,12.52197376647992,0,7.506061225293927,20.051071474409667,0,11.94296572829788,7.506061225293927,7.506061225293927,7.506061225293927,10.442269692868589,0,7.506061225293927,14.473892424022289,7.506061225293927,7.506061225293927,7.727415409781491,7.63691745537724,12.678204038164916,7.506061225293927,0,7.645101270728171,7.030100246309351,7.652946873918017,11.344221723717204,20.036935514914624,0,12.003677717186777,0,13.146227844963851,11.803677042670879,0,0,0,10.685604925669486,0,0,0,11.735649715382324,0,0,0,6.493828085535822,0,0,0,0,0,0,0,0,0,0,0,0,21.83235928548353,29.017072130011854,0,0,21.83235928548353,24.485213121829954,27.122166168064194,30.283477170055022,0,0,0,0,0,0,0,0,0,0,0,14.405106421445362,0,16.791468867024992,0,32.50029472894138,34.4323507784352,54.24865869366864,72.02844308935937,64.40317028517045,33.171903214523155,1.0152609803086339,10.648322007072538,0,9.985182991452463,0,0,49.591572264069946,0,0,0,0,205.2065389885196,931.2967845064804,178.52504440149534,5.443125801982767,1.2636301144842863,0,218.74028144401433,71.5801048402166,265.740909712254,714.4796849612505,100.58977512096949,2302.1755446272855,221.7943421768062,2636.5602685186677,160.07469923340594,795.8915604794371,694.714096020807,79.66148301338004,27.574335224254803,15.833206002481619,93.85717308427336,20.584530288040796,58.03482990059164,81.31230986893623,188.2450947896914,23.370226479745426,57.498850023596944,99.22744689613029,359.2303847434579,80.01748167338778,39.681341952091564,34.495440542011565,30.09222019875315,30.84396305520561,151.19811397450445,144.86724887905515,91.080255197922,44.866012853660855,81.75124804400413,235.50467489622034,153.1910537773423,77.89990535987252,45.707838605755285,80.63346873587473,416.83805809713124,133.4237457465246,132.11501835309647,294.08596087102154,243.2471779510126,151.27478370814936,142.62739841807283,96.94469140540184,273.30974634371194,46.64116641337934,193.75467667234525,152.77536913685577,385.63962690681564,72.81292082990386,89.64769543581471,294.24958262827323,41.45417864391086,132.73686204310235,189.8472106712027,54.949160189014556,145.0107184897123,282.22750525837296,159.57573338600423,143.7227542028877,254.4727083537093,342.34014152835385,497.7525680022437,662.6490746138768,1405.8787231070999,78.27360565904246,246.81062836674994,291.5829653333497,536.1120926973298,790.374419235456,33.19239508458685,106.32638298831556,303.8026766158362,193.50714810508083,191.4268167101129,127.87715594316022,177.63438556248863,310.8193867823635,263.1250150093889,34.23276448743336,32.357034950917836,72.94918138781188,267.71688084722604,98.11128522362355,59.915144673318295,108.70285818704745,1138.3737519180797,427.25412662867274,245.7529434364679,222.13958176133286,445.3624770472563,425.0771602970927,595.1281119614873,236.47818590953267,2371.1245422150473,5645.859529020349,8162.358004474296,1419.1402595583131,227.15129095467216,92.3765626592297,137.28215037844066,116.93354792044079,385.77732944759566,265.17948960328033,382.4182129380434,1316.0677812128513,34.552279499444055,61.07206459767884,24.627565569221453,20.983240760886822,57.44006196626866,92.71132119250605,74.47916529826901,72.23678009052533,48.14074939505784,19.200586422991602,100.9599622090765,39.224103788532844,40.80904184944593,30.539933113067697,43.21153338425952,75.16852931057531,17.709621086428648,63.00541144527067,819.0993864772528,19.42534423943043,35.72877824824833,59.16792763223665,26.32509745309965,73.43581170697865,92.82042097942097,377.8237656742337,2654.7078210538284,204.98199259689721,29.41837311704988,30.794105039096074,46.026429347523354,33.29474913239316,72.9399658169887,35.21075186905783,84.1691885273189,72.66304108106661,56.708660740437814,42.41997784146923,192.94748671501907,68.63305634634446,30.137266336821288,45.877063985522334,100.17095689985261,11.386169293457023,51.08287457819014,381.6682788962703,35.23457037447332,7.020974233053835,11.169601369296329,51.06554688748258,13.922696995106511,28.37044047498998,39.206285876800294,24.02327452456324,13.72753224590449,47.59349173260085,77.32299830042643,86.75853586199467,43.71589984774808,40.92000161528041,42.69834032032125,65.58480071924814,16.688582482981452,41.07795639997418,65.22902713359933,33.684684256941196,57.347199624139996,12.61835129734933,75.11047999227029,147.16215657719587,115.32843110752346,20.387266931164906,83.54785021919018,266.0902004044327,241.5501449620439,290.2761642031476,301.0660535170009,338.336621504358,230.55779778626845,115.1383391174916,114.30605564715054,86.94604336848568,127.93610811685407,99.11819415820317,52.35933754045979,53.361339645291565,71.19906917834135,128.89309761896348,66.45869886723916,44.63852578369988,155.24136114942345,186.14225293868682,245.73405719923397,45.93708938568647,1029.3534000414784,31.28730792142363,34.847853228714776,25.430892873439475,162.24951986347557,45.493423336848196,34.16212028284009,53.820610647031735,38.66367363552129,18.298135428553007,45.00911650541378,17.53497152237951,2.3022212206204498,2.002865411369202,361.29734430529163,32.98924506637919,28.448099502934046,622.3015651904016,1670.8673655491273,1103.7798583978822,3682.519058620685,5852.288123352409,7928.83117899418,795.3306909614004,4711.996239544293,4654.922431368217,1541.8574561889293,0,454.5183895753519,0.17913219166917302,18.304274436732868,50.521234583659144,19.85260190185894,38.31615760151051,62.04141276822741,92.7389314870597,30.597568432742936,13.709024847045345,80.8997920664179,85.01441139272796,132.64314873515104,229.86569495061872,115.50264552554852,248.54086830449612,98.0291596762701,87.98301127774482,75.50354754248926,98.6639952429971,81.90080971247568,89.2625935845154,77.04287047759027,93.01926682900088,86.50130777744266,74.77315808340327,91.82079027686434,101.16191711090241,138.90453319977635,86.70996103612754,93.07622691599505,103.74041569439976,110.52132450091658,113.49740274455965,280.8536516369494,4291.538628433666,265.89939095892083,50.42067959512157,31.826276073574306,111.78865820774885,372.7317514412104,136.68853670346954,170.1180202306438,774.8700447842689,2068.1237489265823,12427.662756876134,607.8928220428684,7065.72298957938,197.64552173430454,100.84012158788188,169.98563903000567,101.85070150960595,109.94961513713942,126.61644503788058,234.37032735305334,64.87438825138483,81.86943180202448,114.04447010137234,107.7026443515263,107.53380240866728,113.21234048775963,152.5356089070783,136.17134876240965,321.9630225018666,2938.55163460413,813.1962357473207,145.33898142296437,70.60379751925888,117.14429180238687,64.76807492059858,44.89584779314254,113.72005554665884,128.74820837859554,558.2322807222906,333.17816398923827,41.06090344819145,79.66741478413844,29.964652810792014,221.91653473020713,72.01667206447702,70.16236589034965,5.2829083882236585,7.65338491069518,5.8291902583394295,4.055288658419672,436.7114177101196,22896.363425796404,124.12833776757378,5.190169079015263,274.2615635013882,213.5001268881233,0.1996878156781001,63.76640788082852,358.96370964366434,212.66892377464967,253.96322368062937,140.21396478714075,34.80438757151512,0,0.5800069845119257,0.7467344435380314,2.036056168123399,4.647592389668109,1.56315522525559,453.3780077971246,73.3511408724227,35.33057315111439,26.027184123395955,24.44684815396438,26.58682999499339,26.24875039239511,453.8812067149915,35.09160839483556,36.01813778494882,37.93663167584746,35.83636368318806,17.590203740231544,16.412302358494273,15.483084249240894,70.25198030299302,102.21581398499322,241.03055276157525,247.07747494418732,1137.7525243929397,118.03857643468994,215.4965858853909,117.69843616242362,265.5390216922027,304.0489540019723,505.28681338950673,335.327190465308,319.5719997120835,263.51120903522406,348.80391798956435,261.12107657345996,203.74707030546088,317.7536605276376,694.6288114031317,186.78037060851136,662.8791975782998,432.43898884786483,601.443097564713,125.385947065025,1023.0735956116516,239.95612944688799,522.4010219229239,2107.9999207282217,715.1597675933978,1082.003737971914,5187.2400710699285,4163.595101953274,1784.5087244736671,999.9870011307163,949.6586745936263,596.0834071663621,408.8184387841316,511.5721335248099,9987.124656821887,20847.720473591737,720.3268660025927,1370.8604714670291,19719.786723940117,520.2800577578715,267.40423897826537,243.9650636685155,352.9388741209731,194.50125022747747,163.6676504213821,202.36244329705818,1361.5101702523023,372.1036187774898,940.8562742150691,154.93189590522883,110.207120201356,87.51169782772678,248.35138925796062,358.77784739751866,256.4505272718984,399.50795772847624,715.8858447452211,494.0572516074266,2195.507283400572,862.2140959251872,751.5135192290949,540.3160688266795,766.176236919549,692.4150481086149,1379.4731470379643,1696.4789831405349,1534.3999268426876,1104.1546538491255,2574.763325705285,1841.5899066943552,2033.4817172780026,3685.1051689017568,2612.7260343901553,7212.693050144854,4714.289791362488,1430.7799347664748,1383.7854296910223,1297.7656561744222,1952.6326217484993,1525.9372773048226,2804.2720741801904,1181.2021381006025,2951.889354830096,2297.911662958442,1941.9575679602108,5374.619343807097,2030.5022643404525,4425.626275386833,3049.9487328786554,1619.8359529406498,2016.1809056907107,1111.7356965309125,1986.4998707540803,2844.138367443154,2400.9183932721153,2969.9851639357516,2033.422788892826,1272.3836134873256,1172.2405164753995,1656.9163100082505,2193.5044509814647,3157.411697294592,260.82259292672325,406.11874371894555,544.7751880504856,581.244265226566,244.63367781156546,471.4727088234811,189.513007705161,296.6627889897851,2390.216601316819,820.4704628455436,1211.5075808462536,893.1126861291152,1706.0699863600812,976.1353999469679,1731.5958710420548,1735.8969016821081,2651.6299617355535,1442.7466724214553,2529.0257881745597,678.8300867961559,1672.1655305651614,1298.1216691566062,16204.418285285177,1478.5887858000067,357.64842575488717,497.7325113376254,157.98378105418934,236.57029504122173,1454.3575505054687,204.31417700729813,243.42715309973562,263.6526470044933,270.35672713483734,763.6007731310847,359.09541448004137,177.50802826051165,470.69484071078705,382.3756661928044,1258.761038528845,309.5457295721261,239.8943530304953,549.4476022877716,1018.2591176612907,470.006295432914,174.22228317089923,558.2824930063848,339.8637389915377,787.1504703247629,715.8175668906649,700.8467344764591,1552.970182713644,1788.582548908524,738.6614545241075,1587.8365928751484,803.5845898875505,2222.4849783373343,4379.096286446596,1339.6640756378908,869.8144255771484,463.697936469815,931.5348958752996,3958.621632841759,7319.197482324819,5843.954414580151,1155.1519186424944,714.0910707377227,645.7472717836456,580.1869592673272,1645.3626149344711,415.5149095983851,1461.3946849073272,1525.7942935679891,940.1980259039968,431.6944345170424,330.0591689997108,545.6446563207334,254.38950765793507,331.67003785489993,531.165859710423,238.48976689987086,342.99493481665615,214.78131224834698,517.6898750190492,634.4934992993504,466.9018072716317,564.5047693504517,450.59310094104944,371.91071507769277,570.1503734845157,1992.6097040377133,929.008914808594,762.7050031926914,1223.9271616392334,1139.0152675099127,2271.1393397567977,1316.608923175991,1843.7894378486344,1920.5645305760079,2584.001424899966,777.153754680007,513.4846402215385,596.1158864635602,986.2578105460502,657.6580284504327,474.046201425389,529.5175802750242,317.9516040318299,280.35949830457844,221.6543811617472,930.377051726089,24.894586232558268,3.090717048512155,0,539.9423667141856,0,1379.3252220815891,2028.33805751069,354.1547565049161,1236.8401146609463,0,162.38124122309978,0,0,0,1027.9086726308135,1111.0902401964033,0,103.57805025591902,0,1613.7343754415854,0,1278.2457569648973,0,613.1189588720657,84.873660059275835,318.74094315833855,238.8257982287263,148.6041524375729,132.5626524311315,34.65366816945311,141.7993557299841,137.57199181168747,47.28761037110265,214.14689941531128,147.232573594027,34.29001601591584,839.8730159387243,29.65295788257176,9.127225465067138,59.7718473442399,29.66919879431953,15.955948987377749,64.2358964428817,46.302331329123646,322.69583999194276,27.306507348491163,32.562362305703424,49.7545967009729,103.24581969904979,133.4392776570456,27.21767387587017,57.37639306660567,36.7323233208895,62.55836408298928,68.51889983839625,236.86725766124496,688.1166169035598,62.241536841788104,190.44257533048878,200.3652033742536,250.06948297758248,1273.6470473098416,246.91860046090792,51.84955735134657,21.751514253713523,131.45773095876478,23.260294121403994,5.4642882739460905,129.43554721566622,124.452415538632,133.5218194935313,80.18660989886855,130.54116835825405,2.390738249644151,10.338710502896042,1.9967579565007003,10.642014522399744,5.13179493481405,14.02112037654709,13.01379578936657,17.412764956381483,7.9941282097188004,19.356707487951727,83.12593969810067,66.86608483665077,38.58706302673627,19.11216232998797,1014.3734130204019,107.71677244363347,25.948984560353754,2141.99517564947,17.108334013164285,0,165.11769495832297,35.61769889041387,27.057143545404255,20.692642899347064,16.735998586700926,29.119073313768506,54.89818187440641,31.89654336710962,7.749399011657236,57.52384828044163,33.60912057619001,55.153775187036686,14.798896491296203,0,290.2435993704039,301.37318416450034,1295.0474467609793,29.613805488667904,1438.2292467033797,5669.512040977707,162.6724199237023,18681.767825989384,235.08348786433996,6273.294803034859,1412.7785769920674,2627.2346235310533,1261.051752034933,1284.0798097782633,1572.7699448984326,1049.1124370888444,1858.9123348609526,2215.959703867686,321.575343391831,2369.8582799052547,3327.651566824426,1006.4150706107226,770.138310161512,594.4570780887735,1379.7410434401245,1158.9838052181415,3829.77864574839,1404.360502551313,901.6146954076358,1084.733286449066,542.8856831771261,668.8534573540454,6470.147505927389,711.6512742857352,915.3325666994015,290.81286530418504,309.8852725150285,361.5904670974469,276.82117588103796,337.70693393627323,2527.0345563026467,5311.080679802432,7717.879279799079,4344.325311631781,346.8471021618849,783.4919258314028,1046.044113416828,612.0573492240812,2518.4419605703474,2074.300354131907,987.5998826526285,1018.4988537954976,1758.7080426347413,811.455642736186,633.5851998082352,365.06691330792904,834.0156112767673,453.64716145460125,17.779977323089856,7.134853036014583,79.45309080647718,154.47500118237625,118.01072764906732,170.59451644156178,16.400066378200787,43.86308307226093,9.469267415122534,5.493377042445282,6.2595268812257885,2.4967743016924113,2.7381919996749637,1.8576458023855078,18.588259096120836,22.879466425617096,15.868360446860102,5.318962947528025,18.644178703880993,10.540198105435993,519.5252034413991,33.59673496200842,35.19319752028895,11.726127240439055,19.049709025990452,53.81637136481292,140.18451797287918,310.4017403663055,342.5184266268397,34.645261767381186,29.32203551768472,27.77627716791067,130.52774008822135,10.129646131704604,116.18647386376355,43.50088392225784,1.3217036700742653,4.602012172907501,2.6796047141888177,4.846941015308464,8.895145471283644,35.40029160472349,47.21765249739988,18.305268543533092,8.136910855957947,10.546743032531044,0,616.7817093768721,1032.5447270171671,3664.341423455649,220.9601326639923,0.06493708308602893,394.76379807852163,223.71991283066555,27.128258315121304,1038.9449211988665,55.02083276377123,111.55288261821943,16.26900362309389,2724.155824528828,473.0856388680812,423.76845286245737,1504.182599978228,146.4340891423096,933.5856704753494,3876.9658027287264,152.01280590191445,1259.156964928436,355.3536120114314,1248.8692874836859,71.54156994863769,5.698026924242709,16.709105906311628,35.603400986816524,1.2512202322718544,36.60589259920911,3.320252391307314,61.92219335294784,57.898256739439645,6.684418150753051,38.225718069357285,23.66092033527129,86.03013363285727,30.31154679602953,71.50659018222005,26.76118335233657,41.83701344746437,79.606629007131,86.89810038863739,82.55267003854784,29.96844855113663,154.24792830423758,152.73461443915812,153.30885147102205,100.97408845930391,47.12333975351288,144.0199899047046,141.74755836700933,231.1458792885184,7.6868856461895225,13.591023147906451,8.41592685246826,112.02109380076142,159.21954927145518,81.82877977617453,136.78142186342004,33.75738038199087,40.534602890751586,39.537711506641216,49.733912183198974,30.299754362332475,19.513679891975627,39.20516853408843,36.85379787406218,39.379101282194085,31.517340154385067,38.13515642717851,37.97859494339746,40.5794377420169,34.57154091959834,30.24107136775271,0,39.25322466323074,37.86037317387533,40.6497573838249,43.957498106037,42.60719861051263,19.737360445265182,17.17354142513226,62.41770483344901,34.51437351084007,66.71540354604835,26.069894650781983,50.067416021102446,35.74465169391656,43.69945303099665,36.140475941297154,53.265321515289436,47.757500277275525,61.811971538768596,57.30562679749454,94.07677813050637,44.52743567843374,61.06274295100982,0,46.59015575377872,67.96740667229814,66.58548886445755,51.99769231788014,64.11178948238917,104.2917081840889,63.3462270074458,43.2462426918112,61.61457142779745,70.21636049971697,50.195438108483664,20.452540005249848,60.78662354520496,32.589919015150436,12.987037137050638,27.82151436396532,222.50393202047087,60.05575174131324,74.90395825009657,68.02915289371342,67.33465261246856,98.80342236701401,77.5345310064575,33.93307341406041,56.29595990370463,44.06394515049793,10.04299254935821,24.73213336313281,12.327188774490068,8.972492034540686,22.63832899648198,13.190597828501145,7.4414390722572,2.756890900259197,6.3816006353708,8.938234484357723,1.2070922980243293,37.8926668210882,40.762848034040694,10.235682260997992,432.44264923550134,91.96109677791574,13.964831216457075,29.2717149643115,158.35703671065906,4.736269504013669,13.823796270930169,1.4346696569187796,1.1576943862060143,1.2023497906101486,1.8794381219939635,1.6426821144129993,1.980085738955925,2.5380843329037424,17.943027457540236,2.3327388510454545,2.757316241436501,18.91657493916191,5.527858345161061,2.4407956412561487,20.100062500074625,1.6025037969085227,1.0716364775495006,6.20570053700482,2.3421298002294844,1.4934173813564526,0.1479077914372868,0.15998100737362764,0.751705242561562,0.02434161213618266,14.729486871716738,1.78075301370174,20.249911565234232,2.013039635452273,0.7922665972857033,1.0016523663578787,3.729326061915236,0.4688405478134159,0.5827750125103792,1.3363142688643737,1.5560666875367324,1.5159531403232156,72.3292395819434,0.022172872953678965,0.14773094545975599,1.311467067664947,0.6798114552395147,0.75082578010369,0.1389171502214835,0.5021720403887739,11.040625169962963,1.598833669286244,12.747054173971627,12.773845027147404,22.47517240300984,1.1102369528295661,4.845121277913884,10.895000121295135,14.328282035611194,21.25356767716354,10.182364132165546,10.028516406350208,34.19789775830682,20.124073317054147,6.429140614927599,32.24949983552358,58.129337964302145,58.02961975751629,0,19.184963127245005,3.461973932978014,4.298007830259865,99.83080430619906,14.827843875858434,114.86181930448078,3.4831475691128753,1.0564366667166416,5.272115801696542,12.225740043769287,1.0934172682373255,16.4578867184044,0.4038482506225041,0.41864444613337315,0.9923593698297918,0,0,0.5537651318805656,0,10.712832066927776,20.492806044180433,74.34533258011571,26.277393830085334,19.74686030475645,19.479263054070085,74.3222033329298,148.37209393159236,327.7372550394057,310.2691985782274,90.27904112687959,98.77592611728996,124.5512446020218,138.97340862819385,91.68082123070124,166.14362182650518,419.7464487135048,682.0026070578754,7065.87552760974,1156.3949566050885,281.1085884312702,125.02997714603072,234.00221394517473,149.17462954741814,57.20348216263361,65.3318725597027,152.7177845586229,89.65261843824784,67.3951388487293,19.739549011785336,18.660316265677412,27.757893116771967,29.505691782370235,28.866889945060223,113.96006374838448,20.14405223949731,9.718235435201674,9.357921292535393,7.359129496608645,39.741741734151894,21.977790792326065,44.61581555771869,32.24260990784716,158.23138068637562,212.96293221026662,118.27118612975607,435.5408487354037,138.5085708046507,0,0,23.765406278280643,32.877937311484146,12.760428467667507,57.92379561637529,37.30550178676309,184.18477301526048,9.913133174525584,8.017324692976409,10.889507610144387,11.354154640994572,6.676410820714538,7.749158855244728,29.273312051689103,146.32250800521612,35.663497259185505,10.743315923131082,7.386454412659603,3.184739936336984,2.9363452769342495,3.255916293299344,3.288115875051059,3.1699365210012105,3.0018308389556427,2.652789504740976,3.0328074616815655,15.129050275078294,29.394172568239522,50.81328711639553,289.09453626381287,12.756048427356651,7.061033550649389,22.575262581969394,45.83438585849224,30.197502017614752,37.70639071857369,55.63969777801742,28.75364935218334,36.90837922870296,83.81518608361222,494.7475494136119,243.21118061474547,49.08828401059751,71.77216953137369,37.543163589776604,73.55694862081518,141.7740236509099,126.45066590541816,42.96595250863148,180.7459521844735,1540.2733490498824,737.2331195578827,193.43821270780015,42.62618301750662,108.75800172280455,77.98790135070938,28.820083116075896,21.69860198928558,14.767704865385516,45.73123797403079,177.54665866453627,228.4386737645903,502.08690367633574,1490.3509664336802,1231.2391452676,785.4437813666376,1123.8238745346794,1419.0491819556044,2575.7821400506314,5056.751465051548,2934.9955965380937,2140.4970217123923,736.7212621858164,259.4015579409253,122.20926909166889,161.6308888444568,316.14974778852337,220.73913997712296,329.0982976349585,405.13650951807176,286.25441041080546,469.50038335195825,432.8062616834176,201.28288655064088,55.10082344873524,92.7752550029616,48.78953701258656,16.499246448947705,30.014163951073805,32.60308883127523,262.1528354566244,1343.8113761537916,207.1755582999234,183.30976338423673,210.40325695947672,121.88021188268495,216.05053353375274,765.1840887301457,2114.8928861831605,1761.8587138811072,1564.8489237501988,918.1030521542941,337.6780216037092,141.30636529856446,82.03040707971735,60.11146075169922,165.5315844927359,126.49032292422723,225.76898828717785,169.69904446627166,201.01463211455527,95.00485953951429,141.45949862780634,38.311459261602636,46.2944768018285,42.10027457828746,87.01167914093945,108.05443642039478,247.85306309045507,319.20069670992706,306.8307193488479,257.8339369980194,344.1053402413276,234.0578696076628,529.6475605610583,304.9001283533425,181.53122959050788,375.25947229582346,122.45551971487254,98.41378537275483,101.74384526894438,85.24154967332274,253.3517097689248,310.88237129960777,287.3619542049879,270.5551043123817,224.46431963948402,286.93667852040306,86.77109908924842,405.68405591085457,93.77990824463677,141.80305720190182,251.60255504213129,194.98578684401804,190.20748157378986,282.83574721012843,216.97072246942255,404.23865284055887,296.6063995246039,818.4996319260965,783.7623871653266,379.46423946454297,621.3223309556314,93.64591870543356,47.141658639986936,287.1836560397611,68.63762132751461,79.82867075814616,94.26760732355298,460.7367913091763,383.91916060591967,40.485239898509306,33.28504042307217,135.0093734393591,1128.3479335889253,214.99706482781974,265.3705796726075,362.23632560255624,218.64983829820713,135.16074426367217,214.2138222756692,174.3025033088977,269.2035187330602,152.5463291446604,735.8910635523042,186.0790501278616,161.21522158914533,352.4390117292332,434.5894831129,203.33024371696652,184.8256275300197,170.9399549623567,256.12382626175287,240.1033097349848,268.9330746143277,148.30903282792008,120.98162728989612,86.23312121608586,102.5842998144686,157.72317226664143,501.22388062835364,546.2262579388924,593.2064772221412,444.80600471630555,458.9687759177057,525.3058594146842,445.6368733469658,760.6855835483489,629.6277785766664,171.64541793125952,90.35633834094783,1204.771175194508,686.0444988837667,967.1124695970237,502.22438306459514,9.986878534458452,186.5383154431493,251.59657182284204,119.03346842297289,0,150.22089460352137,135.94555830574737,145.9978906825138,52.569917371945316,6.435207577314295,61.294077516226395,60.035672142638255,44.31474564726175,0,97.63612508386373,886.5521739732259,66.42875663959141,79.36734325657523,132.8033030080461,41.60248551985249,138.54841324622646,287.8297782829102,155.92209830446146,180.94245305003733,229.88124173257643,107.50019439341398,6.4480296284498415,16.21739849892882,59.86144914503084,59.15835891984317,52.33568552809019,49.23961764890626,67.68519929579122,142.2921146278091,90.24454872843393,16.34186787186337,6.411476743878989,16.954917432162368,15.516140396280594,0,6.598890889155511,6.026785182332564,6.5523644921211694,155.40154324306596,22.37531764977977,25.24726814126798,171.2693565190748,203.9744103914103,593.7755804554627,234.54595749918633,197.06334533000845,75.24561077114944,164.55239950059047,320.1694580363808,38.11564723467048,64.38992502483461,43.12240935137569,50.376914416123334,76.58725070150132,72.70415277516145,71.87725389297735,317.2640193500908,172.3729605197565,77.39757691417363,118.10655099204061,263.87828719732727,125.82696592628903,472.6437139072407,206.22425899770997,137.03199790512346,160.24595021174474,326.69618714143684,418.5176319760881,283.1239502856126,363.2140581669752,157.98072166311724,50.07485075626968,65.56213214416299,170.74619900003728,494.63753827662026,293.56744964300515,53.05689966540936,196.79393517825721,653.0483328289114,130.8439865373584,164.6614208478361,1696.8103168449586,3454.4747367154955,3837.631606490851,765.3605519490586,278.0691514002907,151.1952740857286,132.10743260621712,320.27821686182295,79.62633652249913,653.2085664034844,542.881374288844,1072.4901987169596,1940.5966869890217,804.8298644976936,569.3459908590438,169.23462800411397,111.08563268656766,167.0839619615702,685.9965841961069,452.95388127271036,270.6541520487655,559.1645218425971,670.0364501839427,1311.3648928723953,716.5815338062908,5762.098039519766,407.00592418931745,200.6636052105193,135.26569876607044,182.66520606396125,181.25620012671402,2934.1211270740137,1341.7391058303378,411.2717627786613,776.3924842921016,709.8937234808624,459.8218457711738,522.3131596427223,313.55404736706504,198.04487257374618,258.19610061941586,81.98032586237775,26.313840158512473,111.70775488320905,24.441043507249322,90.20180130500479,239.2478128037674,134.6144068786967,24.056282996752127,32.25596673133251,23.818894551408903,36.412338675583136,358.97785958553703,24.371629550516413,1074.7921365257555,17.195225610180835,17.57148761409496,29.464495153348704,23.130537149065223,7.884994605216733,15.871242587526364,59.06573413053704,111.33922109552022,97.13855932387861,44.47639710018888,0,13.696640455449684,3.661971999788707,37.33826675263305,118.05346728543589,124.85925595786111,31.02722686306157,113.96803119013283,108.9197280449159,161.02206324380614,556.6092899375388,1996.8875191479517,220.39295909131968,185.68620813398647,294.03755925025393,73.78364414180822,17.708429573605855,1.6297461731954166,100.73503000570942,582.9562205352302,1062.0488607397565,1198.893599288178,162.60458395684142,109.71097537622522,291.55519077524053,64.15530335870264,284.6751804005454,503.891675022934,935.8615926653093,941.2648583110093,141.13964006163835,7.0957620048798695,0,23.374411750522043,15.811735714794736,140.80647626063273,81.06528035397093,8.044040006636205,2.26877458898753,22.12674366165546,30.246260138348255,0,0,127.88129492903205,105.63312012593653,95.03902624210286,7.867443010280768,3406.0018112482735,3942.7042794636322,961.6847204895804,0,593.8687698201004,108.48611114072044,79.89925818386854,151.36057891161548,316.8758044182515,153.31881123900692,152.8094155319222,1573.6363192364495,1196.8058612841685,1051.903449664207,90.75768792731435,98.82404948948617,628.4459626677695,261.33257118327356,174.44085076374049,176.79988736415157,1211.423542671989,272.1111900766334,168.31984890982469,426.2745167142088,225.4507851878724,231.3101005360704,80.10333708872332,81.77984963101359,300.74551926517455,144.32118235188926,498.3439900263195,33.94617189873174,10.813445762673771,2548.6484572579097,1615.4597776909015,5294.003345233833,6840.94695473191,3144.0228131363715,505.64956051679195,260.792140190369,215.98368749321742,378.4521477285204,323.32489586856695,198.32563657610416,432.44775621379733,521.6226094134499,2971.2513314406115,5202.318261537331,1206.2379172108085,593.5611614637206,1507.0350628078827,202.7248901934572,122.55114387777024,205.93690142432973,4259.37300119373,1239.98206034772,166.79702005209654,238.911076245186,628.0406375615801,704.4545950373805,7.239073884783509,2.886621715999945,3.3491969985637198,7.943304641468496,24.98108973360179,421.72516823876686,29.322639232844814,70.32329153447438,79.33762135602767,108.72105869808921,117.00543377743831,218.28809326159163,1491.0117069735006,273.1982002463502,225.47011873616677,1037.946747825438,1504.9570167182205,5103.436048355312,3288.2676829329785,657.2671124984661,471.15827878924097,263.7307001993425,68.06888786701818,389.3639181119618,13.120187395350127,23.573536832927484,1200.212526885548,4069.262317920533,352.71536800464423,96.76349957875175,264.71961112315074,3334.5101635536694,2973.8940160449256,88.79131208319075,0.4332097378684052,1.1815886961708657,5.794836826781746,1216.5331356909142,25.244603907313472,14.3113602478686,25.293638563069933,371.871881268538,70.81118270037365,24.709650395993197,246.17916783605827,14.173404058666717,35.136483375118836,42.01516801114677,113.89861154289096,0.20532354502144473,184.41649668951078,47.943412514300114,262.09381334187424,31.005627087271804,1.3409509812547347,14.017903604821212,0,0.46289750372465216,210.75047460876158,312.45526959735747,90.45544492138279,182.9045650364973,46.64000265731959,173.32169944502908,161.2252543064458,891.5960166713701,771.3767409321555,445.5977745780606,264.12101154564635,248.11344414473749,106.68587985336454,71.26641516788759,8.579409622774152,231.41449029135336,434.27910870734314,757.0157214016359,461.38978929944847,168.6340536515761,29.474720581851592,229.47764021591803,263.82902529330966,462.9384553314669,362.25037909858787,9.592335391756018,3151.295999822986,5020.637844138236,15814.45307036906,17397.251690139346,12101.244794202961,3.8667589977798076,3.5193670170618176,10.465194460611407,222.38817991145726,15.890034303988667,424.22918060417794,142.98837471948679,289.86379915932207,1207.7052933385553,303.9054691208142,42.84935683269717,11.493873056012978,309.7827382924371,44.985326826889874,88.10286800686198,43.337568508666074,9.22968629573337,10.797184829977093,10.385740487968167,10.526457064754123,10.481133834833988,8.668031173230728,15.164017293264388,15.86810200991595,26.638709006204188,13.904155212668186,71.10072427948913,80.67392833625622,39.9826024246939,48.235961818634436,55.83882114928729,280.13890194027056,44.589507305202496,25.65107861995926,38.70993608121634,81.30023237667427,332.317742409752,70.07243139725907,325.33654175695324,94.1534913530588,221.9636754445414,69.2116123530643,53.424151067682715,86.43798347055592,29.47826278876504,45.36108381042031,42.83773699489108,45.164409104536276,347.0645961302751,43.77843351522353,106.84470042270388,35.82328360304157,55.237238523147994,510.16267605133197,27.173423333820935,101.57649954234286,79.95119932138918,14.294243370194796,49.3272389477376,34.98287482166701,197.2265402564562,78.20798034263356,659.6045364343148,198.8598880904444,4439.199979455672,4504.505703515613,2961.1914114783895,1040.52865750778,1969.948460345726,12.1554120938805,11.162380368470517,6.445641871978494,15.838604437915405,460.64561494390466,496.5579654029977,32.473414973174386,21.39437742223336,3.612177781658384,15.013349808799136,140.66910098494478,412.7168354530831,183.34563755483126,64.52602750538946,11.660482063551841,19.988025488464576,70.42711953634937,100.18521449460107,679.5491999795638,30.184315144571308,107.49527440749348,98.35608397969328,33.67405067198595,114.88101123513215,10.680133842314973,9.343579706142815,16.331821030398565,3.811930729958881,145.65199757127013,18.72884229153606,403.61407853133653,182.18979622364273,280.2807850343531,183.77230589445625,547.6548121644613,2160.023052473985,1440.9936318268637,887.3080800525706,342.4468717610193,183.70369646831472,502.60963573002533,261.5160389900436,438.58875113340304,1112.311648509271,825.1450588593125,2355.3912001386575,1439.9986658626576,449.2367167745132,335.9645453703787,368.6701599717971,237.98509311510554,68.10571681703075,200.58893738290323,115.424326644486,82.97849676541357,420.20065667161805,2311.355145933754,914.6146307478099,159.3546340963816,1582.1903675429041,798.5123946336518,196.70802938482439,50.684515290770825,433.4435677314469,827.3649447301719,1681.2828721394471,319.2386473271287,187.99385033724494,236.77852932324416,253.63815263883893,682.3798614386668,260.45603263586645,54.68972238106249,163.1461577373158,401.88026371094367,953.1096261315402,904.0620800743612,1230.2087237519916,2510.3856114379305,2891.1571435717397,5023.326840254404,2779.5431653124306,959.4965333895157,925.3834164918402,8303.513623280229,3321.648601602046,684.9189827281223,41.5079864570992,45.523511727287286,60.76827015340689,516.4775237675608,65.72435527023308,349.86018184112396,608.7875121275927,51.257331146248724,281.1545726774452,82.2062257812439,374.7610244156725,1102.9896252808683,1079.8771021236519,119.1455263866806,28.21532236803555,19.867184364923705,91.61616832620085,117.87704734975567,133.6175099556905,197.6347973587057,175.09860316612358,520.911528138683,2213.3548426560446,1456.8106767161412,597.9386872931377,355.71298339926636,91.18340016649849,515.5562869098625,0,0,1328.8639952900198,0,508.34357082351,0,596.1119971283302,479.9635577009762,1894.3832180258355,498.755211531033,0,346.4671743854038,280.2267128515038,1464.2161566429093,809.3598584636471,850.9394195796988,1383.3635540808514,321.8975801878689,5331.695233278045,1520.4199244531367,359.3340296669556,1007.2447259561559,959.407432422679,1097.6429154576435,679.0660043326664,3285.098957459194,1067.4899422581148,1633.8465851167932,0,1837.0463941561313,1724.4510734099892,551.0785095287036,811.379962414153,573.4006948654293,750.4098845767054,784.3828171139326,0,861.9634195540882,685.781023688926,0,500.8802184951092,4357.529863654194,897.5201224344299,1403.9115370751604,325.5906913547381,774.4482430233408,257.4602356836511,0,1022.8179835083367,2203.0174074663096,1198.8676869636452,1891.3329422977215,0,1821.7121527422955,1686.9819893635988,682.4479060416556,14.56536753405792,1461.3032360316852,0,1413.3068280652183,1457.796343524715,755.1462606167756,649.0013825471149,658.9704784401072,1319.6931924147075,1514.671902992549,835.7853763728708,878.7719829724128,0,664.6274699406355,698.3509198866927,1488.413863454797,453.5953907829364,1143.4965940031557,896.6474899967191,608.1625508221875,963.8881723915683,1026.3429355130934,0,686.4012411653773,0,1983.8681185700887,21.570314928895947,1714.282051407144,1.7446109688898352,1236.7575662658426,29.05359279260272,1425.6240616951418,1101.2954863208843,1422.5222139133364,1039.8660207445823,315.9386320351499,1408.026956361381,894.0098584415306,869.6181087510619,0,799.9572721651496,987.535632080596,603.0437098800576,0,0,688.4301767696221,876.057651449878,923.8741039865408,540.9770985650696,1377.8855753221362,846.1139348371355,1197.3317530564314,808.2794052392821,730.513486423603,847.652508560285,722.336361542842,692.0219653543278,979.8103087549624,968.6164666839994,1106.430882794436,965.4292958635328,718.285509778246,683.8382782044309,1613.7572948800148,1895.3266376050647,1111.1856188625989,1125.7367164781142,1044.4876636276074,533.487113159378,658.1470726522541,1152.1702211204906,1431.8958123046207,988.9636524774611,1007.4727592143724,1471.822509317617,1006.655552589178,1007.6897628496457,1215.4578454504963,651.0902674524054,1513.5538407270553,1495.0101640213388,0,1370.231349925369,1303.7385813266749,0,1274.552406270665,1597.4153739065264,2016.8360684707943,2360.2172619335342,1544.8719452313624,1937.143377895015,1909.3333288384185,1766.0869362717751,1530.6161147665894,3577.5161560311267,1657.9455130283754,1515.044447168803,1595.965408692182,0,2392.1525939858825,3123.554938396273,0,32.70690471910591,0,756.9958675273334,1994.2141013857508,1309.7866516830804,1212.6174202800528,1282.6862652840464,2126.530811986128,1247.3592090321308,824.9729643491942,706.107657872953,677.2476949154957,1707.594849872038,1008.0673159931378,1272.4111424850848,1020.603675106117,1201.7320199652358,1155.4218161587974,1110.4474346726095,888.840362339223,1414.6611012869632,4249.535038578525,7186.535680453175,1456.9811798395665,962.1515465948888,894.1158254074134,738.4803519332131,11109.334803694315,782.6089053693714,1745.8055630216645,788.1812090685106,791.5013273500335,831.0526928829615,679.5559627700712,852.7259171450239,386.7139013431143,1024.5275812377297,846.2913105390077,0,1710.9693727206757,830.9707049777926,812.0527062040969,0,409.9651628634673,0,655.6732268871006,623.4865033859115,938.0686666214891,735.9963716260283,735.7952387916406,1015.6749770524466,692.4789148554395,1014.4454374248435,1097.9037895410909,851.014745332663,1176.7505011925882,1002.1959842857995,868.6978797042322,0,670.4977155197246,0,1599.7315036006476,837.856933006241,988.7615851198026,1023.5318541598011,860.1415314634932,521.5773203245847,0,0,568.0880027338817,553.0786197460936,557.7048290830753,0,566.1083136430634,511.4783645584819,540.8890899119176,555.05438015757,538.1374819984819,552.6047747258435,570.3396056688621,0,586.5582117269953,583.9283799450561,624.6129969390008,0,91.03792095986114,0,0,191.34565438033962,1406.6676837421433,0,1307.2512885109852,676.417481571324,241.95751933404077,612.2722364609448,871.5616310016268,2637.259995356068,1052.3632315429152,6.227150678137675,613.0723688425726,69.15635299422271,1060.733237538279,615.6090568637859,1038.8688485978478,487.1182451838865,0,926.3834808348446,571.1961049582773,671.4817375559124,816.1697801584723,496.78939484894715,943.4596121204604,529.8631622137915,885.6553560143484,736.0471098007164,956.7515893496465,693.1774389816736,693.1774389816736,688.5739052691144,538.56696806058,744.3129078419225,563.3787422973052,578.4286082030465,524.2757415165416,744.4495333100449,492.1340027000631,625.0802941913865,497.2790068271302,775.7038683818348,701.6641570862673,591.7938104647195,584.4302812349174,772.155806445462,499.42675330246334,554.5523584160127,833.1389453565307,0,598.1642806116212,576.1817674258135,496.494056741882,621.3215737319841,739.5535737462609,638.6664256735185,545.7793635236376,861.4062554579385,751.5217032914941,537.2830073471044,1272.9790210900128,558.9549195786077,477.3708960310201,484.8449683658649,834.4527813443464,786.3455794170984,487.58109833279923,477.809236936692,496.3606818340996,474.6521191354415,729.8815161502291,0,0,0,0,0,714.9539555270961,699.4939796002973,694.5059709896486,363.3501129741285,290.83397212483123,0,0,1144.6380644498304,985.1832251578606,710.4546487539975,0,788.3779562253025,798.1614421879532,584.1992472266603,1084.2188842049222,882.7466292797411,909.3121313330803,681.4637501186406,328.2085780015551,0,967.0815904895245,342.6508397567567,2139.431020495957,856.7883783573338,2512.164950445279,1308.303783036373,1540.5393925899157,1402.940843353233,391.8362806346776,0,374.8029538595628,827.5899381782037,377.46114640720873,312.74339824486793,357.1156506981597,815.6674338663933,486.94040901019673,445.6936612309063,415.39703373491903,537.9797624825343,1587.920630350204,480.5270619412369,355.83167653045905,0,427.5709029004233,685.2512894322214,1650.834735095908,1000.92168679673,2969.3864643781994,1649.1677878920966,647.1470900563974,2015.643955489391,448.33271978404895,529.267244063087,2602.863852997861,588.2536886907459,463.692507446746,485.78973851588455,543.163187322301,430.10536477454207,392.2568822537176,374.06524468669056,340.8862521160971,64.17884424446764,0,2297.9878402329,2512.930612603474,0,1060.8310705494146,2224.554364095315,1899.8039338296876,1104.7438478887973,2077.80575641783,1629.7989170962007,0,1.573271311338678,0,0,0,0,0,0,0,0,0,0,0,0,0,0,45.44519415241495,0,0,0,0,0,0,0,0,0,0,79.52813691727559,178.51413490255047,32.939979256580855,28.211833066926935,9.137390845672023,210.1257571110687,1188.4396112977095,1379.3453652108901,150.99648288989414,768.4233925411619,0,185.53260604573939,55.806187707826595,49.25359084956794,55.07099177272012,457.8658291286757,25.347229756798566,146.05400280926386,27.112128081724862,77.21850003867388,57.965173472828056,140.31792210162058,139.03584201975875,199.5794509422134,0,0,298.34552249941635,50.14813889143287,2515.9597341500335,149.08525506095359,207.569884165167,50.77266674125177,1100.5475759810204,50.52217631809206,50.74703990665252,99.487112233699,0,0,30.539869737612452,47.74750413490138,82.72935046590905,23.559469004487468,212.31184015251532,37.45830326788878,11.768250012131318,36.69545683816179,39.04804594868103,36.76179727526407,18.30620123829842,36.02826744417819,19.719692345069475,30.50979003608808,20.462230013347842,21.718802402636555,31.562960430922654,27.4452281438625,28.836234926278152,50.61225022340264,33.22652688786314,34.61275252196629,23.62648118438618,27.937851799388373,27.419731243956726,168.27586865818813,54.06218343005439,40.52160405222763,24.196874640332627,247.47066219605279,204.0115589832704,53.15888983830888,688.5120619149386,314.88738708928986,139.57762462593732,387.01684231154223,391.3640693238318,200.87269838651886,78.3778506477818,174.46251652336812,53.86548946250392,363.45433106405517,0,38.982333672473075,3.2241041157646295,0,0,0,0,0,33.72211050300605,919.8394025168692,209.39840634531652,6.356857220503921,75.12956702629448,666.163122275434,1160.2453212682326,3558.31145642396,3646.2033330942363,1496.7478414764685,59.78240108062198,1.310689217667363,1.0460946946275198,0,0.9766174322278494,0.12047808086991933,0.15588772964520148,0.019320936660806177,0,0.7328336919110803,12.89971680261216,1.1245665806097807,1.289647650414385,1.2470030642478258,1.2186013038064012,5.112262668271581,16.30731957066468,1.2185827806791258,3.5726962812540846,4.925172081865669,2.86895408683629,5.090419602671058,1.257718923834155,0.22480113495192644,0.6222926078869596,68.66497724294527,10.02475776331127,68.25214521539587,52.151776895594026,49.41321673626233,10.677587581576345,139.70774939923217,72.8016540294356,262.8404413265425,50.20978743345136,56.18034998459496,105.99246165202071,184.09814744775488,366.7869485975203,188.0772547677146,9.89258401057391,3.565923157959682,15.228592736710658,107.60489903831909,19.76668250897333,5.805959154235409,3.6514254758460547,92.01905285605584,52.13459132158016,1.5309187690446613,52.90407631401634,619.6430333834325,178.31136760013763,35.292781490601016,22.152949097688932,12.995128365647755,34.98582358768632,16.071647113408797,39.42182423446554,19.562777017482695,3.935984085749062,7.879303636216755,275.00404792171156,89.03612114197588,114.82797275502944,13.239740263023712,49.92101389157452,118.95822314724194,7.610983990821319,76.77103051857915,24.846743172862745,71.09880940665472,1575.230751529604,5038.647713982913,6928.4512924348055,221.12353942995722,166.55957544964147,33.424628954756884,210.63066897678675,122.70287172678972,984.0989808608263,232.87175901728028,91.78037347453984,16.55621224873822,659.8700640005635,359.1454871469449,411.09122502372315,150.4882820905319,2.83665806832281,25.37753079997541,2.7954627516253354,68.65754424407618,2.8949695630282233,2.7077692335086843,75.61552585753226,87.1277424797022,20.62294462990244,0,0,0,0,0,0,0,0,0,0,0,0,0,18.195588008244915,19.283141121501366,0,195.06844349361353,6.107586334520542,5.93321854086561,5.941928793665826,5.844488309788191,0,94.75884048651878,95.27737236483709,94.49385170701015,94.59820535313591,95.14207382170217,88.70184272826208,0,0,0,0,0,0,110.29994207815894,95.0056843230912,0,292.4775036608567,112.19432351385483,0,97.98568920443151,94.05798456046467,103.65382766000305,4.052717746228058,3.504198896077727,2.666514087506691,98.32326470704807,142.9027884303126,36.15920027956778,112.70480248050364,76.11581738814796,96.67267624072466,106.42824579890569,118.72407332344814,117.87030723715189,80.36801985098468,112.15877694145861,112.15877694145861,5.795220672364993,5.795220672364993,99.23173027233503,92.8509908592385,92.37872266018378,95.32958973898515,25.126035352641882,69.13689524266692,5.955442741628678,1.830403415145562,68.50994542211164,53.724462199941534,0,0,47.772647026881906,0,77.04375534432516,0,130.9078476308682,0,76.37756644730307,750.991829311249,94.59160821532252,132.4098639848755,63.20392644867675,141.85415108397552,68.44356159935073,158.09307088584754,94.84774882657366,7.713176043801474,93.80996479024645,11.61148345912057,86.43205777963172,96.43237832026705,66.33551722829378,58.49630648100893,72.51672033142214,88.68044460928742,55.93445469749838,82.7101139195897,175.26876756809858,121.43578328716202,0,45.85141279199581,84.03035935011016,53.5697418849517,100.8816533194448,95.1592108356457,111.7105125204669,0,153.86005806310837,96.67721988397113,84.44759890466095,107.81131771489682,179.00390838116425,93.41938195379413,256.1410113078124,101.00600156215121,115.32894699888085,4.3795391236951255,534.3087573322122,197.66360575451085,145.5356670784176,180.11592358469284,110.24329250681276,302.18714828389284,213.3516308747221,628.9593955458084,537.6571564174571,608.5567513712022,248.5666390029693,78.9645871433635,235.33000197652433,338.7363130711133,567.608918857754,1546.4954115277758,3703.9086294056665,603.8777135703201,3706.93476384091,114.15540285752932,3655.6208828940207,470.26146442438954,490.27638768281037,181.14922030539742,149.86625817212067,358.6812501531742,81.87226428287563,52.30304260499543,76.39776668047391,459.8333151797217,151.1580608651101,6.5378301201841165,46.80426500572616,0.7488916789233335,0,0,0,51.764405674006554,311.5528614239695,4436.223959383928,8632.019005314725,5203.103390082047,310.1242193535933,10.34845144668822,189.36483288973992,115.77751112331815,931.1170016834953,182.7566017004098,456.46042092195125,1245.3253864697383,100.23107918486056,307.0386099751569,176.83531536650767,94.84243888831836,30.44929641993654,8.265600729180548,354.2934101562387,560.8401475833131,818.5699326170118,329.89120278793246,10.159847628054683,44.182701500362654,103.70652649659863,335.11000843270625,113.74188284249419,114.78907225351236,381.2821628274609,2815.0651837132446,283.2537729845549,37.11398528268202,93.94827556323713,58.1980176373075,339.95112792239803,234.3292972157735,78.96696534923964,1183.4902291924554,337.5371666728073,96.37429961889504,37.302870344666374,123.97738014422814,176.88210674994505,18.86900736340621,14.804563377653926,61.71299636447523,17.646694331038926,8.238577778494152,55.55578588197765,249.14806769066317,214.47105498070664,156.6469965545837,33.538603619516266,79.63531022121872,112.10726780278324,71.70769123893778,42.88218971494772,269.0996389525258,28.965318680676557,30.746806510502026,30.019969246004738,31.14293782245527,29.736254896567253,30.407180874425496,4.653475547579595,13.936736091522699,215.2039746202061,180.26142782201674,389.1857983554805,462.0632715364452,133.6618804667245,134.08985053695744,109.49270863398205,185.07798767996897,1562.7136359465023,73.77622385764731,795.6050209853776,80.39795115890905,168.96615456917505,249.44297445047977,28.694300953588954,30.878215638181022,37.30143041977044,140.44590489118485,15.470581068128281,61.32341224086124,69.54181872132824,67.11720371831898,83.29848135176658,142.37303683001934,109.39561265202842,156.47354393812267,115.61530122086207,727.4832760577602,7818.29985527132,406.9342010548347,1427.135118161847,13337.232092100714,2639.814001833321,161.87487633611764,106.64619865279819,110.27020477443769,139.46935136163665,144.21771022608308,305.36326603666276,334.04651264096384,1230.6919296904439,1761.292125977038,297.3668391099463,112.34816289260232,578.5503767970547,411.7633108116451,95.89967575393487,121.82094944342289,30.309219213249456,18.78101018940745,98.57380856103715,77.43833589376379,11.651705807674794,10.979347798149885,44.17343378299103,0,0,0,0,0,0,0,0,1.0010864896693912,0,47.479995530410356,53.36435404704442,0,2.561711341194873,0,3.9483232635668486,570.9446230930776,188.5588570334258,0.6887899124863677,129.7978319614239,463.1392574807142,254.6076944848765,760.547385724527,430.347070132835,342.1251303976772,292.03019024888374,378.24017179133216,513.272506511201,459.31915552413466,513.5391242952102,82.23805042565293,742.4684978121496,1321.9243504875828,906.7534986340365,2805.474569990691,2116.4510945228976,907.5995031858974,497.2028798615359,495.1671971121978,817.2042759239232,343.0070669195603,846.9125692792286,748.8652049798202,235.50586284020883,134.445261012746,2.9553096043208624,178.90977806286728,105.4327963848571,169.09326295833617,407.77805135636254,160.0267583083187,169.25626073318946,217.59897588248378,269.30649072201953,617.2891710043485,484.4327450895146,556.911295315904,287.736757141941,135.7067949899719,578.1878374755659,549.0123660701038,179.82313334542974,150.79225263891274,393.61497341553576,272.73184570552013,360.40757637840613,782.1005227855651,924.2045757481977,1348.9871239512865,1603.1657909466278,1154.2084794082396,778.240138395072,881.6184816271538,1253.5641029904366,2134.0953391942344,2160.5081670865343,4767.28280056986,1956.985767518824,902.8042172757439,554.5987308312305,510.99339364646244,791.1632394272233,491.3654430088188,239.84567469895617,197.44693148478837,574.9994344914505,263.8219241603738,272.8995530297848,189.80612818643425,423.56207312542244,1632.725754322247,319.77018884337144,223.8788564977189,220.46356596698277,288.01529167040843,231.49414638959738,787.9572392579107,151.8306807806024,105.73698047821445,171.893310701322,375.3124460515665,233.19255717336642,316.2307305938009,87.73088983556303,259.81625561349114,594.0802050891408,109.26110008562473,162.8925647238707,281.9396399008851,438.9642178109795,343.19520164806875,437.618041981096,289.6703529532203,305.36189441793624,448.3429742618651,433.71229402779187,90.61444654452033,354.77787258954874,89.23503994647083,508.825956983333,31.517777636748644,996.7788171742388,1626.700967264464,1230.5469455994341,3301.272735722616,2239.732067134067,1098.511646704357,391.0981561259722,447.5437312082206,844.8152436525461,478.03395375658033,96.49461247498712,298.93329089570744,1212.0059970884843,842.1783184495151,551.3471101055843,1044.6307560200676,1434.5462534571373,241.8513830061392,121.97299559887786,279.2385477478267,358.83101557655675,350.8576433010858,324.120497022799,473.51681726779276,303.3651563387172,40.21731487569135,43.30275510292739,14.564636726397044,13.4426311563385,15.205660752672912,17.46699946964171,2.4311322741807348e-4,0,16.521356771371373,2.772922298747753,0,0,53.86132315546391,448.32687950932393,140.9912907870689,23.18424935032804,227.31480235405235,164.46023252395736,27.586191987512453,53.48858066153268,0.668739874819498,18.908112641972522,2.204636013588813,72.9338605172729,4.278185225058669,309.59973174297676,1291.4589512449586,270.9990579586921,177.5201046473375,12.481198050832603,1.0496375895336263,0.46345968618871153,26.79647740420367,88.3876237368163,0,0,0,0,0,5.207164581681891,141.8405734329461,91.86736332316438,733.6571552997351,867.9124478493396,183.99048758853058,593.5125141764056,15.427672636647761,75.56708688453136,31.397596414759487,104.74486999177448,28.70835458818097,128.8168685263566,8.697875587329372,17.50740987857164,10.30364080268857,120.99685894127006,5.747783326777867,0.7603473613867412,1.3456193088008617,157.87868748567473,22.452940776646184,35.08987029700051,162.47834464479706,539.2496164563046,350.8713099192571,514.2101674019505,336.9825065388989,155.77034424792112,90.03255528139637,9.106024048062565,117.59195522542792,883.4560742847123,1725.281223247002,2186.8248317974935,1966.2424115609367,1233.7313114981928,134.87875785043684,7.996656365818719,0.014712624133369484,1.2176957059169935,73.80270758764583,330.73660126541154,17.977014330154436,125.01293502179531,14.636836431450774,6.3989430298641725,14.842023943914166,49.15014589285132,6.520659171728427,0.010201264259724634,0.444814440202335,149.77456269803648,11.154416692948628,136.13510789930626,178.81325268225325,2.750078203007815,127.1224379182399,0,36.962182392780235,0,0.9640645611215889,0,0,6.3599895701519635,0,4.98998183818276,107.58197918227837,52.09953725608254,115.5893722074784,74.59894760705426,118.14392668214349,0,71.8397351074717,102.33416596636373,0,99.74682281355132,0,0,53.616723483327355,97.29783587085626,100.44601074519059,0,0,0,10.5896498425116,27.016175186105656,34.76819958393197,178.74124053977008,17.968879179117756,0,58.873277397698104,28.827394559298813,34.270810110716205,453.6069708584699,625.040698989181,614.8547756317718,580.6853583756285,440.56750646524387,359.9492746692093,128.37605761990707,207.89982686581246,339.22718045150066,91.35473405332687,344.643515488415,239.92718648812644,72.66402369071629,6.082032383746568,13.880746712567444,1.3360819956889978,0.6599308598965844,14.639746044678963,0.7240385576138254,0.7547679945274186,0.7184341511838486,0.6332684929508949,0.7612044675826567,0.4521862944366807,0.7120792956104317,0.7808072016246115,0,0,0,0,0,0,0,0,0.7988211655076581,0,0,0,0.7856129595392184,0,0,0.7753552692176802,0.7364862547993686,0,0,0,0.7648436917065013,0.7757559504169588,0.7348113482921179,0,0,0,0.6815793683322626,0.6220303757950644,0.622859941512924,0,0.46042800044006416,0.43313190818382685,0,0,0,0,4945.538062981591,20980.34132821111,12289.01317277017,117.95506731213457,772.279639801358,185.39561466378035,19927.25558621441,94.34240903124686,222.23095067185923,94.07597947973983,113.8828332967707,153.35707411258917,167.0794186279469,170.18750595301407,126.25965139068435,429.2215148649756,3707.1349464257937,938.7843057899508,4468.858440501804,654.3929709329092,1344.1992487034715,1271.469434026303,1869.6259161286002,631.034602650158,530.784545666054,232.53248165202154,180.39322258604057,862.6578215414793,1442.5610661671356,299.4187531742456,350.66035137109264,654.657462827,298.1760771553938,638.407885714558,528.4542071018635,485.9738575057916,302.2451051612275,364.8272192286544,443.0457380084202,362.4105043061276,345.32089835240873,3413.0149823427,1918.0819542170054,230.43436212663346,194.94165578839142,217.75787547860418,686.3669558984024,936.5881292618072,365.4996781279885,533.8940115912231,452.2144258018533,0.9352512637044479,0.8297952019796799,0.16584996764926524,5.98126241285258,4.806880624452974,6.974962252850731,0,1.050533527518101,2.4942013824717115,7.426793242766111,149.67127893339637,60.76066454842218,29.25832459150264,118.86512943415455,234.90652029240906,252.1726098622475,40.54184068950988,44.4321155646396,13.211733368101063,220.5705314709812,84.51587780694884,2.3077703925763697,1.2538527794456602,12.98799147108626,29.986431505857343,68.5167069008088,48.879477053504296,19.851755676343583,91.6286150795869,12.766868884450588,4.0598051405366125,4.0290578971992765,121.05979287433615,36.52330468547787,101.05984456618725,258.00080965536523,349.1030319682003,579.444340331486,536.6387421707252,306.6603079258736,276.86888573570207,771.9364629855803,511.41559040733813,561.6175809996397,574.8745110063062,328.2753563987697,342.25849694534185,572.7973098707406,188.93374125162862,681.5300671029792,49.251046656237094,88.08605153628106,9.764729926646428,88.05153886931527,32.054050999094585,8.485276592067377,258.4689410616032,59.035629757300555,84.73338382873021,188.88043638353585,291.7520558798762,484.6010488690901,501.48596424766464,42.688111032865834,1144.8206497992583,163.73697194913453,14.846340212811283,10.887530995808275,62.54648904473439,251.50447193578103,393.9986227662484,91.01349455045302,32.823330424852244,85.37478131331056,625.7200566909805,256.7858552507082,299.25047748963215,158.12393217438725,310.6799034693706,182.64732819283043,229.40987861866645,384.276429179475,913.5625305684924,431.22045397546304,1026.4815295966448,1098.1602123526195,1279.2121196075327,810.0451880111568,457.931915145278,925.2932518743479,527.732485644666,409.4716803954376,403.0653193051617,351.27816219012243,483.06428856178326,206.51420868635182,131.86380033340302,0,0.5192671486969317,0.07957280397802849,192.14435537079504,28.142580395885048,392.39947549561055,120.33447647114018,87.159113044981,294.8887671934519,56.883906440725696,95.08303087408336,481.59017399733256,641.2634893800744,542.822393686874,546.8270129300689,511.1661384935778,324.185245700128,57.93488157819451,58.30103505823961,164.3767225189437,4.8922386264434135,126.58364240250003,57.11175163592406,8.214245255677683,12.110472210123715,27.089434485031862,171.20528351909252,9.100458376686289,3.2692837894735245,4.61761737867762,8.453425515361985,2.4353966734980292,2.5955265890287933,2.3570341980574634,0,0,5.356840867943532,8.164042448811623,0,5.775110363283409,0,0,0,0,0,0,0,0,0,0,0,0,0,0,0,0,0,0,0,0,0,0.19786378560974613,0,0,0,0,0,0,0,0,3.2880082410006715,5.884468389008304,0,4.33212783874864,52.26996914521547,3.418596693202762,3.100464569884779,43.04440352706828,5.169233779102992,26.572946401826087,0.20713065605952666,4.357709388970692,8.838225599229352,15.087979161309619,6.287498798063948,0,3.768438595076309,0,0.042807999192309466,16.322341284256044,3.180916692012758,4.30708694239442,2.9505987910888827,0.1121659001939711,0,41.78489466922314,0.8294345460406507,0,207.91574898422385,0,1.0482781207419591,0.7229278221224972,0,0,0,0,0,0,0,0,0,0,0,0,0,0,0,0,0,0,0.01760901570571928,0,2.9709437821775997,0,0.04907378888982656,0,0,0,0,0,0,0,0,0,0,0,0,0,0,0,0,0,0,0,0,0,0,0,0,0,0,0,0,0,0,0,0,0,0,0,0,0,0,0,0,0,0,0,0,0,0,0.04980369619682166,9.011129494349065,0,0,0,0,0,0,0,0,0,0,0,2.457875696550876,57.65340527467504,6.306740132349063,0.0837358583291272,0,0,0,0,0,1.5116889522319121,5.643855126808281,16.605490271900297,39.25343776925359,423.522494334105,354.1776704053246,433.71360215579153,774.9870040851143,67.41109164438194,278.9575781742306,399.20491161379204,85.65580340619381,131.8062774846094,105.90064339015974,151.744253008016,18.73959996653016,10.199365524023952,11.701818088593527,14.800665474014234,11.813056421639452,9.951080787570977,9.757497118151708,8.202492726180779,10.27660444304057,189.24968474818175,4481.255290268318,2206.5945221769807,14.103801837619207,750.0579403971656,21481.571652184488,13075.635792987767,6368.503105534552,12.556239457671042,37.936672797877335,8.09607821551284,37.17699496672652,14.267469409241476,32.46776634754959,30.306521066114062,27.098982939594766,624.0743307230516,10.251275087399296,78.10285813728063,67.56069532557014,14.613340614063612,23.35372913495526,6.034305636755217,2.358025637578025,8.266867569815636,188.5935097108089,32.37724468378312,356.3508527463801,32.202186484129655,159.56041505755593,59.03045588494337,23.788732504692412,1056.7483718131314,132.00872983996837,2678.858770343604,2070.4716672134555,613.9798531913665,66.81238433609624,1.4294093694810115,1.4520947296649698,1.648482496037314,1.1418773431707068,4.705097864626597,41.37940533198961,6.13929014829985,5.765867335050498,6.806083034995398,3.824448072585625,3.527853918841598,95.22750832256409,17.95478386202987,8.42867217500095,3.4592344342014494,25.871825721007088,2.238520388712617,3.1520639402651853,10.064731193028072,10.346648222506687,28.234397476225542,10.236566860864436,16.170700200647342,16.281023737608084,50.561159488124616,27.762991837143403,42.953621768977996,2.30411998354877,10.921710732017319,7.043570508607062,4.7725893084034885,7.044108638221632,34.176747869127944,7.042282216308183,7.0049358706538145,6.854468968659178,7.086970512667213,13.364263972984565,7.02479934991929,20.626597775580695,19.048390904002478,20.0508795646237,27.918364248462876,2.1156803161764466,3.8400318318393962,7.015423889938977,3.472596327999281,4.2291658906841825,5.589763563153653,7.731285990713668,427.713575433816,1317.5680187103621,861.9265734439899,95.67650007242729,1072.5578826041872,228.8307865088346,7.027831851968347,7.053290396622934,1.9032484886176704,2.138547159855376,1.882606406541817,32.53653284260305,16.328305365972465,14.863134278696512,19.624676299307808,15.581188244656802,10.710427168189772,9.5692003804255,16.000518453888684,10.495402125540078,10.488914563241465,15.785258203014443,13.052442790892682,21.787912114527067,22.959873771126333,33.73776136768211,15.452099662892733,16.309272275975424,16.0752705028258,65.27980270917391,15.83338036115621,16.10334183619246,21.441461570422227,21.27605636668009,15.876591645869297,21.385073705186436,20.368109284283037,21.126469362228065,15.725371099779595,15.104190565903153,20.511984909836034,21.483871998721785,30.50809050421671,21.19711028176871,31.09464851519083,41.449908061637345,31.819213353664832,21.061478268785716,70.43743595640876,1.7514439397618051,14.5284714044846,14.825425274976784,10.006957797164734,18.060696129651145,0,0,0,0,0.014600651878495177,1.2990765455329287,326.9326860046044,224.2568779857997,802.5179807853015,17.37510271862985,10.073196940393231,153.55819124438185,134.0930458674569,134.5106677602612,629.5381362372855,11156.273621900564,11873.277366997328,724.8861434143503,29.67585419225394,127.98539936832468,219.37889390435151,219.4179184929311,33.821623299728806,10.553356889206055,18.015767044058673,0,51.9226801725434,27.785683077392534,46.84873526356929,34.09820278990481,31.191121166292525,88.44640273463853,190.70408046126136,102.84782500784893,76.91570491661187,130.23981055955866,462.81281460037235,1813.5115741570464,964.0793371539975,223.59098132526069,236.81530573617525,254.75776549012033,134.9540951886941,969.894770158775,2210.2451414795096,380.26342820145,62.624756189833825,712.5451577702809,179.75181606060812,145.83322635802907,267.11758334416066,158.9308975647381,61.73531537827338,128.99926429984765,83.37533590398397,192.73207361965908,759.1599002087244,322.6078523033316,888.8022861765409,67.47078859976523,456.16378888078003,1916.7561774905053,1328.872407905564,1452.6352957787587,2385.147148071387,3729.1315912773607,7957.253643637648,76.09876170441144,64.20574847409284,31378.6845891089,30342.071717313873,525.6364120759586,7722.2668178828135,98.13541069031791,30.226690602478623,263.1829059509306,275.17186425315117,566.999011495679,1185.6244277927028,575.1663697201885,345.2587640213223,279.1251266309999,442.5519214611071,836.4565205153327,1578.702385027358,192.2066581935468,637.3872915843704,180.95838783086543,194.62260920212526,156.232986680117,161.4268221255738,125.44977655790807,42.065927213727285,95.09953544445824,366.03960164579553,184.15114686486368,133.41375286309446,101.3418335474038,139.85025710070337,289.56331145307314,180.1072142469666,111.68484371840398,283.6891241757353,172.99701429750672,404.6747841549257,261.7279108500853,151.00883459921678,239.56200736353978,494.4853898686459,303.36129079919107,440.5754688771225,567.5526392756292,101.98686510875045,285.70720233002396,218.70255180512967,739.8918806560824,501.24026332227663,260.66712999673774,184.42113193536602,265.9493868006901,364.20138727234183,400.9022732295939,325.19018867750555,219.34348878802302,208.86942244579248,248.33141791894008,218.18473787243937,262.3678188407898,239.65956630834967,278.95580277052375,232.74077517350898,521.3944202818122,424.4670223609646,310.85791851802185,466.1655108905667,405.690043184851,25.154106351170405,103.63208122306067,49.93360029135314,22.076072278668644,33.12951003597413,59.824669097626106,479.7496470624333,365.67522686708867,135.7780305856458,35.56879060492008,115.22205993869481,121.74726043694089,119.91674313863287,37.26472085762917,49.78209094470484,97.69945285205527,142.40582080076553,160.65272819180703,246.8174670818967,87.29449543918726,130.00080067358468,133.00663066958438,230.62051596050307,23.783318100999388,59.87112933339468,171.63631724596667,182.3329275420882,109.08157565285234,78.16569906817563,141.12457702607526,164.0285471495005,183.01012086064574,174.5218796695036,99.39291272355837,203.1038609971157,59.99804099352895,150.46098689872036,181.58434000358258,194.67631539467354,203.1020074042182,160.34776485010323,144.64921737634688,848.5607568919452,321.6390831615169,422.52032876717067,254.29610510180555,200.8984428077862,209.11496202239746,174.32700478613603,188.83256534235943,190.38847956237873,138.43522134792744,172.728439528516,157.54785732617896,211.70524325602847,375.2774951528423,154.30343710108377,1406.947197068021,901.72856598614635,927.658809340998,284.07703502026925,521.7032783162323,128.16706664818372,172.3692621637942,256.672645063002,186.71585009136334,174.45797549748696,207.9037693289683,1509.6965130108451,197.8677252460479,246.0589112496222,208.2460478171605,86.00987376839616,183.04310419943013,505.9403300149233,1342.9760338145559,618.3098862803906,257.3492575076611,311.2359392543381,227.52840769704113,946.1456422676227,6343.236064651871,2882.648758005653,1809.6365683044087,1481.482587903471,1601.6757032877167,270.2217442209026,234.2026945023572,240.78217066311788,194.6727071400908,195.50686505596545,291.66416732615323,392.5298377305535,419.527170045158,2345.686297601829,458.508944195901,224.53506784965478,282.4872989068077,184.56605024324713,175.85010213855577,155.8055079743307,1099.076381762153,1111.6934706408872,194.57919400890185,137.625600061676,122.50802117401254,129.15197118573798,133.18752926223468,145.4168155836224,216.74395783376673,204.09928391959653,210.90506779535735,211.7694725314116,196.21994130776105,148.8111775927675,697.7657820482815,342.3068015377753,225.76674741436014,170.56398432991264,143.32112571307854,198.79032738985393,139.46402736290645,265.00862379319835,584.2992025873355,234.86567178207784,184.43900527541467,238.4893421337599,74.87305007322601,267.93176269386316,101.90415370588381,108.10282602747243,105.86539575875494,237.76125775854098,236.18298630567185,277.2977486077306,149.55362458443338,162.91448466727633,180.49978500737646,190.71330668046997,173.79307564219533,203.76894906861074,216.6041434406426,238.3682122050663,180.46842329720474,443.4591825538582,487.1321415664082,233.97120825036197,194.5003788006142,157.5134181673708,196.5580796437753,188.6912221369839,669.2798675181236,675.1263530054151,386.6011297086637,131.08334358070113,109.36136298971202,421.1912795451717,71.88864550994214,132.9842098633617,168.99892748560862,329.2246387508019,105.77528810291113,395.7864258931268,85.27224675451808,130.30493352232767,153.74126252082354,140.497042217582,207.67999906534382,146.94876576523978,160.2626749891961,147.69094640263887,233.29588476581304,287.0188643466977,80.9239293993156,98.21454004787361,74.54737375628345,196.45415897819973,165.01351938147494,155.37306088443987,324.459847130196,705.2147311371006,116.57473697533226,162.6940280411247,537.6105293958045,1213.4501508570404,152.9311571084749,67.14362015284581,113.54463030356969,90.2478918943118,93.84507015799997,98.16098909745628,103.91772549781903,85.59904456730403,542.0551441926347,136.2095448753932,225.44824243722226,324.3164118951604,182.8948754823241,466.73185788052456,284.9443828530149,416.7991557469914,393.6162216479984,175.44494520457658,219.46268533483772,156.8783316269934,531.1854562265212,159.15953498985218,219.8192495085557,170.52076969683648,167.70519641874134,264.6690655647482,108.45237264363834,110.57547058432188,149.17053836646738,482.8982516528725,320.3663825578553,215.74119897436623,147.46445254101764,185.94328399832133,244.7895742663021,208.74106070945203,1047.704227979719,1626.6990493848639,361.253745025111,176.85608221524595,726.8467044614918,3908.3753710169385,580.2693865661721,175.67034542480425,166.13834800317733,215.5502063057115,248.89919446944907,135.97926761551932,150.99151863670545,145.85537439289666,206.21086660470834,174.3330575747206,155.51460965274512,165.48409608021052,133.10897607072602,223.75008732954436,154.5840910651144,186.39767526808362,152.36360898975687,195.6855537641276,1305.8583541540854,341.78870711158896,201.09318257866087,175.7734259807537,212.1378937028592,166.46627590593656,218.13926280497742,192.80531423037678,197.11341671932666,179.58962462959275,252.45031876450022,1091.565632655799,701.9612241460965,183.28984862285506,247.76880534238887,229.4103416446322,186.86581236029656,171.65462264121015,173.37379878443986,126.64269266625844,121.28219628054033,192.78284285635797,264.9092264613339,326.02209591070346,169.51350750074462,398.0546102098907,277.12231407278256,203.86155200177805,138.7550135693694,155.62987904545227,123.23334826804654,142.39415030125843,156.98480808623768,162.31457437115012,190.1305211974352,174.2552966039119,214.05264977653502,189.77647627779672,254.84552451457134,200.1970199648944,272.6204288777444,162.51213072964612,196.47959912701205,125.0051466417842,246.77865057571054,143.37742361974318,363.21421838863705,194.7189493141307,282.10262006857613,185.34281221977193,145.43182494951952,180.1927044688355,249.2865434090289,209.88641530738403,257.6256631718592,119.41513992203,155.65163486483604,101.90141629116712,188.21544531449024,106.99071700109228,167.38163076631085,76.91701561143648,166.35627198580937,286.37253285368956,99.27217829135695,98.39740250740535,127.98087460618757,162.3622160113472,99.70325446526404,207.97925042494128,81.25827731281683,115.56783681772387,167.46152166966175,87.33434749584302,111.53851583759766,117.14526667365556,315.69982458982645,525.4883061566838,378.43051924029885,108.62579154907495,145.31104967479934,756.2889303789322,502.3986181632948,95.66545654577715,114.45058920833084,120.18125173968646,31.562675852793618,26.7617875572987,36.79657724510954,36.997948051105865,501.14576803733144,336.31884769224774,233.7493422523927,97.54274772999584,108.52142707932475,355.22847669178344,290.429860125773,243.3915013203232,498.3988152185158,634.5033858556651,742.3159294573699,2793.8301229688677,2135.8790040891668,674.3186271197741,759.2207042000368,575.0759278845352,400.401933545112,245.8815321822281,394.7287509640261,298.60798808118454,132.00152783450528,140.49456074207922,93.95700978755383,178.0898702642896,165.9595761716006,122.11357531231187,84.17611857118578,189.99384141225224,160.40309756754758,130.1613778830665,342.0755671267799,230.6238168870447,134.14614472666312,102.52769871186533,178.52846011128923,146.03366908866192,195.91097408056632,1804.4700230910705,2777.117439589671,1597.0225841652352,351.0939908748464,295.18475207505253,161.27560017321994,102.15460113526328,2244.671763097677,776.1179405237395,707.0939798810024,378.31879050985924,1311.262894635768,3360.781949011133,1910.8279012911898,2960.1204240411994,824.7632566495727,2817.8926507406904,1514.5105306830476,1127.598431564733,399.6635464988891,70.50923184950803,23.80291926774138,16.89673016802553,15.448100722499168,49.22271411775259,72.60490244599951,32.78782313854728,48.268556367835195,168.32697258347983,90.36022294163064,93.15856570448912,82.79836791372871,117.62331235527148,229.3608322228602,217.2280244207004,147.42783248646353,40.090963143765265,245.07947472134293,126.4619545428664,0,197.4739305489999,34.724215522229485,178.2848498254084,28.203393120040147,35.116555285435,178.84747432069878,138.4163470015629,293.10912105699424,177.35971766005107,148.64482486520714,207.2582716566129,195.846821225293,180.278663874481,447.6831235427373,687.6895068789916,322.3347174594862,385.2376092005244,84.38742756191743,51.14382658089989,592.6837865634408,224.40292654293054,341.8874663170747,327.16669467474077,746.8317815946966,401.66634055760716,185.03706429226165,311.12049853850857,279.5138517289654,211.5352079868159,205.54713060362275,242.05317815814763,299.9983468539601,845.1977365006818,366.0488728125506,342.1620706155488,180.06717364761974,245.922163983254,1016.2249283645355,313.8632278236068,423.72919841395276,348.4726517228335,428.9458262986753,1085.759956408285,799.2645352205918,894.7436515444091,855.8851725182892,757.6240789125669,848.1357209527488,429.1511330106702,240.84947591726691,533.0068736186171,58.48062988115504,0,191.72953020834996,1821.7105987712669,452.4416850301697,80.44454099870192,9.128575570569936,8.805055302295163,10.826911080680643,0,380.81782737356656,236.02055512587546,35.296289884895856,25.143000532816462,34.302056566368776,50.81578288255462,13.991271449160088,0,0,0,0,0,0,0,0,0,0,0,0,0,0,0,0,0,0,0,0,0,0,0,0,0,0,0,0,0,0,0,0,0,0,0,0,0,0,0,0,0,0,0,0,0,0,0,0,0,0,0,0,0,0,0,0,0,0,0,0,0,0,0,0,0,0,0,0,0,0,0,0,0,0,0,0,0,0,0,0,0,0,0,0,0,0,0,0,0,0,0,0,0,0,0,0,0,0,0,0,0,0,0,0,0,0,0,0,0,0,0,0,0,0,0,0,0,0,0,0,0,0,0,0,0,0,0,0,0,0,0,0,0,0,0,0,0,408.4008071031381,0,0,0,0,0,0,0,0,0,0,0,0,0,0,0,0,0,0,0,0,0,0,0,0,0,0,0,0,0,0,0,0,0,0,4.719541546417944,0.0057676305610656715,3.949602527749028,8.340978708170722,0.7485622180914697,1.5370958301392361,3.949869896402582,103.40211335818788,17.57959198090894,162.8863228973686,12.997170133393722,54.250620486670464,0.1191412461533186,0.010861319252525032,0.27369047921331763,0.9145582781596167,2.939998190608939,11.46799685420301,30.536804667825994,31.328180667711486,39.05015160605493,117.59960630017892,8.355798891777654,3.6671157761968316,2.72710516507389,0.7659552047434872,2.817420654435292,0,0,0,0,0,0,0,0,0,3.1774232948797816,0,0,0,3.0665060984572237,0,0,0,0,0,0,0,0,0,0,0,0,0,0,0,0,0,0,0,0,0,0,0,0,0,0,0,0,0,0,0,0,0,11.15262040793277,23.276038068892472,97.51148233989008,145.8134201059526,90.34198916376978,248.93806282795498,98.88979597746136,193.9743940057898,361.620816562722,46.04086617936667,133.5475440530444,134.30055510300667,67.10282160243545,153.7924022838933,48.73983399738074,114.39289919760498,9.469807756691274,10.147495986595038,104.2860232483386,4.836422159291176,0,0,0,0,0,5.104859721326237,4.238559978639339,0,0,0,0,0,0,0,0,62.14905545097666,65.17254629729507,0,0,0,0,0,0,0,0,0,0,0,0,0,0,0,0,0,0,0,31.956091824074484,711.8147887772462,16.44927994772272,0,0,0,0,0,0,0,0,0,0,0,0,0,0,0,0,0,0,0,0,0,0,0,0,0,0,0,0,0,0,0,0,0,0,0,0,0,0,0,0,0,0,0,0,0,0,0,0,0,0,0,0,0,0,0,0,0,0,0,0,0,0,0,0,0,0,0,0,0,0,0,0,0,0,0,0,0,0,0,0,0,0,0,0,0,0,0,0,0,0,0,0,0,0,0,0,0,0,0,0,0,0,0,0,0,0,0,0,0,0,0,0,0,0,0,0,0,0,0,0,0,0,0,0,0,0,0,0,0,0,0,0,0,0,0,0,0,0,0,0,0,0,0,0,0,0,0,0,0,0,0,0,0,0,0,0,0,0,0,0,0,0,0,0,0,0,0,0,0,0,0,0,0,0,0,0,0,0,0,0,122.18719992235941,0.16152501048059767,2.5288606091002483,0,0,0,0,0,6.36993148103772,0,0,0,0,72.94297161380203,497.8884717776226,91.91664945786859,305.51361927062635,137.72855133214097,584.7878895850478,38.18834721765575,22.333523833517507,1190.356623951722,51.46777137144251,150.70118160748078,1764.739410558016,15.623112691005463,232.1364124776603,262.09772446040967,52.297384578389824,480.32134365760544,413.0418819623798,174.0778441108847,150.42748576951263,96.32100435111678,2056.0241405396027,52.45428246488419,195.5028430172974,28.051264319209466,463.1903888042272,91.00117483544491,44.32239564042381,80.17729954188269,94.62857246397594,0,0,0,0,0,0,0,0,0,0,0,0,0,0,0,0,0,0,0,203.86786679132302,266.8027148760386,1033.9831937024346,1250.9183818421707,1204.1398031675521,547.7314579293479,88.75059874770994,37.236649742205124,0.7449497508841156,246.15072429368448,6.850594232179899,169.53435262410616,12.056424732228855,353.26836449680866,35.250390631484976,146.65595493253497,30.316017950328384,14.727440436736252,36.233823069972445,23.249518100246952,69.72278634621628,190.84003466934269,13.14091623862079,112.86093910455739,114.93026456751143,92.33833949193767,276.4213166518635,293.25428880877706,146.54211255073736,56.439512893721876,25.06940865856966,31.561746269403894,145.88812334654014,0,2.4428010918814493,0,0,0,0,0,0,0,0,0,0,0,0,0,0,0,0,0,0,0,0,0,0,0,0,0,0,0,0,0,0,0,0,0,0,0,0,0,0,0,0,0,0,0,0,0,0,0,0,0,0,0,0,0,0,0,0,0,0,0,0,0,0,0,0,0,0,0,0,0,0,0,0,0,0,0,0,0,0,0,0,0,0,0,0,0,0,0,0,0,0,0,0,0,0,0,0,0,0,0,0,0,0,0,0,0,0,0,0,0,0,0,0,0,0,0,0,0,0,0,0,0,0,0,0,0,0,0,0,0,0,0,0,0,0,0,0,0,0,0,0,0,0,0,0,0,0,0,0,0,0,0,0,0,0,0,0,0,0,0,0,0,0,0,0,0,0,0,0,0,0,0,0,24.851953132743454,99.5169922097905,184.9008775902548,134.53428647130553,1.0030522845997665,2.577150269794376,1.3037345249447287,1.3126557931852623,47.047758128294035,4.796210065900394,2.6992478877244883,115.2378307580479,2.9164653291412916,5.540308750237654,41.392019468520175,9.277277693624274,946.4352597210764,2318.0141830931498,195.5309249465922,5.643679642176828,6.488724923255726,17.606155088711027,12.365646211259248,6.853272350773108,51.188783518984486,146.40189710581478,0,0,1.8220787072403613,282.57980291882205,1.0121765757768348,63.700423680344294,64.02278025800568,40.1638483529763,45.53699884877841,163.20743857394888,50.8431792049808,110.14473053830095,108.45800003687121,61.2734125760255,49.118650944164514,414.39198578018267,533.6092296133529,147.5034131895718,155.23600634189467,53.188640688142975,58.798254940961755,63.67455893801376,71.38220920163592,478.29205023060405,46.17927293649755,46.02757238718099,75.96649041529136,273.8752627261455,1664.4309405945255,565.7500395433491,1048.4622160402812,16296.458842868695,1421.8269389988939,467.7882629560964,131.79956792596087,227.9915891234227,107.67746933979193,387.6015950430034,114.6014645132745,83.04760241427026,69.86824287089559,0,396.3626546086589,115.59487090310523,772.1852830140945,945.7164228718888,7055.607622604257,677.9342683761691,87.7621327084462,50.63217231206808,44.80116694961824,68.57958142421695,3528.318892272532,5028.974384360684,2391.2951905892555,142.502874876053,173.1327853620294,941.8937300303033,19.324265158668414,19.05502805764083,19.399791133694464,19.523128260771323,10.302711552924453,19.927870018160355,19.20221252876093,19.769616470620882,19.884968537924234,6.6678467964832215,56.96314850711466,8.494217592049184,9.366388765142961,57.574631101663265,67.38494843453013,30.6798491416495,5.978822913146147,50.88791044790296,45.74083562078249,15.614902230607672,52.65365715362373,37.99092954335657,32.84402268197332,53.66299992209506,36.92465149318611,18.843942878711196,42.73767339384667,11.172272645758145,40.97905712928626,31.428893853817907,32.5370465126509,28.3416746172307,33.587849201336276,5.74128619604746,35.96000160000203,0,29.333656237791537,28.1424661232056,27.274062542047186,25.952012305852598,32.46966622786802,28.350698826530355,0,32.44803227204886,31.280681612512186,133.00880735120853,21.23145997282949,24.34101280124233,201.76842224775552,40.70006822942806,33.384247100184616,2435.937396264559,829.9695451970407,110.16860181733071,9.012574793377356,3.43684997784224,0.35345860320564837,0,3.43104806487843,2.392300372984622,1.1993535401352926,1.1642283968565117,1.158441818262088,1.490232411001245,5.962884737344574,6.361735197181852,2.8250682954813016,1.1689292395503745,5.620901773440084,11.868027696608891,12.014034103731191,2.638365181858082,1.209043363996299,0.6334094392667847,0,0,653.4610794564182,1322.4586137424408,0,0,1.963446877870433,10.011662208084596,14.617647413471786,16.29814851876927,14.82190908730661,1.4927745937274899,0.4330548395975709,0.12362625992467859,5.24898444613098,6.89472740663963,2.4068031911377323,35.54215787454,165.5868682656791,2816.353223431683,4398.547186575178,2241.087646209599,4424.546941865297,412.6209725851279,148.06155066002074,27.837124389276713,7.451983446189924,80.93041219492287,67.68919616434823,10.413126172294959,21.380970418080118,713.3438291280072,8.40778166472291,5.987537032434248,19.645659402006594,33.24504109071388,52.2634132365525,262.9218072974465,231.64035174212978,81.50611287862154,75.65901159116102,188.49105089712464,188.25280841465565,804.6876439835618,2661.354403232028,223.27412065774388,179.9886558460915,96.41380586737334,0,180.81749807566567,170.12371533687124,2285.320701465718,1659.9550809671482,1126.9352620913905,251.63968680995944,255.64617610014312,160.30961969473972,376.79580761357016,262.92058152107614,751.6679509065775,314.374797784711,268.1455725800364,219.55211514581765,252.06875744942477,738.0947379004984,861.9756050915687,140.83640473661984,641.9314212566694,184.80388148995002,589.7805865327695,634.5586421047692,59.927036146146335,86.13498978857014,198.41112845847093,221.03344035773765,56.834366000919424,92.9904383359557,26.6294188630344,22.121473570756546,65.1308113662072,123.56085012158421,551.5238396897452,1388.8394787343304,649.3507965245242,1236.2747363049511,1052.4865426734314,26.614118052358698,179.00784778652385,303.2193226809824,138.43747961722528,194.3655315155875,940.0230643529284,405.7427301074597,391.5650426839299,345.30654523951563,33.22903721206625,355.0419753508946,407.23931233018914,545.0052025521559,703.3777923073102,403.99707288631544,180.5060639792957,340.499638477078,174.7069327656372,121.23866363865281,77.12328303527664,431.1506457744381,1896.2266959776769,240.50872398448666,475.66286617898663,572.690388142782,683.9224899235992,393.4290882799892,61.2159546326655,161.81345102871214,86.86475484185614,28.233567358485786,113.53841498356626,88.01409150325158,69.68998999181326,224.83584344006997,180.312164367401,20.832741958470248,139.0654096169456,28.75442005520372,104.60971123437737,243.7189451158304,666.7687018564171,360.3642900439211,244.5071447463448,138.6503893179884,80.55552018161299,445.34472303194593,83.4726970753792,469.59828324363826,97.70694688504396,991.6150161137342,356.75563677407666,100.11844500729364,49.59496878447552,73.46145733112027,64.92804281221744,183.66411434728758,243.85928400293605,293.31414728959015,614.5040661170468,194.4769902502837,55.75067197881972,128.74939915606208,70.45198825036135,154.9901037697633,80.86803286379748,76.27003461512525,88.87005767111158,43.37322150967717,70.90424641038554,52.12521073633749,268.47910416510155,381.2460911965898,372.1752778544084,314.5051608867592,371.06128389123575,430.82999353917666,628.9005310528192,255.40397978815733,260.3032535612937,546.9296482933779,428.2440166334316,250.8407890075441,460.65412710112923,231.10125532157576,429.13863306172783,103.9790748502418,289.2486263671816,309.82415780482165,718.6028238215312,661.0265124834189,1235.4657761716169,303.66196195610553,186.0479501027719,314.3098390497681,2236.0133266793296,520.4567494611368,729.0853865588073,734.4929955283803,227.02000046443868,125.9401141441575,26.25591917317571,116.02099722132132,170.0004275738028,18.243627558059757,51.6959804736703,90.9137197555179,28.681183334550578,407.81660907273954,543.2906994949383,341.2506637385188,128.0420887694169,55.549517857953695,88.36671395637957,274.85871478216865,792.7853600630361,320.1933088970282,5688.310819984739,1162.0154983497146,898.837862072528,772.7437647591079,254.61131205624292,290.94060816794985,221.14981773255911,327.525536683561,250.41533298764696,350.79667492296886,358.7669073935219,489.7262642805472,600.4481153249998,516.855873430985,132.52507553540366,106.42723634387845,209.2304504720247,126.71429891429264,123.49771144958405,83.8328280683579,115.54407689519343,116.0711087417569,21.281159799963806,256.92792017595184,131.9984867266784,15.340457453387833,24.329807089849204,278.13476900187004,184.99792566028597,257.9235279931499,229.1265476365289,557.795158641876,1486.6837254823631,1295.3408439078366,1628.1158507105633,1146.1838377336314,250.62067468136246,328.3727812569071,492.5923219329621,778.9717965133489,1366.836442809612,529.0308930660871,281.7687083785108,25.936820983699533,126.16539627367384,471.8428088485232,96.55439562033875,209.3576052488123,861.9332872694382,216.76911891424712,33.26785252453797,185.16409679893326,1414.2426365020171,411.7990155927809,81.08493250658866,62.942767915159024,567.2597435833834,200.15279885731567,100.33475571807212,113.33508724138802,323.3852147088726,75.37650342783436,120.54856014719752,456.1064195777716,340.1836995013345,725.491749713926,1300.0653759503914,1288.7957367028966,117.42361472047502,90.23770408234938,73.63684810909174,187.09749691719426,56.216320090529095,52.165602090802224,163.27371272362643,610.2617444880793,984.7943085285783,1372.1503415393624,2575.8229701868677,1110.7235296080416,60.936970440984425,659.5081579378163,99.85221191127316,758.9090734715534,135.8743163031883,758.6258420420415,390.6165214502777,195.17270506465152,212.75088175379238,110.88853548273167,97.88858714534624,184.56778389066704,84.69257973473464,315.6017641453236,256.90307220269517,277.9709147692313,306.29475108045597,27.488570172876088,26.0152354033531,141.21738108389445,0,0,0,0,0,13.081535425536583,2.1813483493385197,5.02465952210485,2.7595255976781794,18.729993660597298,752.6818906448894,72.02003661850983,133.43458782922448,11.314497548831325,91.54746276711133,29.239812687195055,213.57819158649002,1617.7997510298899,809.5526413957537,844.5866043620413,557.2683174997674,508.0783027846246,184.1924621878784,176.280367705845,304.893973246217,283.8481593480287,231.9222377563445,470.3378230946319,412.6045512130998,83.59711149728388,341.7837911966794,922.0100916163392,545.9616082880093,83.82688085376839,54.544046352523644,54.29891845563561,57.99770022437688,28.565919220953504,55.44088994012804,25.395301617816298,56.85573435989092,52.52189232008899,76.09517926953048,72.63038726350538,167.88840643964872,1168.0134384329326,1522.208703739219,1914.4156979377844,589.8381549669551,530.5594839612197,225.98549316028004,200.7097071701368,1152.6729600590438,846.9528367573821,1140.8195070215252,163.88681081787504,111.4200398702067,108.33996213840143,68.85329869156362,636.323060965632,165.6257406903736,90.06667845564024,129.93972024018748,405.84671752199387,127.64747048962606,503.7527999055302,246.4681476620254,107.03183489167272,1652.6030471186864,785.5203660031692,918.0787362238891,880.9108728324098,637.202863846469,1402.862064612675,640.5697698704245,326.3663600907174,633.3894368306703,2704.0895507154924,608.778743790797,398.7994353036563,10.701794555200788,32.56532444689171,40.561763369220635,26.5541897334416,30.29768798808823,27.016778620748696,16.117978751227845,15.47926025112425,104.7990304568258,7.525560642765261,43.788150161002214,8.384725387937522,162.3995300614131,452.6041257102071,2267.73092008337,7.174270487028645,18.572939074961127,3.857414988990794,281.2216895951973,757.1803016626488,910.5759543017227,844.6885587472984,541.7905223522872,519.0054565507132,256.25585105421067,556.9582513855328,1183.4170745625972,756.0162947799142,2574.166112841082,1253.5771015404684,2077.8239050307193,655.1577517236402,1019.4065209162985,1043.0349625633303,1737.2411391107498,2728.932779269132,574.304056922288,592.094339485218,2952.4602897581103,1794.297594747491,599.6367102458706,1682.98375765488,1819.2410394302651,1045.8294346802165,1976.081805541907,3098.3790592515434,468.14712348495715,5001.696790703973,3990.6294506329937,58.52187167212592,2038.791420183274,829.0968028238632,37.588138756135315,1581.2504345587975,1755.1171909812201,1330.3565461148744,455.36985730790315,53.964441735800456,180.0595099690607,151.23802822927604,24.06235860050377,71.32757173436096,271.74367067341154,543.9222080568983,384.2731370441285,82.76781489349526,187.10306132610148,27.722060021163045,21.69934138828783,18.59418745938404,18.646861407968643,21.000376344546527,18.724876256663073,32.630867807954424,64.60169335365516,76.92137693933189,56.51670003389679,4697.188357493644,297.26584321566196,1282.6866163120326,252.68530363609779,22.067929534484563,225.30681856853676,442.6513641419712,483.8254341508391,48.7577140017644,554.1797350632315,1587.1074910499842,2105.1839726904104,318.24260686601195,273.9048764766421,366.4978427491023,1284.8445059031721,4992.485369187013,228.57423030202395,1192.3756989150272,606.5896179259408,616.1427381699581,665.1260873246594,118.80867331351293,778.7578053968385,153.09208743448167,366.9964846398428,72.26287108425917,341.3169645760568,63.92385359461582,34.86896464236481,34.9716189224001,40.6596534868306,13.173011834243225,30.47954276699408,108.10757121064579,67.17847042259042,167.58552028695297,68.09197609234286,131.09484165272542,678.4082555710994,201.94961547744248,183.8269962535728,750.6217687849424,137.6813191683505,144.48389512224932,532.2647324952286,942.0732419130527,360.46370276442934,151.92596516132096,216.68683910808687,281.3759854933853,110.89335690593923,167.7294770959945,589.0675118450033,180.54975417365418,296.2649161312136,135.67920575257654,152.62885500893339,245.28316995425075,396.96961623033195,147.90021237198644,162.50017292379084,157.47728151105773,179.27748711689566,259.5426779832235,429.709852387706,325.150076404157,132.35675632846764,381.20613357184993,101.57905066352924,109.72602525132399,127.56238273521693,575.4569478726063,486.06291495020446,49.675746324423955,79.58089633897173,159.20528744518225,71.30332819121465,41.698068085481616,57.804540346130686,153.7224181060874,389.06737540910626,127.07379542630635,281.2617783871536,546.5345619665754,1386.3052868384075,5888.74315392564,16314.032023293734,4804.978321024269,697.2870840427621,692.4772300565381,634.6530176948256,262.80316633007374,293.67849870652327,326.4086362492074,368.7184129243954,213.56535088962985,130.52858431465182,112.15685083767025,269.71423445891696,253.8196591865113,147.2155345812812,66.36888089267221,79.2156175143767,15.963253405456832,2292.694707223074,65.42633917397376,33.31077190338234,528.0610407307847,86.24238529859025,62.33948267715682,62.45861307141017,2.9222548606442724,38.989218520680815,0,57.99441743994417,10.532472779380228,38.249386697871245,40.18151397476461,36.40512379188238,38.44521601707261,37.302922500300895,40.882736381892514,0,0,0,263.229175878649,101.48253723107614,262.4930152866965,237.02197776920337,247.75741821907658,122.14296573313418,166.26038311687842,549.0198223753109,442.4605085993041,529.7980635164594,341.2647487079966,359.3552151006523,260.885100106179,276.9371741417124,216.02294373621166,150.1637317791885,189.60893862370327,106.06750712252189,190.6485907663347,190.93181627002156,589.7133478963744,922.9358403081525,203.34995507437355,521.6445486618559,66.86330480820918,159.26399586996533,718.7687614565504,167.17329793131378,208.6596041222975,963.9807411973793,174.16105022694688,909.3759853056364,1000.5974846536847,1037.3688126924815,1338.297743673106,3468.629564279566,1559.1476019596248,4221.134643687344,914.166092404994,626.3001458370094,385.49663710987625,1066.4822693515127,480.00387894269727,1801.3976475855586,0,47.69162422964784,44.97297464565822,98.01449455913904,57.79617623838853,741.0730635246182,60.11836411987567,52.13456175390454,30.140313384084457,181.56962278621617,758.9208283512403,611.8886111272737,1055.7702291383787,2929.6277784423805,3091.190683637289,23.200288393224813,75.10317132799172,337.7087156512421,29.761736642386655,125.96554656817617,233.40980223799244,101.35519172669594,173.90104755049543,229.5859097931849,244.34627008155272,147.5734051370045,370.33666228525686,108.79553013434047,151.26725986541402,50.124281250679914,32.90897591429151,15.953036569002498,66.87794369176771,26.44754902243921,13.26345416096777,177.10113754327458,18.190160127384907,271.1938922374999,29.97371695624229,164.74754725533273,7.409116865895767,1.851916061377362,2679.6892580979875,2713.1424216836494,588.2737266576963,636.0695758865475,140.29023129121023,1376.366969254554,1218.9390989814792,718.8058806080035,384.783050384091,144.4456891544341,138.41382961342327,139.1067558999108,49.69658367305387,52.30994131462612,65.70331124281616,43.00132765892836,47.75962443022755,83.96967578409075,88.04995917604407,119.6338556104718,476.7171715442093,1239.973200696272,420.5545345728336,145.5864452854468,55.96912536593468,41.97410333720408,76.78298133091504,72.44599729532918,41.264290802207704,603.95885155254,247.18248104667313,98.82284904206884,70.3382128216255,46.92521677747364,378.65008282715104,328.59888043850214,686.7288286639598,717.3587030401991,224.4860918970397,187.65316040265495,346.801350761834,376.09143266050313,608.20962764391,256.0292862298833,18.210210238401046,21.798965430862147,240.65121442884623,132.28979217165207,0,44.966012511214494,12.607830811657214,16.092233679349093,87.44646299827278,667.6487837933261,1628.8616165256165,1765.1240893054794,102.82247110740752,108.01651356766135,38.24607365152876,132.0027782037396,508.8666321834069,167.30039040121395,610.0926155539888,92.68401309787637,91.7368694687395,280.0413790950536,568.0158689784344,97.24385659198691,82.20564941721396,13.36607008420218,8.977041968854847,10.629695763140623,34.91775410729078,10.397985866069412,209.69747949860667,151.06390046800442,16.788237271186542,22.37396462395725,67.55658822634153,35.8265901105097,45.25266252213879,276.37567381537406,652.3136317103642,34.7771489733886,177.75061057684064,157.38871837117466,23.118114198272878,151.96670348602092,1.5233295048613182,1.6317158227187678,33.889912410551524,284.1598950999512,182.61748973796665,22.54780766635727,641.3124547559216,373.2369180002158,75.16190175639615,14.207422877446469,8.572869458191986,55.07763916689613,13.185225510478253,69.49829672331742,18.108470349432412,10.038099121092575,14.845073872635895,9.172681240443643,13.452474894206093,7.7151433379689935,20.625601494083153,318.0360597783632,6.822674155447937,3.7806963424798843,158.06549107785108,757.3692504746319,561.3963653846458,32.267854801935286,176.5784329694663,236.8339039861492,203.86204624279014,344.21074666122234,165.96335008507722,222.7667852951173,37.3851745605816,61.548841179851024,1239.1592272185646,896.8285440575256,3348.4197570659367,2507.2108676056387,2104.84205489634,2284.2381592554502,1251.825057535467,744.5212257692996,4.928826717804203,0,0,0,0,765.8829934475815,0,0,0,0,0,429.44455075691167,0,0,0,0,0,0,0,0,0,0,0,0,45.81461029393774,70.82790644301058,0,0,0,0,0,0,0,0,0,0,0,0,0,0,0,0,0,0,0,0,0,0,0,0,0,0,0,0,0,0,0,0,0,0,0,0,0,0,0,0,0,0,0,0,0,0,0,36.36988188505276,72.51444960022091,38.198171878937444,54.6521124963079,0,0,113.10566731598328,0,0,0,1.2871174848659797,0,0,17.15081763343055,0,0,0,39.70810477271658,48.70847272931134,0,0,0,0,0,182.78964782692438,3.1394175921083023,37.024923659387625,7.8437280397410625,0,18.76914455274412,20.909814656346636,13.667975657497122,12.56394991918757,80.42316997141955,23.000491279525658,329.1836942762402,287.8706190508268,107.18314420508698,83.39266967442843,127.64362516975356,173.7616548374744,0,536.5712789424076,22.098429132620065,233.97735893513374,330.86390813364363,1514.6353241009958,117.79735340826016,0.7604473165496773,93.06509761760152,139.0247225046854,157.22465285931494,98.97880899513132,121.9963525866293,89.60118165752401,86.31987900112098,180.01709638535903,7.503742433471463,116.00676923646569,120.1269909640125,113.62072436406926,4.124593363794145,151.4179079142429,57.047784115846184,5.926684971899607,4.241827686607997,117.14490554513152,12.617525211340315,614.3416276928448,442.298373441727,18.76798130795777,413.97477587747795,320.1705956538219,581.4012812146673,133.4803149647939,568.7265366915304,160.40112237046807,520.715780026681,118.21867087250325,274.07548743999496,427.018739283716,41.74111518129408,690.286079250011,367.7880484376693,37.406672127789484,160.49943125483438,32.07028583903084,24.025859750429294,63.476643839445615,308.0310183612925,327.6899456429096,647.4097226650247,344.309333087306,407.36990221514264,483.0685269031195,59.41061558319292,8.927917093469272,9.556184412891879,2.455220317626536,3.9882006816212705,6.515382127580508,2.3634492021001705,2.302962833911999,2.0502843458370763,2.100760398767574,2.2467639910311585,2.269146040611591,3.579103967197066,0,20.412570086012128,110.45156512851271,103.35411398355969,217.62882031732687,2.012781754377933,523.6523796100943,294.5186844335651,146.32265009186395,17.203633068656558,7.1066535563647415,5.890351175870779,49.751268678170476,52.628188087474534,73.80121728738617,83.9635061902237,333.3549573862946,261.61971397051747,123.23742312836974,307.17176987644075,211.61288554257766,443.24828455231625,587.8026562333539,1321.813813200697,1454.2689407221562,1030.2059037497397,1587.0195403037617,1006.3717520876799,209.05960240594206,1005.5946461541112,1122.4234488012755,1137.5894239444654,625.9183068140453,1299.5994526693414,9.12143738190005,52.77852449929876,283.49564847538727,287.2406469811771,628.2897013998029,685.73733418653,491.0775008673468,10.048108720008013,35.841645601398575,36.99313624019385,54.26222991826703,12.707734811783755,47.15990193009498,36.27351431538683,35.65562284562887,39.26025158251025,185.60068014725934,283.68896026450454,53.69955149670303,106.01393433096807,744.0675064256994,104.60996096191872,494.52322938227366,909.2936110861657,53.609478268029115,30.3936804682491,563.5436464070169,231.18101931015818,466.50805672633794,201.6695878732542,233.27186074052395,293.1104004051743,207.46015932779886,100.48057645546972,678.6656869685163,552.9101916575462,657.9622175571476,972.3638903518344,324.4155554477589,196.0139457832024,314.52590514815245,139.8361932506754,198.59297093343358,592.759129959035,549.6459651735147,516.3251112486159,440.3067538478409,561.2192369232147,354.73940142619125,361.404819717544,288.3301480744481,399.3667704103429,712.1736524319667,976.8763235497527,880.8740328060743,580.4053032119875,355.66598708339416,259.79969153443,295.94632864267817,130.3298414043819,429.61462421181375,310.47150440607606,748.9302891697392,150.1064925557423,27.01159741354418,17.21902512051734,26.442242576842336,33.201726524262796,43.75878317810425,918.0271095840933,2418.606561935986,2096.649648809413,157.39471969162594,352.34794879922265,1215.4180381143562,1108.1750860327365,155.26715128840658,376.3711152233631,395.55493891158574,333.56643257261743,185.9905456739466,1123.660120841098,724.6010971732605,168.27562659409662,108.66719733825104,944.3188428539086,271.1329669430249,362.5443476748456,321.2303776456652,603.1722032759121,216.50783516427063,171.48312995952017,187.1594555727153,163.06464137514536,614.1305537841013,316.6711904617169,269.2374576822998,308.13626590573074,263.59326476835713,139.82768762228756,155.3914201409551,390.56110957175724,104.1461213675075,227.85511623089644,344.73361353149454,153.13202530395884,192.6529356476222,448.98199680600015,844.3571117052464,133.91853539351342,521.9302553793601,61.01061455604061,1008.1011687206728,835.2630373003469,157.54242225308997,224.23618895876055,218.56703190099466,804.6262445930204,893.5985664192651,859.0794947513582,623.0855189751396,93.50023571063417,164.98041733250184,724.7581668619596,241.24835454475266,82.51661289340286,240.1437857380823,645.5614176034119,64.17586545602693,967.9102697917417,229.85067790519824,178.79984487316077,568.0126890639549,546.1637600524924,126.865139774761,297.39134373687705,402.62450369455206,236.3809601680964,600.3044687628059,309.01194116322665,67.40294940220373,213.59672346080842,168.56951102584705,210.95683094662556,223.34228927705095,371.5840334264981,355.1858861051661,592.6287341184279,304.1692607319143,510.12899628017266,336.00526718861033,171.2810124730586,149.2695845727308,505.10893177589446,229.8366718768859,720.7570698976515,953.3388026676483,988.4256149577673,432.9479681841721,361.8611585782079,425.325142869777,694.0291206277061,407.909815245472,423.4606657811849,8.275930406571103,42.515162738185495,114.41119622182786,83.47014256433174,4.225223800934235,9.155266859298338,27.82056183267055,5.490729737957454,13.54328772891979,2.3170185117557596,0,0,2.5478527558450117,667.5504070075572,0.01402370579063585,0,734.0619384686881,808.5493764330159,1286.501667775057,990.0087579980958,900.8672021479318,1205.4992694429377,531.5318226147642,913.061070128505,0.34910942764569564,512.7975135393003,0,36.44711601509064,0,394.7497849142573,36.87370398211978,649.9177159713431,0,0,0,0,0,0,0,0,1.3913860182842919,0,0.07940966225253936,0.0464337383912491,0.16073702139192234,0,0.26677849640601525,0.41434748948132716,0.018881476538588956,0.09147779141496129,0.13863269527493385,0.12065981533646881,0.14639339243970498,0,0.18394060928820638,0.35919645887071605,0,0.10858915441692295,0,0.25026734949847285,0,0.633872164623674,0.2048833978234607,0.7970801198371789,0.07116608809331845,0.2806038779764199,0.32253770554628153,0.16571494691171434,1.2457336943146493,0.12917578135524005,0.30994896855338844,0.04927337485685055,0.00200873708485723,0.021563777965457585,0.04237816413702616,0.10904155636389307,0.04162103012292249,56.86192880124128,169.1013427999472,488.133485903827,114.53696369910936,737.962986758481,26.89233972572921,42.11761281364455,3.2325402910383922,0.8095715502946242,0,0,0.2999066166333,0.11412088961440593,1.148414128573659,0.14110783093918697,1062.7525795309568,543.7440253302759,226.97248241195496,230.0302912173204,502.27475635821037,73.63045811253767,45.19610675138678,207.49661445697103,44.96275063633959,115.13295269148966,171.79248941009118,63.59585777234276,318.8015535879818,152.7593416011642,439.0444958602275,1068.4935218899027,242.31600260098546,136.47826495841107,598.952818193683,498.52485226258995,194.7103357804472,437.53813646138667,1300.489919107039,1471.8711772427364,849.4982979115921,516.9881809767289,306.16639980247487,205.82323917953667,163.31608491754966,131.55761547847447,621.0378311172514,804.550585289221,554.3192261944388,1305.4672604816585,557.8884677513676,776.37729500877106,838.5392137209843,805.3577285752142,1036.2027974143828,1509.5783947794089,707.5514943953135,2189.2442734716215,1371.883962015341,246.51294548938384,751.3191413149933,212.6490327543071,168.86569370954302,147.94077730355792,2.427984677749045,30.655892880348148,23.289906357530015,29.46009212321793,18.693690988303935,7.700411213343324,58.05309858327346,29.95225308303882,62.948312321594145,5.535532455077348,14.915470988971961,219.50508840620898,19.955184344443374,72.35715275419467,20.412638537259564,153.71399045694554,15.468299145071963,19.23876136295235,30.188363866797058,120.69664592552293,62.87262523469414,80.3054674956097,2554.1861747251783,531.5222713451433,521.9653162862834,667.0035688373067,403.9983548180399,229.06005961467704,1379.4487443509288,898.0792143238757,340.29607016765175,222.44664778248608,575.9141552618989,980.0514082632756,960.2756357151022,3118.121449415901,2569.0490750085787,858.6793522843615,1722.220954521592,1483.677787467274,4117.110074986885,4494.297533161275,1820.0252608751475,1232.1199286815283,1165.01553706911,1374.0153469065692,1625.694100347065,850.7530541509502,1162.7420255950599,663.2392785645611,1250.2648353298823,1122.7304878559428,1190.1007023079053,1107.282211809158,1402.7916942769623,2992.6191284387264,3089.3913403117485,2006.305743493763,2842.2742889503975,1726.3937699262344,1384.222767336075,762.9671532736189,228.33963009460751,662.1840292929361,546.9003878664269,725.5783886965384,142.48600271054462,241.1698165215914,334.20422245723955,339.8469983940931,82.84339784266737,192.95668689333337,140.3176157497782,195.27893025826057,209.65112330353764,403.68771457804,80.57414973699349,4.278020966719167,15.77681667198063,181.5775297504765,169.6033193396317,163.1412281658204,75.37065999581455,271.01582429565025,105.99142122601842,45.71633510231183,201.02797556281405,289.1343247592762,173.0085908668131,438.2803458108541,96.57996630673841,0,16.588839712706633,120.8258572289512,20.66371922110922,73.93695289311384,101.33528060329796,250.42020861777078,316.0578804615016,591.3454751189984,204.49586402120877,953.2560499029613,389.2350715375196,1533.5443574612054,244.70127691279413,382.7278578263118,646.5209355653897,2568.341026849353,4733.832765088848,6105.770945504357,4955.686430150109,4760.112250145759,5720.71688228441,4249.2334225839995,6333.458292114198,5044.2912417553525,3493.3891899941314,1867.9761475750042,237.46936215856897,441.6298271846973,1462.0214852286845,1614.2970095542967,1133.2686747936748,279.42600982518485,148.7974254297284,326.7948814952238,131.70643245219972,95.65644696855156,1180.119085309684,635.6966455717637,912.2114338153832,1030.146671043344,2441.001049793227,2659.4685210274183,3543.88692273624,2851.3601691145486,2930.6847590187367,1465.201858023472,2683.5578136722206,2984.191535931612,2145.0788754470354,1502.5523780591366,3039.7508385606357,2103.4255030342606,1978.6585689121239,2286.8628377807395,3225.7779718372417,1675.7199590052714,1438.8863831413007,641.8374242590078,12.086286562715923,191.11519251864365,67.51493945831801,43.398147751361776,86.68702494578424,189.95957018977154,270.85159074490474,227.45727586727352,198.00581190657633,149.50474211200486,259.2425455948215,275.24954627442906,256.26831234932246,750.439832867631,207.3272105992262,208.1038009422156,485.1035484327244,440.3075160951682,575.3912150536842,691.0304547566155,292.9448618950056,1353.2575604626431,320.9538152550938,1460.7589427649393,871.3304353030044,419.50249657836025,283.8016728792134,453.13817942052066,321.3983215662484,266.7368292094599,145.71386169952171,715.8837552612058,336.9873659772408,195.19004565017556,139.9189143158331,327.0286372393374,277.7643808113355,259.50191681428606,438.5740733891535,288.4907186280511,193.58871387727203,197.67856649966257,149.59051450296,189.94201925729587,2526.8103461538067,848.6172731106642,409.46760707433737,523.724743859134,1041.3261627860466,990.6608066373408,681.717282767699,929.107457776545,369.6159944939574,205.08644077468367,278.2448375468967,90.21724410621798,120.81189961654451,270.5669740324534,77.6100252108466,257.6800557578601,280.4116098647609,197.84029551308407,245.194828585361,792.354202920734,361.6598076235756,286.5257714639461,893.9563846950093,479.3801689004596,639.7879029826516,800.4082053807139,847.2926364694782,838.3439672683902,489.8353315184811,797.8259215974756,1088.5119711745235,754.1264543320849,574.2040529931218,749.7480352529058,750.0761530764788,248.35581021979644,273.885541554067,160.5506143481477,152.9680864697156,164.15816477449076,107.61796323571697,109.32615458139422,142.9493537271569,666.7814194460157,319.3186364939528,63.75300349132407,256.2828914458398,329.7129205912895,757.8806246684188,1209.7136141440324,946.7110017644164,885.7284138748781,1539.3844694129732,1313.7249406984288,5703.973812709884,847.1489876846423,928.7671089209546,395.43525549006233,265.9840080698433,800.6784076416988,1893.0969573942696,2473.538572873486,3719.332213293169,6767.724706344626,3365.7142322278028,2568.3709404330734,2020.3128186968424,1406.2876939604412,2799.8030686823117,1174.840769420179,1739.2385999115852,2723.110780703682,11439.51469301675,596.740588842424,817.0846245235393,699.6624573088625,788.8377658228956,957.6761364998447,425.86683089414265,199.72338694716987,319.71756041701536,804.2604929283243,956.4142056283494,892.2211732542081,730.4261574949408,638.6585715618168,479.08772013521957,128.64412428055144,21.975521549593324,204.08621089479192,226.33832956417533,191.76131320706517,31.55517054365001,39.781385586527804,1.4625059261804298,173.4133654467655,122.15588082137438,2220.437051254275,1850.3234635642837,2283.7420691969437,2777.3761465186244,1068.882809871405,1754.8812185641611,1442.3728640046124,906.4659655385736,746.6828162922229,503.45922808120577,566.3054356388868,388.50184879893294,567.7377393809088,503.5204393321532,581.7957465077623,466.2355911936877,169.87699320554006,507.90206657705545,172.85600199417507,232.94980166335267,152.27580197028942,313.9092384397689,412.81132937403913,252.3356657811088,81.99475894675959,74.81133574129555,48.959342613593584,499.4549035400363,66.8980937623356,362.9931715550121,300.5433505830489,198.53450989677242,413.3395752055704,251.00065118589023,311.89107705139327,499.0252840280688,680.4712084772874,1365.764672545989,1262.3449102895606,1299.4125700457794,2422.8093375785993,435.1606068797359,618.2367429548905,494.0346284368289,552.1119364992387,525.8644778217584,117.783274073212,69.28499565505743,104.10173170129035,85.39280689257647,65.36498818509789,62.94678744177595,108.19985072273124,1.7747127412792223,930.6936253382355,147.21979719591684,113.04809476711637,40.16879402982431,51.46777220035076,1435.2892005443732,675.9972950323121,1196.393601757832,557.2647212510997,161.721426856119,158.6430109429685,449.76871523330874,338.9513182692217,643.2217579277213,764.3545900870047,232.09306905575468,736.3685464579091,1014.8677687672023,1296.4720279132382,793.3972465416549,772.0352977503438,753.6039372538175,370.58747406855184,726.3431937483529,840.1277510751731,1712.0009151345864,559.1686898890033,255.05175013681364,93.26892512722023,86.98812165112872,75.5032355712824,187.28386932450962,67.65070065687493,67.2302002179163,1894.4077846666858,2302.4834393671294,1314.8569627048648,527.0520073393295,1072.4668953607497,822.1177348929199,77.37989989005912,108.54846137317098,693.1088195904877,590.0229977684063,1355.7580382496308,1877.628268018494,1155.3563289368822,553.0230643745016,552.3088259743486,352.2161622983949,205.96762751553737,57.037540077161076,195.06469648042562,531.7418065381145,731.6919343811118,742.6976192835373,1112.621545346488,1245.257587577993,865.1783603423526,83.37847756519733,1163.141070148675,2195.3381365878536,555.9411150472325,30.188349470563548,31.31424336403507,76.21408767927707,31.325314972337498,27.757898269527363,31.223515227284572,29.318394523351458,608.6307502620167,15.090189160131299,409.5151908931309,36.56297150997807,473.9895032334363,39.56821706934909,46.48148363701991,26.19558591926608,170.5242702608034,29.723575316996623,128.29322612598165,62.234370562946374,71.97137180493193,95.78187400559841,288.71215036918875,95.99053122020528,148.16434149458172,46.96642297538146,147.62922279502024,335.94791582412944,211.21384641388505,249.8139887732494,223.73374109464663,395.38219485488395,86.07878456201607,142.17617090813786,45.556365212351054,167.714106287233,25.925846048348955,40.77111299604935,68.59708642657098,77.52591525127757,59.42414437444599,315.7983072142514,175.31180591225618,113.54471187471583,91.87359301433824,54.93290758678977,61.93969578182809,48.732954551317405,48.54431127997967,53.27950147493107,122.52791415504132,41.66010247626547,43.05496910033781,172.53978774107009,43.03876566291627,114.74376858189758,177.64616818388564,400.83587099386506,1288.1761723274176,1536.523516457151,1246.066339112184,908.690058793355,134.65956519244625,160.41065035077833,53.39465238328795,152.45217817851517,353.0781437501872,286.2897090407697,122.09550608808905,414.92064714545245,134.61641822549961,388.1007361208644,418.29271803465645,156.076926263995,372.4058864173338,387.7030943501588,109.90733864619641,397.9801962786559,146.81983906185468,130.01103503331902,16.818905278583358,193.26173697906722,139.47021237643116,287.44241577886714,507.9852016329531,389.43343564186983,83.71589099319588,271.43653470738064,83.9308809467168,68.36249976880671,237.52441386347303,187.33406755257408,368.4354300719249,371.964547261455,198.80596201601998,199.70409546051823,82.30631252636148,101.1729343465873,46.58240414171376,358.2115528578213,619.173751847989,1035.4712827749404,639.1766419419271,851.529058733906,1253.652824906167,1554.4936333642672,2807.704438222918,1598.6181689095993,63.24677538060292,134.3414908517795,213.21002105997815,447.8514577877459,192.47217693411454,205.99204279342337,212.56926869754145,278.94855370006917,494.4802301952349,228.44246825836652,227.65846017500556,255.35843092694853,1004.7723447111024,243.71425627676828,99.45839091527651,282.6158475185657,535.065928648008,308.23484339054215,64.05923218204275,143.37353418900398,17.88440905580809,187.38589779626474,494.2297007047545,713.0731313412376,473.3704135529832,479.50308213798576,419.6873581893578,704.1287800765674,266.07065180420943,64.99679413008315,208.43721291924626,231.10496997502625,83.51263996309035,142.19978215616567,83.38739341726564,239.03503429952727,292.9055223448961,492.989489861538,301.28340686799726,257.4321273972155,200.32923644084715,42.630099757912554,1057.6814176108387,1561.9014338529057,1114.4192980983944,903.3739982753533,1477.9949165659814,1288.5221851013328,982.507271968888,1437.905070344251,1080.753988021645,1551.0610102371795,591.734951020586,439.3166723558125,174.5244431759117,667.7011975099185,38.64212213962678,354.56926214471133,501.27005768396026,466.0518066855973,740.5172050315423,575.510370474305,30.826769201292628,202.70415716656552,45.28258533193076,103.09365007572272,266.9782920814512,224.10428618346685,254.4871181592255,66.77201218498114,10.294871334410768,30.499747333439025,36.95869241925915,103.79872505205468,480.6503800702973,96.66478319008353,540.663959298263,582.2021287566223,172.31205865126066,99.04276847713744,496.39615745586684,137.16819099363747,45.45985968165852,32.310689966919696,223.39782629075796,452.94081150990934,207.0957970139144,129.01135642826287,78.90553399827365,127.22102224051447,60.14226562893861,64.33695494411306,96.56041198344909,157.09294399231703,248.15307444835267,232.0597310915886,154.0170668743326,521.1606910442922,495.96294185355896,34.633058633548394,68.05488648338472,164.12318626476272,258.1416916688541,89.10137245185304,197.22690338898545,167.3799565245097,69.6265782777882,77.3227094581652,70.17119515023583,202.10669154145836,370.2860809851628,61.971806343466774,115.97691943646863,432.4859747482639,1234.88454278659,106.45703820878339,184.2056414308599,365.4368181602038,248.6352971467246,37.40829046293394,42.02854656781244,179.60065051375148,300.85477061518037,65.13926209844809,149.4423501823262,290.03836407423813,134.87562620889005,560.8629654684447,798.1389565066634,757.6023634192172,1036.2954060008894,234.9229804071047,378.55022889702786,251.75067652880733,108.7777451151231,117.04280389936869,471.95559653680306,517.3231109781563,99.70254217899634,22.785944389891487,30.549996715890398,72.09387648665792,24.258834343495106,53.656580593361895,11.475741126328256,31.857765013130766,96.31457222009864,109.95602965996436,335.4472004852193,127.97673763487782,185.7894651378492,419.0246128590047,167.423181429117,9.845623889251947,183.10299653249302,0,0,0.2352294545541485,0,0,0.03196209529300909,0.44168250843385903,0.864300984282044,0,0,0.07841409825806774,0,0,0,0,0.2347144190520585,0,0,0,0,0.016002865914194534,0.2923080593777845,1.9935363812887297,0,0,0.009375907733355402,0,0,0,0,0,0,8.785575220744962,0,0,0,0,0,0,0,0,0,0,0,0,0.580304572368781,279.0446313258449,4.957427186262758,88.40961992002983,3.1827521813911637,0,0,0,0,0,0,0,0,0.5608222084596923,0,0,0,0,0,0,0,0,0.20229536953086252,0,0,25.33475063313648,0.01061339987684713,2.48244678074837,4.662407151582946,1.4074170826158485,0,0,1.1022253465681358,0.03034406545947201,0,0,0.0038650578842693265,1.107658934326812,3.310691155883433,3.655886272757282,0,0.020637196574211994,1.8810809644320152,0.0315266778928835,0,0,0,0,0,3.4527184015599177,0.20859234528477155,0.3732026540192505,0,0,0,0,0.21855339381914338,13.053034131777208,32.88059960882816,8.393781579330167,1.2933315272541206,4.0039986874567415,27.52594209046665,1.9208495551701374,0,0,51.181212552189244,63.96734023555331,38.53692484639001,28.409609351204672,39.38789029471492,975.8053898701505,848.3600382608672,1162.5199940437644,270.9768697625089,986.1858182068598,893.0232743418925,399.9050366848375,261.39642590161117,446.90474771093017,1998.9842660309066,1109.2087807849407,1077.3031668399178,8.252718841906551,44.328504801580344,9.027233698614639,25.677267308698394,26.36309120162914,75.34147307268866,86.08732359781291,303.31135721981013,49.35943891569071,0,132.2928704376037,391.23436805110015,141.49909618414176,104.06678690967685,119.98288394611933,392.37113208797797,330.1153820281259,1027.5381349797449,722.1778355552142,1182.3182649162488,7.340093306198956,73.895952867113,18.479734173283447,0,0,35.42020866281497,174.88401454639424,3.252166477992391,0,0,0,0,413.0601863227658,0,0,40.97270817160348,0.20605775361391415,224.03883369072366,970.6004236106703,70.85551475211398,943.721814723656,244.99992052805527,990.7206748302032,1019.8676256722832,464.1462044011561,161.5593846942092,0,700.570355749993,382.9233155453554,140.97312110207352,40.051111934718506,26.26432978515372,210.31483994938188,127.5763520780626,266.2534056780246,26.764173491890215,39.55687974101527,148.41057792160416,408.4243947800984,852.8040019728855,91.6214918562436,23.181470864496518,187.42712821136348,236.73078678812666,125.42850993931465,314.21460531696397,114.30045911628694,1471.285728825027,2137.6369343807214,2006.8035139668957,7187.921493236773,1682.7423287217007,7250.41552735925,2413.8428761653236,2350.676781368337,1080.183717570058,2074.9274733410857,1292.076724107913,1429.2428717063706,1893.3643572013425,753.1297310193595,1048.1638027787415,1653.1872332140517,1152.7202220407207,626.6038548247577,269.82249654233345,232.93047708124362,201.329987338958,311.69767739843945,925.4787454968047,608.8141609096981,1508.9490459315634,770.8889697338459,1576.225716082156,1537.3754235959643,1837.3959872218823,1312.4736727876161,4545.960425842691,2098.1015551473547,9554.903488826523,4243.274918886902,9925.05916189336,426.7566635564808,73.65540749056842,371.9656201035511,146.43809793941628,1607.2752826837059,307.4206841462053,6.448643868640438,395.25622502386375,158.61359303138707,389.51278127774225,4.7333450228926806,280.96074535624683,275.15419089070866,153.2717881984176,261.2124598952944,190.57374961497374,272.4720944588685,162.9416376196183,350.4796049451604,329.0723457967508,58.07624935657049,434.5629049903831,329.32499871152777,288.97704912232797,281.22060814827057,7.328785092865227,0,0,214.04122133648588,65.67291773384477,142.5044033580893,0,4.146050531000657,31.97418608734368,21.541662384708314,660.846825879686,354.48372979824063,354.41372990003333,70.5241332414281,177.2330097374106,249.58348323151122,31.98607992841646,69.81763366813318,50.58003419005478,84.08502356865854,317.04282511581573,76.63753560252648,42.85122723787739,191.03951678591937,249.94672805445194,584.0317680777072,462.7457293262583,670.3268823507933,595.1544313434727,958.0651726831052,252.0610845100697,218.30243593408636,1039.431481696382,677.9971942018338,416.15474579952604,88.58496618948858,129.03365231707556,283.96838283929793,114.16510029841601,28.835844575441044,40.304697688788835,157.9301128122053,29.205939629843634,7.878827319083576,25.090992301356923,12.977203778886594,22.350393626292558,247.98040109827363,1283.7798373685475,567.6919032521582,189.8943058504329,54.83690871058021,10.412623293864826,15.835014714584057,23.497108221146703,25.425044987636795,12.34715807429324,26.426802624476178,26.524863648357563,24.68317336965599,0,0,0,25.95167145993817,38.114889948847974,75.43149291662046,39.92647540208715,40.43293209193805,38.713192328809214,3.247198940591247,3.187384524851627,4.446381332625947,182.37721983961788,1604.2982942008325,2029.4015442295936,91.80096987310831,11.725815837971323,58.48998849883708,29.62459957160343,31.522755715711057,1280.0901663935115,4405.5730253395805,197.20927942550512,707.7669375328454,195.99947119783224,10.64350996854187,349.5677860755194,22.909859442457044,93.45457205935774,26.44950132472458,1.8767656827672636,2.2924357078412285,47.24313032972291,127.9413879221253,1567.7789916298552,1764.8785955729318,1396.2845346027766,590.6788745966206,1038.1547019305922,450.2395162905126,325.0043907490211,276.41406620675605,2339.395128802714,49.05909061054208,53.34024803866961,48.23868371559853,13.255324573863007,115.28462369022725,918.226737238515,732.1780293254974,972.6049071067198,169.4041460013662,136.3382282255041,249.73010010094558,57.63543144584061,18.676889455499275,94.72178976228372,3.923220822952961,5.421394563498599,0,0,712.7024031692924,1295.772192578143,1427.433306477068,775.6447737168321,338.20987321066366,0,0,0,0,0,0,0,75.69523942769663,1276.8085310243948,3794.9909214787085,504.17637551598466,82.57757354065511,251.41671897439727,484.00811465940126,425.9666188605694,692.1556447196584,8597.526000570575,8231.93762370974,4774.397619220889,113.85376984005535,227.31561153380565,805.134826133775,389.0589075160615,126.32624198771597,153.50814500398351,167.7268588460502,137.11861148524514,200.7716833818687,177.9905721415558,171.10566330012497,290.7889043644588,891.1653146454747,232.55135852850498,385.5521317854794,1396.6007469055965,415.328174851414,808.7997248913706,745.1930146822252,481.50913867008177,247.14119878858207,359.46861155164623,1130.5839345544236,687.1695072786919,881.6345463090396,630.0092747713522,546.3647553635714,618.333013834183,754.513029234904,2407.046434648511,356.00451677115,3967.4372254586483,3489.179926407836,6354.688709896535,1668.3461477697433,339.0638004860331,803.0248808139065,771.2734975209313,436.9759034362955,2000.3466977992969,675.4796543937475,600.8091815401506,178.16122765848772,126.73711922022393,96.44375462520324,351.2593149870958,47.958747051484266,83.83597464926471,396.1384855547966,196.7391281560746,427.6634834531996,118.93880503634574,35.114528637949384,1597.4083221958376,91.71970761170549,174.2242962384959,552.5941468034961,117.21443950184407,518.6762932205149,600.4451731832233,80.66941953539487,646.0042894671296,95.28225085030104,79.95287879881712,158.6695060922818,154.63162446377314,582.8465901381352,973.2736337685355,672.3048115537049,804.9871741367172,339.131888226807,1024.2284838767093,327.9337332156841,276.77687390104114,184.0282474623126,242.9965938501751,164.4807990489623,112.16679478712912,363.9498784875448,779.42711596791,181.7446915339479,530.6278345218701,110.50722341045872,194.99445167277858,601.1795584029965,3431.7461830952734,491.17713191721884,1387.8656473011577,479.2155810663214,165.45804402209998,78.98780223542487,104.82690706684448,574.2349122862482,938.7736486403179,59.48962875492135,199.41335480488,2055.7336814523633,2716.8455534360023,582.1689010984204,1194.7406323213395,192.36524729385332,151.68261296119184,151.74730946500728,133.92842672043983,165.73747555567587,372.67743280562166,133.74296659131824,121.89804635770822,130.79414654611514,341.18723561635954,129.23597161456905,652.9884669926261,1062.4691982848792,397.54571595293123,359.4794355856398,240.13234711988738,646.011537564035,758.3905545891698,2346.241014685174,1807.0807060337397,639.8544304024126,884.4851069538324,791.8401702046922,764.5806935101836,836.3841716359256,1317.5571236541523,1235.9928366220201,1268.7012308938565,586.814126309131,2619.433315925696,1440.433002041673,3965.4704411773755,1041.8190049121217,444.6044319592049,3840.286636034218,229.91892509402433,79.97884738617586,119.2956296842064,45.097588247424255,951.6931207176773,673.8817525492227,614.612709173299,357.2146606280135,343.0432627426889,397.56591612206705,313.34807102737176,189.45957114864183,78.07682730648297,221.60895150265634,338.3598549151648,27.4163693887086,260.34747398351254,0,260.34747398351254,149.91891223297492,373.06793815189224,120.74766830935054,130.25953153749364,315.27039689769106,471.1533963754967,130.93760986563206,592.9120886501729,139.9243175067975,136.94640398751807,624.3109677174879,24.13839622215821,208.66204573828966,139.5722395455287,251.51678880475544,1657.6596124194841,87.85619916484255,0,0,0,0,0,0,0,17.224553912798807,0,0,0,0,35.15025618991537,85.3363568998402,112.12312556442666,127.51306897427534,346.35853987319757,2759.039742970609,1388.8526162404028,201.7579179007658,54.12051782919845,19.09616913649784,12.924915228721447,24.24874377529089,22.83564497957159,68.20299906902568,111.7791957889677,1076.6461342945554,2321.707202984551,1301.5007910862712,449.6611493838926,234.84194398056965,217.08488538550787,38.58924966211971,31.148555277217017,20.011849438626875,13.385167823166285,13.403329000967915,9.688061299910515,9.71169693649301,9.772394897846311,9.617372058078391,10.066445534400113,253.87177158439908,298.68361403708707,7.363433080897541,7.086883707643998,2.172128915178651,1.2195808114261906,2.1653212578953474,3.5074324252227,1.0537206564958341,0,1.0628152505899997,20.651916029296903,143.77782361897832,13.090752499849293,15.528911624900633,15.478899054119346,15.534555807730417,15.552061065516003,15.46986375846875,68.94220675578521
4,318.62610541985146,47.527781961542175,194.3887196168528,369.77410642284485,377.3095666760174,56.99322028229707,587.7032748172634,438.6470713050622,432.347955365564,313.6977624257055,215.33195911695395,327.1773063831583,243.40918843463268,148.18653177827144,18.378115902816813,91.640050574240135,121.76540854553107,1265.6073564066473,239.82010280430967,1120.0843979045228,74.68666485389552,839.7026729498203,253.72158641673343,337.2617216574377,142.6280328340452,285.7204496652799,132.42866421983564,255.25422400766345,460.45215948602544,964.3382445946293,2513.6138396729193,1605.29511068919,2703.9986529788216,3445.7888665165015,3337.4666196444077,3690.9085116665483,1614.3946467787719,229.25980929750054,128.37176928752166,117.70013842273256,443.2890122875982,128.73920779087453,257.2806947651315,1411.0832838285446,904.5929912395923,448.9075572427204,65.6939218565569,114.4433573816109,245.44735307560242,108.09609584571267,284.8239331541126,190.89209473841694,4.622605838501044,220.7475443112513,5.291575293206107,267.7886771854772,159.13397242410414,10.270829837604266,3.530589876946183,9.854039062439021,3.5598631688005673,146.28123652293618,7738.43482617408,2.154201856567642,3.75342585432996,3.756998713795468,5.274673803787807,3.5834277587262426,17.350486518067022,6.328346502104325,1.3263501235327666,1679.950532370145,3118.41578267202,245.78505412159174,1.1523927941249943,8.704869009931002,0.20697773468141692,32.27182396552206,0,0,8.717824303756299,261.12668479847395,0,15.134521416642476,0,0,1.166355390446153,1.7186410569749704,0,0,0,2.263535337387736,0,35.302158324174535,0,53.287311096734676,13.26364205500787,4.892981257129228,59.625914324534364,37.22713370231732,4.071753212904687,0.33803857718297076,55.21765651234232,45.981494362190034,708.2069022172307,52.55516084063911,2.16750979359358,31.37739636625565,17.510678091323445,2406.9147321742207,571.0666548350443,8.218420984110315,6030.200418427384,9840.429755224972,39.22786308360923,643.3539230944948,4605.389446254789,31.643060881825132,22.95874979128019,113.70783118704385,0,34.930816218352746,6.132544087397806,0,0,0,0,0,40.700502780421836,0,768.4767763766404,0,40.10542825691794,10.524557514561971,0,0,0.07863420382098472,0,0,0.8453479545456533,0.5585911720628254,0,3.070082612320791,0,0,0.6209353991903148,157.13623653254922,6.398075962752557,0,0,0,0,9.414499884405997,238.66946736310123,1737.5533868529092,1008.51239370734,75.43661872713291,0,34.67705785071991,249.9384772531389,10.37339736546144,7.108270296979959,0.8222498795113399,1.3961872188307838,1.1352093302734827,26.94426610228719,50.31927733838796,0.18129765475618956,0,0,0,0,0,1.974710213446473,0,0,0,0,0,0,0,0,0.16325535795912854,0,0,0,26.56089653785105,242.09463211034537,30.484591138059926,29.722722307814156,622.2567817511662,571.4823272264728,446.1682221381937,43.408629389265734,898.8097385576082,452.2754394858384,56.054656292621935,0,0,0,0,0,0,0,11.232916585827665,141.72928479249,7.869415173454545,0,0,0,0,0,0.1517960018592551,0,10.912466724457646,9.527912485450992,1.7691796031800069,2.0832898836746296,1.1141663295643502,0,61.92329688256734,1298.9908347057492,1362.8007171933643,448.27047337861103,121.31030683128553,0,0,13.754802345839527,0,0,8.37614427869503,9.122554436603906,0,1.0449399946063003,0,0,0,0,45.700564593266726,1.387417773319331,10.973096374552128,1.3253381231567147,17.662628919872265,2.1822860778293496,1.4831209546551583,2.8618963303732396,40.50886805434501,297.5694628176499,173.7773637020289,204.16888049025172,350.88551804265245,146.02089478107774,51.97845035538298,63.759846097866706,409.712890015401,0,0.3364377490570908,237.78429599185552,196.9984502467252,1142.7836588765795,2271.5931679052087,3063.7297009519775,906.9165847859388,195.36933619155843,380.02605421660985,12.482675686704194,2.136435421276605,1.5129472185800372,10.888076672585237,0,0,0,0,0.7242580562233647,1.1764247974144268,184.20212458610615,153.84101279396774,202.2406113073436,385.9011329587536,35.469869128263205,696.8200411636603,804.3266872810746,23.46947430040005,8.229725214631364,11.870779282002825,17.022773697948598,21.438191050403077,6.703678701418091,39.53705979165967,25.540806550082188,241.2127115182443,89.90197303582225,200.95715832299692,752.7788699175354,742.2721775609097,1128.3451145861745,2192.369610681654,1986.9819905148258,1831.2243720401366,961.9764713379271,1606.5957068765154,931.8013228140668,236.74626916016695,600.7205682242078,445.78963906957614,370.36282034132404,146.54373167954682,49.79401089203777,38.25487887104001,32.638041150380836,15.56139553784132,53.21072315519711,40.63226164938559,3.3228351385862136,342.64898700157926,67.15821687617297,602.5772543976286,353.8535483545231,879.4562184909257,4823.238864781902,1485.7543459514566,29.545155684287977,1.8200634687297268,0,0,0,0,0,0,0.1937911529503592,0.3229364237080951,0,0,0,0,0.19910810244213883,0,0,0,0,3.3870962245465672,3.351826519070808,0.12253816600396174,2.3884430120339295,1.4465123041383343,1.420648225958004,1.4305641696146494,0,37.51327612658887,1.3469366914570635,1.4397445182052573,31.357066969379094,202.51323540194906,17.07063923279685,0.6055586873711718,0.42497372965278574,2.50366154673019,4.724937947364656,35.41880462687599,0,0,2.924099907203307,2.987754413425248,1.3062460896061863,11.416100778779347,1.1562279154352602,31.37477217703207,0,10.35704415798842,10.017386403077186,3.8467920215116758,9.185802459334582,62.23214939561653,0,3.306181753114938,14.613368534632812,22.327435673395332,0,0,21.32644132235565,0,0,0,28.975689329461833,22.275933277721812,0,0,8.869422104377053,2.320768045785645,25.167725961004766,13.964178740074466,23.18587948452642,17.999032706488116,4.567119965000817,1165.4564050176255,0,1.2169279630462535,0,1.8757154133506966,3.2620536122859276,0,35.8886119397261,9.276046071532251,3.1170183890344334,30.630722710459384,24.963944898290297,66.94403172714063,16.957190860468632,0,0,0,27.1540660334268,10.506371166424165,17.443777452384744,0.5815248925611881,3.5569917803000166,0,0,1.3639083913759864,2.1099480436542466,0,0,2.0047735089625514,0,0,0,18.265522382761972,18.40909769337025,0,0,0,0,0,0,0,0,2586.3318916238686,3113.3479014715954,4750.8161795293645,4870.431678599719,4091.2599666050546,915.5585653289933,3352.732832681315,17273.625033821336,0,1050.9706316928405,172.66104726086624,479.9339489588803,1242.7112059443107,529.2259813743743,459.5177120474347,1226.9272680174743,575.456581958884,690.8326469276254,717.5434215439741,239.69320956521133,291.822955806454,425.7736537651336,514.9299844024873,919.5811893996279,1397.0900476155573,469.77217536897865,589.9524387922667,490.57273864309764,812.8446359342383,1307.3618719656351,1707.8099501739723,1610.8085154772064,813.9258688187103,6448.71210529185,3477.212028559622,933.2862551427461,1396.2966806233608,605.6440943373602,1213.773678954555,808.2806307160571,434.1151119003307,240.00652527607164,1213.6398768196195,1050.37506246857,451.7755349333479,1381.1486205175415,762.9607044287924,1324.4661239286092,6711.949483256412,18261.806655200475,1662.0033291756479,1533.33994725683,458.84946348576824,724.6007847444693,972.0954649274462,1332.3010044816347,649.5407447548865,222.15576035794226,177.32957411673576,602.1386303326037,0,1047.3786397429099,553.8963972627629,718.6026385033884,126.3568254568166,98.78107667617398,155.71591538438128,508.24311970760937,556.6834327985036,221.56026081474172,73.57367308605681,35.43322524350515,31.94571051213675,20.99727789495352,9.01226864061068,8.984646810063015,67.94923699164751,9.801433941809567,552.4085994687645,605.9616379593449,370.388840494381,1416.9399715741918,6273.420898628177,2530.1264280515397,3040.1071890430176,975.8850929156312,23.641881429370205,92.1037041986054,13.67479480823427,0.35732881697463803,166.3003773558814,5.484633436501938,1677.8360052257776,1322.7162991663597,218.07197623489157,74.37370303828833,43.540171226427425,257.5283986210495,171.00097471067429,1036.4255496822523,198.67405179245426,9.687256197511221,101.24247830190801,280.87506319961244,740.6227850971641,700.7642176329358,714.4505311269164,361.3248822220421,21.019809825402962,223.80182079375385,851.2585456637507,212.43039426349412,32.86707628877048,9.309149419623697,29.31505163045544,94.48981245728817,1524.354917189198,1804.7120186055747,4070.5932909144885,3085.5434820799815,2253.4584333777157,1712.3361291737835,127.32845306362242,369.77844506466454,1195.7948573028755,2243.6572942944526,844.4405124618335,479.34508190284623,151.21048143329156,63.38970521818808,40.98822407736811,381.50931468867657,6470.931033366696,1965.9850044633288,405.832894061032,4737.9943386776295,5601.526597559402,1447.0880580949433,5415.170405286538,481.9365844260988,259.74141846853735,263.3867601033515,0.2520954164592325,101.40130148755792,74.9487435495855,0.7482693813713724,0.6311193853667828,4.122525467165213,7.990101503204358,39.041747239925435,16.857193923200303,44.16083246749923,263.1867648874854,444.4830899371759,1245.7347549813396,1545.4443255791875,131.32334767448978,808.6017822488211,4687.0054880659245,4211.883773766723,946.0439664477335,282.15045111568605,29.34084574676803,23.441141759036608,4.9437802743647135,77.99346825383483,26.471272397430003,1105.679258693944,1367.1828948039515,784.9976566457344,603.2237915600534,350.47951058325367,1549.3072959316291,567.5054000784967,160.1630372610499,1963.5277902861017,276.83752456689916,4.248998382485588,63.8886506858343,104.07690712171586,26.421698691175518,8.285532952771788,34.886016083798204,46.398300882092045,6279.299294497286,148.14520363128258,38.20794675963521,9.535500910046807,34.335260964585764,1414.0399623407666,2239.5274789385576,242.06653580739496,59.51449142482704,49.67475412340862,244.19105070696463,165.7097118880676,986.6803196487078,111.64463183352453,1506.2910871700058,95.46891857446126,1650.6016351467445,4185.689514315573,4787.940076973642,3636.158073870248,485.2004999207361,156.39548977293526,62.07016045610096,65.17508820291785,1564.0158317235034,114.16729695812107,162.63356780007416,115.88785942468414,1308.0340464907945,428.52314125546957,925.9763594905806,63.6813254567712,891.6074079006049,1271.2578288953614,340.8188067989441,56.170303728202356,93.86239702859072,2150.355451893134,856.7482017765075,940.4076528545016,389.1667221953437,317.8642489966482,163.4732935033861,176.76244285847017,13.324202655439734,20.83118425341407,50.3358317407228,5.323905409787394,32.77801873677931,809.6497910963217,1707.590115957846,166.94902698000217,1247.9947792149414,86.07489350081485,10.894107937835836,151.0690437070192,0,0,0,0.00877843503227256,1.2885629382341588,1.105720116205365,1.5250133427749117,1.143217857934251,1.1182452523029724,1.001421937853652,1.170327946060975,1.1758491790088816,1.0331549583493436,1.039775313371321,1.1393267215547895,0,1.149180309326284,1.2687365932393633,0,1.1588901120289576,1.1250483303350172,0,0,0,3.5403124643668367,8.16171679737065,11.036968153656666,1860.9289285624998,1990.6320698148554,133.38253522838204,27.850675562450384,129.03817939011608,77.2994049898682,103.32572233931769,5.2389657362043085,3.2307757746586026,4.1888986858010036,4.11952427163638,4.45016084262946,724.4687997717597,1158.5699696510192,2000.0954384925653,12.626684297981248,117.13475766705095,1850.702930049422,1654.3813707703255,2870.578761787928,1041.8141373976682,3689.4435959287616,1239.4336316831905,99.61092020639812,7.119903798875618,48.029157040406425,50.54865132909972,51.904786609503795,129.93270143653726,222.211794999817,214.38006589472795,73.28985626222527,73.14651176030229,4.039944919342035,71.66541847978263,161.86153533678257,7.595625165421701,19.38911351157513,15.616415311774821,34.63504797570175,4.761742955393119,21.88623438490275,9.044495683962879,5.4102478478939435,4.3509657713970515,82.96997134555849,73.39016417418802,752.0609630205576,115.6506719872941,430.24651884422826,129.77288847201717,202.9517301458656,358.08841736420464,181.56044273011764,2605.2788946916985,210.58600743587257,1399.0042001169888,7922.176915533529,1351.590948015497,78.94108616265851,4.332742462387209,97.0185884937916,3.9184045794566837,0,0,0,0.0486276327390194,0,0,0.013077814048351141,0,0.08087655132131223,0,0,0,0,0,0,0,0,0,0,0,0,0,0,0,0,0,0.1070121451378408,0.03701647311414341,0,0,0,0,0,0,0.07298489559061988,2.193590236137684,57.372165744141675,1.2558540318344331,135.80067252740605,1.1033556096888562,0,0,0,0,0,0.6207931653604185,0,0,0,0,0,0,2.0985960308632854,46.374758362240506,14.90162969018999,88.00502691391618,47.16038483614603,494.35341668918187,2006.2312053056821,1422.5658994771939,987.5932601506966,370.27721414066343,192.55207238397853,948.3675196611363,1680.4554278774963,1510.0959475723744,4856.612166380106,0,0,2128.781963795529,2559.2607142562606,468.5635394901277,1356.2027074177415,1910.377791059505,1588.1486566555864,1476.7707688238465,1450.1455330891033,0.010611732990082055,0.020323496207483468,0.19663705790599378,0,0.5525493520024359,0.056413815913545884,0.035173371120164935,0.18850093849601718,0,0,0,0.21817877237745,0.6358798097567456,0,0.40677605829567326,0,0.8255712987412318,0.11743223429285929,0,1.1108623009158325,0.11853797772809845,0,0.10764935326517351,0.07944105845295085,0.1181629432321445,0.07665421290332308,0.04785938504452987,0.40187625586460657,0.1937733590782914,0.1907683116367837,0.33158421461719134,2.9297179038209142,1.178859808597776,0.026831836531669345,0.19102575440051014,0.21794511963336585,0.24065160991099355,3.81045551526617,7.6759985149666905,7.175886162081633,63.203983043617015,39.50535793839359,133.7271426391809,7.396200284789413,14.0053661046992,25.657268710818823,882.5407400035549,0,843.8024278786713,243.42859300622632,35.61861523972435,804.3177736417899,357.0633092652287,963.9912639987792,580.9820078294377,524.563225131728,279.2239437206977,32.18709388543612,15.146915764513546,162.00284040130487,22.63198386024041,10.620431992765191,69.1712812327846,10.361357635230034,105.7989300485927,23.70518283173036,46.880471189805455,74.20973317555233,93.89365669572497,6.195525106351966,6.169330118441107,13.87556011968968,13.257339680451656,20.912515372282584,21.226503323653432,29.326584349261474,89.15425427945614,30.849787003170047,17.031782126032045,13.907053846988454,54.93585732511688,281.54084688724305,370.9367718142668,620.0683289985424,277.1081326832183,145.18383087345467,434.49472718517615,397.4558353665911,531.1564106011435,314.43299122181713,10.006736966253214,17.115076226277225,11.417253485136012,11.176112157325912,24.850865907133628,60.167179410209435,37.80115063887194,18.451521963542444,13.8028131051908,10.23171127221314,25.29452469016852,16.260670340493427,130.4552261125342,41.80229486024762,290.5878335092521,18.48009235073614,99.94221220539767,116.44668170134457,64.08538856657661,41.29084953023804,0,0,0,0,0.22939987620796237,0,0,0,0,0,0,0,0,0,0,0,0,0,0,0,0,0,0,0,0,0,0,0,0,0,0,0,1.3962321134639764,0,0,0,0,5.214762646206633,0,0,0,0,0,0,24.57525507065735,7.361327069314133,3.6739898953632175,0,0,0,0,0,0,0.16873306623244116,0,0,0,0,0,0,0,0,0,0,0,0,0,0,0,0,0.03848450966270804,0,0,0,0,0,0,0,0,0,0,0,0,0,0,0,0,0,0,0,0,0,0,0,2.9073535835774327,0,4.773114454414918,0,10.054929846574684,0.7156836704350149,0,0,0,0,0,0,0,0,0,0,6.074424592643694,0,80.00732493919564,0,0,17.16869148099504,34.06809641720858,1.4253991971188922,10.794616646741588,13.521300425725316,139.03831333527188,34.56311667918009,65.85698099198717,51.767262925398626,63.74412826349446,35.14171722718627,248.92263625451966,216.6657731882384,305.7252308299343,272.7909219226923,184.2063482349629,260.0783170503054,848.9110649125008,389.55385547275586,450.64282574721364,1173.1112552413595,265.95415677799014,111.31612146196416,0,0,0,0,0,0,0,0,0,0,0,0,0,0,0,0,0,0,0,0,0,0,0,0,0,0,0,0,0,0,0,0,0,0,0,0,0,0,0,0,0,0,0,0,0,0,0,0,0,0,0,0,0,0,0,0,0,0,0,0,0,0,0,0,0,0,0,0,0,0,0,0,0,0,0,0,0,0,0,0,0,0,0,0,0,0,0,0,0,0,0,0,0,0,0.421184638049272,0,0,0,0,0,0,0,0,0,0,0,0,0,0,0,0,0,0,0,0,0,0,0,0,0,0,0,0,0,0,0,0,0,0,0,0,0,0,0,0,0,0,0,0,0,0,0,0,0,0,0,0,0,0,0,0,0,0,0,0,0,0,0,0,0,0,0,0,0,0,0,0,0,0,0,0,0,0,0,0,0,0,0,0,0,0,0,0,0,0,0,0,0.0427520865880606,0,0,0,0,0,0.02789386355966143,0,0.3418522504476885,0.3733394125228756,0,0.03186345899704812,0,0,0,0.018963975939869038,0.04584298843038082,0.2497930363800471,0,0,0,0.14684463466415829,0,0,0,0,0,0,0.04177890193369744,0,0,0,0,0,0,0,0,0,0,0,0,0,0,0,0,0,0,0,0,0,0,0,0,0,0,0,0,0,0,0,0,0,0,0,0,0,0,0.19880823006205942,0,0,0,0,0,0,0,0,0,0,0,0,0,0,0,0,0,0,0,0,0,0,0,0,0,0,0,0,0,0,0,0,0,0,0,0,344.78518995383877,1431.1845751752344,60.06993355298996,0,0,0,0,0,0,0,0,0,0,0,0,0,0,2.9373603444376846,0,0,0,0,0,0,0,0,0,0,0,0,0,0,0,0,19.37218281064856,40.30723994859285,0,0,0,0,0,0,0,0,0,0,0,0,51.723104343300676,118.95795290529328,30.61023748651957,92.95130259924541,39.5021441195417,99.3424981233745,20.651340610007395,312.7167048732085,38.93929783546959,70.30938454785034,155.57461227916673,83.02224692160755,8.1905474228943,24.993225925969774,9.127525109842468,32.70777039805641,0,6.8325519604320935,4.221985183701681,13.454302943965908,156.565461275435,38.68130964158053,6.420155623905403,0,0,5.331200294258659,22.535205103645662,11.452477158195839,0,4.926915882498611,101.50428278434379,215.51021514899213,48.72983146336433,119.90156310709528,46.6937314530583,280.9667792888982,9.485668489162258,35.03059966168362,81.83615576123246,9.476950212965338,0,337.3358154494801,229.29942698271464,15.712729839000543,0,60.61955149116859,74.6809954547744,850.9936525685741,1940.7034063691256,42.81588717721117,1.862552282458978,26.255655964212195,3.260731596056994,154.4330964601262,1743.1903679670907,706.8478993261044,3.6412333130378296,28.56366333191677,1.4815971464277777,1.9401771628221354,164.08703499159438,1.9695514731717072,14.102057682110532,268.2016742744891,255.3395960750816,13.20389850192122,0,0,0,0,0.040452494807352156,0,12.858151598269437,3.1798438322739293,12.021457347393827,0,0,0,0,1.4943539061018851,18.71015769630461,15.114887826062535,1.477436202323849,2.770932911437853,0,0,0,0,0,0,0,0,0,0,0,0,0,0,0,0,0,0,0,0,0,0,0,0,0,0,0,0,0,0,0,0,0,0,0,0,0,0,0,0,0,0,0,0,0,0,0,0,0,0,0,0,0,0,0,0,0,0,0,0,0,0,0,0,0,0,0,0,0,0,0,0,0,0,0,0,0,0,0,0,0,0,0,0,0,0,0,0,0,0,0,0,0,0,0,0,0,0,0,0,0,103.88022454345163,0,0,0,0,0,0,0,0,0,0,0,0,0,0,0,12.042022471122516,0,0,0,0,0,0,0,0,0,47.27419543336901,182.34385143284808,392.2606635283524,498.7325027466385,2435.9029455256705,758.8802069067225,237.4035882130703,71.30752055163249,152.08323013537813,93.95560097932496,114.73664362339107,75.55440605015934,145.27975675549357,118.67163189661592,288.70756404769446,474.7900529441078,140.11600437742933,86.18807119310053,1089.7293647450704,260.97523357167046,2377.36583601998,4467.971423965099,193.43676076245947,1038.1053879902106,368.24431487225195,1004.6683336547361,1343.1201011060402,89.48915187329526,2419.410556500324,2280.370857118251,1071.8241015589279,1201.1395343655038,2296.5081514947383,5605.404357769764,4936.293515389785,7919.15741709223,3056.5174174905505,2409.5908544534614,1495.6764851854407,621.4632933659868,234.12391892732825,1840.3063216325943,81.25537985908878,134.84650288268722,79.32805103803656,48.76221191400972,89.00370040228603,110.70243162683462,146.38660855741142,80.10580032055908,926.5562151118182,513.6957214925637,625.0991722362079,365.4369966042362,833.1573624035614,1415.8007805894008,681.5877153540503,1647.4660467815472,391.423096275855,791.4517640993357,3252.1632848492677,964.752587614315,1234.4190626792404,2434.754382392724,4704.032011528733,2399.6425937833114,3743.388750603194,4134.180778285859,5280.928776173978,3003.708807114929,6532.639397047535,4298.28513273506,16947.477858400616,17913.46649691063,13606.998946996637,7975.150279640476,3949.4110309547114,2038.0837431557209,975.2409032754383,0,654.2280869864989,802.3711481232936,4499.850280070384,2446.3012458470103,4403.406347134956,3587.4642493851347,634.4162089525796,1825.3212009829497,925.8191242950649,440.28713727116434,1134.3930105069446,1721.5508011868606,1500.6931630934855,2427.4981774550215,4291.953217205722,6176.27575345721,6251.594098165801,2725.175576708787,1426.3094971539638,2662.619036023492,1573.9933629625898,5636.179233547972,2364.460447901109,1559.0570859197946,1725.9597218403203,2346.4724771554124,560.8053849206044,188.51506364675296,321.4268314274645,310.9496013767947,907.6463191819937,349.24133803734134,947.6580912199319,161.56759468864067,764.3823495445625,2641.575751265516,1147.5599833152273,2613.2049742303884,895.6160849821055,453.97222763547126,1957.1167482624573,881.1035577486068,3148.5646077106785,3245.0437805443703,3645.9076631085145,2772.4893433657744,2093.7176732973435,2229.4056905121124,202.5897874743442,2365.080925088359,289.81883540171776,2236.9123295072295,3060.4589283642977,1468.604030839351,849.1643617142258,1340.3231892005006,3085.2428330080834,833.8039553005499,3777.114959624087,4572.5341681122345,1337.5654478061365,1084.0761000859216,1004.2887944182121,506.51523864237976,8368.317440010554,2956.4862684784157,433.5442039824611,50.657917888992756,412.133513623785,265.23061928290065,1055.9360558059973,274.06942933281255,244.23016150417263,318.9465145011849,1161.9911523177261,1973.5922943104454,376.8741106877831,1319.81782136398,709.1445343613232,198.0625225868512,1477.3180564772006,326.3390225066317,1625.5985257977777,1385.6855783887693,358.96586957041865,1398.053709817054,1287.9506805684268,2023.3063230173625,2003.6487218091786,1039.4639444681159,332.5408688207064,226.75568763328346,64.84029167800622,1358.989808149411,3128.203656361769,3139.5143525525777,245.3263456213686,151.84179905445833,167.89329207516113,124.81289297318077,156.54354873414363,128.3012226221637,1357.7153349447276,453.01412940717694,287.74482954839516,127.65767711903786,213.97511511152632,61.12809489162686,139.03343600113496,200.45950673980923,814.0842533778123,101.38892311969549,220.9045942542478,476.51054791733395,725.2788828094293,1638.763547605919,1470.040684629879,1019.3129055665993,578.5989105613195,54.77860842810858,616.612487641899,314.6867949782755,326.46133108606114,305.6434718526471,172.1866366683561,96.54045641187015,1840.1834965542728,345.0436973499105,89.04196166195999,77.00993381536145,1340.4362033843483,4984.088887099282,4527.603145753946,4958.8426976208075,793.5076908554109,81.8418291024114,18.905344289164656,1482.0123660931238,1313.4296315899091,573.9994390379916,742.4306257984839,826.0314307891938,572.5950164285738,751.0992651241767,1125.515182102204,1.9286003639653233,2.763978363721247,1.4153570001871763,43.94282693114235,137.57856127963313,1.2179474519286408,7.154355675902461,25.149966898275224,3.8521869770628125,3.3974236878673056,94.34656438808953,14.669422637658046,21.979439035808735,151.12303493542186,206.8861487640356,10.311441993694702,63.49667437956217,72.53886361371443,101.15289495975577,666.2320821728104,37.634601167976534,141.47305641721044,320.4299456809917,137.708370101329,128.2633856453166,7873.474845188193,1819.5891223550395,1048.4063661668029,208.7216502139579,263.5862056973139,21.245274921822215,51.345726495630934,16.13323528521812,2.444343495871453,2.471990704595053,2.3773600208780423,0,443.0956962084445,8629.76102062731,0,2.3342016104719376,507.9479163849021,307.403277430086,957.9536889134832,257.4171777197874,306.30170585069544,137.9187253864476,6.393071437754412,26.888939578845356,57.662092573013446,13.51554043800915,16.488675825787904,66.32363114125403,40.49895839613516,6.611216648138473,9.817416963848633,7.177508395713428,28.354179171378203,38.6288020893241,132.71553443713407,21.870103758763676,51.7547995223985,164.07856648763556,15.210590309435572,48.87965600375139,104.70920310236123,19.771189013481315,14.017507276937302,18.985581033551952,29.525625955567826,24.42774589717308,24.322448927269846,24.157552420957952,34.47789425766853,197.7722038712965,8266.680072114772,166.8655604779266,42.09580366500917,181.16413054708028,8710.791858914055,2189.8906108621263,354.34324104210435,246.3369006756784,279.58819780662293,200.037446719971,1474.801277432387,7395.389316224415,593.9193885247125,279.19210354408034,6659.919897298888,325.53592792567736,213.20149575463736,88.79342251315569,102.25608274483497,321.7457385821613,70.67289605693423,53.46024086679511,3.801032399507586,40.54469058060622,26.23196334734939,11.457769690464344,4.841657541337343,15.377666179052996,13.835488484218487,58.11613248930309,15.124781421727846,5.878501841131279,76.90308178126158,29.28646138016463,160.04708062355488,283.7192103098421,3818.0113893853604,875.8700781255942,62.35840332257591,19.90214846948336,56.314577822849415,141.64338419852172,86.47442552008286,24.738985704381662,159.26608042080497,123.98437966186933,114.03671539739557,96.33012910480427,56.79549231002494,32.1056406347318,28.457675145575763,115.48385560530802,21.391229016991815,8.566840023653285,3.9094993952760855,37.19930877209595,12.089322396971117,104.37396631910296,36.43438176928685,111.7203730213604,39.52667607026735,102.30616499838966,84.05281055163131,64.16061690483323,19.511410296485575,57.791417054299565,31.34837547085925,42.72937362759929,48.29993199035829,34.695033168979364,19.8588187414419,68.98477479342294,103.66820592599059,178.65219459266277,123.19742685020894,37.244805474991765,31.236096138653103,298.9413558773609,6.128521045114683,5.3206314482618655,8.146724613788473,37.81352401364316,1.2095253517332545,5.477528140855122,1.261545457558956,1.3771601242101457,1.3103120011909304,1.1319767889444743,0.6752512193894138,9.880937597990085,86.63982999396316,45.73659325712303,39.6372109286286,256.6175428178782,6.843864269391639,9.328253991439658,15.481550700927025,308.02349505903163,30.94158361072811,138.60113316801989,84.02443614230478,141.92394856363404,157.7604848059784,316.18285200454477,165.45051976490547,282.390383719592,252.70271873321838,281.1444127115117,217.43132749092928,176.3557037234606,188.22314391620486,189.348616382364,163.40373555161634,194.6059737898524,404.72296976520687,324.31524887020583,155.41165884783564,27.187141944907722,75.11861307564844,35.44018425661732,60.279323157105296,88.50982057622222,191.08465636417264,143.049508101791,126.42283935590213,81.21630363912443,55.66977390401128,50.027656878019265,31.672796133606933,63.18659862329449,10.57963412863889,88.52138124253727,195.38817417235944,254.38282252399537,280.4323638859652,70.48620391590113,166.22361413038726,97.0396683842663,42.43112540784522,56.54069768600496,0,0,0,0,0,0,0,0,0,0,0,0,0,0,0,0,0,0,0,0.20674309874060823,0,0.09744269197909586,0,0,0,0,0,0,0,0,0,0,0,0,0,0,0,0,0,0,0,0,0,0,0,0,0,0,0,0,0,0,0,0,0,0,0,0,0,0,0,0,0,0,0,0,0,0,0,0,0,0,0,0,0,0,0,0,0,0,0,0,0,0,0,0,0,0,0,0,0,0,0,0.4860861653504329,0,0,0,0,0,0,0,0,0,0,0,0,0,0,0,0,0,0,0,1.5011151530268858,93.14549432581543,0.5481460463711824,0,0,0,0,0,0,0,0,0,0,0,0,0.32356428120516717,3.6490226448733964,50.615571708915894,0.15113143799547898,0,0,0,0,0,0,0,0,0,1.0773077810034195,109.43596745440249,24.06783151312231,169.33530773285548,0,0,0,0,0,0,0,0,0,0,0,0,0,0,0,0,0,0,0,0,0,0,0.9899524512866026,0,0,0,0,0,0,0,0,0,0,0,0,0,0,0,0,0,0,0,0.6174989838547613,0,0,0,0,0,0,0,0,0,0,0,0,0,0,0,0,0,0,0,0,0,0,0,0,0,0,0,0,0,0,0.010184962304818931,0,0,0,0,0,0,0,0,0,0,0,0,0,0,0,0,0,0,0,0,0,0,0,0,0,0,0,0,0,0,0,0,0,12.88544887990648,0,0,0,0,0,0,0.1314411981460466,0,0,0,0,0,0,0,0,0,0,73.840856269094,0,0,0,0,0,0,0,0,0,0,0,0,0,0,0,0,0,0,0,0,0,0,0,0,0,0.2084799786925043,0,0,0,0,0,0,0,0,0,0,0,0,0,0,0,0,0,0,0,0,0,0,0,0,0,0,0,0,0,0,0,0,0,0,0,0,0,0,0,0,0,0,5.982352212485024,0,0,0,0,0,0,0,0,0,0,0,0,0,0,0,0,0,0,0,0,0,0,0,0,0,0,0,0,0,0,0,0,0,0,0,0,0,0,0,0,0,0,0,0,0,0,0,0,0,0,0,0,0,0,0,0,0,0,0,0,0,0,0,0,0,0,0,0,0,0,0,0,0,0,0,0,0,0,0,0,0,0,0,0,0,14.950516634965071,55.001606068107854,34.67971615892879,10.052626125864895,29.127929800361777,41.43097582083307,22.2921769167273,36.36590900051822,69.92655409690438,40.02326253527925,73.44990275479014,39.98970610063427,191.8379564927436,124.02936575135509,92.47233870175681,42.26328662192766,47.627529164329054,29.52822085122621,115.95792881777369,236.90112408567927,107.97811167171578,137.53594080334003,15.503155812538125,12.240029583421546,124.93716065904135,193.3467026533281,91.37987355887276,245.7551637155876,154.43816862110467,393.3556141051433,148.87060913850559,91.26536497742971,6.161971683275868,37.37853529260267,158.72583876377783,110.11300702155425,288.0464682098792,100.38496535624947,373.77593778995663,157.6477308123902,620.9265664729455,624.176718312549,385.63881719618007,238.56159140363792,133.85236983454422,132.05348802352327,259.8551586122944,546.1302760557404,1279.770592957038,1586.6379007488338,3829.849849843384,90.51097524910637,302.1089413910758,386.0874447352192,450.9241417013147,764.1230573850374,1408.7047578781087,53.574194630622614,60.09060846186403,16.51383532049171,41.74995451480497,220.07545901502323,86.78127382288903,1214.9407355179471,44.747403676972944,17.334963355906037,24.82143359504993,18.322070467681574,186.00191719736966,96.42502757562617,12.462961722407323,5.863922577001589,32.386875445314644,103.30078253398756,33.070302801472934,83.16713005634283,85.07220472912087,171.8991953179211,246.23211766294222,592.6125190511674,1075.0812465172828,2299.1346071023304,3298.3543891783315,4270.789481958891,2481.0029039565793,1403.253573542028,402.4571991121696,247.15926874346422,70.84803871690335,88.62370313213192,35.333478695077346,456.21422935614356,433.0698392575786,43.12225511676902,119.8681040213904,270.6456578215989,13.50151753702334,92.84356393399943,150.27057412920036,55.503065244029514,43.598025351553304,79.5318976828492,69.2830069433178,58.567522225595866,44.201872579768235,36.52341388434498,135.63477924777422,76.82799468108409,57.97802220192287,60.207773624642066,391.2159309696285,51.2808311885835,36.16699059928162,43.058443905058304,86.83407430684348,10.02415440715353,10.135277512609026,115.65983656514454,6.965144939571216,7.483892496838254,10.301644943597454,30.660863984274187,50.80884367465251,485.2693363652122,272.3529754963467,263.15301634095687,49.00395041248644,31.152416559671114,15.641472523006508,133.29864459966035,813.7490383576945,302.60735243049277,31.469095691769766,37.42128301929588,897.215617766772,56.05157209751658,1870.1807027919904,522.8218927336361,2083.292385378534,53.950167259012616,82.55698888726361,10.650254344500858,4.941630752273432,195.3110067138702,8.145594272666198,31.71706419433579,28.2739331935872,24.0576203458041,163.35554441464905,629.1584821460522,1375.4667615824244,1212.4831469680316,185.95931714095826,581.3921474652334,0,3.397965795923043,0,3.4345825821564064,3.459819257358981,3.4369521968583516,3.992715376315967,0,0.06844053579344761,0.9821817497357709,24.6018847622687,34.54020440461749,17.936228490500998,6.365964066889055,4.2527524942917445,1.4113524393303318,0.09723123784996923,204.85243712713708,7.02750474745593,76.32903474003939,627.1412342704166,9.578845184837089,18.406670625706003,14.310272502556842,496.9743552388979,1084.8358564210805,1041.8994826706564,269.48754462132325,204.62227837697918,685.9017483327451,1337.8791004107518,140.03611936154098,1200.0950851283326,574.4179094511838,1429.06788451193,1671.2447066989557,1247.727423030313,1706.6377561321538,1199.8714371502028,1240.899300989972,783.2950355868129,2361.4412719759357,6692.59776036606,20129.42415296361,1564.510997188766,57.78925901988909,93.9380043251388,7.864357252818489,12.961517364094247,153.83472346641457,112.09493338726747,311.8810287953613,456.52244714204227,466.2599986338095,92.31547619162964,212.7800771594501,2486.035360774286,86.90784715627768,101.45568989281229,32.72670192761304,94.87805407252289,344.1494696374905,357.0152478738895,188.42610152686956,80.68360014089752,54.36717453088712,203.2004176561003,100.20587207672914,192.79197624468588,77.33306044130731,46.58141247993184,287.4841352777757,37.10366508960364,52.34672914217958,93.86008414712035,97.13680520328678,47.776818009732594,55.487763174140376,50.52681931819869,28.624630294595352,338.9457892529264,66.56416472569715,26.830459610828164,43.9376871936187,73.91859181955145,17.96998868323083,7.107308521765628,7.173010466257127,8.213079593842167,8.48135793439583,24.83685594539146,77.41946433605045,38.60114563301874,79.77151159599953,47.211171463698115,34.823069135021676,34.56742550044735,34.62220339812401,33.301352678206875,23.088415119968392,62.66877900845609,60.05442465041995,8.501369663471252,5.057860585271437,1.9350210080307337,4.45606097753741,17.755780702549945,92.52355870860022,66.29368009245634,23.92356221394268,14.345064097067556,24.477211354859353,49.81133256145342,43.01367819487004,14.532943637263237,14.115018673321599,13.91755922058141,12.744665893212117,13.603383655417574,0,0,13.584895494051857,13.74658047574533,14.275681626897134,14.199795529671423,13.672785122870403,13.981998672816626,21.94660017661479,0,0,0,0,0,0,0,0,19.83831668357091,0,0,0,20.127049003551775,14.212374204275703,20.28748975391374,20.606997859757872,22.39658374315196,17.484788845472316,19.531921484117472,20.260374763855292,10.335210901181782,10.14221628668856,11.084779895327678,15.044631427373012,7.1040489963700635,11.1483671018315,12.907850600688757,4.291803413740767,9.479208002587907,0,13.831314344255288,14.401204577578211,0,21.898363584190378,12.532445473427396,0,20.070411977671267,21.54855606610234,20.586839062396,20.548883420396997,22.1820759479077,22.51175913444033,21.49060327599947,21.34923281574063,22.328166639252288,21.815015406663633,16.647886352156828,18.087533054799874,21.819796663945425,0,28.070388337493526,0,0,25.153102007725092,24.515572387103955,26.398179771756148,0,0,20.992768791417184,11.699185845959507,0,21.26610937525437,20.261359867513647,20.641225588517322,0,21.865853157509413,20.016803396510586,19.443371050640167,19.475564587266412,20.047030480038856,20.047030480038856,0,0,19.836566300233432,19.793790937500766,20.19070142575947,26.14041467985885,0,1327.5061248106344,19.261705976774195,48.690446072618805,135.93715630900573,21.00266310843281,22.540595113155096,23.218519649868377,21.496351005255658,18.10171300090268,18.4545032677356,18.696566842246085,18.586985142245403,18.703525070838296,0,17.962512284657876,18.498432829855957,17.70285958254312,18.578025447320133,18.04893488141116,17.341944840694683,0,28.208572528962772,17.487435060912087,17.495846217360505,17.859037003096027,17.546680071987502,18.018896866183624,16.997690306184616,18.557664060714867,19.977149639086107,18.21894698277271,18.198122338813615,18.84915796190838,18.225184788509008,17.806446665406337,18.65960593115327,21.627331660632386,38.291215475444844,71.79849497217381,16.219036874940606,21.91630976755665,292.6982989754416,63.249179266026694,3.8078300110542624,4.798278181844934,125.925806871934,69.15392331292554,145.55348211497721,41.52171122062937,60.40168364494249,41.84464583791778,295.2639646897062,62.07057766504346,74.58196422357862,957.2020429967183,1336.584561748594,22.698716701538103,93.66367203773288,172.3355405081406,11.626097547019175,6.784446993490593,59.15862113056004,19.219650840223988,36.790635752991236,13.68336104821859,3.948239755801639,2.7359812228923124,6.5503837732532,17.229460139605848,73.41392449623936,3.0741313707174425,2.285046913167717,9.840993472135821,1.198753441791557,64.23937589347577,785.7330660045474,87.88370823061393,0,0,186.22611968346519,81.83783460585731,662.81185015886,629.6159111153709,306.56681419244967,1041.7328491763149,655.844957693381,261.3241974140954,104.26691348276935,78.41532928544525,198.26417056018647,1768.4090349860119,1156.38519818106,258.1020551560335,0,1026.0157072110146,164.64017196161575,99.52123378958605,49.75778607618735,159.62648323627866,16.00633654669408,291.6120458727808,268.74936044621415,309.70675814654714,109.07240439073895,97.30812375241531,82.79194725440206,101.41925432039378,425.13946207531836,119.1234548326837,85.97071640241299,119.06090522563503,320.61264523563585,720.2194847318776,1061.793657515971,183.85808007746678,109.66088600635197,295.91560019171186,683.1839962096124,213.74134546881987,100.33593048219981,149.51310904103764,966.2599509542958,146.30671512669034,260.0400189008774,28.758669157099003,127.2699256944135,99.03032458986455,44.037390792006214,237.61979475585193,35.42039719371303,97.02192359072563,62.76468196717353,159.34005187504997,309.9002733236094,1016.5843285722666,22.034938029703145,100.28581206974384,122.03527081894109,153.7503384051402,270.3392986588935,138.3556624210841,132.0228895181839,112.2785271080999,145.32110360468107,317.8702998597436,339.96584005879885,889.44946685127,289.48289036024084,148.90899641894418,191.2131097310416,134.69208442109885,587.1037361468078,646.7278664682276,76.18173006510712,663.8708916669516,1391.6152689424532,570.408425486822,1360.1669032395046,1600.1906806174966,577.1390820763365,146.26113258193212,804.0978272242195,722.9767847200235,644.8319580627098,36.22331496880041,679.6099186727923,186.93843481135698,285.351862074643,1249.2376749058842,410.62867416671133,501.718668399361,1286.8826282686593,286.74963761899335,184.11350661665603,101.5121163033901,339.01160874372016,198.30265097012207,55.13669553777622,55.623367724081405,253.7331052458162,283.21869679467324,137.43462831552483,106.80253546410843,472.5092486260194,816.3784077250727,81.89650269800411,67.5585570895438,279.8963020621856,397.5477988751838,332.242448148528,246.03598934254654,735.7278986483119,135.5555870301075,585.8267458036355,213.10348697776806,29.454283966896313,0,269.480314518344,257.4699397279543,198.70369525788203,116.81100532634655,61.338906436618394,161.7624540871144,173.5610784151694,102.47288944956114,56.14121173418953,266.846918779456,944.4971990495156,192.65073460947622,573.5439383246764,133.02349562260434,162.90401528907356,310.8447966040845,183.28736222256492,283.62642337327514,383.77676379105543,108.04552170561035,336.1009648968541,153.36661068926594,117.06091894021041,41.645306552805096,42.818930494660776,160.80017140493942,2.2076909580861237,126.31496623121727,125.48403503997692,212.51295412171956,314.3540799744665,50.74964773318677,517.2096057325701,569.0712950908809,172.36617583190161,104.20588611037215,138.12294122632684,66.77074010132698,33.462328509324735,20.997213004809076,63.96752332553455,39.42252942107491,115.97556379529946,47.03625042650055,89.65850971100964,56.79699952759834,260.23090179937617,421.1471870988249,62.9997419106757,81.28074993393571,189.42298881888823,30.375233339422728,194.7686586988714,129.33419351838674,18.20908665015023,4.045957020160984,31.219544924285085,40.213982074370996,533.7120009158234,1967.939360190179,0,801.0001619319929,211.17289340479124,23.037552191021657,710.7640232532459,0,544.4358490907283,69.68680060065414,50.828491884452035,0,0,95.31634460060167,55.53401566919628,14.460718685146379,5.858599781804391,51.26124665361683,174.244875352174,0.9311479351218912,0,0,0,0,0,0,0,0,0,0,0,0,4.361958952350207,6.612410508182103,6.74332663576598,6.606140832998326,6.612410508182103,5.182713155982526,7.045153764271905,7.491895642844349,7.1680573749889565,7.48349499132899,8.07411194017072,0,56.48841486667268,17.6174677465115,0,4.61968159566847,0,11.762262140737931,27.509308326037466,32.902443366706194,27.39630319324537,27.76221530900957,0,0,7.656948108465887,7.57290048022457,9.031893919997408,11.17316677017551,9.627021989155473,4.224911102737209,0,27.615973748886507,26.50407309173266,0,0,32.188561193749464,23.979368811087447,0,8.051772452556117,0,11.092354016522473,6.620884145869022,13.135956360391802,9.257391902963448,5.724275130398027,5.259656515615335,4.4833837325528405,4.86108362368488,7.566266753671701,4.482001284900633,4.420291655110524,5.32571672319042,4.1613467852821175,5.179784073915578,78.44462294079439,0,0,0,0.07649574962722819,3.884502558364202,3.887446765968466,0,12.738733156582796,6.504084060610515,11.544500223782212,6.332839544859665,7.020897205294551,0,36.254174716179335,0,0,0,0,0,0,0,0,0,0,7.443294032909569,5.099203878567093,0,7.500240475896325,8.589156574492064,0,0,6.538666826612145,0,5.934407956530203,0,4.8154863492580144,16.65188988063187,6.782017796738123,7.272869680496887,7.015634387963729,5.290201546513276,5.295870938925919,31.465611012165642,7.093542388834231,7.935511401622581,0,2.6946160026489356,0,4.314649651165325,0,0,4.313211074953587,4.5297474099011925,41.503588540836816,0,50.86258487777196,0,0,7.053269939742298,13.33847466544018,0,91.55861350501101,0,16.847299126336843,7.156945076635507,7.5725251229634,0,9.372331348019735,0.6549041110392793,0,0,6.555510379643147,0.616324459573293,0,17.961582443609615,0,0,0,0,12.068117810962745,77.16261468626135,0,3.857939923224201,16.819381695222226,0,0,9.521592458420049,119.26440331967056,0,0,8.97082267454218,12.479153341747821,52.607253668302945,51.3206273440525,47.488472743858395,2.283235373774498,34.33684684723742,15.981640861504708,0,0,0,8.96696242330195,0,28.583244785604467,9.008605951320993,15.695443890070788,102.83317676426653,71.06247810624912,120.47928263435256,17.024778057230616,15.938090999711436,18.272330402965917,7.656195542938516,18.779335370480393,0,11.805434712845758,0,9.03184551404991,6.697164512697079,8.236219734661553,8.006877784039967,8.321048167759532,14.342601261944338,74.53660065044451,74.30096398246427,159.8096452891742,90.06316650892698,259.6766541075366,0,160.01538953975492,96.60337857345174,6.2580138584109175,14.346972343450135,147.47200047618355,12.436950406028437,59.494815419880084,11.207722787933111,0,11.7505811130479,143.6855626582114,10.738325200828037,12.56989782465314,0,13.833935716517507,12.325679452022035,135.12090960002718,13.450409576364533,0,223.21942648627453,9.172014755814159,334.39134907810836,13.814935083777653,129.78020089944613,12.854143183387372,120.18589795454703,120.46294683498779,335.50258488387556,69.3787070152114,47.87598941349418,14.817411553105522,12.534722635879517,14.011608210066079,10.677367409629046,9.598233927454917,0,0,0,0.9029327742186385,0,0,14.180806754949623,0,11.94066238840309,11.485522462237508,11.668659763625353,0,27.003483180354763,0,5.527590951455272,120.06401832397844,140.12345897379495,0,129.03752827916486,151.52734036221446,0,146.20315139114547,134.88366401303279,11.452849368359997,119.21708682562415,132.61703350986275,121.24005683495737,0,129.77544309921274,15.103258745805846,121.69775091239106,11.38226019350757,15.512689104912425,25.77779626019258,0,11.64766544211316,20.47592307469277,23.713684981806207,11.591800232863886,19.125253322695535,130.2451760778527,0,13.995696450119489,0,0,0,0,11.578491430555918,0,12.110471395021293,0,7.502279899958965,15.769577586590941,13.077373488923994,12.403821454798523,0,0,12.595328562536148,13.755611599532134,0,10.517108176597523,16.747289640118712,0,6.708981349725503,13.052676951594222,0,9.07766978048063,12.799499616008111,0,90.76009717853523,86.92645147786664,7.971942794476891,0,0,0,0,10.276228418015807,0,0,0,0,0,58.05634051434923,0,0,0,71.82023822433355,0,0,0,0,74.68163088071135,0,0,0,0,0,0,0,0,0,0,1.8405218359810198,0,0,26.93084070663384,0,8.192247687492566,0,5.720047499763739,5.309522067135177,5.462283907286278,0,0,5.211878037766743,56.80953349237638,4.556163100191128,14.073760097431103,3.241776959069974,0,4.060989692112524,0,0,4.424690291441253,3.771914859812802,3.946457502245393,0,3.683401535768169,0.8364613380467428,3.9261572360101664,0.674352060119048,0,22.245250179677825,0,3.7053216988670807,0,129.29394407996483,31.840082467390562,95.02871470478813,30.484930482829178,72.61271009768184,16.07951229397881,0,24.78384226463645,0,0,0,28.490658197106278,28.791693300157167,23.051572617091495,44.719811116696214,0,0,0,89.48308937386206,0,0,0,0,0,0,0,0,113.16416993698722,0,0,0,0,0,0,0,23.81805191902292,0,0,0,17.017207963814023,0,0,0,0,0,0,23.428056871476045,0,0,0,0,0,18.036041725867765,0,0,0,0,18.722249747445385,0,0,150.85035880495826,0,0,0,0,0,0,0,0,0,0,0,0,0,0,0,0,0,0,0,0,4.821614110443746,0,5.033097257323237,3.544087502456214,4.826154714482913,0,0,5.171303889728041,5.587499771214088,0,0,0,0,4.824761477541439,8.477768812346234,4.570611268437126,3.317590438133646,5.054060510968901,4.502677487350592,4.823779589485608,4.3098974175784885,5.962051808409776,0,0,6.319310853767905,0,16.365217248009937,15.125604688475613,0,8.361858756163075,10.336800814659561,7.463014360340914,9.866486611982747,4.7036148561191125,0,0,2.444509907920327,3.0046328492053984,3.7840396062243107,4.6823938415200645,4.018139145196319,4.670477879327126,0,0,5.102757937112946,4.380419305146502,4.67375371923888,11.576348688275,5.131595737489914,4.427974711350416,0,3.261569488354329,0,4.171976788524582,5.251605980214764,2.9591304789155934,0,0,0,0,4.2804323430101885,0,7.85831330176996,52.25225037635116,21.961977776244467,6.721408331052434,1.4640705635053048,7.863838747290467,18.91518930142837,2.4213182368867936,0,15.05092217071583,6.0057316542484065,34.28158783408677,17.002262192951452,6.974962962508953,0,13.654670702733744,12.461064692900223,9.740234401858247,147.49833014821513,9.94006413285173,9.648257238452437,7.127824795471686,9.016526903020376,7.032013011152585,5.387040063781948,7.909549520728803,8.129733311119962,0,7.223609893246033,8.421903681015479,3.787778808964357,9.340166146170928,0,7.591714083351731,6.387684325842826,3.9265949851297965,7.366203211650099,0,2.7370325839232197,23.412995877929728,21.214283383432274,0,0,5.431747090142599,7.592875415720077,19.297612985171742,19.003644153771095,17.809167302497148,26.88511066171873,42.890584778872146,0,51.1653136933275,5.892575254336178,10.816420138820835,6.526042762952961,6.6090457962734925,5.078414288070827,0,6.235599783050928,8.076981040032738,6.661811524300177,5.289550575648654,6.718139878836976,6.07860376047384,0.5338530915436932,15.043588286349094,0.01776113028347964,18.563819750642754,19.6986038917585,19.9647426221484,19.750933393997062,19.750933393997062,0,0,19.800957750393525,19.864323707481116,155.39828702522357,0,18.513210823324922,0.8846432469188968,18.851561477707012,11.587271253772595,18.404841535279495,5.843635145211844,5.268050218850336,19.92100450345217,5.2574425754070715,4.053127727322701,5.712859873445478,22.50615222651163,4.8343714324537865,0,5.0236557093905585,4.327350483775738,1.7209602463216762,18.269162946724588,13.071219135184132,4.202928029878235,4.145461057207829,14.064594720265479,4.290171426255624,2.810412752935383,3.97548444675577,3.9711451293944875,3.3602686449342927,3.837464340318233,3.718915872016334,3.498579512287803,3.5012391211778144,3.5302821852110786,0,3.85857090040892,3.8441433996290915,0,0,3.7577824896402423,12.783737799665838,3.9591281873694215,2.26623668061976,2.487651720208861,3.9966728747247173,18.85704672655289,23.488389970473637,0,18.7064673536114,12.124508658291267,3.238429093784254,12.767217051762158,2.996049675166517,19.159928507975607,3.746346894840856,2.985761987291105,2.9732641338741876,16.736528596351658,2.997694055507258,3.327076053648276,13.258659298841318,0.9869803455369173,3.0301746347023015,2.70176705896163,2.8683832372062508,2.7081980674628565,2.3023096931789544,2.7159924622212692,0,2.8790550694601142,2.818362629080505,3.5816420899878727,0,223.83290410497946,0,0,0,0,2.72728158732755,2.907628352520144,2.913735049293951,0,2.9004146055801643,3.0797668057105563,2.406161029126775,0,3.2574552125732232,0,3.2871060459495003,0,2.465216340738829,0,0,2.877077946009746,0,0,0,0,0,2.4274425512129323,0,0,0,3.5494043740692534,0,0,1.9752619963058824,2.2001605571025133,0,0,0,0,0,0,0,0,0,0,0,1.4853697903625358,0,0,0,0.3564840370194939,0,5.838257514059587,2.1726882361739794,3.337753823396121,1.5420607927632008,0,6.640632697235055,7.725504154540995,0,0,0,11.61229354697676,4.76021905813415,7.976350956034843,2.4652214440846008,8.369405036332449,2.782265673809364,8.260048908809745,5.304892438844295,4.983057199483514,0,6.42835855558372,0,2.084462830333999,5.461980747986623,5.874065915407161,7.48931754723771,2.220519908407426,0,7.214936300978844,7.441230153385074,0,2.5284360608333314,9.419446750262498,7.951501700164254,7.925585620930946,0,8.380761117589715,0,0,7.518465261727551,8.306346475477959,8.374429177014365,1.224633341829014,7.465724386819254,5.131701992178608,5.234762463319642,2.3070943661108103,0,2.272033472883313,0,0,2.2487228655486073,7.139004083655119,5.189292981253443,5.849053409265025,0,0,5.5997989218774435,5.709427165510778,1.4367611800754754,5.8014438863891975,5.94494707585412,6.2833751789787895,4.303404597261487,0.29128592965187705,0,0.30006926265703,5.529763443517031,6.490786106446121,3.095519959643671,4.769085717359908,5.3193054352578315,0.4129615460009329,8.918388317369597,0,0,5.577208261866326,0.7647095119596204,0.36899729421906863,0,1.2691290483940778,0,0,0,6.68149471815844,6.297827703800494,1.118667743556448,0,9.242323503469382,5.331466115144004,0,0,0,5.448149726534985,0,0,0,0.7198042838278342,0,0,9.35553772012499,5.458156828585985,0.3403630209816394,0,7.542654924787075,0.7320793021243754,0.42730833664592116,6.748777723835266,0,0,2.779896709983373,7.080221563300234,3.345365520120832,0,1.1977369488282743,16.849434360613024,1.1320208279912698,13.040365130553777,1.105481363288036,33.63769370133423,1.4556744009932563,0,7.1140557843051475,11.606222042684555,0,0,0,1.0799897887311483,1.1426064122579376,0,10.314907993779137,0,1.1908088827867522,0,1.4551899347064214,0,11.502097488173357,0,0,0,1.4431672098509234,10.497635003651553,0,0,11.553898213763619,8.154496483215135,0,0,1.503698717927259,0,9.445196692691455,0.846893220479293,0,0,0,1.108480989734759,0,0,0.8827120833879484,0,11.131429056769225,0,0,0,3.1630776663364375,0,13.298549119025493,0,14.010987150027544,11.754605343869613,0,0,0,11.750225500410247,0.7014601530490268,0,0,0,0,0,0,0,13.830587535683037,3.603722642529027,0,12.421341710440283,11.666833606579162,1.8602021019861879,11.219351158764503,3.6758007914956163,0,12.351947571224413,3.7518847974039806,26.582659769376654,12.605937870329152,9.962358255293834,11.111904326477234,12.15217653042183,2.29861348236977,3.993122870778181,22.388309828005386,24.78045631876563,26.062265643736417,23.791694689919037,18.048407045129782,17.090515762137933,7.486844985815302,17.090515762137933,19.37463015269526,0,17.510446917865345,12.26777940319555,0,33.258759657377254,6.6684965401163145,7.117471261361765,5.605533301885067,17.051886849309902,2.470978690147682,17.051886849309902,44.11323060026685,0,2.2526685676206366,6.231287646294163,0,0,0.421848342596256,40.573514217325474,35.98889766798388,0.4168092034832613,14.060935575568395,0,0,0,0,0,0,0,12.621702300923479,0,0,9.792778979011846,0,0,0,0,0,0,0,0,0,9.685109310493068,9.369258770880121,7.408694156823898,14.763926791178239,15.555455638982222,16.062187090292237,10.270301035208755,8.512574200801488,10.270301035208755,8.303435892859518,10.270301035208755,10.51166896588494,9.205442199754508,11.417840264779466,0,11.417840264779466,12.163173108354547,16.33415543672781,11.536192194520515,2.611298037191645,0,1.926998580027191,0,1.544500000193184,3.078209322620073,0,2.542925333286795,0,0,0,0,0,0,0,0,0,0,0,0,0,0,0,0,0,0,0,0,0,0,0,0,0,0,0,0,0,0,0,18.858660562036945,0,7.202418383574552,11.849643508442027,0,0,0,0,0,0,0,0,0,0,0,0,10.553524250418242,25.280242920666097,32.77367952969122,19.059113212807926,4.843695792206072,0,20.661127623076126,24.581255373861957,16.7577556995835,11.808224917148793,23.26886301726214,23.80038100203913,22.075285069731066,22.921411561020946,23.26598744691672,29.823742172303465,25.870928455469762,32.01617445180025,0,0,0,0,0,0,0,0,0.8816115562296302,1.1269816629515654,2.117593622059024,0.9098599871486486,0,0.8453408131724839,0,0,1.0894948800654802,0.13134413469985734,1.950872697557437,2.282776358648937,0.15375467766242887,1.3249162512715402,2.4364000168924815,0.49051307232953967,0,2.1463610222095992,0.9852745117896015,1.0787050473256348,1.0490179385199037,0,0.9576424166406957,0.9927913189048951,1.210653001273355,1.8963321006845095,1.46023453374704,1.1115140325663584,1.111980557064522,1.093098857762838,1.054302346934917,0,1.3068610046479459,0.7725377890567561,0.7645167390121316,0,0.8143816102693673,0,0.6346264780426186,0,0,0,0,0,0,0,0,0,0,0,0,0,44.639889925414096,0,0,42.433393780951945,47.26158766420538,40.63214421044142,40.709395267854966,32.33160694466634,34.43047388627432,0,0,54.68550753470472,48.794887271513616,0,46.242651840178326,44.01573025560953,0,0,45.53728788109322,0,0,42.19844831712245,40.82545018610366,0,0,0,0,0,1.808646925377534,1.532592047542026,0,1.6728941135884365,0,0,0,0,1.4476092945688153,16.23035443621098,0,0,0,0,0,0,0,0,0,0,0,0,0,0,18.77932300177379,19.350369487719664,19.13189913111948,0,0,0,18.202470839266937,17.14469152203439,17.301330052432323,0,0,19.001764318074322,0,18.433088829037338,0,17.269844703260706,0,16.82753598504565,0,0,19.39548084097405,13.119005740035012,0,17.895162289699645,15.631129068087397,12.032026615325135,13.740546045364313,15.232724073619558,12.326459936253464,13.947057810458263,17.37179935274026,10.18348228166965,48.266700137150465,13.055680137599362,0,12.716093431484166,15.20091624259045,12.067492216074053,22.307977713655617,12.872681719333315,13.867512690006613,19.355553765734555,16.20916034013331,0,0,13.108279837952333,16.381366704758133,14.980642710289056,12.122849705975003,15.630284853529524,13.701664235197809,0,3.092054285799854,18.566652620980754,13.04447297664896,7.75351379316076,12.75923221679217,0,7.75351379316076,20.4366690027637,0,12.169253499991944,7.75351379316076,7.75351379316076,7.75351379316076,10.442269692868589,0,7.75351379316076,14.722371263919667,7.75351379316076,7.75351379316076,7.982165368345717,7.888683964895171,13.100810839437079,7.75351379316076,0,7.897137576356572,7.281175255106113,7.905241825805424,11.718207055268321,20.396342429980358,0,12.175158827432302,0,13.334031099891908,11.97230100042332,0,0,0,10.848743932168256,0,0,0,11.930702065222475,0,0,0,6.585290452937735,0,0,0,0,0,0,0,0,0,0,0,0,22.2690064711932,29.59741357261209,0,0,22.2690064711932,24.485213121829954,27.122166168064194,30.61626263346222,0,0,0,0,0,0,0,0,0,0,0,14.678621100333565,0,17.161868915562305,0,33.26801822647543,34.4323507784352,55.3633571599769,73.55017076026132,65.99994310215814,33.171903214523155,1.0152609803086339,11.085924281335792,0,10.361982349620481,0,0,51.06458926201262,0,0,0,0,221.90591129753844,1004.8822941121359,192.59701547207857,5.589062750443085,1.3403314429854456,0,241.12271920501692,66.02502362248788,292.6303336670339,838.6944586681457,101.5314352119495,2745.0398397560507,239.5097650272177,3155.29845367599,167.1069057579967,935.1036773594751,807.3480125893495,69.7658442463401,26.008878982609478,14.31230607279127,92.21632377098838,19.243156241191603,56.17295755762503,73.95397805920703,181.211415057891,15.794766196451627,44.573188460876494,85.0095496230519,342.5222608930748,59.799974888330894,30.63783112840367,29.509618237589482,25.269725960539045,27.3165369785378,152.44458989185435,144.35010441101252,84.58264827725618,40.97319330545899,80.06825323096633,239.17990483257788,154.26806836554658,75.8516976662855,42.89584967415656,79.7251862166626,422.53998181277717,135.40528652493833,130.47799232941168,299.42458888903,247.39343666608667,150.39738133789288,139.19494677786588,95.32247654219124,278.0504816262074,43.802419691215576,193.67261653182928,151.7144591445503,393.6901932048476,69.25121144577172,87.51394711433431,299.61461677060834,33.16334291512868,135.28106830781485,191.99230830863365,50.11400497076449,144.52496112101718,288.750023101218,161.32177777983532,144.5635681483206,259.08123441732306,350.07064727019406,511.1392863426507,681.6974832188039,1451.0641222169088,74.25609875120409,250.9035598543957,297.53210667436963,550.8783501396066,813.8545481811643,29.589045305049236,105.70444151262436,310.2461668844002,192.97165403287195,192.98010457703415,125.67037564698913,179.18235530468343,317.54505213697865,268.78115186071636,26.304049081893236,26.283208580048786,69.6453945985449,270.30351737715097,96.05964906044208,50.66209885043548,109.22498647419035,1354.3326854282525,474.0729438036691,217.12341974347373,226.71185800563006,496.651569691211,474.2957223006381,689.671377542262,243.77645051849373,2815.092689260484,6822.32534588836,9887.375820677895,1718.9192224513065,261.01528871304043,84.62179973758566,151.18648849426341,117.20637709751436,444.4920221943709,296.0159230395974,416.98622844342685,1573.1661519656986,30.093504795800683,53.06521092525873,20.202116465505302,17.31296098673447,50.83401622956296,91.60887241444078,74.93979651140491,74.3492137111396,46.78812433655645,18.913328414623145,100.95137049417342,35.512941490292036,33.521712947759156,26.030167018385367,38.721082479451134,77.41999076757466,17.325821248642267,62.71654355313785,878.2772408708347,17.545134322483673,31.030736563287828,57.22869587833314,21.41497885966818,71.79333479297782,89.19959105811036,402.1349680531456,2850.6463927138175,215.25241241540198,25.577861683864434,25.94645918189057,43.55051488673801,28.97851653063856,73.27554554404425,35.581083607509036,84.98163243202274,71.99657534661301,55.92187215278596,41.42892877489594,199.91766637883342,58.33223754559522,23.751061817258226,41.38676752193207,98.4969288581353,9.946197427139772,40.14198213074299,406.72056379032136,27.16509101233968,5.591926380308364,8.655357335327944,48.95888776462613,11.245255265278335,22.208653495671452,36.44862923575158,19.130003506130592,10.769410819177597,41.71032377014984,74.76947423114241,73.04957550672769,35.11927222816424,35.26348075172473,41.49883305065223,64.56493502409177,13.236740029943247,36.89670636751463,66.61572023644507,26.115181721886593,50.770369699590766,10.119771380144284,72.11028703650835,152.03016200258514,118.93647577797202,15.737273656374693,88.25727437406078,256.51574041986544,234.6384269541881,282.4962399823875,300.9599322432903,338.65807573013905,231.68864703968435,121.93650238724618,96.02374189274033,73.82744721094252,117.1265869284964,97.43003753184298,43.88716959115668,44.354195259713144,72.74937729271262,132.59393642163167,57.964573773544224,39.18086882336557,174.36679048297597,211.38739861227646,290.27023967193935,40.40129494791953,1305.8430338009816,27.417167550190893,32.72060361419468,24.51688092863381,196.81189028626332,46.33352829001248,35.1146295017125,54.98528614086713,39.65332040165431,16.207669669746043,39.03186159849089,15.492961220023476,2.3022212206204498,2.002865411369202,452.72165479911735,29.613111650466823,25.221502006512317,747.5967150410485,2026.2142047246439,1337.3206362946207,4482.510665142499,7116.529519157751,9658.666149771956,955.0507476205642,5728.947275872777,5662.800834884719,1872.5276911327642,0,534.063853257474,0.16423516135582292,16.620981899622425,47.75260946444819,19.014684462497602,36.720217774776195,58.736675455059846,87.23107458468496,29.08357076692252,14.045632486727538,64.49710069562599,67.6461746809035,113.30318723580672,205.5637798288464,91.89817785214575,232.7954000288779,78.06065071548973,70.02725126775985,60.049834435091455,82.42777136380722,65.21360316959148,70.88088076440857,61.49096080909066,73.87116157584383,68.7510271483635,59.72232019560635,73.35844261940987,80.89291872389379,119.28810828725793,68.9253225715063,74.10158089134976,82.66096932155939,88.02824612635344,90.41211173525869,271.1267261602265,4649.035392118171,252.59553321098286,40.264372467323646,25.942695129422972,89.05246714030673,345.22446972901247,112.24784960973467,135.37083611800458,778.6838204568105,2170.9341688856157,13662.479084790148,648.7495908757583,7739.671969059925,177.94999423238454,80.14477204705064,156.86320283887966,81.38943743731777,87.6652223162921,100.82641628997597,230.68339985460045,51.8304944387296,65.39148260970305,90.67710664406805,85.24021500174754,85.12208948062815,89.59297226919962,122.46490472926178,108.29266092804203,287.54556194972105,3170.8418609273617,853.5799274157068,127.85106333911044,56.27462664453119,93.57422334407127,51.83172375031821,35.79343056418025,110.91169980205574,131.94051494443664,628.4796299936679,364.8246204166204,34.62276720639598,80.9848238114841,26.457673309415085,246.6200586174971,66.17141965464907,70.41657383206544,4.67570794996282,6.279189313023556,4.893909731814819,3.3176384440318443,482.61218614265687,24344.287438817493,132.0577126364801,6.1396084911328215,330.5028353753382,254.34018823169015,0.29953172351715013,70.86598872535927,379.8885193296973,248.91121525136347,268.01213770703833,151.44850683645157,37.594419406253415,0,0.6983931384725096,1.0016541328837731,2.454354836326969,5.144075287267009,2.0786399461381095,360.08944572651666,62.36866911060351,30.32146582962569,22.19541715579219,20.97099296619693,23.764111683052597,22.468877746357748,385.32234135618523,30.307993769583828,31.082165921071084,32.76462423733604,31.109726588281127,14.986270355060336,14.075794723828553,13.095221126210411,65.69661420705341,94.9380923963902,219.38851757232533,261.12844740095954,1349.127360275734,99.48395163316364,209.62500292835136,99.19309152140485,244.76117421458613,324.70932500998265,539.2644197615085,336.76273369534704,329.3704662353838,259.9207323078196,340.92624872729806,244.93936418488516,173.29118249484299,288.3131787909184,793.7279935355175,159.2566635400668,759.3476166319844,473.8456598186601,680.8513583804026,104.82481165308513,1131.2708294125903,229.39196023515296,561.6089232403476,2575.4228210126294,877.167194495459,1301.3297177712948,6372.830026866814,5103.208026056235,2080.610777574623,1075.1170975029374,1013.1678654491434,563.9571927031443,384.679083796074,522.5504609735063,12289.031848646424,25733.19288134103,828.4379990207074,1678.212002878649,24283.101494762836,565.4749205627405,258.1246025083529,221.66753020897076,357.50227919670755,166.0344816032235,139.8723652432853,189.3035032361669,1649.742158648246,396.66236782247495,1125.2026130315478,131.89177004990472,93.55133015844923,73.94671656064546,246.4008452605653,351.85799836096277,271.95648087408006,417.80103789766076,745.8599738714528,496.62668697069176,2584.900926599937,852.3678474214679,751.0626169017272,461.3946366127425,759.38068098836,585.9038371445789,1481.2963871972277,1905.7426491776414,1571.5189531598232,1027.1721958698702,2845.8474424349406,1861.123259873015,2156.071529828373,4322.659684981983,2991.61919347591,8788.800687381936,5783.438554908972,1509.43706645133,1451.4414127345078,1269.6357402218543,2062.5420574683803,1540.9007783526981,3159.9876330209686,1051.4383106194787,3211.2998382292826,2551.796032019843,2191.4023842285455,6078.124901581689,2241.8215445101346,5253.3222064150395,3422.532911943487,1469.476886084535,2110.4564178962155,1126.46278608699,2017.634968156212,3295.7878825968364,2653.8164825099975,3455.9429570685957,2155.313243199351,1161.14093905838,1240.8766545464423,1883.7783283270442,2461.468351502687,3755.780525216367,222.68297987234916,420.78559539357485,538.3358985581525,606.9537053818854,224.66971408796405,490.891287613361,175.30514343312768,329.1868395499183,2911.9390727653276,925.1174372369836,1338.7867549778073,882.8509947850314,1912.465833343244,999.8355879940747,1922.5995093306262,1879.9764229562766,3079.776682811225,1563.1459059233307,2929.237870350705,723.555658620752,1873.7421341862355,1566.9390506276884,20060.514478493365,1741.6098451854548,322.12017050595955,562.9381130326217,136.2713334349633,231.5632985196193,1759.517421996063,194.34312263011753,204.97238891291798,235.44726694266137,226.9544178406703,847.9111666689386,370.58048127613625,151.37656694755617,523.1352942710054,405.54659644374857,1490.6037776573849,323.7602817195685,248.58161840421874,581.6898524346896,1170.7230134004462,472.8501444515065,143.08894258901014,591.999855559201,352.0934283387195,857.9500720120196,731.8071037472707,602.429910820668,1671.252764349286,2145.468924980806,738.1059496254176,1801.7765239777777,815.2737245300722,2558.3950986617624,5234.69797473129,1466.0218405679082,861.4650164285006,434.08625640660125,1055.4509941878298,4899.009669724317,9070.361990110261,7202.935246181035,1257.5333330969322,785.1678867078405,651.0897269899237,570.9915796518277,1853.3451780923626,393.69410799811243,1661.8450499545936,1689.5158000011936,1067.4666790183517,447.2067589502183,303.2478362149516,591.3573250280579,206.46865961025887,289.94995781001984,572.2243255022317,199.99276849754077,307.01703885502326,176.05729145718328,480.9726583408057,559.9017184508791,412.54543036669185,520.0882908454138,371.10000501823737,302.6538999083222,529.9488643407556,2186.4988737576227,875.9740787218417,613.8411158962357,1212.9069859139868,1058.9633741354116,2339.652949979749,1244.821573389639,1837.9217467708702,2076.2096337304984,2754.2007450337383,683.8916590952841,407.6841110901108,496.69613981920094,991.5037771344757,559.196080484237,376.60622442600874,450.6738231492698,252.46964946644545,222.44297211811082,177.09309183728482,749.1347689223054,20.426327165176016,2.451747980289887,0,428.7394335856003,0,1093.7506419404733,1634.9205713268511,281.56403001633083,995.5134663265169,0,129.0896896752676,0,0,0,846.7697770292052,947.7489008984271,0,82.20480179041193,0,1282.7665893840376,0,1016.0847875647381,0,662.9943680266839,71.55713961964379,317.8376123689638,226.09010360301284,123.17597994556151,109.84826535725784,28.75242436524182,117.59648193638377,122.0652481189397,39.84332069132082,181.04249169492988,133.98943731066595,28.482888752597184,900.9093204846605,24.637978603773384,7.780667704498732,53.13518084571973,27.332941763124875,13.417708308038153,53.20505172467798,38.293993197882834,333.3612102912131,22.60453760597935,26.979399600866437,41.21033541480681,85.62649081202345,121.68310911633586,22.628808395193346,47.58345733976371,30.796164485829756,60.840052958452695,56.853345144090184,196.50159694693664,714.0606565062774,51.64534952218855,157.8601894599111,166.1381720392798,223.00950792835684,1374.4690648655248,211.2085698514218,43.00551995120017,18.106360174790137,109.0349768234099,19.32720244068131,4.165791060447747,107.29184338982785,106.74207621903977,110.65096086139546,66.49568139750721,108.20981016415227,2.2951087196583853,8.765535343159128,1.972533856508491,8.81038239327212,4.1697161949643355,11.643868055052872,10.62180881689376,14.485504051063469,6.570893243720679,16.175068171705824,72.17806037374017,67.50279786646436,32.12433668458541,15.70430145843508,1114.6163627769222,89.26309311478339,21.324976528489564,2374.683798809794,14.079794885727543,0,140.7852911371269,29.520493816784185,22.113413078350437,17.006956259276905,13.837759601454495,26.068077718461765,49.438729537750305,28.54444844713785,6.555492453754022,47.67550865278137,27.75060601553127,46.02974850006701,12.475256924039632,0,249.12811804245942,275.5295392737509,1351.0228061796006,24.553045191057002,1455.9651333481734,6278.975335714204,134.8466813840624,21035.130723829676,197.71115934592763,6971.6105519998,1438.0927610587241,2799.284704643176,1053.5477374425004,1210.6737299976883,1511.6601190739023,950.3147836973991,1880.8781291511143,2380.6881146668593,270.04378711233585,2583.031555562734,3670.385327758669,1076.7892469618446,749.8565751391035,520.1633302938233,1406.0955670509384,1203.610591664177,4221.331893899118,1418.4115290432046,872.0582157234778,1063.3259972513865,514.967192904095,592.2772280655399,7172.959868995122,704.1453496168152,952.9745164758577,241.13902699509538,257.7511210408667,314.527824530218,229.47422189769085,280.04955212714975,2724.6638247788137,5920.97430156345,8652.236593704847,4811.0329248748385,287.53087575646293,760.8082762461243,1094.7353892641624,590.0026425029556,2744.226365426227,2289.6501451226522,956.3291932492,1034.1002544044227,1906.1263866011413,838.3109606791838,618.2055401451717,397.91220123931015,819.2728526557931,454.18353734606643,14.592856851096832,5.923607848983607,69.81313410502808,157.45437963622783,97.9386656030885,177.72858154961003,13.658124571271387,36.54569151746704,8.263408089800908,4.970831664834609,5.354585636510211,1.9564015816293188,2.148314130924058,1.617142720771641,16.12907859882618,21.032041531326055,14.210703295036922,4.304237278038673,15.347988185684551,8.725434046124882,560.2514892766727,27.809029200907617,32.36392614922517,9.852079995182805,15.844109295526888,53.6149990107575,148.69342134397095,340.27250221494637,362.9549369283463,30.1350685390521,31.234749542535294,25.71017014645268,121.06023618810833,8.78780134375521,127.94604726678357,45.08257677619358,1.2127854972625898,3.6776277747647708,2.336912585871912,4.0954312393789145,7.44748825025067,32.48136905541191,47.012193391213216,15.264607048548298,6.93486720678234,8.60982246362625,0,548.8117089834079,1038.2439613452264,4034.7855804255164,183.18174104811146,0.06493708308602893,429.88152493374304,241.11704901767786,22.549223569405648,1163.0609373459456,55.340682770195336,92.57006165663292,13.450504439112274,3027.823274425886,463.3436549905222,416.0677368186001,1627.2047455577904,121.45123701907694,980.0939769167935,4343.475292037881,126.04686658889243,1306.282927230864,302.2995182846407,1307.8058060638318,64.50686122915536,4.563368280077177,14.271375157940385,29.4033204124451,1.2124500278915997,30.37768942953375,2.34923518252876,51.320100992155616,47.98198072329252,5.948163397916483,31.77708568403745,19.627917902769635,76.43420942718029,25.159704291678075,59.26815541628167,22.202190717864074,34.70572703345895,65.98804200343342,79.89739375334827,74.4396011812795,24.839738729343566,127.8580928164457,126.60797590283555,127.08212436920516,83.34369206164767,39.59944517101923,119.46772551346598,117.44797693266489,191.57562877790062,6.368527229500746,11.277009344358296,7.04276565794347,92.8379874112657,132.02007150539367,67.82862562533587,113.41276537650128,28.03357018179744,33.660730635876035,32.80577569511365,41.289957188726675,25.249795301943728,16.285853142927028,32.537903198045626,30.782099373737758,32.69716028370825,26.264450128654225,31.61222161343322,31.506564928000987,33.67554761305844,28.63691672904059,25.126772533500414,0,32.578514939420714,31.393533866710992,33.692130343076784,36.429185458327645,35.336275337239634,16.363452676843785,14.369697927151483,51.91576118846109,28.633215296777095,55.48246520821191,21.60076985350507,41.538313887679195,29.658759323725562,36.288203160184395,29.812483172707765,44.22061098068363,39.64746135823819,51.30451017533281,47.6100774138854,78.05005344109776,36.938289144984694,50.721715244456036,0,38.73640639388962,56.39544779139458,55.252550656775554,43.192944578144356,53.15466565799209,86.36934691821162,52.61589816838205,35.85981662817457,51.131870903700694,58.341038228604205,41.59130143567221,16.950937825362715,50.366696798280785,27.01642012625369,10.70560492811016,23.129623758920342,235.8456982631431,49.77312008556126,64.06622376773677,58.8268903385787,55.78256364877776,81.90320698156124,64.50046721828032,28.09412872280522,46.80335957882009,36.57648363046468,8.437788736743626,20.680315894071313,10.291209220448843,7.513849859761388,18.7917280415814,10.94039016754005,6.110014869718155,2.227790626472078,5.220460617325284,7.399945013179458,1.1565490244617342,31.60073480239671,33.71695530809795,8.479460311029277,449.75760690635366,76.30570884628605,11.676696899769977,24.34701675603005,131.32950942626525,4.187463672596212,11.482918175974442,1.2980856640936782,1.0767967371963827,1.1506452442209367,1.6146931113078873,1.4240027032472264,1.708434104886945,2.2880400077342,15.02020553399214,2.0921926385875302,2.4432919459168643,15.774562248341546,4.688011940820758,2.1203430433509607,19.77211609095599,1.4731070610250592,0.9956556945101304,5.15833001615935,2.0526678417433586,1.3128217596378873,0.12502136643428863,0.12689851510809352,0.5868944685334879,0.02434161213618266,12.379632040321056,1.5589815685555426,16.919524157387798,1.7618310743728502,0.7066015315650775,0.8889082395399222,3.188723336662212,0.46796421034086744,0.5827750125103792,1.330579014491565,1.5236486315463837,1.2944707733369925,72.44526803926354,0.022172872953678965,0.14773094545975599,1.0889195913699303,0.5430029258655875,0.5628523273323537,0.10621486388529769,0.4731728658899961,9.196237597033045,1.0487123283732942,10.9357157111787,10.673946375744821,18.712482563751827,1.1102369528295661,4.282043599738312,9.164124021604223,11.974524780472837,17.693289274276356,8.405845205213055,8.472268610436936,28.162974624487973,16.75376002628466,5.459241315621307,26.78760496942862,48.17559690968255,48.03987161943509,0,15.924710208624104,3.01597618768126,3.1826825008304236,106.4451972947425,12.327546665914028,124.84722669203938,3.0962760682379895,1.0564366667166416,4.454961904056762,10.212635286720513,1.0934172682373255,13.688833788705093,0.34569314327336087,0.34549707047308914,0.9923593698297918,0,0,0.42068737980595466,0,8.985140470104009,17.044873503366844,69.52010776102755,21.891564097415134,16.312926474502532,16.140588661974892,66.26700294331697,133.87412726576414,307.26414856904904,317.3297794530941,76.63392346966074,82.16488477591399,103.13695340709599,115.24639379357104,76.13241221209006,137.97942061312602,432.2392485830039,748.3744904746123,7936.271053614845,1207.5046505449836,233.1938911870436,103.64193406574475,200.9422937363834,136.79399592303346,47.5995597568243,54.137511567957766,143.56719483395116,74.35518678033979,55.89004082487223,16.47139874743053,15.499242376289837,23.01542050576948,24.48504219900326,23.944270709733264,115.89840860148506,16.7550665246066,8.131283585867198,7.783135110333635,6.122184785501929,33.00868674203788,19.187045593354892,39.64166479583185,26.810261011710192,131.1461259882135,216.1282717620456,97.94135300971357,456.7738966634016,133.58873161165417,0,0,19.715505069196034,27.333328271347,10.57974109268561,60.28395392514076,37.968697932762964,193.18610470296247,8.20499443136333,6.934003865371857,8.750763367770814,9.359593904149579,4.986395923870092,6.558980065865385,27.86584420876245,154.04261484435898,36.465632552860754,9.833226950159025,6.761356823028209,3.1313942087601503,2.9363452769342495,3.255916293299344,3.288115875051059,3.1699365210012105,3.0018308389556427,2.652789504740976,3.0328074616815655,15.855837049693458,26.97674159886726,52.22277650984515,324.51542720716037,12.65041758102167,6.241576243105602,24.267550010627225,49.076171429796005,31.19342857233913,39.6122056900581,55.9683692199416,26.85670720742125,36.400798374870114,91.16315978917532,557.5459046970428,277.405838527719,52.19217227209887,77.72404363421501,38.60895782445432,79.94138347388025,148.39474581311754,137.03012330195887,38.382360298728834,201.53449985713357,1766.878317890451,838.5812070855405,214.56015425988318,43.57099287896217,119.47394394400189,83.63842465509465,25.40393741158377,19.1466757849818,13.319042748283277,52.76513583348646,204.85088254265045,266.605469897995,586.0894807889164,1738.8967576299772,1437.1916821910268,897.4041703471054,1252.7781336657943,1607.4806910458929,2969.82600272986,5891.136645993424,3412.99763515213,2488.0116368588065,858.8991173922896,303.4328186984255,127.62798196648816,165.97418751676435,325.60711647739186,224.4845333269153,337.3500248617937,408.35118282449804,287.1283368683222,483.754652477617,445.6872926365494,205.05790012700837,53.95188605757748,95.58893807813445,48.579488972588884,13.4050078051927,24.938829271785778,26.997083969018178,256.14646629191895,1404.3494807516458,206.90136238690602,181.1786507996359,205.48168944332653,116.08393115860146,213.16641300117237,808.7314281538854,2229.266872746659,1862.9192360143995,1653.5145173421242,964.9969199649789,336.08578028097867,133.85099142765839,74.40070466699123,49.965752078054535,164.95066608659116,116.23550102053342,219.51250396881684,168.49940492939547,201.5976885482738,91.28771109595552,139.8026586816883,36.31804113823022,42.32375421881306,36.91039852080626,86.11601946240137,106.7735311657197,259.5477290718122,332.3611399276211,312.5428010061427,261.9551169402927,360.3661218215803,237.7889035593548,557.5109857774557,321.3500183186139,185.477890023518,390.5933874172138,120.37074470879647,101.34316973757548,102.41189760836926,81.05535899631896,257.63351267136886,317.2776154333877,287.62048017274884,278.9291953175769,229.12600421566128,296.6459390242531,79.95917460476102,405.6383320407265,84.40601856618353,130.35842489911002,252.3832505709948,189.8726499322817,194.7295398999901,291.87800220759357,213.11493982224684,421.95140156155367,307.1935548830253,875.6529513915565,842.0022455700204,400.2366466559278,655.3335809667666,90.57311667909636,44.82685961192489,299.55285328494966,65.96298623124773,77.21143344165495,93.4874287995917,484.0113993003943,401.42519586220754,38.73763713777545,29.574648042143004,140.37300538642992,1094.0690090241985,216.79006536846114,274.2464832239626,378.4663818449566,223.676985020767,136.69276042957773,223.0313190804776,180.61738616185727,277.47997126045306,157.40515645388822,765.5418133997675,189.58710588952056,166.77555286672938,365.8908410254178,453.96090703024913,209.02254900137285,180.12688066026433,154.18508370479643,237.88238733312213,219.99715987426669,254.92850857079952,123.48871948275165,99.67162883489306,70.84239070437489,85.58102176576679,147.10603656341624,521.5525393140691,546.4420368794911,618.7164320086191,453.81062431952665,480.76996607419545,529.8041043307272,447.0409712032392,769.3923920104368,640.8815050805068,162.21751447256142,77.30051841358934,1227.7003902940528,667.5908676038304,985.5268844499574,501.8794032628717,7.520982600024266,172.54648125942418,253.72159204071403,94.37559549495566,0,119.2873770532467,107.91052124130745,115.83890398192673,39.42743802895899,6.435207577314295,48.35763904546504,47.962382703485105,35.39280850363667,0,77.49016435362905,893.413743881091,52.62614142270018,62.57320807077149,104.9405232606718,32.80060350113377,108.94597731986255,227.5407405233678,123.24780984961184,142.94260407497606,182.19598342073678,85.49846650119382,5.125356884152438,16.21739849892882,47.42439031733117,46.87074967186167,41.58903923641053,39.09723793384916,53.4758910914829,117.71119038205784,81.01559189139196,12.608332515370243,5.067754073006147,12.994137540222797,12.930116996900496,0,5.291563448851117,4.814500806576014,5.168062134630782,129.01695210672122,17.173130190914197,19.285409088984828,151.29727384275552,188.3197571261728,573.2481464116806,212.86631793864814,188.79372727495814,61.49151415927449,130.39312967694934,253.7582280200404,30.492517787736386,50.76047865230096,33.94742863831703,40.066378970094505,60.907702052086016,57.55670647986738,61.10770310252311,301.5885132299361,163.27623913705898,61.20749690888455,101.95988205702272,228.78038200573644,110.27073844739029,455.461320470069,184.74047921466138,120.53076255529183,142.38465971795026,308.37220005182417,405.1135458637533,267.7690266181243,356.8251938102498,145.72358171004424,40.36205642854496,54.068452327337816,155.92861514709543,486.8235566188618,287.17403882576366,45.55322966342377,164.6382489139126,642.517620414361,121.40025869457209,152.11833044289557,1681.9074674603344,3463.3658737125656,3857.140741161438,750.03955749711,268.8967161582142,141.9706763276625,120.09562530035832,308.0878578586524,68.92687813230566,660.1668467380089,547.1773288919503,1083.8973394292505,1963.9122776022414,808.0186008367381,568.7498432123062,162.67419397629092,100.27330535124412,144.03543946823783,675.8965133773252,425.5180234183527,244.19413651640443,566.7439485947556,678.7743564631527,1313.454878720797,703.6227309532512,5821.617963218453,406.51793535643276,185.0012103815033,115.74247951573223,160.9432240936446,151.60543485410838,2964.6624811691736,1324.9877482567965,393.4761863797832,786.3017693500735,706.209287796747,456.0072629090313,483.3604609548087,286.22633889610717,170.5177709645766,222.2130449671943,64.79448247001369,20.14312814190615,88.25721275157365,19.27928260934954,80.59660489813163,230.36873187649587,122.27088390253614,21.507440955046516,28.994750992061867,18.858526906911617,33.21255985083408,351.88114969471735,20.26010932110106,1087.5097942129707,13.738920537720396,14.252693322022512,25.252083828780403,19.02734439911956,6.038632514429957,12.221154794520315,50.87450939697421,88.56306787756043,77.36380330793997,36.026402452055805,0,10.8187471301801,2.89372612570716,29.154537053425802,93.61674373655558,98.80916258922922,24.651769288459878,90.18123271198463,128.33906556224736,190.38055374982207,525.2515979157024,2228.4553013103355,242.24719615551314,192.94664497668015,294.0560222624396,69.90015694992373,16.957060724222153,1.60757275587303,97.03489406687365,582.9562205352302,1062.0488607397565,1198.893599288178,162.60458395684142,109.71097537622522,291.55519077524053,64.15530335870264,284.6751804005454,503.891675022934,935.8615926653093,941.2648583110093,141.13964006163835,7.0957620048798695,0,23.374411750522043,15.811735714794736,140.80647626063273,81.06528035397093,8.044040006636205,2.26877458898753,22.12674366165546,30.246260138348255,0,0,127.88129492903205,105.63312012593653,95.03902624210286,7.867443010280768,3599.977741775607,4162.379406508345,990.9862757084018,0,604.9070780979029,82.32669372516897,61.25993133748643,115.11559996425152,287.66575609814595,117.27071518582729,116.1489915580899,1611.8159468083347,1228.150069314235,1082.149709943463,69.31424630731854,75.57133196254824,621.6825124957176,242.3516386276639,148.5771297335326,160.37679804766418,1224.720315041052,268.43666636675044,144.50584597092123,426.1474199812787,225.57096112630995,234.42848182425934,65.05921776728269,66.20273541558244,294.4536897692779,118.7851308649311,488.4986668931048,27.47856963172312,8.90611786575901,2581.1473109988583,1604.599998291218,5365.1057745875805,6892.042266294835,3183.3133129716994,492.3197917137297,243.84609284471648,204.8434945376685,365.62337863199974,315.9211549984732,183.0562643197684,428.187015849356,511.7938119000907,2985.0904154249642,5213.376530425028,1223.8422197677585,599.2674352188653,1525.653870375683,194.22287430423327,115.18598830548183,237.67478546404095,4902.181494127344,1428.3143485380651,191.82969776757088,274.85102266493936,723.0638108616614,813.4997053594816,5.878240228147849,2.6955952789117132,2.9851538465459244,6.521773442627085,18.813774931131444,418.1442137999592,28.14402820791867,68.30933811494249,77.76265773180558,97.35098404639479,107.45761191723935,221.6953083493537,1523.1192157641822,273.735662439243,229.2782108124909,1057.0504206450642,1534.880809289181,5214.7065402709995,3357.8584294358325,668.8961805905539,478.6875727335693,274.2215385507306,64.58502123211625,425.2867707873891,14.936994473461091,24.177736619468,1522.6480633079523,5374.7343824512845,434.10492521697205,92.44478578686775,335.45732653853776,4406.988340169616,3931.5451744498278,113.8976612216197,0.4332097378684052,1.1815886961708657,5.690484109585902,1578.545856758385,23.997176059115827,13.17258243520599,24.091572808557913,382.577201379662,84.28107882907628,23.342114346609346,319.4362833364675,13.060098818727282,38.62693671058229,45.953095057220025,123.90858902673341,0.15528053046424672,202.80473286359955,52.77119293749249,285.9933991343578,33.96920949793944,1.2038854220948363,15.204506267282204,0,0.3118658476074323,227.48741285196448,342.5806457126035,96.84621050919387,193.81284516030337,35.476096297349,183.29036174266324,121.46694798234513,980.1338970954092,800.1222027583368,489.62018213850905,290.0085556759762,273.01535835418633,117.3000112637774,66.78348087471018,6.155847582442472,225.0935636738481,425.62332328145555,743.281764191882,452.67723419722904,165.76987453285324,27.12212030735945,224.08872975771564,255.44827788284798,454.02821456158574,355.51378233489777,7.28258118527491,3332.8534619779075,5137.179656597705,16810.341646103338,18531.393442959587,12846.422974684896,3.713203973594158,3.4303726807825714,9.542571506938398,279.72980046732425,19.422048011908593,536.8622563065206,186.947547602068,383.313076484029,1588.4356456316632,302.939583455522,40.895576040200666,10.575838516214995,378.4253488991027,51.698075305145345,81.09234585701083,40.02219828749107,8.023974507333781,9.46145062420673,9.17049753091036,9.305062787192064,9.615683465943716,7.8115606264321595,13.90166605137389,14.083626280870236,24.435202258162402,12.617700778258518,83.99880754562498,74.43582756875587,36.58603931471225,44.16240746781334,64.92403082044765,353.04592090957266,42.02068830943796,24.494500519414792,35.29384003911047,76.08552901805467,413.76198128726634,63.351339917314384,293.43377526953185,94.16776214431853,214.14338790236582,63.30428097782386,50.53770747344425,79.4873308598077,26.918407033621644,41.37388858337156,46.84156124200709,41.743655668057826,442.0163912781476,40.310127078415604,119.02125473071375,33.0313003096042,50.36376960696499,615.6455495436286,24.92643350732365,95.55507943142896,85.61951022716228,12.494982526885932,49.61331622562777,32.28750410833184,181.66867214658845,72.1424822435397,874.3426162099349,211.93015862412594,4896.826515959362,4968.759418458468,3266.219914917766,1146.036851474968,2160.561561071579,9.998806722385572,9.107591165947985,5.376419175319117,13.714911408012387,490.14163062780864,528.8838056213713,31.60381946321545,20.76327011834687,2.862230835508999,12.973782063379604,154.0931205008135,453.52538893230445,173.50850785659978,63.91707461048462,9.6763124703242,16.859238352917796,73.8071177143829,100.97697239680039,731.2087253871342,30.168078624580435,115.46668873580691,105.93479830958142,34.07393621197855,123.62601250354595,8.633427844313616,8.094994444742884,14.247902318023213,3.036743324053064,157.48884454027038,16.29582294073028,432.93691374404216,182.90372989235303,295.91513328857917,182.4435822310753,591.4869432296231,2386.194297416472,1584.7901440661117,968.4322994829981,362.3349496026883,185.23176778591014,540.9676130381818,258.73386405012445,461.0035999761873,1206.0363969996679,887.4582104688075,2588.8206795605424,1576.3279184809644,483.37874484555294,360.7183275679756,387.2285360563882,247.1807601987368,59.23444485247716,212.63634644784293,119.90742514128908,78.89652813804226,436.8121324254961,2533.1843285380874,995.3254287452622,158.2304881407706,1735.8378197034076,873.6866370375654,209.58905092829696,44.319237445499454,469.2939918627809,913.0317083816234,1855.2133159786588,337.15761478032107,196.27395391326723,254.11209345750726,264.8576388670692,745.4067943898021,281.7289404034418,47.925108340911116,167.00371808105234,426.1361288988708,1036.5573038049668,979.5399089971976,1271.580939449494,2614.5364203654676,3061.800899468122,5324.63838512339,2997.167537531445,1045.6048651530893,983.6606624930464,8637.471405146192,3451.9995252037056,751.8802697069821,41.31999358441894,46.974470876269116,64.6502248466474,563.3730111379239,69.29968640692005,385.2792064477662,665.5212941758176,49.76083636764085,301.42924090523815,86.93609280777363,407.8769640214751,1208.4684080631923,1185.3794583045753,103.90218556669132,24.63600490617849,17.59847259895257,80.28653529654852,102.96124115007609,116.5823707066535,169.97631389129157,152.04666665368217,538.0811627434431,2425.308508248245,1592.4209788113797,620.9023051882524,353.317890834544,79.77315139921146,528.3814361704151,0,0,1398.5252417667616,0,536.1219080269805,0,629.6594255381498,505.5120054752401,1993.9238797283424,527.1396544636934,0,364.26811943528037,294.69851492364717,1540.943640833804,851.1598190425831,895.3641363177132,1455.6177599394466,338.7131254215636,5613.182248699556,1600.011557591912,377.93260585409723,1060.063269737859,1009.74969931065,1155.2125055368083,714.6368176258035,3449.9880943200806,1123.547245252008,1719.56508640273,0,1939.1045271648054,1816.7878168487298,595.164790291,854.0841709622664,603.3360137319635,789.9260616810977,824.9943535029674,0,906.5062219612129,721.8431761677151,0,526.4796896428824,4586.655602446273,944.049132874414,1486.494568667817,343.1112666742756,814.9822300119893,270.4778880496784,0,1076.378045327247,2319.813577149167,1261.4791744727256,1990.6214534614357,0,1917.4194287235448,1775.537474369562,718.1573894973237,14.56536753405792,1537.965492297749,0,1487.457238771683,1534.261352684314,794.7086056392656,683.0690034417548,693.4958838596393,1388.742570659482,1682.9687811028323,879.5019136775556,924.8108822984394,0,699.553569802261,734.8985100270817,1566.394544228055,477.3880424145287,1203.418400919242,943.489826575195,640.0221499478281,1014.1192055231247,1079.7901542607763,0,722.301381781005,0,2087.7695584951994,22.7021979677425,1803.9862430200221,1.8399449016160558,1301.7343611753258,30.645570479868624,1500.1700527074447,1158.8453692165124,1496.5987482536605,1094.1949036554001,325.23094474206613,1481.2991778960595,940.8545719454913,915.1227420984069,0,841.744876177826,1039.3892190980282,634.5695199559381,0,0,724.3942191807115,921.8978773978367,972.191790143316,569.0912474540746,1434.7055990467604,890.7064259974711,1260.534015681111,851.0132106522351,768.8562460715326,891.9646182340267,760.1687604857541,728.1491246617544,1030.981229952934,1019.3341883539019,1164.2787714490535,1015.8586687038292,755.8373013699652,719.7461158307289,1698.5702863964077,1995.239620625807,1169.5651121704107,1185.1318222987923,1099.4606985553762,561.5115021691894,692.9577435421564,1212.8688438806698,1507.230306656698,1041.738570881947,1061.1687226733916,1548.809432608409,1060.4675544787378,1061.5429177393653,1280.3371466670926,686.0084748652819,1592.5134425956776,1573.1129766814622,0,1442.8531855368938,1372.2785095823021,0,1341.779610978819,1681.5250566611896,2123.4726911668954,2485.5843772513385,1626.6379274148553,2039.2484628319326,2010.068154400976,1859.3027539574475,1610.7852702859213,3763.7835261385326,1744.8960200050128,1594.5400834444,1678.7569103402204,0,2517.8387975166497,3287.0825736137685,0,33.56761273802975,0,796.8552374717301,2099.015591067799,1378.412237683516,1276.1566699947653,1349.89194072494,2238.2859123016137,1311.6205850264264,868.3925940517834,743.2289298275848,712.740531858332,1795.2960959379734,1061.1926240894895,1339.1504435129575,1074.009800667912,1264.896074172756,1216.1886971795236,1168.8669026377538,935.1316456395745,1489.1791204696387,4472.372886734095,7563.304789328407,1533.1034985354686,1012.2612228622564,940.7153888924737,777.0167428295287,11691.803228373321,823.4775969349473,1838.2384721150333,829.5818933490691,833.0764070198323,874.6903651305862,715.6140342639934,897.6634495402568,406.4442024320487,1078.2380704245045,890.7617930384833,0,1798.9163965521125,874.7295864584707,854.886255542335,0,431.3082516025632,0,689.8451214479918,655.9809139858287,987.5808928871297,774.7330227642403,774.2380412363449,1069.206486916719,728.2394352783184,1067.883108888369,1154.9320989898945,895.8677792890803,1239.054968377849,1055.0170790561192,914.2938318374232,0,705.5621972366426,0,1684.7805202477705,882.3978596220185,1041.410447256073,1078.1312498959473,905.8980105054148,549.0430424688493,0,0,597.9198112650083,582.12224574686,587.0021030876117,0,595.8361634466263,538.2770672451318,569.2223370007464,584.1694654192003,566.3717899811744,581.6235178671772,600.2351004331006,0,617.4296965547319,614.6246149866884,657.4635355183474,0,96.2978897264309,0,0,201.7960708888043,1480.9120110825118,0,1376.3418653096278,711.963910449817,254.71654480227878,644.4300341309012,917.4629382240065,2776.1028677868308,1107.9825170681959,7.4725808137652106,645.3626162635738,72.96312471867535,1116.7793810513008,648.1020607514264,1093.7749317653181,512.8406607711544,0,975.3667446320901,601.2938184504627,706.9215107848751,859.1431865189612,522.9581056432239,993.0236713658611,557.7735901043799,932.3333254354546,774.7756274308368,1007.0487555141859,729.7066913191842,729.7066913191842,724.570890228154,567.0284340981458,783.417108373319,592.8823672056428,609.2080669133968,552.0507375179374,783.6421778601916,518.2706531025276,658.1449948916866,523.6404096357203,816.6268749321306,738.8915922086596,623.0735220342971,615.2660149119722,812.8222289440101,525.7915661896644,583.7540462091287,877.1299832554072,0,629.740904934436,606.7432924502937,522.7462794323465,654.1036365709416,778.6520310641698,672.3021505452746,574.5544367473211,906.8831683359836,791.1973926773092,565.8139663733621,1339.908040787813,588.4927959322014,502.6991700187817,510.5819048478909,878.5067177972053,827.8424245436541,513.4062893045786,503.0615781941073,522.6450891562977,499.80864093992295,768.3723694690522,0,0,0,0,0,752.7137784225755,736.4795761400802,731.1858470315796,382.56668667702354,306.38221486645136,0,0,1204.5048219703822,1036.6903676339916,747.5914992013367,0,829.8715328687395,839.6917936513914,614.4807074098603,1140.7067014260924,928.6644475756087,956.6118069544401,717.4780767915773,345.34740714001754,0,1017.780946339011,360.70193094159515,2251.2462934752457,901.7707335076851,2644.459841939821,1377.0069074268802,1621.3622547967905,1476.5232548354365,412.445823646045,0,394.53235015555106,871.033788246382,397.2966778080414,329.09599423152764,375.9078810768545,858.4095382157216,512.4926558335354,469.05353865038944,437.22597134336877,566.1777250738597,1671.0990552639998,505.75255808141566,374.4211790015086,0,450.0200528886321,721.1218442941968,1737.326434729088,1053.2188217270455,3124.214808889539,1735.5675058857248,680.9795130962032,2121.2315321392566,471.9603651848604,556.9653880227067,2739.1265348674638,619.2432769527759,488.12322203025207,511.2703094201462,571.7683320811904,452.76646289213113,412.93040131841695,393.74041281659885,358.820536740876,67.77765794041909,0,2418.2126672923678,2644.3457858729867,0,1116.6433027466778,2341.0102819682647,1999.1957689328851,1162.7139148694687,2186.5891558056746,1622.4342421164008,0,1.573271311338678,0,0,0,0,0,0,0,0,0,0,0,0,0,0,45.44519415241495,0,0,0,0,0,0,0,0,0,0,79.52813691727559,178.51413490255047,32.939979256580855,28.211833066926935,9.137390845672023,210.1257571110687,1188.4396112977095,1379.3453652108901,150.99648288989414,768.4233925411619,0,185.53260604573939,55.806187707826595,49.25359084956794,55.07099177272012,457.8658291286757,25.347229756798566,146.05400280926386,27.112128081724862,77.21850003867388,57.965173472828056,140.31792210162058,139.03584201975875,199.5794509422134,0,0,298.34552249941635,50.14813889143287,2515.9597341500335,149.08525506095359,207.569884165167,50.77266674125177,1100.5475759810204,50.52217631809206,50.74703990665252,99.487112233699,0,0,30.539869737612452,47.74750413490138,82.72935046590905,23.559469004487468,212.31184015251532,37.45830326788878,11.768250012131318,36.69545683816179,39.04804594868103,36.76179727526407,18.30620123829842,36.02826744417819,19.719692345069475,30.50979003608808,20.462230013347842,21.718802402636555,31.562960430922654,27.4452281438625,28.836234926278152,50.61225022340264,33.22652688786314,34.61275252196629,23.62648118438618,27.937851799388373,27.419731243956726,168.27586865818813,54.06218343005439,40.52160405222763,24.196874640332627,247.47066219605279,204.0115589832704,53.15888983830888,688.5120619149386,314.88738708928986,139.57762462593732,387.01684231154223,391.3640693238318,200.87269838651886,78.3778506477818,174.46251652336812,53.86548946250392,362.1249203250085,0,36.09502395678687,2.9565057548240143,0,0,0,0,0,31.661385097195414,1039.956099080926,195.0208490014318,5.776162378274783,81.99677373287254,686.6934492383872,953.8463231904138,3770.2180783961,3863.338235506498,1579.625300073237,62.77988924547419,1.310689217667363,1.0460946946275198,0,0.9766174322278494,0.12047808086991933,0.15588772964520148,0.019320936660806177,0,0.7328336919110803,13.61736446896054,1.1245665806097807,1.289647650414385,1.2470030642478258,1.2186013038064012,5.312866181273297,17.20979862848417,1.2144788386703393,2.6349914693260783,3.5763866772069237,2.353481085277895,5.266421449171981,1.257718923834155,0.22480113495192644,0.6222926078869596,71.97768156392122,7.1671160469750435,71.47665166093137,52.68500758347012,51.80889037703095,8.079802628796902,145.28865391720515,75.52314630546742,277.51278877058036,51.868200344258646,56.57910498249609,108.39435745540122,192.7999289564961,384.07318506287504,191.49885549718454,9.566008282361027,2.3261619549789523,12.71089905317902,110.615893320674,13.817176419825769,4.157714635827667,2.6223650295116863,92.79805694166296,52.73262234498095,1.208707948515087,54.53670437543492,644.459343142352,167.44462499040804,31.535729411971218,20.448097796953338,11.456264563042602,36.76713840422183,14.507477522579139,38.28614620716066,16.445318963750776,2.829100142674787,5.800668295995764,288.9354184066571,91.76161956270353,119.67641066804401,12.080649977708442,50.6822816251261,123.99627872668611,5.681438753711689,75.13206835173229,25.238575699035152,75.26334451561064,1668.4944323498062,5332.138081692293,7341.367956586431,230.72080806517667,166.4867794478176,26.890306540764637,216.66980897124344,126.56435969627432,1032.1851939194473,244.64154258024334,90.72095090108455,12.165553422586534,694.6427872665404,380.1315268647134,431.378302547287,152.2896705222607,2.510947207723092,18.621175197384552,2.5924396626735833,71.8472445693103,1.7904330802976358,2.270553152266795,77.61230974968987,85.53487371963685,20.61954480119564,0,0,0,0,0,0,0,0,0,0,0,0,0,12.630136852989938,13.402152488277196,0,201.88453122058257,5.781848396679447,5.616780218686111,5.607172241910005,5.5327822665994875,0,89.5524939674694,90.02320559347484,89.29998733760569,89.40047147706849,89.90299089011752,83.78469215375077,0,0,0,0,0,0,104.22703021611859,89.76208415526327,0,269.7407365918149,105.80148456719644,0,90.53648476198936,88.88356981947402,97.88818237951385,4.052717746228058,3.504198896077727,2.666514087506691,92.92724243860349,134.81614988084775,34.37192630693925,106.40748691420484,71.69057289528625,91.3969520319471,100.49532647319653,112.10945764389618,111.3005417832967,75.76089344339961,105.93935452247435,105.93935452247435,5.64662527050948,5.64662527050948,93.57228767961608,87.53793223213029,87.08703389308567,90.06978221014293,20.938362793868237,65.1463481332753,5.955442741628678,1.830403415145562,64.5566019579646,50.837975059669795,0,0,45.22335624612556,0,72.57670995684073,0,123.67980696413314,0,72.06083915142777,697.9806413598668,89.40831313443876,125.10732576841546,59.69259720152804,133.85632866118337,64.70928087849015,149.18813710909842,89.63485593986194,7.713176043801474,88.70603981246477,11.000352750745805,81.73399881440771,91.10780659041357,62.72633741690912,55.29314304319044,68.08100934035251,83.87146792393152,52.77070798166875,78.21458008528198,161.65565940746956,114.51886342082548,0,43.466112163862114,79.44508068636006,50.51574536252606,95.31956815316222,88.70773891458497,105.47466239512605,0,144.25605443878698,91.33818022807385,79.65860960242323,101.81458116850355,168.95747860153702,88.36003246735073,241.53015080363437,95.48003368598934,108.93224132536015,4.3795391236951255,549.9006092549638,197.36312887516453,140.06089226422048,181.77064038381724,101.63226073219892,314.6646597388745,215.2186474460968,654.2942185202276,565.9680686477998,598.1560120337741,216.15028104911164,60.16419767959129,231.37608606741026,341.5625136375965,587.8924693356107,1599.3799739095628,3979.892327060673,654.4412211975264,4016.4857395283957,104.34038702307373,3952.533325257121,509.9506614610033,531.4690889117685,175.13834970162503,148.33540142023313,376.41790115470087,77.2898985209829,45.29955531750132,57.89488615402859,474.18961124232897,151.72617257947098,4.629894627944967,49.37386628849022,0.005273885062840377,0,0,0,44.65997289601544,372.9063102489359,5543.840754230606,10788.44722959429,6384.389348736579,267.26963960725175,8.798791571546067,209.82571607720277,123.3707800493475,1128.2347360355307,198.53459089008706,536.4711765968649,1546.0058801799137,107.74018940777802,349.83902423791375,192.77229653288066,96.50448257692408,31.464662901194608,6.373970711557139,438.091958906015,697.4082542787145,1018.1380759210115,412.2520980673183,8.080601039233775,42.081969438907365,82.60574463344929,396.50018725418363,92.1427147913936,92.40632230157505,445.5602537696371,3497.008295698058,319.8531097705342,38.43338017793939,101.21420203421552,56.31231745184322,382.9470440670951,276.25002221461983,71.01070809002134,1470.1029399748304,401.2582542030948,100.38402159073222,32.921704758085546,144.0985754802365,213.26329742970142,16.47180060482032,12.919847119147423,71.8031679894265,15.457811024819112,6.929134952773228,44.50247488758952,248.61085362869287,165.33674717236622,120.70300567534184,27.02475614622725,61.77430990279678,88.51521626516941,56.46072814139487,33.08829021906711,208.27902258521001,23.214580378445664,24.678868025138133,24.0894787813161,25.075021836192033,23.677840347547008,24.38752341192154,4.44223633714207,10.8516495112629,177.03006130653313,147.42552243509442,427.9629547802328,514.1194085304766,106.2723496272533,106.48743971852646,86.13470438558672,176.52081980849448,1700.8643877610962,57.97290002085,839.1446165189158,66.98112135284106,161.69265990520208,258.6625901305347,22.850737692330455,24.113069701402708,29.154933522179583,152.7247938410655,12.585454537405209,48.69045337001143,57.26586023036347,60.84470098666709,68.72220149744106,121.436786236541,84.5884291138361,121.29426405970186,89.0566785901738,778.8963880677402,8723.318493878234,431.9722166505765,1565.0978961622284,14893.343038752793,2919.714437082662,143.17853938584034,86.6542069644123,85.22678056244015,124.2854666740157,138.92621217495198,315.71250182830187,315.0410209076129,1293.3731849661294,1870.0921194392777,299.38551529748776,86.70211224922681,565.4411740207637,427.5098533693574,91.55484755618195,121.65987019960298,24.498742098586533,15.167521135110277,95.47756468441324,77.88374688043751,9.744630385509662,9.027394623878003,39.85872944621225,0,0,0,0,0,0,0,0,0.874864184063662,0,54.122088670902144,64.38445230332835,0,2.3182565564858515,0,3.696525141827561,570.9446230930776,189.93777480663425,0.5919288310429722,125.53153599862502,484.8702762384208,261.81698892834254,803.3400312052487,453.6746792569901,354.30619901986296,301.50987382770734,397.9361924133437,539.3662646712784,477.9621847438539,540.7879369831581,86.43296407812497,781.549125576276,1387.7372524706896,934.3515674785712,2965.687341159676,2230.19995657729,955.1325300087545,518.9233942592987,509.5967251690153,835.5619419055834,355.0631782105644,893.1719730312875,791.7206462348404,242.14228938898555,141.77624802208064,2.4413427166128865,179.19334318900695,100.64847548769156,164.58733030356714,420.20197102020626,158.7835022891769,165.27537235761517,220.0577936496106,276.23566903062556,627.261927113335,489.61970405518423,577.2407059521462,296.4148495602239,132.01008480059386,595.4766664474964,570.1131204855571,161.8340419055967,131.04807683648224,408.09540663333763,279.8991665977688,361.1733117562422,802.317132129544,976.8064772332149,1417.4064625351684,1678.252493466839,1205.0984117426258,805.4921270390528,931.7319983164184,1326.092683679435,2259.1220982922014,2287.2182959953857,5046.315211031482,2064.2349617639516,946.5149330142656,576.4080177334658,518.0732359811398,823.9981676791319,506.95251241626795,239.96169193952676,190.17193685630704,594.3581711088921,265.1244852751959,278.93089174353804,183.09828735234393,438.9642621771965,1714.3420961223333,323.5965843587494,224.00788727267164,223.15471549073266,295.76240483685814,232.4321766300765,824.643420420893,154.0018645886244,104.6831235299266,168.93138525296746,391.32457626857604,238.84627179481927,324.9378256143279,80.96231418734129,258.89392814693883,621.7974380740811,112.86686393888935,165.2725082710849,291.4730859544734,456.18421336473045,349.9239563296544,449.18845899804944,296.3421819737404,313.506317138255,464.6446220489252,443.74346346198683,76.85451423429063,372.59916320337015,83.47512301471842,535.7102642898426,27.54185080036682,1030.5153767972492,1702.8304947235713,1281.3524588471278,3482.3273596234912,2357.769120143371,1157.5983873996518,413.3986641086303,460.4435122509014,862.0449360699334,498.9536976741538,96.38546640992739,305.79187886176584,1264.4681521275197,873.7172161854622,563.2497511893685,1085.4723158407269,1496.9272257758234,245.3088104426431,122.14420542859835,281.53591199831465,373.5831350006525,354.1026866597949,332.9391768163787,489.7831603869642,303.3651563387172,40.21731487569135,46.74415552972187,15.684193180769183,14.64357108889029,16.392692698403604,19.89002555207216,2.4311322741807348e-4,0,17.347404637796167,2.6608011425273275,0,0,58.63214053946327,486.50734809861524,152.9816510281942,25.07056540406495,247.259296634407,178.5782718379025,29.925476551534064,58.0989353368702,0.668739874819498,19.887278234721176,2.278932891153028,78.74857745973307,4.615922191312496,336.94030825091926,1405.1677700127025,293.1498450407898,191.57984495161833,13.246429531343937,0.9848739583839696,0.46345968618871153,28.445055612369266,95.27811093034062,0,0,0,0,0,4.61511457685491,152.41505211909225,96.61696167808259,795.4175384126984,943.2752755794644,198.5437691426251,643.8423597959411,16.03627985167517,82.20636138307316,33.20757955888566,113.42396298977648,30.977518422790617,139.42083528216438,9.438301395644105,18.98758180466906,10.189952783519951,130.9850738872038,6.052006156353266,0.7603473613867412,1.4413749899514852,171.52526412709284,23.398757692654858,36.277279945736474,176.26979960371924,585.5233025148519,380.22426844922165,558.6839396818524,366.1751651337815,168.41126960930413,97.65268443500761,8.813490154576419,123.66010165039965,959.4826128002651,1875.1209822061373,2377.8669693023385,2135.2801085091864,1339.2259614857194,145.54413198101747,7.924212580376121,0.014712624133369484,1.2856330327614591,78.32950314836039,359.60822462889627,17.87858368922278,133.4018073384822,13.950466610515216,6.391307059661471,15.289956751416158,52.24696200528002,7.072417421464264,0.010201264259724634,0.44655426200234416,162.73437873398711,12.150686618076799,147.76661062481088,194.14964825277397,2.956270585357062,138.31467602852638,0,34.70703823798968,0,0.9640645611215889,0,0,6.3599895701519635,0,4.98998183818276,107.58197918227837,52.09953725608254,115.5893722074784,74.59894760705426,118.14392668214349,0,71.8397351074717,102.33416596636373,0,99.74682281355132,0,0,53.616723483327355,97.29783587085626,100.44601074519059,0,0,0,10.5896498425116,27.016175186105656,34.76819958393197,178.74124053977008,17.968879179117756,0,56.66339834892368,23.47077461836128,30.16458548949662,481.8386340402867,667.1084477548009,656.0858035322623,615.1126033560839,460.35861667432084,378.97782004759136,124.22149264838903,212.33244580988958,355.1142633043895,92.58291943543955,314.34049822747386,219.7075035356196,70.3632734058943,4.778872138158687,14.195471188420662,1.27215715524678,0.6151368157362795,12.333223555868866,0.65784074663199,0.6872684177810641,0.6650647570959056,0.5869317739544879,0.6938412403629525,0.4521862944366807,0.6522863776584107,0.6977426057070997,0,0,0,0,0,0,0,0,0.6740053583970865,0,0,0,0.6638125006959287,0,0,0.6698647563989482,0.634901943792559,0,0,0,0.651779841628149,0.6649336717859646,0.6310732755920542,0,0,0,0.6008660220823895,0.5718666358115915,0.5726293010683334,0,0.43334400041417803,0.43313190818382685,0,0,0,0,6427.636857056631,27413.467097610494,16035.99067110386,112.78495884228452,971.1584255711224,177.44931608600533,26024.445536628,90.45392975224242,264.7271524598712,89.60948770820016,108.46892166727221,146.10297535108305,161.6918629595435,166.51996660136973,120.59901857988181,473.9504364970059,4542.077907517945,1043.9148107344188,5473.220704437398,760.0313194324535,1603.9230812262708,1425.3918925443238,2296.3061781808397,683.6002114275508,506.9252967073869,222.0765503951036,172.7339916951499,1032.1848447912541,1672.1448807188522,286.2203584202984,335.31452939655674,625.3991391017104,284.928734416049,609.9895698356754,504.583582062969,463.8919518439522,287.92336580935194,347.6590399280311,437.8044871971715,388.7962033100636,363.4796222038841,4367.4761697753365,2417.361723014721,219.7961629156015,185.92916984002684,207.65759885307756,862.0399160604372,1079.625317233561,349.0175175065947,510.05331292338377,432.379231402486,0.4097419827272464,0.8757670227330862,0.12209813569271061,6.072221099887625,4.8565618389772744,7.450923678958836,0,0.7848813711342134,2.389122301414622,8.047025365789251,169.74100750190462,68.5234690286591,32.848355092177876,133.99561943341047,267.3275008058238,286.3337046859494,44.83511933556275,50.63445105911475,14.393835827352211,250.79541066643534,94.90153661948894,1.947058410431767,0.9240240362581472,12.234289507193425,23.115874523274595,66.10570842533612,35.55667876516122,14.315533559897109,88.90672535079885,12.203785521783363,3.2825974217254816,3.942693913766686,136.73257451752303,41.23632183675935,113.63239244052579,293.25283008985076,398.29288916027144,660.4648613625736,611.6537441679804,347.433371147779,311.90461904603063,880.7673083093788,581.5542311445092,639.0889177211066,650.3566490165525,368.11343718622976,385.6040548968268,651.2484902980133,209.5605192454176,775.0064376258092,55.10134386265484,98.77306007723136,7.337992311740215,97.28129127708492,31.475099275967658,8.444985630091749,291.15304479688655,65.8650531799577,83.50227300087886,213.9262085342298,321.87981423380376,544.0932634626578,568.6115198729092,48.53304330885453,1251.0912669867344,185.86764318590411,15.301557861576915,9.541436254508342,69.81121295577837,285.11692756528055,448.87475334408805,101.71818266559714,35.81729891667235,93.6907617830164,713.2275128226642,290.02440977936385,335.84831129890404,179.45459702700785,350.4741047085122,204.02851944231693,260.69235446389297,434.70125540403797,1039.2312041483062,488.2615051288528,1168.3117304139994,1248.1140088434236,1459.973148770165,918.2241930381488,520.1635737155124,1050.2814998070367,595.7980333932888,462.318198164395,456.91004679560587,395.6306137772574,548.1214815595793,230.64628614081894,144.530610448911,0,0,0,215.89867306963868,24.349168061416673,446.3728356873824,137.27476684814533,97.27016736567303,334.8010400626052,62.60663344683492,104.66528568168171,549.7708921784944,731.3098460882352,618.8273478788223,623.665502390179,582.5241465597742,364.218296749008,65.66070831137247,66.20297667596184,186.17644625028004,2.6995726396519077,145.25555203543902,40.00144230434844,5.680063208713292,8.810021291034838,26.471945430720805,186.10034022390144,8.748334019892754,2.650217531998882,3.200848410219714,6.344167435898684,2.2856473634771146,2.500382652480817,2.1193500772449463,0,0,2.9093187472451945,5.02857687064484,0,5.237347050103173,0,0,0,0,0,0,0,0,0,0,0,0,0,0,0,0,0,0,0,0,0,0.19786378560974613,0,0,0,0,0,0,0,0,2.808960682709183,3.9983343124855737,0,2.8961525029995565,57.15306509498211,2.9904733690072756,2.949222395744058,45.88757666260958,4.114982153101724,29.8145786567194,0,4.00253558297308,9.369256989325141,15.89728318487419,4.030910837314992,0,2.7883362135398055,0,0.02853866612820631,11.806982430909219,3.064399597067236,4.548924995632424,2.786676636028389,0,0,47.10889813658838,0.7516750573493397,0,236.53336611969286,0,1.026226962862274,0.7052954362170705,0,0,0,0,0,0,0,0,0,0,0,0,0,0,0,0,0,0,0,0,2.1286659057870434,0,0,0,0,0,0,0,0,0,0,0,0,0,0,0,0,0,0,0,0,0,0,0,0,0,0,0,0,0,0,0,0,0,0,0,0,0,0,0,0,0,0,0,0,0,0,0,0,0,6.020256029700444,0,0,0,0,0,0,0,0,0,0,0,2.26217023356532,63.953217511505805,5.67444909087657,0.0837358583291272,0,0,0,0,0,1.866360188106699,5.637501881708932,15.204363420749186,43.109198543391976,467.09322340296956,393.85655279520137,485.8165106095023,867.7868284787851,74.92683123367816,310.43597170388847,444.3282275933112,92.10350898844185,147.24669743366707,117.07147489700566,172.50928748403393,16.946243880598615,9.278322530933835,10.53826952106482,14.049737132960551,10.663429727644493,9.019594372865562,8.89809696546897,7.563431122646118,9.312275362963447,229.85450822320797,5548.981417539238,2729.6974989529353,12.628327183837506,924.3184781098772,26589.156649311124,16178.76986816113,7869.857057985776,11.23810484879295,33.95858055189663,7.250219297474185,33.28345279866688,12.685252454503994,28.97527099867208,27.17136371444709,24.021871863877184,624.0743307230516,10.251275087399296,77.4694432084794,69.16730455397703,13.25195470734481,23.43195214445803,4.527216975504469,1.2360881281356453,6.791566107527917,201.85822068089928,32.52165156020573,384.2206806328134,31.65721590308464,169.30716045889338,60.04040153996218,19.778727447269645,1143.1718675412537,137.99126923038392,2903.8271759030285,2242.131145531831,660.2141688550174,70.82302343475327,1.253014170693993,1.1950396663076306,1.3260992141364325,0.6815931708040056,3.5557609816643754,43.21555643865852,4.992788911770574,4.603017039965356,5.647196172447506,2.669816029972856,2.4221456631821794,101.8151461704136,15.076614433593146,7.610036242020386,2.3969842646425374,22.31166831139235,1.1456994115458277,2.10594416878587,9.836730801525949,9.870862185578138,34.85304432469795,9.12446916578775,15.005226101568859,15.116484411131754,64.99918198570066,31.42127521083836,51.53578049942041,1.1946309106065447,10.251908847297642,7.041116302854934,4.920169624735306,7.008322015729281,46.94047662315315,7.03401953624681,6.9892531784060825,6.775987291195228,7.079875802470696,12.773075349628735,6.950854093604351,19.472048440188125,18.012383615392114,18.944058714647024,30.153768428133677,1.3095744969073786,3.5994138793719026,6.988823445462463,3.472596327999281,4.205242562871736,5.537446384440311,7.538097003147953,604.9940467597239,1928.7768792920263,1209.5752880755206,89.71511814483759,1562.512458263706,332.1968778379429,6.978620476087227,7.044486164578468,0.9516242443088352,1.0827599133682175,1.1526975667173414,30.98146785955286,15.161608421625852,13.747419187781983,17.343593290908316,14.432679266931176,9.789100099958395,8.86395584371784,14.846055923345977,9.335702153495836,9.329227749631949,15.82028432707089,11.66319226932752,19.607651833473874,20.673305965478797,36.03735648881192,14.265121764912738,15.133094547707804,14.918824599573936,87.25783448026726,14.671297398869516,14.92412816921879,20.205928348488328,20.07129020540593,14.726552601753717,19.504354562046462,19.09157220767517,19.895088532955118,14.532411912899764,13.972606256405523,19.309195004571507,20.209405015746764,28.24901757621457,19.974996292330168,28.805372127758066,43.97463248573583,29.48056303066877,19.79484391136224,68.9664847587139,1.5939629536835869,11.737001532431881,11.83339864287813,8.029736524851746,14.44760837926227,0,0,0,0,0.008517046929122188,1.1882338368697096,331.0637705412793,228.01669119691863,822.7764267353328,16.326936980708794,10.012379971989517,156.4562910489198,135.68474446939342,128.19172778475252,633.6021010593612,11436.496081091642,12171.983364850814,740.8085826167514,29.315384032297402,129.0624138547232,222.03118707331936,224.13224027572963,34.00132470683542,10.662561184442788,18.464881295234385,0,51.856810444074526,28.381247200385626,40.79735926128038,29.30187046983504,27.33519111079815,76.08718399814039,163.66353602907714,88.42670714673689,66.08924081687034,111.62700532677496,448.12913658811004,1973.7054244442313,980.6716695564103,191.78379258472987,202.98794561137703,218.18012190405906,115.85592240492149,1081.6769824134808,2575.6434106069555,326.98165746168877,60.187268489565575,789.9681648913999,154.48763714127793,125.30125527707138,228.42712174441306,136.35231203727687,52.854140599036,110.71375236788796,71.51296578561966,188.4828372482558,757.2836308860657,297.48550336160844,935.9868301606048,57.693169393469915,390.98720218523835,2130.8513606921174,1374.2137074020238,1636.6155579819333,2576.137042452225,4287.048939607351,9292.697410452429,65.19834352722121,55.40249724652839,37068.7323257727,35825.155088036096,481.41191685746236,9033.805058569145,84.35304416524798,25.954881247006632,226.56233655998818,236.708973156803,555.502011406743,1288.9390765460842,595.1155070307336,322.7633693464269,240.0375864564613,400.7832715384442,828.2551925066284,1749.9373963248595,165.23199380231955,677.9428806755581,155.64645686066945,167.24788464368228,134.41646956392043,138.92408262058817,107.98725921441012,36.15449350369307,81.310299644122,367.5221316165083,158.20110082886322,114.78978848833846,87.29409594629897,120.2726237303682,247.78880377803023,154.485583684767,95.793016559581,277.6499425309331,148.8219822110157,402.6593875960503,224.77376756294055,129.54999652007365,205.60097041288304,491.5185589411534,260.8359957875699,378.67871931078884,555.7687959971847,87.83511072007826,260.55356364275764,187.8736730699419,775.5936423873359,513.0683085743631,224.25211042217117,158.54889648436554,231.60131427058482,350.01334928647367,384.0294912649586,301.5456611117172,188.44950966725327,179.333103469449,213.09567120440906,187.5027482293162,225.3147111279332,205.76050418189385,239.73221665168828,200.1215688389405,487.28258923900916,377.1312048718578,287.8027388517485,458.59246627192726,368.9324835308078,21.38798542250796,88.89267608303246,42.82891530160297,18.668182361590333,28.648781378994787,51.25962859530236,531.0361489196742,359.1563036359152,116.98937574794688,30.707501195640315,99.06906605312741,104.24528895391879,102.83601726216233,32.180084166774385,44.166766166076556,84.03127754887183,125.024831686417,169.21690190466265,236.89316096845204,74.83125128117003,120.51117993754657,114.30675727255945,237.2413121730664,20.237219258176857,51.19334970211823,146.80789236535227,155.90157056735282,93.4991103404645,67.20370296004083,121.31986803746457,141.0207772308792,157.32211113557472,149.98926759484328,84.4944988582752,174.15572448718197,51.49397083531572,129.14041317051746,156.19991630920632,167.4162844259684,174.70598008318967,137.8452567486198,124.41873690874351,907.0238804500154,304.07212790731813,362.4319076943324,218.08947735560918,172.0661901943754,179.24753526416356,150.03949440359503,169.7445057409796,165.5321907647075,118.86776590812893,148.3409544410432,135.2155242002206,181.16359366562438,320.8492086500003,132.42000683139116,1600.869935483283,981.8284061961365,1021.9352459806712,275.0145130588293,580.543494229735,110.00661810329406,147.8350016142365,219.5996358016065,160.28649531746905,149.73148451328,180.97952984408107,1712.4176813650686,170.23731841590754,211.73992389772516,178.80407876490173,73.84628814732594,157.00777135702083,481.509713314297,1406.8526318984193,649.2442677003796,220.80160035463015,267.25343043849523,195.21175081779643,1031.8270011013933,7468.776087310732,3356.8977824604412,2071.863540174612,1666.5643397523193,1801.328363754634,247.881868323015,205.5600284200981,207.1053450915907,175.7036771786568,178.12980139980453,258.9716868899583,349.4810319203473,415.4115811845445,2703.3466240232788,473.90907402464535,205.0687741433998,259.2619412123276,168.94220883929492,161.61521329784208,137.0669702286725,1256.7500536751907,1249.31863891427,167.2825384870128,118.28205773152735,105.53145946563522,111.33115723177282,114.37587555079983,124.76349547663031,185.93104453057046,175.2002702672643,180.99814131530985,193.82971144765975,168.85605569830938,127.66221058343632,762.6136274993994,344.48861875238043,207.57903168235825,146.56856093211115,123.20723295414776,173.94332840316147,119.41064893067633,260.40465130005106,665.3144391865532,205.5851227776586,160.94439133821265,216.61856139763537,64.26141089232561,261.1074309161398,87.49179869104964,92.98573939123474,91.13464769239715,220.220351747339,203.0459861474381,261.3693482929886,128.53393652536792,140.00060915592664,154.69776759817168,163.80514806556562,150.77617839076228,183.21830233808046,186.27507570404708,229.67610054567567,155.21362900113175,451.74215946794845,512.547056754269,213.37897093444724,168.24812919289133,135.52807421747147,169.03704809596536,168.40396328055576,740.2632218519498,715.0716254151828,413.0272899042384,114.16616103596404,97.49210748128758,443.5888422213016,62.03886288884583,114.25846893866272,144.61791912959382,330.6959155759319,91.06847572902305,411.3543321300536,73.16445881867145,112.05696995211513,132.16638091080975,121.59577175140736,177.92181851169724,126.29288768278157,137.70325227500487,127.80102137614527,213.8245846673043,247.12253814969145,69.61082104779791,85.25420563743452,64.54857334780822,170.0197133114421,144.0557132594386,133.67963831105186,336.11685561425713,751.4350931598906,106.03006064700251,140.0954439972149,532.1483820995765,1357.2641294422945,148.83811671735396,57.60386996073299,97.4374167988715,77.39619279532005,80.679606567224,84.60542393637898,89.36458628114096,73.8110538991198,585.4510122979636,128.33390862296395,193.14342016476587,329.09130431317095,160.83482118322914,466.41107239065917,244.2966696104174,357.77156159027237,338.2561220587676,159.49573647444407,188.63805059838734,134.95673786183713,557.9896798645734,138.29428009973017,200.6844960361792,146.34329925796857,144.34439976168744,244.8454753966277,93.1427404139792,94.91386525022457,127.84847215447415,515.8442567472007,321.8776555477037,206.6043155475771,126.62977973586037,159.85726578086687,214.0770994830765,179.19868875217404,1139.5966338772628,1811.2825042138875,309.83285156598737,151.92164631469544,703.1465049205633,4443.606445339696,589.9678998268316,150.7916298768777,142.886438815414,185.39083513437052,212.9635289148783,116.48845983152987,129.91772616395744,125.10985831347676,176.5825383203688,149.91546900068533,133.22165067063656,141.97578276551704,115.57441919025858,203.91503940874537,132.76737925113264,159.78274562717266,131.10982715893144,168.00815471820593,1475.2642828030584,347.1966867062126,172.75338366874323,150.97796945488875,182.54391933463026,143.26970364909238,187.43194485978904,165.63362649867878,169.35498294248123,154.39096361790655,253.6214864205974,1221.8581212055508,742.948093040803,157.53877343156284,212.44254248857794,211.99063985900517,160.62237081289305,147.586446788114,149.24543496968096,109.04860712471141,104.31320315156836,165.74337656604038,246.51699299696452,342.2087716732878,145.70128799874337,416.22888467614354,306.7983013634529,177.74052067135906,119.14033326903639,133.67485898811833,105.84745461493547,122.37402110303331,139.7028287264683,139.58573815845182,171.76918973058227,149.79855953905343,184.21388619195213,163.12121813029086,233.91587866979648,172.60259621133972,258.74251572038355,139.60603036618164,174.88422847911716,107.55428571458356,211.4082867167837,123.12834270268681,318.81583497623836,167.45506476666833,242.46794600257363,159.3399719479956,125.24094411413662,154.9468199516298,240.71957296676473,215.05827933715625,221.1897720560798,102.65569720434434,133.51201604290628,88.24968197397561,161.65673176075276,94.38337603934832,143.7808916494792,66.19258314610211,142.59806812947673,283.10359965605556,85.00963857482262,84.29999687264971,109.8620930445343,139.58830484868204,85.59721162737208,178.5619695909009,69.74762646797018,99.13328966285181,143.74532672208463,74.95276158707055,95.67270537089348,100.69429151054466,319.5615540318638,532.9800380983938,410.6958120792033,104.87414642221408,143.46160907322954,784.3288426108413,517.7924549682975,93.94896718261741,113.89584576088949,120.2772951629492,23.764628973717908,20.336212412673767,27.82586587711184,29.145657667640688,517.0431139394763,341.5414474961944,223.43305247986663,86.27289091529929,95.00797985954738,367.85469364186315,278.62299724065997,235.31142447937023,513.4263430230972,671.0851397862941,815.0411016084099,3060.9635365046224,2345.0586168864215,727.2120036257077,831.301740614206,629.0874462255574,425.44891733579334,237.23730753022866,413.9024297831698,295.61469221927706,106.4680692216433,111.32694372692416,78.6683401871604,171.3005203715161,153.898146413947,109.90385245046487,69.81705409227978,189.22009483764302,157.34329186243673,123.46408904792649,370.415202368282,244.84463193516422,123.44239766300862,87.22939327042447,171.50157270372978,133.4984985461388,191.04400334082897,1982.547021321,3055.4233849612106,1750.1427791373333,383.5810456435358,308.5213083764319,161.073070922616,94.65683518794381,2460.4074625898147,843.5970962258111,770.1962255082299,408.99203532906915,1438.0500684326512,3686.1354923467266,2095.632594585806,3245.0652723616045,901.2875463174032,3090.296089160242,1647.2676570481685,1232.7794053858588,433.12068430712213,72.82794134753098,19.03367530843041,13.500299472976515,12.188295570291626,48.965220513745344,76.21633505431772,29.971509216158502,44.98135951435342,173.4189833070539,94.69465381215146,98.7678395888511,87.10534169998029,124.88513481343514,239.7827369681484,218.12161668570232,155.82832144333784,40.406845684161404,263.1499811933656,131.20691812002357,0,210.74921070828725,29.378799807949992,185.43921655563187,22.300033559617066,27.947075362730768,183.62396248399938,144.52655198685838,312.78156061147666,183.38894318957122,152.4918617614431,218.3747318493462,207.99411515470538,188.77393821380426,490.8453034312224,753.9857071241486,338.82738297507507,422.37483502127725,76.67034929942227,40.51092454083957,638.6494650429954,226.51195286589015,356.07277126290273,339.77403019999673,804.6892021075365,372.34952809692703,171.1609926638816,286.91011008513027,258.0066057813184,194.85514489433373,189.77205447832714,223.9016233430367,277.4305603948167,779.6848247479666,339.84845372222213,316.5620887112195,167.09912305961038,227.15901259781035,935.6212676334793,289.774523390831,391.3850160779894,321.6698998791021,395.6060398217197,1000.4114389549019,737.9049164576015,825.7461769624748,788.0046622163139,699.5210261905098,783.0780931932464,396.03291292471516,221.78644918473728,491.787461646983,52.896209076929985,0,215.28141634813906,2052.4022462864136,509.2128846751292,89.27380239507153,7.932759668554933,7.712204257924587,10.443687846505842,0,397.8808102759764,237.1079253648504,31.855697181951374,18.74775713755609,25.604314458106224,45.377290879205425,10.521008682304583,0,0,0,0,0,0,0,0,0,0,0,0,0,0,0,0,0,0,0,0,0,0,0,0,0,0,0,0,0,0,0,0,0,0,0,0,0,0,0,0,0,0,0,0,0,0,0,0,0,0,0,0,0,0,0,0,0,0,0,0,0,0,0,0,0,0,0,0,0,0,0,0,0,0,0,0,0,0,0,0,0,0,0,0,0,0,0,0,0,0,0,0,0,0,0,0,0,0,0,0,0,0,0,0,0,0,0,0,0,0,0,0,0,0,0,0,0,0,0,0,0,0,0,0,0,0,0,0,0,0,0,0,0,0,0,0,0,321.2775508005631,0,0,0,0,0,0,0,0,0,0,0,0,0,0,0,0,0,0,0,0,0,0,0,0,0,0,0,0,0,0,0,0,0,0,4.719855910072538,0,3.987307563813458,8.318832632458449,0,0,3.106827004259991,104.22053669460661,17.593443631889325,164.31857673579466,13.02297213149286,53.83043077749272,0.11668110242743887,0,0,0.8588491444646147,2.921946010008236,10.46475769738029,29.68382129721633,30.369137064356668,32.43772750710041,113.67526524708892,8.33405377133062,3.564462743748201,2.6312432865440196,0.3902493289990552,1.2835110874462827,0,0,0,0,0,0,0,0,0,1.6247781514613402,0,0,0,1.544543572418808,0,0,0,0,0,0,0,0,0,0,0,0,0,0,0,0,0,0,0,0,0,0,0,0,0,0,0,0,0,0,0,0,0,8.114890500646299,17.789366590505033,76.68746299091956,119.57096748114253,84.98984278340997,247.60446532208232,93.1716195848624,192.68615905376444,355.94936395095533,46.37043572968425,134.2252059378268,135.37495954383073,66.44132826315442,154.07021619163763,48.33305237828272,113.84581005563678,9.190278905907865,10.161211257713322,104.60212858196542,4.859916101083938,0,0,0,0,0,5.037035137110983,4.239412435980935,0,0,0,0,0,0,0,0,62.429852190760435,65.14105762915032,0,0,0,0,0,0,0,0,0,0,0,0,0,0,0,0,0,0,0,32.246249456371295,718.2874102300277,16.598574290146104,0,0,0,0,0,0,0,0,0,0,0,0,0,0,0,0,0,0,0,0,0,0,0,0,0,0,0,0,0,0,0,0,0,0,0,0,0,0,0,0,0,0,0,0,0,0,0,0,0,0,0,0,0,0,0,0,0,0,0,0,0,0,0,0,0,0,0,0,0,0,0,0,0,0,0,0,0,0,0,0,0,0,0,0,0,0,0,0,0,0,0,0,0,0,0,0,0,0,0,0,0,0,0,0,0,0,0,0,0,0,0,0,0,0,0,0,0,0,0,0,0,0,0,0,0,0,0,0,0,0,0,0,0,0,0,0,0,0,0,0,0,0,0,0,0,0,0,0,0,0,0,0,0,0,0,0,0,0,0,0,0,0,0,0,0,0,0,0,0,0,0,0,0,0,0,0,0,0,0,0,117.49458568841214,0.15465160577929565,2.526393428018199,0,0,0,0,0,6.081610838627881,0,0,0,0,72.194392277696,502.4659471192839,92.70796338779618,308.1085760763855,138.9209425952773,589.5532508418524,38.44516963288402,22.105128281803648,1196.6967555928863,50.776264675439194,151.96162558166375,1774.3086854898972,13.49020980873927,232.76204355398895,264.3376603878197,52.73165538677734,452.85923861024787,416.10631020750407,175.49063255995,151.46206270052716,92.98132342550419,2074.2046792843075,43.63105464378381,197.08882255600764,28.177807916449993,466.8204124911743,90.88209168969308,44.486044314179544,79.7598435527154,91.00543387666114,0,0,0,0,0,0,0,0,0,0,0,0,0,0,0,0,0,0,0,204.84593579926252,268.2588516166863,1042.737823318905,1261.4123982710232,1213.9311185313188,551.6445646797052,88.40714204862374,36.72443633826208,0.6427017458608056,245.9935796441294,4.916100005994384,169.35463937798318,10.146420114239364,353.8539840894566,33.502603660842595,145.95674992355387,28.515357151300517,11.959711723688919,34.71115834115414,20.26634763738802,65.49842149691753,188.5678786847306,9.729376784784845,107.48818973689907,105.1437944132962,73.02331325426454,273.910483808806,294.5916091398931,147.1694763158419,55.480849694705064,21.608091431073834,25.280998263352306,144.4061798723823,0,0,0,0,0,0,0,0,0,0,0,0,0,0,0,0,0,0,0,0,0,0,0,0,0,0,0,0,0,0,0,0,0,0,0,0,0,0,0,0,0,0,0,0,0,0,0,0,0,0,0,0,0,0,0,0,0,0,0,0,0,0,0,0,0,0,0,0,0,0,0,0,0,0,0,0,0,0,0,0,0,0,0,0,0,0,0,0,0,0,0,0,0,0,0,0,0,0,0,0,0,0,0,0,0,0,0,0,0,0,0,0,0,0,0,0,0,0,0,0,0,0,0,0,0,0,0,0,0,0,0,0,0,0,0,0,0,0,0,0,0,0,0,0,0,0,0,0,0,0,0,0,0,0,0,0,0,0,0,0,0,0,0,0,0,0,0,0,0,0,0,0,0,0,23.603203548004995,92.73801330270078,181.9850436811742,149.29478467567208,1.002614843568541,2.4126034146012603,1.4180178319744343,1.4716890912057845,54.430167850307605,5.162006208857503,1.6073893994700412,132.53587300235645,1.9546522950627805,5.5717113099556,47.44487850810932,10.089103314585342,1098.1699582913052,2691.5275201459017,226.33872581023923,5.854065332979869,6.620986389461461,16.827003811996,11.93455880224333,6.782602983102202,48.88230997226502,161.5574401109869,0,0,1.6518173515302397,327.04613273144446,1.1693616440151198,67.76707246572101,66.55154285852092,34.994013954491564,39.67282287147588,182.09165273088271,45.000812636323616,102.78021825687759,111.37481876723031,54.10353191406173,43.00533843915855,491.5294894536523,632.6661345664082,171.57216816641778,154.7066442500304,47.079134663153575,52.02782218500866,58.680254647065595,62.669356273227535,560.009245376395,41.07088188679359,40.857631076166975,78.08740743406139,301.25302348108977,2007.4366777847113,642.8620151842259,1262.6725608945558,19920.070452376505,1710.6435460481628,521.8696527171586,116.74156718637447,246.0758491367223,99.16522990375776,414.5939876723631,111.87460995389807,74.88343359956177,61.46397115872926,0,396.3626546086589,112.08428689276556,960.5399076118247,1162.5863143070096,8969.035309693358,839.2151331826418,85.47527766070343,48.297521077956425,41.354923338109145,78.11227064312266,3721.9420201121898,5252.220037359399,2537.7643488391236,145.63370957740378,180.9531724868903,1000.1582277029138,21.527483737783296,21.235770157570837,21.658141808751328,21.81654467659907,11.417337734548244,22.22505421984646,21.48718272830498,22.070936141837098,22.178871173585925,6.733346273855355,62.57864068184796,8.554538052677033,9.38884876552075,63.386277987304744,74.17662792552422,33.22371150700913,6.001477770894892,56.711117846057476,50.77227100608671,17.98174507901585,57.137545232399475,42.07716324424085,36.60872303032778,58.096695072353626,40.99418919147175,20.867065580413318,47.44675720149666,12.165363547603315,45.37347970535756,34.959956149609226,36.14609270629609,31.508438612428854,37.28844290244277,6.305406234327876,39.94143876183971,0,32.59315939773506,31.275652223385954,30.166194577395665,28.827596825493007,36.05785276976129,31.49004666215532,0,36.054350502248454,34.78117017327291,148.6656423204559,18.958247556917282,21.775746934277123,201.1917080596063,35.497434165065044,30.056126728091698,2844.417072301913,903.6530380874234,113.99109323587936,7.492415240338302,3.440069078644394,0.35345860320564837,0,3.4358751595272774,2.392979425034859,1.1993535401352926,1.1642283968565117,1.158441818262088,1.4890514275440947,5.972547937520847,6.451406305386964,2.8183622637052346,1.1689292395503745,4.675014388075877,9.570862973128484,9.781048492198416,2.633279845078612,1.209043363996299,0.6334094392667847,0,0,795.1491614360057,1609.164846979366,0,0,1.9639071326472428,9.801964092833709,13.914091981259654,15.705488572632206,14.062982110858545,1.309488322966683,0.36827514038804027,0.09515712120385356,4.378957051985117,5.622569539519322,2.036525777116543,37.165627982824915,183.1465662717931,3148.9135600013246,4915.841144507736,2500.86638969191,4948.7805053635375,459.05356425181327,161.67376365291733,28.232294653521798,7.3358212916690135,89.33224195907503,73.00956596168179,8.732088126193496,21.8148620317944,796.0036948331073,6.797419186000941,5.186263694270252,17.85961788000916,31.321208073284875,42.666505776741104,279.66844083565877,247.9360742953944,66.60597155590388,63.08958996052609,186.03692640713416,181.1531116635267,874.5462634632323,2962.703657103192,220.10997572049519,172.73951019463257,96.09924928457255,0,191.2654397420028,181.039279989876,2438.673638339148,1773.9744050149736,1204.2612610564709,264.0970085690093,270.20746733172257,164.68063856871433,382.54781387785096,275.7567149434144,799.929745530003,332.8099337241383,282.3313942956333,232.51194037789708,263.9100683940754,780.5212700279346,914.6167698370475,148.7660608955313,684.2697813446143,195.581890212929,627.3167758008367,673.2991669508865,62.08447360911654,89.96875913015849,209.6155787823951,233.06018068429503,56.91968541763865,96.40383817350019,26.563717127369294,19.676338120334957,66.09019379169692,125.33828136033017,586.6138645061046,1483.9531980552786,693.7438615263131,1321.2687517844868,1123.7290852694136,25.32770880411658,173.3899505657478,306.6415317325889,130.1066768953272,184.56207337713323,993.7594173494106,422.69039939864876,412.3023533041359,363.89966049030113,30.307247509804448,374.2997219122594,429.0312641749527,582.5214016909707,743.2141624016037,424.1587253617859,184.62452674772172,355.76673406810994,178.25342439258586,121.55852669298477,74.4880529280303,453.0264176461613,2014.5581761254828,253.83088596429826,503.98901771349585,608.0232315590467,726.6217831968976,417.63329874528443,61.971707158994704,169.81622426752472,87.96838327817404,25.84881634800035,120.09717492758728,90.05209440697679,70.67052985888115,236.8485270079377,191.22027721236887,22.294688762573422,148.23546944846728,28.39201345508433,102.18686323495618,249.00651125809864,700.4546114472878,372.7998626900869,256.88418842226804,139.71209840129035,79.99550408088918,477.50382243176,77.52051022617435,492.7209203047305,100.77137353554794,1058.7726727710121,376.9090811039958,105.30261386967732,50.24100386074129,73.45873012241346,68.54520397167246,191.5700012671327,251.34731845059875,308.1690539722919,638.3404100163073,196.68220987491054,54.662870485410075,133.5540661110954,71.74405383535783,160.8760518160572,80.8516863932992,78.80194789401774,93.17109987410392,41.05909947891911,70.04908504472765,49.19559998212681,266.8318076633286,402.4881326692495,374.19957487578563,310.14292165118906,385.2770146111529,459.66228054508974,669.5205662675869,260.09488086698286,239.5345487542566,570.9948519793172,456.67811082153327,265.14401411497937,491.79626612557746,242.72009244246036,457.2766097911785,107.58336399830439,296.45824639034703,321.8236146734801,747.8089039104203,702.8073783879347,1314.7067357050225,313.7746681591763,194.5398441057993,331.7093054474439,2388.4867119845253,554.6113568639462,777.8701525997774,783.4901117204894,242.0043202247265,132.45632958610855,26.010681287933153,120.06695348144078,178.4925994579726,16.19961970756758,51.960228367704126,92.94171468859022,28.06010894593222,433.9739648164632,577.1539704442694,362.3019834396484,133.92974575978153,56.81520307497036,92.35508021188555,291.791316555173,844.7561679648933,341.16651964171916,6075.372153635607,1238.9714646908642,959.051469416519,823.155003499664,269.68355633898256,306.2125287020945,229.33467446347447,344.1426809178782,264.5461670643819,373.36518626868036,381.8631319615185,521.519073239515,639.1852698514436,549.178344006537,139.99796266839323,108.35298137299907,220.06191685972942,133.19731942942772,129.41965764272393,85.18929527698984,120.70728992959384,121.30232202553624,17.27204692844499,270.2284289667743,136.40477559753631,12.271616551012496,19.668843173970078,296.48383713925244,188.37859451107985,259.74184583660605,237.11552574045282,593.5107913208203,1584.467615175634,1381.7821257325766,1725.9265300674037,1223.9838303516465,259.6661306923998,347.8909396754764,523.2431459389438,827.8698846476597,1456.3570770886697,563.0443209969839,298.03906529639926,24.422243699284124,132.76192865232224,503.00391882604555,101.98603336574925,221.43012612606992,917.0018591624512,228.40972570252478,27.168279900190385,195.24505023739914,1509.1344284537408,437.3061928462972,81.13696376341082,58.871858942859184,603.9887556483031,210.69531345722947,101.52416010423046,118.25212057881085,345.1468773094483,80.7502211885002,126.11964876252033,460.53802803099285,363.42119202706306,774.3719905897441,1357.2315009192541,1363.7108700840135,87.18850329084914,76.15540766746885,61.20301463498992,159.2769663099491,49.164466250351744,45.92332141189022,147.03900844620222,595.4314270194403,1038.476632701244,1559.87411271407,3153.1677917453594,1160.8922564039194,52.95978429416605,674.7191057769135,87.40491480089557,788.9762778227913,123.6322123868157,718.1046993653068,339.89976380202086,178.06180557515168,209.75245251145952,96.14810530635603,87.19630875500884,184.56778389066704,84.69257973473464,320.5214706623378,247.27204687345863,266.6958485020806,291.5335582573015,26.178125802503974,24.43190995762543,140.93776579746012,0,0,0,0,0,13.958286323404854,2.2417618357622966,5.15220513759171,2.7595255976781794,19.446782103515332,753.7990162306079,72.18254376942697,133.644049052299,11.832391660675821,99.23385951837331,31.0164989484698,232.289361494615,1765.917889731634,874.7593885387564,922.4511443889065,608.9976802002118,553.8714444796894,200.2065077782535,189.68249842566647,329.5802285849506,306.020703529211,243.34760001607796,499.34243706153137,443.2125869766705,84.86206778967698,371.4925914559583,1004.2178861333712,595.3100306660752,86.78551702851958,58.33079137008519,57.76304675170072,62.47773350479868,30.406471751871408,59.890369903842625,27.30557272103138,61.311641472622576,56.753073027531364,82.67974863399557,77.49370673945027,180.4202789900377,1276.6491778597685,1665.3282130168907,2093.072249877707,642.6634904187857,576.8783438993191,243.16075681359504,215.71449294870408,1258.6625579653287,922.9393751853104,1244.8700612567868,175.53098926817572,120.21402031008044,117.63415244179164,73.07120227077662,694.7134669890532,179.72775493531614,95.67449978089051,140.5088187505043,443.35761888952663,137.3978644187012,550.2295220382844,268.4766680891584,115.59414133756245,1806.4545627264436,857.4332889948989,1003.0146206866941,963.6726702615823,694.465211308476,1532.9589192645617,698.9192682812302,354.04620098029534,690.632077743302,2957.798291688766,664.7841325634965,434.0658638499018,11.067300170463225,35.244330301880886,43.859032080131605,28.808053082985946,32.91849232516927,29.171183941126877,17.09462336693702,14.742949493232935,112.59765752266443,7.162902440875738,42.08235400885376,8.021991843700624,174.66911694489164,494.9857841247671,2480.377742274332,6.794277346825856,19.86699365700574,3.857414988990794,238.12003198944686,824.6229009528256,1012.7559686291531,932.085591171653,550.0117121023623,522.5170444119898,190.5248447383639,556.9582513855328,1183.4170745625972,756.0162947799142,2574.166112841082,1253.5771015404684,2077.8239050307193,655.1577517236402,1019.4065209162985,1043.0349625633303,1737.2411391107498,2728.932779269132,574.304056922288,592.094339485218,2952.4602897581103,1794.297594747491,599.6367102458706,1682.98375765488,1819.2410394302651,1045.8294346802165,1976.081805541907,3098.3790592515434,468.14712348495715,5001.696790703973,3990.6294506329937,58.52187167212592,2038.791420183274,829.0968028238632,37.588138756135315,1581.2504345587975,1755.1171909812201,1330.3565461148744,455.36985730790315,53.964441735800456,180.0595099690607,151.23802822927604,24.06235860050377,71.32757173436096,347.21224399461323,720.1369646459599,506.33474327207443,78.10643810444877,246.76183963205563,26.556400521228817,20.497872318014338,17.32750500792128,17.393167858980803,20.157326310642613,17.51550336717874,31.46771216214116,61.408858426785876,72.8536137984169,53.06659762284861,6457.556205515455,391.04981260101664,1755.9402350228124,335.6999234285758,20.887531673985784,211.48409311790192,413.37452217208687,453.3467288261503,46.243883294502204,607.5557558249199,2103.9359783838313,2850.7414727945,371.8164208981106,259.0197803612775,346.7206359298999,1608.9539892335063,6790.18857571738,224.64982101211828,1547.06008181849,673.8028467909467,697.5684439264883,746.615636422778,111.37347385275986,756.9053535949931,138.809614784666,341.91438208592996,58.94879804629789,389.16903024278395,52.2005574846162,28.8304714483579,28.88147588356333,36.92365553881555,10.856285826584907,27.687242541429303,98.57735260671924,59.33199542812978,154.96039703050639,60.654734578416544,124.51255464610765,738.981521992143,186.12009376768623,164.06147756948715,804.3002638344703,112.48707765877832,118.60220015113542,553.9821427313096,1010.9686317307996,354.7041271146592,123.9161698138621,218.01269150027264,276.31097168095886,100.86467760775237,148.7456165283342,630.7256525246728,169.1137284957714,305.7827856049104,114.88965003242367,138.01988721337378,246.60848357754898,410.92060155986303,123.68041373406875,135.15979359634133,131.3457803978446,150.05317378809704,262.8826689839017,442.52625099962205,337.7905806576924,108.92008031120145,396.8789213878815,91.41169972153843,110.8007387128682,136.26490766838032,628.1715590122678,504.8416887053886,40.57318213917616,72.9242130701496,158.63847660715658,68.19356494777742,33.701645410437436,54.44990889805855,166.3570273296391,405.66058679781725,130.32037820387774,287.67874961400565,545.2682876738635,1530.2239702672255,6619.47593835202,18682.339729915355,5476.035550799983,718.1207745834176,739.4762861633371,671.2292023194491,254.10567209569524,300.14884428508634,327.06739883761355,377.4344620878541,214.31875300036418,126.57384112772503,105.14318444555843,297.1065290984896,274.4309261513659,151.67423982388567,58.633200056763776,77.36984459204587,14.008112300979278,2812.368872226254,52.539332973039535,27.661576668305806,587.3804837632028,83.8667957379798,61.4884317191069,61.807500116611685,2.9222548606442724,36.72897396875729,0,56.79618567465607,9.2159136819577,37.153701141421806,38.990148331307985,35.35295258402451,37.24038018747774,35.90055699277079,39.48674050543765,0,0,0,250.99724191998848,98.17654411338034,281.07097187040836,282.03830059003286,239.94363231503294,116.56825171164532,150.74884642905923,526.87150773549115,438.80865861775123,545.5677267472364,386.0544302860716,358.28328867036015,238.40128005871983,238.26770773180746,198.41491304981983,159.05696886797475,201.1141649108994,110.60656098320443,196.24335832820523,194.0086484739347,623.0136109897617,982.2999340258665,204.90581409984114,548.8724873866465,59.36229513061662,164.20833678351903,766.3800198874401,177.636376167223,221.60316959540302,1028.1191943112187,185.76577245914126,949.9549699147661,1061.4043577178215,1089.7487926029687,1412.8267267436786,3679.1326482534982,1653.8162368519525,4499.63728536006,972.2381187667866,660.0782287957674,399.44813584639473,1126.9988196982224,501.8218100386463,1913.3012500009197,0,39.25306249443376,37.637789952748776,90.3299216425362,53.406252320934044,790.2860546259685,60.21605841757102,52.20641040782395,31.244108899311627,194.90814831249426,815.2271297161305,651.2412599728292,1061.3908317957687,3067.932785639808,3241.5221145056685,23.031164024566802,80.09023327633241,287.7202222143727,29.28811557672239,128.06183851010582,236.31307599292455,100.34200757137283,181.24315242894673,235.3634192707648,250.16445937711654,149.69589622350077,390.7910953603931,107.60287065192189,154.35059163984002,45.16250995299665,28.36811756358485,12.810113116529767,67.7863483231802,24.592137098814334,11.579949386401521,178.74457651565513,16.845130111759495,290.89824032977583,31.84616859668269,142.04475106184094,7.614351984654901,1.5572930516127816,2823.33335680261,2853.273083437976,618.5472684252991,674.0895532579922,145.0583530823428,1475.0047953636936,1311.0223497480376,769.6747992605332,408.05278778353266,149.40280557600488,143.17302476413465,144.13825602280198,47.778689723487744,52.91138363192954,66.07536989840493,42.14383142251299,45.522241334076945,85.70441809598269,88.0027185488635,121.39996872677452,506.79739197832106,1330.6918646922027,446.905713158046,149.90621315904872,51.044864082471356,38.95139385120697,78.41083815838097,73.64061518957182,38.94684513963502,645.9127170752008,261.3883072468468,101.01170988211466,70.18150509991118,48.39182016143558,405.8400550723298,351.7729008027355,737.9569176730621,769.9930726348312,234.66671294335012,194.78114566651374,365.55628061682285,393.64300127431375,646.2496190922824,258.05352936924334,15.437373492040967,17.957381345439888,240.65121442884623,132.28979217165207,0,44.966012511214494,9.666356789699313,12.809094546778374,86.13497237535292,670.1256871421433,1635.726349537076,1771.7801394795106,103.2846912685745,108.11195325174822,37.5491652738731,131.2424288325059,510.0255011968297,167.68891980509767,612.5987311130658,91.69637126666358,91.56507039998728,277.7567511271845,570.6742895820777,97.53194455741325,82.20851973733762,10.610680730583086,7.536044446577939,8.818180395101335,27.997581401164354,8.475106666726063,207.67223630711166,148.66381980636322,13.414250899896984,17.832460336754917,53.56557883035364,28.48006156497509,40.280347684714044,273.11498754358837,651.945340284698,29.237985765410766,173.04948419247555,150.72038065171196,19.37775398440637,147.67497996042653,1.5233295048613182,1.6317158227187678,33.67927474462489,285.2321098579164,179.17102827479124,17.624951941891403,642.6642603022143,374.21636754939317,73.97300739137881,13.642025436405232,8.519685757330679,51.617795534054956,10.876831275755597,65.99258777401607,14.54348064527567,8.249783290799476,12.015603761107768,7.439865654145516,11.537282948537593,5.967116985303495,18.946717688624375,317.90036414753234,5.120540680915201,3.19732480002008,157.97263322688573,759.0883771855418,562.4836404628602,31.301720996077737,195.2883445004776,263.73163161517925,224.316432153438,389.7743439616376,189.36813395540847,252.34577390131093,40.70731684973281,69.62965183803715,1423.4875409888616,1029.1846535867094,3868.585516724589,2892.0978530377724,2401.0951952526257,2642.0935534044215,1413.37719080336,852.4086141404028,5.2624319995463775,0,0,0,0,883.5177709322658,0,0,0,0,0,447.01623770745255,0,0,0,0,0,0,0,0,0,0,0,0,46.785944787802144,72.7790884386858,0,0,0,0,0,0,0,0,0,0,0,0,0,0,0,0,0,0,0,0,0,0,0,0,0,0,0,0,0,0,0,0,0,0,0,0,0,0,0,0,0,0,0,0,0,0,0,37.61481671730396,74.6119750018802,39.4758122762604,56.775288089689646,0,0,116.87585622651606,0,0,0,1.3273678579159929,0,0,17.5934193788094,0,0,0,40.9766400663472,50.00736533542631,0,0,0,0,0,182.78964782692438,3.1394175921083023,37.024923659387625,7.8437280397410625,0,18.76914455274412,20.909814656346636,13.667975657497122,12.56394991918757,80.42316997141955,23.000491279525658,329.1836942762402,285.83408117156586,107.09760298864238,83.62404817988349,127.65050511505457,173.7616548374744,0,531.1187711306743,22.098429132620065,232.68606377032333,328.23603654199326,1514.6353241009958,117.79735340826016,0.7604473165496773,93.06509761760152,139.0247225046854,156.8046760465044,98.97880899513132,121.9588982231924,89.67292717381468,86.31987900112098,180.01709638535903,7.503742433471463,116.00676923646569,120.1269909640125,113.62072436406926,4.124593363794145,151.4179079142429,57.047784115846184,5.926684971899607,4.241827686607997,117.14490554513152,12.617525211340315,614.3416276928448,442.298373441727,18.76798130795777,413.97477587747795,320.1705956538219,581.4012812146673,133.4803149647939,568.7265366915304,160.40112237046807,520.715780026681,118.21867087250325,274.07548743999496,427.018739283716,41.74111518129408,690.286079250011,367.7880484376693,37.406672127789484,169.94652566405045,30.89910008784662,20.81089465229223,61.01414629713313,328.4511129617594,345.78417775661217,706.8772445296978,367.3013576812037,427.7016099533823,514.3383384015679,51.02391816496127,4.623385637689444,5.616587496156508,0,1.30931865277798,3.807585880094152,2.1957205490479,2.037236353075999,0,0,0,1.4827908470507754,1.6994771137764166,0,18.79333948203059,103.84468051491413,108.0819443994352,235.98204807924802,1.0505114180104962,570.5858927132347,317.07602604220506,155.0169866105936,11.187004762124195,4.477775163983922,3.6237209439793276,48.57846741727515,47.220783306006744,71.31577018474634,78.20400168542626,352.4377045776169,275.706507704107,118.50647107624226,327.5016880644531,210.29398971115222,477.883537930679,640.3684955943763,1444.0269598172827,1593.1427773542473,1122.8825164488849,1738.8127902657366,1101.9366962339134,217.05765640779794,1099.5068185900475,1228.9121821815131,1245.2198512012449,679.7749129266781,1423.4887964953261,5.165213857912656,46.58410217048402,306.20103718201,306.0593134383622,678.6790385944803,746.7999841689369,535.6776158958073,8.313855637211814,35.261269654862744,37.48542734367537,43.13440236399675,11.38835250892096,48.32365256038572,23.959185064441094,24.289224565252997,31.237689211148222,178.3201444208355,298.15809831110107,53.78738256876633,115.0652841137615,814.2580213460164,109.61152862998104,522.3507863666434,986.5947288298289,48.58859056456818,20.153871065386056,610.1281597721783,237.3220798663174,496.22556516947094,211.66916720385075,243.97460633407158,307.2636344561248,203.8270127725629,101.37099966022552,725.6561880755266,586.742803482675,689.6260254630412,1042.8609621975659,337.97542551112326,172.5845201727552,305.3510843630256,108.05634441541159,185.20693010952039,624.9178125602183,578.2187212736949,538.3351593204239,441.27927014568263,588.7819919022166,351.8179609562738,351.9201140938918,266.4148893776222,398.49526054577103,750.2469513640208,1040.46032077387,938.4987658240304,630.2889017543679,371.72927140594237,231.14709044007014,304.5880670621141,127.28804160374278,467.20295939154056,334.4104204851981,816.3528194184465,152.7001883725453,17.146417870365074,10.948465382445997,19.184394572449293,30.291185562720276,41.417801241905224,1004.7792304388719,2650.8335446531482,2295.524543170469,158.03851780491203,380.25367904959535,1323.9436385789327,1206.3890974098997,164.1267689974572,408.0379709983955,427.2790299303517,359.4237351409181,186.9672859750678,1230.340859201217,790.3200114561457,153.19372189450723,105.08312852362891,1031.3461252685388,281.371915545706,375.3874373131979,337.3978742394432,655.2975221120106,230.6865773560066,181.16260559821805,198.60262880746012,171.63520759444916,666.9455417838972,339.893048528474,280.66597332595273,308.54834315221285,280.48352401101363,143.3254708789221,156.2053656522082,417.53733196581493,100.39515760571355,236.6686715627377,362.60837934161947,154.13172849877046,195.121880411939,479.5431602419811,922.5952983876516,132.55974228528694,560.9002276316922,55.05469483727626,1095.3366691591893,909.8370779410149,161.08281670836067,238.666861708261,233.44984940298752,877.993102335944,976.1550774820836,929.5149351627992,643.5951169811569,82.95152598076525,149.36801829473458,779.1154735230502,257.42738293839676,73.18806483225973,241.0811679198366,696.117256815541,44.140244193387346,1055.384147172231,239.33735261147274,179.4248605404083,606.468633887019,587.5905909517376,121.93107373514084,305.8639061786351,426.00901212768457,238.34033815778358,629.5748316455539,305.96153203261895,45.415152017016,205.42762217331665,154.37041414060033,183.05064514145215,202.8803899902571,375.3162798245098,353.4015096263231,636.3758810824618,311.33435733766305,530.8029112788182,346.5437199490378,168.20689955412865,100.8875461108512,515.7197634906449,225.9429598152664,780.1461324161734,1038.69764281691,1077.9731979582418,454.28251666095997,351.73503826611176,419.0742785931221,733.2867171692892,422.86802127216157,430.1379925522763,4.156752786501377,28.303762227812054,114.41119622182786,71.68050455823531,3.0689233115219405,4.734760435243534,26.528212294738445,2.9169501732898975,10.563333418693361,0,0,0,2.070693052453543,667.5504070075572,0.01402370579063585,0,734.0619384686881,881.5658014718686,1407.773326160118,1081.746307205925,979.6616274754657,1307.9487424025324,578.8577934956669,993.7771574337086,0.34910942764569564,557.7619314872036,0,36.44711601509064,0,408.8227713601779,36.87370398211978,649.9177159713431,0,0,0,0,0,0,0,0,1.1126197510006202,0,0.06458213195642204,0.0373734967539322,0.15882348542297087,0,0.2197162467152685,0.34213574853235046,0.016127927876711398,0.07484546570315015,0.11342675067949133,0.10775341717858782,0.12455139427818596,0,0.15496366398937936,0.2995964538432787,0,0.08991771610089096,0,0.20396917590163305,0,0.5483881322444,0.1702009417655708,0.6636302700347,0.05929007844942713,0.24311862710170734,0.2700891926085379,0.13130129978947336,1.041395181925845,0.11158040914406117,0.273986448996606,0.043824502439821264,0.0011478497627755602,0.017701608777614435,0.03708089361989789,0.0938968957577968,0.03753705532417156,62.10610803866301,184.80047130159898,533.6351161446148,125.2367867783882,807.310267781333,29.299305848040984,44.96651094520851,3.3110141634362735,0.7156889583525752,0,0,0.26608925333340266,0.10243491051789076,1.0165434148082428,0.1253075084060851,1183.5580167637831,599.4402934651782,227.92049466670713,206.61050772788468,499.55995801083344,72.0375775165202,48.370281885858624,225.69870858782548,46.88599151006011,121.95104588202449,177.19421321387358,65.67367266562549,342.6865562860989,160.51788057061248,477.5155079868193,1155.5167542093213,251.52993661196462,142.37878511663547,645.1124112293593,538.063886427274,203.5760677092288,469.29052172940334,1409.1888527387323,1578.5169022129655,916.984216998471,560.2010296967985,329.53523566899275,221.7454288779666,171.7312217581158,137.50027198463226,673.3982956923431,874.9805779258061,599.6278269517239,1426.4830961686798,605.0479030229172,847.2007340848556,912.7363519285614,879.9934900690661,1125.375071313109,1633.812502056665,769.239275910404,2391.9216071069945,1491.5383629025137,255.27758522500832,818.5379046701563,226.06415347991802,175.60072316292886,153.202085826213,2.1628588402941857,31.513754695249034,23.750671027868094,31.437201408930967,18.948925897418437,7.538048965738139,63.47322200550326,30.424296095979766,67.84510513941328,5.05586926492694,15.487212929713237,240.05799930566675,20.750504505535464,78.71771971972295,21.06129879719131,166.82252880761655,15.53475693741669,20.71803250807875,32.78906630840121,131.8397107711549,68.440131293123315,86.73136553942989,2789.891921184174,566.5647562702635,562.9974721422183,728.0026247173766,440.73271660395113,249.22182525313272,1507.466762801198,982.50685321638,371.2637980790263,242.04279055900253,630.0910599861409,1072.1795069157934,1050.7255497011272,3411.989822040287,2811.1800125279083,935.5504864959056,1881.4233891692338,1617.2410024898586,4503.039196163695,4913.118959379882,1986.6698255649521,1348.3587727926347,1274.0398897566336,1502.4322011239524,1775.2902893745281,931.0361166779271,1272.0373945221734,724.0393692393487,1367.8206523369724,1228.1709077317576,1301.1898719335504,1210.6412279892895,1529.2553051207612,3272.712721128156,3364.366766189956,2191.7816957484047,3108.475926974995,1880.1783785206069,1511.0341618104771,832.5117371244808,245.4011274896069,719.4809151053904,591.6113012402072,792.5507159084696,154.47687750740292,262.1515694463185,364.9452204223063,371.8221767581942,89.63096641293123,210.43246428217367,152.92328531703842,199.33784566778561,226.88684402616158,441.32889228178857,86.78278394023226,4.359371729131147,15.84463748518635,198.23501511803195,185.5600304829527,177.9741590418504,81.94969148392879,296.47786394023575,115.86818335543475,49.68200327316323,219.49766383986176,315.80530386791935,189.01666321212446,477.5072179243287,105.64131507860219,0,17.788409036017946,131.2636567276498,22.523344561283157,80.75348090500269,110.7659177196736,272.13188779479844,342.87906081602034,646.1974443149064,223.7941332264274,1041.6499486721277,415.35865937126516,1677.446944648372,267.5590079043957,418.3459173333696,706.4920488974738,2810.6049491537783,5178.680008671186,6682.349297269914,5424.01451350679,5200.380659115593,6259.815183295185,4634.604938272169,6931.812055680665,5512.897490621418,3821.420306520226,2044.3786564741943,259.7010596383608,482.806617727803,1598.9322136118178,1765.4685343632823,1240.1565610043433,304.62424157254526,162.7311419559228,357.5110925520745,143.1936668419483,102.073900102133,1289.823426891091,694.027755374506,997.8909321666615,1127.3725929777947,2670.363623398833,2907.89730933062,3873.2897135209437,3084.6787676865642,3144.7966500484317,1601.866074894377,2937.1016116214473,3266.0638510142826,2295.985647910947,1632.7918633836057,3326.8562791878253,2302.159020278414,2151.942288716151,2503.0372597091855,3530.5401789570874,1833.5216455999296,1574.6784559142973,702.4256643968239,11.54446654798637,204.71523010950148,69.72191564522747,44.041207787288975,90.33602525541205,202.1998961382801,290.2233400367163,243.1395990727084,207.39226820534998,158.48355082421142,278.413555509472,293.355138264227,270.46778859960096,818.1233675584068,221.7821737292117,216.1763449447131,531.0541008145439,481.8610384852748,628.9783624197723,748.2508167397538,315.29544326915504,1436.2558337265295,346.0594345844928,1594.3439699713795,942.989697378299,456.89621103996814,303.40600365514166,494.698869170136,348.1867878757453,281.20102728461404,151.38808828065976,752.7194982062341,353.94437151830687,205.13951831336098,147.95786700652593,348.88386961462675,298.60813363557946,279.6367212241505,476.14973047748526,312.60691485394557,205.7467599978274,211.2636236689917,159.67320849519382,202.89487161764288,2728.316332898623,909.2129630062391,433.67100188051114,561.1180169697195,1113.4427947861886,1078.1055203552335,740.6532779027658,1010.5917935487488,399.12356920555163,219.30255178614246,300.2599871271922,94.56558699602243,123.01424299229598,287.03278746123226,81.01639642413406,269.7697948694546,294.95268865688826,207.46844035669793,256.9050306093041,859.5513482193468,380.3438275539685,298.97907864835884,965.1997555686969,513.1795651188634,690.0658991735728,864.2776669478358,918.1991143230812,903.1231589173065,527.1434678502541,862.6976719663874,1186.968685288266,814.379973448142,613.9928637542171,811.3329437362675,817.6296142077532,263.8668114635336,285.99330386177866,164.7796698607633,156.3955719028151,164.41046391101244,107.61080207233957,111.44169960449348,147.6146370072824,725.8753695390097,341.76869305051315,62.848178553188724,276.9431618186871,351.68714894987613,818.8156077581419,1322.5304568956392,1028.4164092118351,966.8639529172198,1676.7156208946362,1435.4331929366842,6210.261820335375,917.8500726060998,1011.3876864652573,425.3951914100772,283.09587931918645,871.0783661019809,2071.1309321939775,2698.1159311257866,4064.488059813058,7367.636083172325,3682.691200838407,2807.5268955633096,2207.6703713489414,1538.330302973346,3058.3566961782503,1282.4356524262867,1899.2862451606106,2957.756390913729,12415.915036728795,650.5269459736802,885.8839490762194,763.4580053738838,852.1045851859459,1043.7345086931232,462.07236150821524,215.83241679342248,346.8981834822854,875.8930079558321,1045.636228036996,969.8974835893122,795.0883723639683,693.3034861634723,520.9725749450286,140.45316925533749,21.57956620635741,220.13981232475797,245.06577968439743,208.61016571200784,32.73139155363182,42.100193623389586,1.170004740944344,187.63336090828489,131.7768718538077,2430.1671532702453,2024.9217576467001,2499.379947373973,3037.943254975615,1164.9949048238461,1918.7571334914608,1575.6022506728357,990.168636028429,816.2752928441848,549.3963305468178,617.4379260616556,420.23172406318434,618.4229229483454,548.849035876574,630.3438098762381,506.6143798415244,181.09744290411618,553.3115685136761,187.31703278366734,248.94697683981943,165.83105939713053,325.5034605872135,449.0241891114982,273.64885086866235,80.88834469313915,75.13732838295707,51.016673955692276,530.9036902579786,68.9714703966821,390.2679080447272,320.41682691722144,215.48779431700098,439.43476713113927,265.1044234970455,329.22941192201813,544.9808203497942,743.6129981044007,1493.7360279577645,1379.0645386938957,1420.108959343598,2651.699616117869,474.35484566715365,674.5560688903448,536.310770020929,599.713153323111,568.6029815258946,123.84976485252152,70.68066463228162,111.62775858617456,86.80972293614798,69.73389965346959,63.99852992200613,115.66125471185799,1.9048138632902931,992.2438578279008,157.21794706487944,120.59180427114656,41.78940198906883,52.513710127819984,1570.8343432588092,738.7511273479624,1306.8210098352963,607.261166050504,171.82844113681497,167.7002571370708,488.544654857393,361.7762518390929,673.6611571434768,828.3141596123351,245.59087926155038,790.9543538099465,1108.9176089119765,1416.3650125164293,868.1543262049734,832.0644876826597,796.5151523573589,396.57286413585257,777.5048811724295,906.9843510440968,1869.3221253257334,605.8687455569276,272.7451742481201,93.39703915603553,83.06608182399326,71.15656742538768,198.10988366133512,70.21423952676066,68.60986238582058,2073.2912315831404,2519.9751617786637,1438.9238764455129,574.2649357048792,1172.0167923192735,898.6216413246094,80.05641370584478,114.90971473815448,756.7645210499699,641.5800150043581,1482.205059984317,2051.3640559929777,1260.8289221534417,604.4599843093861,602.2200105171581,383.20420136058334,223.10963712232518,59.16399367454808,210.4053887533244,581.4202238994046,797.3567435625049,811.3308824465746,1214.5222085813366,1359.254019839495,945.428189498443,88.0386970712811,1272.3556556396254,2399.590512260602,607.5683714811911,29.333521198555847,29.241677912686576,79.52774366533261,28.57625933712903,25.687967189109887,30.910748962486597,27.99170669954134,664.1495257239515,12.568667229502907,446.1705836341042,36.40497690745028,517.1698260450466,39.75672111679984,47.46692814561742,26.226531750483048,184.53351649339862,31.01334729860199,138.5059860284774,66.13371646537776,76.69827708516989,103.08828915523452,314.31682501898104,101.17883555592479,160.7438236011464,49.614234077885364,159.5892079146825,366.43844068983293,228.21586409586416,271.9900565162238,243.89536517540802,431.54707146157074,93.23352048496236,155.46861769933838,48.2926534482115,180.6265612967172,24.248291304044024,39.99300457192175,68.00549502738475,79.57472787051404,62.771245512455735,345.10666385772055,189.7137373989577,120.41473493716886,96.97606075795812,57.87520284038033,63.29926626559297,51.29604423077641,51.39888496190883,56.29337849198788,132.65867329236104,44.16755638133819,46.33136467338635,186.80890098885476,46.103500351759,124.71279842232063,191.87677630267916,437.7609712863724,1406.939243677838,1679.8449775087188,1357.9220717254998,994.1458979919945,145.45299184411002,173.20055679853945,57.15670281730261,165.58329732259955,384.0034287185758,312.3805365307848,133.03855216419143,453.03589191637417,146.7392807217181,423.2027263337776,457.28679072166454,170.39954963650618,406.8222022453238,423.66696512835136,119.79579271220665,434.36130038681523,159.5757603470657,141.27302127383592,18.291664059545123,211.34289739258486,151.10627588950308,314.44180351845193,554.0206649911023,425.5411440842164,91.30950303806065,296.81903431297184,91.74164383747517,74.69292176777907,258.846431649905,204.56354531656766,402.8198574254096,404.54815982051673,216.25454011318067,217.78163612415423,90.00245383190169,110.72199946203075,50.563919764779044,391.47000249709356,677.6008888399475,1132.8232023928276,699.4547474792497,932.068911103423,1370.8419586684954,1700.521202397199,3064.345328218551,1749.4137710017546,68.77017054413405,147.01779666182867,233.30108541637668,490.14842780185467,210.36800847039387,224.51593734499346,230.65466330404124,303.5936324844038,540.1162620351809,247.1083723107209,247.33804715500742,265.4847237069879,1090.0715605700198,265.81452834351967,107.55709295881248,308.0220534006238,584.3549956023448,335.8769924962988,69.12290634983803,153.55869554254232,19.423711141917252,201.86834334023092,536.1195992722705,773.3021226367323,516.7170906157556,522.4373241436048,455.0533772047673,767.7476569955331,289.09762620796545,69.48250833465605,227.5346659832548,250.91081330931016,89.90436882656194,154.70964298398758,91.49694964812022,257.7122775431417,314.2099177082305,535.8594354078613,327.3233035662705,280.6972160836007,217.61284581811339,46.284809115754314,1157.4324206468066,1694.9152725984243,1203.1710284892372,980.986113476112,1605.5076328764624,1401.5238542176348,1064.9739724186752,1568.2123214053722,1162.9764919993488,1693.5496140511182,642.6972687643716,477.56887104492773,189.03633853925191,719.8338857475484,40.45011758226102,384.6427112341916,547.7567943788631,509.03539577467234,805.5887174631391,628.3324978232686,32.66250472260009,218.07349087800296,47.82738813063126,111.00088829681056,287.06855843338246,241.75473759224948,275.9486134057691,70.42921371226397,9.616653760941233,30.11178577244616,38.35559761675334,109.97883658795695,522.3829044597287,102.69431052615215,587.8928936026576,631.2965196066203,185.89332066260744,106.56367894034825,539.7888329719719,147.6395120963324,49.16001503098082,34.72033309374454,244.2149501529598,490.9910298235104,219.12087521662573,137.96790891799856,84.5241943139402,137.75712708806412,63.23086095557235,68.3237303189995,103.71644435125121,168.79803696458976,267.0769727160122,250.21407358045093,165.90908138243438,567.9670462639466,540.5834586302605,37.35093129668961,71.22161228684637,175.83118768665216,278.6761464799872,93.84834025481572,209.28837235895483,179.53094057660698,72.9805606726237,80.99173443711636,73.71878262365728,216.58296556358246,403.4286869040846,67.07192928300626,126.40908915098177,472.3297412661107,1350.5600740473137,114.56358525963253,198.4821348249902,397.72861713280616,271.7153813620594,40.25949306042557,45.04353834043214,195.2676984802647,325.54381645405954,68.58036697245474,161.6101142007929,315.0246877367706,147.3672361456333,611.206603642539,872.2610280537765,828.5721563575024,1133.7432685047504,255.40282941573943,409.62549606799513,274.93850005894274,117.37993769017666,127.77997131354797,516.0229052810049,566.1036752115095,107.19464811450689,23.67065845924282,32.95798564842668,78.8098141686517,25.72317280773024,57.47006614813032,11.292609062279844,34.29464629212025,100.92577710763697,116.72580829500998,365.2363187230001,139.39514472250897,203.20911076374875,457.5940886933566,177.448013775433,10.496890260164077,195.64360111626874,0,0,0.20094408038650718,0,0,0.027536574406284754,0.36438806945793367,0.7182219446850788,0,0,0.07531880490577558,0,0,0,0,0.19982443784161738,0,0,0,0,0.013039372226380732,0.2735652506591544,1.783194747357478,0,0,0.007855490263081553,0,0,0,0,0,0,7.825902504824836,0,0,0,0,0,0,0,0,0,0,0,0,0.6196004530013668,300.038584779827,4.353914311413379,95.08700012665601,3.413809502869262,0,0,0,0,0,0,0,0,0.46016181206949114,0,0,0,0,0,0,0,0,0.18032844885130195,0,0,22.46431090622939,0.010366576623897197,2.174169075949553,3.8515537339163473,1.233020873457297,0,0,0.9753093574923442,0.025286721216226674,0,0,0.0038650578842693265,0.9954487514110566,2.921404378020021,3.226830699133947,0,0.020637196574211994,1.6808066726964674,0.029775195787723304,0,0,0,0,0,3.0467938868173987,0.20030889474999722,0.3547594996055085,0,0,0,0,0.1965706180559934,11.423951981898844,28.73774894041122,7.30778200386013,1.1020870157052658,3.4945780176975347,23.946094775242784,1.6801273688268068,0,0,54.50434369074665,68.58100284818588,41.88530680187986,31.019573462666987,42.7913049388357,1063.843484151225,920.7463379998029,1268.3173577671312,296.4758134444179,1079.31762140829,972.9185604541024,437.18004802251477,285.6798705552652,486.2219339798412,2177.284619269566,1203.7107116053678,1170.2016008140886,7.347654152017167,39.18101780563484,8.079417242826274,22.591434185005248,23.160666190953407,81.30787329064921,91.62518601771424,330.83151363584363,53.31182413505958,0,134.6684816435078,424.4498000673235,148.14777447028834,102.74449380806035,123.97791711598511,423.39417659842263,354.25735881940363,1109.564674241044,762.9796514211816,1289.4661075837316,7.462333873210443,79.34684807291957,18.934136532819288,0,0,33.551757496824166,155.6081090661124,2.912809975941011,0,0,0,0,413.0601863227658,0,0,33.529788180112,0.18545197825252274,243.0398352405044,1058.25238432123,69.43874178396887,1026.9762769082818,260.6008770059505,1065.197403341234,1104.2639135765971,506.2942764708463,175.8246675800088,0,765.355741769084,415.02093895218337,151.6468764687988,43.195750020217886,28.490613694920214,227.61307242949337,137.30806033248808,287.8946923464354,29.13061030063644,42.73189299048228,159.5744734188445,436.6779574638017,929.3648650042031,86.8280632206503,20.23638566523087,203.24559814013173,258.9174251234747,136.81932896382258,343.09549677244274,124.23914449470128,1609.9038278626083,2332.8867123754485,2187.889172052442,7826.7282382623425,1841.662200702882,7894.48542275652,2629.7995099313903,2567.69029904024,1173.0196755018085,2261.1874070123445,1404.5688273621863,1559.0703447694598,2066.5104242957864,822.4900926056728,1144.694239274428,1802.6587751119675,1249.4762849423364,678.1926046822359,287.8777624883699,249.51302275343878,218.51725284209147,336.33901579670214,1010.3864397244025,665.699299430736,1648.8188878295687,842.8150151661031,1720.067332798514,1680.3254779684657,2005.0689069231996,1433.0482596585653,4954.325969190122,2288.0250952010556,10369.338313702425,4632.013597604192,10793.91735094212,433.6406857224941,60.218969359410806,377.8849596354186,125.61875601370514,1670.0833503345311,304.921979060161,5.3402832037178625,432.4596716117759,172.86696341072414,425.90231751789287,4.289593926996492,306.9325594719183,300.35652957731475,167.30810058811824,285.6363644137319,208.038257749235,298.0457389018758,177.85088384585802,382.60218370750096,359.65775790497645,63.04037629948792,475.4673223345811,326.62812812262945,285.0914801606428,277.373605577823,5.971602668260555,0,0,175.5687621518964,53.74856681740141,116.5415180389157,0,3.3686660564380335,25.851469602533186,17.531469874494583,687.1026930358486,356.3960413956251,350.32819307610765,58.1947393181015,144.50741250373935,204.43270234540867,26.193962268136698,73.75137663959278,52.67614371504804,90.0132978061972,346.73916478993414,81.26246083994434,43.079767116479395,180.6966130108855,258.22117986999115,629.7159399791395,496.0353014538399,727.6970777340999,636.4259918208066,1035.0322098794004,263.4876319535779,227.40500089409724,1105.48513826914,737.0524076971191,454.57735561976835,92.35180574262091,138.9160484600023,308.9135387746209,120.53413165935079,25.560904816731103,38.679508265853805,162.26637760900138,29.142787994834993,7.174251375110026,22.55190941514419,11.541351261284467,21.693301308500935,241.28939538199663,1254.4323828514862,554.6203095572984,185.3026182280473,53.54694519678283,9.9707658880034309,16.846179590584804,25.935324932354657,28.07326910532807,13.62383885172136,28.89780183868753,29.034628382288908,27.02038498494415,0,0,0,28.335736510788017,43.09889902849616,78.43267111438772,44.79777855832812,45.37990060695958,43.39575357432533,2.187683007191848,2.1326653660815786,3.4658947209946662,193.4801170935138,1701.1319595930524,2151.4831650093274,96.79734797909283,10.59837364124604,60.75315533834259,29.92297446809609,31.722416080575417,1356.8809218040694,4671.158428902961,209.02357054713593,750.4010146837888,206.95029904890717,8.892275096146982,369.45202158709264,18.50580175193841,96.32264411372996,27.348601063627076,1.254078738546709,1.669320895416351,49.495957787603544,134.23426781603038,1658.6505934164936,1869.0293181036798,1475.6090181952418,616.3339716985695,1067.8378737272556,458.02646188343556,326.3847616075201,283.2448490196816,2474.187664613799,49.03232225753037,53.50842987779255,50.02928820361316,12.873889148127807,119.12720576276067,968.3946831657618,774.3947993094761,1028.5953587158733,170.79942781449114,141.99955126231367,263.5721838990366,58.44633982603946,18.933916431452918,99.86085214571912,3.6659697097603403,4.976185709970989,0,0,754.011817219814,1373.1633952293778,1512.9170140256451,820.976267233477,358.39572142824795,0,0,0,0,0,0,0,62.196553797739135,1407.8957533520397,4389.24824040026,555.9944477454288,68.00204739266827,202.70834844247207,390.0608697429259,346.2978446589355,589.4657936903701,10249.021542298246,9784.55717113621,5619.24419483118,92.6507739078626,183.10854935268128,873.3898564872288,381.5338177571322,102.11537526411756,125.14223364910946,135.29774380228199,111.08217176355211,161.90963903253578,156.3182619731145,137.84664627717896,257.0359531764127,975.9592573115832,187.73000730373727,339.25131087355925,1494.937615883755,334.7339412030306,771.1823359794964,720.349264272261,443.6201716156714,199.30780141789333,294.89996581883906,1220.439014901455,656.9385790900641,867.9314310325702,587.6898440019739,477.5033341076301,562.5747094448841,608.1206675534191,2762.062841454908,290.2837321199392,4702.025851210727,4030.0748776533355,7510.859454903954,1889.4952862677028,314.4746077115811,840.2021084466342,828.9868804234854,456.85807539806837,2324.411611066919,690.1867755250695,593.9641095187188,147.24965970724944,104.72105552209828,79.74295075465204,384.4914768131545,39.405163459713656,68.8107772886681,442.4904178389856,198.49022042827383,463.81423561061007,104.18904192980656,28.85241607793089,1850.3962580390648,75.56791459672023,143.85409916339967,616.6308968166773,96.00237361448899,564.4467066207305,669.7069542685566,66.19730440267833,673.7733343205311,78.62439559750077,66.19920687862337,129.96296337725394,131.39596917602407,604.0376888899762,1099.9407374876864,547.3688385093038,908.9736243925578,277.37601583846697,1097.0416276978715,355.0121268512331,227.79225622171086,151.7061223034162,200.4769495880656,135.12601175103592,92.3508759379636,298.8879751426577,797.2184490402956,148.8891680632885,524.5727642149707,90.59259277966022,160.7566391622221,665.3212673510774,3847.43757809873,458.57066065795794,1511.592970333575,423.3043226663116,135.00943620112503,65.72999607471553,87.6683690609271,479.6257698997775,1043.8754532100616,49.04851237727743,166.48574724228308,2385.9724000271526,3156.2606999300906,469.21765054549957,1324.7865527286374,156.50813923259162,123.78323113595457,123.95136096987589,109.9161841263809,153.0314321356034,302.5936334290079,109.56580558721716,100.0038897375032,107.20570167549491,276.6805637363982,105.27138592929423,547.5931173557012,1071.6186811829743,324.43195111732854,292.3455257383114,196.4844328532527,523.1024630177336,613.5266128196171,2475.8795574094725,1889.5739644873229,517.602740628349,877.657829855519,711.6126587913816,618.1845493978606,676.0737300666159,1253.3767004781794,1196.864193315589,1344.8798406227859,473.19086294048714,3011.694185080017,1437.7823180179705,4576.1837147340875,1132.2283420710928,473.1100058423319,4420.971527922,218.45162578873916,66.99855267786735,98.32687990538504,36.958674392119875,1087.1826877963572,800.4072954268007,715.3557340002494,410.6065200069292,397.7464555453965,406.56159059241793,357.7124680341831,209.26743275591718,60.46138059265396,219.2781130159779,335.7047771842267,27.19877915546488,257.83110434649717,0,257.83110434649717,148.6232811497247,369.9780413079997,120.47427146688533,130.2364984952555,312.8964779769927,466.60210576852876,130.93760986563206,586.9890369248319,139.96535343779252,136.9788442111323,617.9867350558872,24.13839622215821,208.66204573828966,139.65275636087384,248.8870464551796,1774.6172157186452,87.85619916484255,0,0,0,0,0,0,0,17.224553912798807,0,0,0,0,32.54677746904885,78.82227964750706,104.07705911607157,131.66985425403934,359.3102663063896,3620.244658002363,1828.5026834179077,223.43033928483212,49.96796480581263,17.313669075055806,11.7286389556909,21.796803012911976,20.504202115766187,63.257513928733765,103.33524974894507,1380.1823993566325,3112.784822467451,1696.2154935577837,546.5727093530926,307.84738376951077,281.64374273464176,35.39152821798331,28.451287905556566,18.264211443289817,12.225711122363258,12.20752404278652,8.505540018813825,8.543238510844178,8.613059851671048,8.472177735455661,8.92956319384599,338.46772212034324,399.87116129693516,7.327305621535421,7.039250210350354,2.1425193284285746,1.2195808114261906,1.7091474075660884,2.4047049479810574,0.7077876387726139,0,1.0398767919441725,19.60299264687933,132.94247718467025,12.022445048582664,14.349109667718446,14.297246360882511,14.348692633428792,14.367142127190974,14.272236921170528,68.52411975636763
5,323.657295318381,40.65029050111153,193.61984154598704,373.81902558284764,377.4359325573162,41.49159208051488,595.2013677730966,437.78049783923416,430.412470218228,311.0181224326676,205.79414232098355,326.6539985069843,241.31509295172478,146.48035903161855,14.254921101659134,91.51800426872971,117.68193718953015,1331.4489766647173,244.50267269010808,1167.3713231735098,62.77598266815743,865.2965126637253,256.4009555143031,345.35339822956394,136.45770744136072,288.1156949094072,112.19239541751129,247.7273695250097,456.6666320760598,997.0018823103903,2636.2840930511234,1677.987916713322,2839.7929996153825,3625.691892446598,3510.9608152231176,3885.146787451492,1689.8275805281914,223.60309523267395,120.85457321518695,105.0399895832182,453.8788815260815,125.19993152818132,264.3440796035924,1481.2870119205793,941.439310402057,455.4559545808746,55.533770458828734,97.0522788972468,249.63855573631142,91.75395380623458,296.12197162766745,194.48129957923635,3.498827758038034,220.15518907481018,4.17898766745508,327.57478119592423,192.60570250202798,10.386062058988665,3.5119230137529662,10.936927014041327,3.5598631688005673,171.5912125624359,9129.386207963036,2.0900037879944344,3.656830336019998,3.6653645988248464,5.58308060767532,3.5590145956780486,14.094835333089495,4.9064822631146425,1.3263501235327666,1980.7171574238857,3679.343260598751,289.92386975857335,1.1523927941249943,7.4444222842565235,0.16911070629895394,29.304730414597852,0,0,8.717824303756299,261.12668479847395,0,15.193956347998144,0,0,1.166355390446153,1.7009833411973323,0,0,0,2.275050988626798,0,35.45744333374411,0,53.54312392579215,13.306561041693774,4.898230759687201,59.91033763490717,37.220463635528894,3.8937821283953333,0.25082221830124346,55.36267376125751,45.9452417505226,707.5558771951464,51.61450922893655,1.6996531436729638,31.051580972217025,17.346140050194872,2410.134920099915,562.1684507635007,8.208204513343352,6053.114871712189,9877.616015114507,29.704656938477417,634.4351980990567,4621.8864292418175,26.753508710712413,22.464356448115755,111.44389413410187,0,35.01845951892191,6.148579569758417,0,0,0,0,0,40.83325658173602,0,792.7930114707754,0,40.10542825691794,10.524557514561971,0,0,0.07302907978829057,0,0,0.9370084772530608,0.6163522564683164,0,3.4142753299381727,0,0,0.68793522561102,174.74510982344452,7.108214167914855,0,0,0,0,9.44381880195491,261.53402067295144,1932.9633328467187,1122.4021195289513,82.61187176983073,0,38.571686792439905,278.0383395472676,11.269252649024226,7.7383130799700774,0.8222498795113399,1.3961872188307838,1.1352093302734827,29.83942567099426,55.82148158436409,0.16852164552840437,0,0,0,0,0,2.19138533878854,0,0,0,0,0,0,0,0,0.14819958605845338,0,0,0,29.484169425551745,268.3903197357856,33.86971613069181,33.10861823501985,692.8345144828974,635.9892618925502,496.6002585144436,48.1200065260602,998.9176813552564,503.1695870867764,62.453075005146296,0,0,0,0,0,0,0,12.460620441479922,157.366214737869,8.692032945426751,0,0,0,0,0,0.13935646239349112,0,11.714175106690488,10.389610817774098,1.6091037471461382,2.301709784859559,1.0779930933864459,0,68.2058073837489,1445.1950476332547,1513.666249661963,486.4946580942461,128.19647344091186,0,0,14.161415850384788,0,0,8.236451332325615,10.04574507541356,0,0.9806645918859239,0,0,0,0,50.76496578012886,1.387417773319331,11.914782053429771,1.3253381231567147,19.416417474079147,2.1822860778293496,1.4831209546551583,2.1900718602458347,42.153354155432346,325.2789641177519,190.335317191469,221.195249046817,386.2956295798115,156.56433250530117,53.112768270712266,59.21646156004646,450.0729231334093,0,0.2648540140118116,259.67466046046076,216.04722520202986,1271.772516896077,2528.6549661021545,3411.9836408044466,1006.7379236403065,212.79454717823606,418.76814170569105,12.67114473617457,2.120366627367621,1.5089657785311426,11.823140821453718,0,0,0,0,0.7242580562233647,1.2187922137534752,204.86240257991105,171.28891437195475,225.1463408538321,428.7236006136893,39.17395772878868,775.6035264694918,895.7663129268507,26.03868821396454,9.063081468921302,12.962064474707446,18.778986633515846,23.534301928497214,7.213046767710212,42.96646359891344,27.577965903024836,266.16008355683783,95.77329975930081,220.18529239625227,835.7675126949026,823.0062680982579,1253.3333097367413,2441.7364094356694,2213.2359735670434,2038.437139041044,1070.9122905075524,1789.4728287201335,1036.7532472828364,260.8147639691447,665.0910851968421,493.4121807062559,410.0932095176094,156.13638700345973,51.797805447998705,40.41570820976455,35.09179115198584,16.43705396133956,58.174768683094854,44.82459482917309,3.2955490836160712,378.76971886542077,74.66243239306861,665.9064732905215,388.64236224371393,966.9505022086105,5361.58689804343,1647.263211326584,32.32417516200577,1.8200634687297268,0,0,0,0,0,0,0.17981355145393965,0.3000462940582876,0,0,0,0,0.18675648318394164,0,0,0,0,2.391303959773042,2.330993360982468,0.12253816600396174,2.3884430120339295,1.4465123041383343,1.420648225958004,1.4305641696146494,0,34.60797283301786,1.3469366914570635,1.4397445182052573,34.27480680571191,224.1184605462801,18.619606016115238,0.6055586873711718,0.3902402998253946,2.50366154673019,4.788145948791459,38.901003187501054,0,0,2.924099907203307,2.987754413425248,1.3062460896061863,10.194719217692958,1.1562279154352602,31.37477217703207,0,11.888719702479667,10.852168603333617,5.770188032267513,13.778703689001873,62.875265336872594,0,4.959272629672407,16.440039601461912,28.41673631159406,0,0,24.308528456413853,0,0,0,32.97732362953726,26.150008630369086,0,0,10.136482405002347,3.4811520686784676,28.76311538400545,16.470569795985266,26.49814798231591,19.65686456874851,5.27141810851116,1129.7146717685807,0,1.8253919445693803,0,2.8135731200260454,3.873688664589539,0,41.01555650254411,10.049049910826605,3.5623067303250666,37.43754997945036,27.844400078862254,77.40107937465129,19.108476268140027,0,0,0,31.370189829314544,12.229773484124362,19.295398401941434,0.8722873388417822,5.335487670450025,0,0,2.04586258706398,3.16492206548137,0,0,3.007160263443827,0,0,0,20.35301065507763,21.218227004004415,0,0,0,0,0,0,0,0,2875.3602433264014,3457.974082403698,5261.988298061314,5428.558913873523,4532.296344478279,1014.2484998875433,3768.9144006373267,19168.92020362456,0,1010.1563737625938,133.25019232812,398.00508468250104,1200.8287488312083,431.9898086692445,354.71436301224736,1212.7364346734207,453.295221624416,538.0294667264876,672.5270919760159,214.01329246744731,226.35356361519374,436.03962071043895,426.0298904648926,865.8542974142473,1363.348725027534,396.11737440358837,625.7132680731128,428.96269304597917,720.5977139842176,1216.6440748528257,1662.9975754180768,1559.4299215318147,714.8683722981718,7037.204317004713,3639.8236445209213,804.44218409346945,1288.5990053248074,467.5085375552756,1181.267015414733,749.7615514821786,335.109926610568,185.02221249804836,1207.812793684996,1102.1465929989583,348.4793946403024,1422.1160221346909,589.6447131221614,1343.266287719442,7558.946341778327,20651.305736811977,1660.6345393025963,1505.0520022684102,364.28283324900906,677.5330517119318,978.9051083137531,1426.6093359176914,633.4487486657256,195.28726108818628,138.9906133361822,573.8084122886589,0,1091.3274779827525,572.455357076468,746.9326222295314,130.18651000009743,101.34541534859108,160.87763629212748,529.7019186265095,580.6392947527659,229.62635588282978,74.53493891115251,35.325017170857016,31.86861740114749,20.954309919203904,9.01226864061068,8.744707430300837,67.40178308170525,9.801433941809567,596.4294815590505,657.6924224850676,388.63119839151994,1692.1939092323641,7489.2615350306505,2895.9532080394292,3572.3706223997556,975.8850929156312,19.616503262585894,91.57579144213456,13.600554303594501,0.35732881697463803,164.72561999717902,4.97479427198204,1665.3851752001758,1315.0345462004911,215.9557482091714,73.35925418258653,42.382023672880095,255.16513478100052,168.99804897852334,1030.17213575367,197.5375158048211,9.317405006416815,99.77718098654427,278.76873067775125,736.5371553565699,693.4856595523914,709.0824720369088,357.9921851468665,19.57292374197087,221.96433547517842,845.2526002372025,210.8704920882103,32.010108683669834,8.551730608001495,28.747636215392458,91.69579897669364,1508.5935198290017,1788.616398410657,4045.162658643068,3068.366481243133,2239.981885853329,1694.8350969256253,122.65129909874216,360.250334087449,1182.3625872615723,2228.1658640754126,825.2642191059531,470.39372649849804,147.36749293225643,62.264260937706155,39.76796239843674,377.1328695064112,6436.857888847739,1954.1656403859577,402.1738234542584,4712.584408149329,5569.757244139161,1437.5877363713569,5386.074466234549,477.88238061396146,257.13220395378,261.47974986420013,0.24053182093628614,100.28041775480351,73.84909346341935,0.7426152376402906,0.6311193853667828,4.031614269342217,7.466269122496354,38.428143628570744,15.480078752321043,42.45497093652994,258.0107960183857,440.2275644522601,1237.2616283446046,1534.276853700113,129.10716944384137,801.4051516581576,4661.837710892915,4189.638688443566,937.9055672442308,279.9844720482645,28.430173384116397,22.671952081398675,3.8830458093669207,77.06635457503344,24.51322664399279,1095.975616693147,1359.0321758259374,779.8143733836354,599.8853489488985,348.277518612301,1538.8862711127001,561.0637660972362,158.7943084638696,1949.1693786358353,274.7705894953752,4.0798029450011954,62.91859613936669,102.76232749373683,26.248810958699675,7.814749844528388,34.30803961968455,44.99943376480397,6244.712685445524,145.85333651056968,37.322784575831626,9.032783908487316,33.50576449874507,1406.3559660734334,2228.10815895874,238.84304035421465,57.29620029771665,48.246716679161416,242.85462685578673,164.37852583688922,980.6011130435705,110.45941700654708,1498.1089262105654,93.53214367427745,1640.077215878971,4162.902924755359,4761.727976542618,3615.6919930119825,478.8432361279182,154.00955914613112,60.44406126335195,63.60766651717982,1555.3082116660228,112.79287461797678,160.8412618353753,114.88725516378085,1301.0109502549758,425.4625304972091,921.0347840805205,63.09909140832739,886.5431284665239,1264.1747236611434,337.96788947589846,55.31829688942644,92.55626604861077,2134.1439723907342,840.8436859315256,921.0446643154202,385.210691321212,309.6020493074262,160.9545304508292,174.7031207714739,12.901855400852835,20.2385937126044,49.48944008218509,5.274547925731908,31.724343040506685,802.5564218445528,1696.491479508449,164.611324299065,1238.6564694641465,84.33656114318214,9.390481611470802,149.84608199411747,0,0,0,0.00877843503227256,1.2885629382341588,1.105720116205365,1.5250133427749117,1.143217857934251,1.1182452523029724,1.001421937853652,1.170327946060975,1.1758491790088816,1.0331549583493436,1.039775313371321,1.1393267215547895,0,1.149180309326284,1.2687365932393633,0,1.1588901120289576,1.1250483303350172,0,0,0,3.489492982396513,7.270630808865448,9.950451305547428,1847.0383784540525,1978.4186363587485,131.92285746250332,26.235290599687616,126.69424501490919,76.07865860536943,101.88717218190384,5.115299163032104,3.0812028221281116,4.092856916990751,3.707571844472742,3.962687393436834,717.9783767799346,1149.4580711892308,1987.89783549746,12.119156183689675,116.35326230698168,1826.665472802571,1634.6393161993328,2849.6107144678126,1027.8287032467665,3670.43077112457,1233.009506532717,99.2624290553358,6.4631289994691326,49.049516155284344,52.156356003616956,56.86491656204713,124.14238464002878,217.72549617370106,223.26541099445427,75.7490932951599,67.85468210793383,2.6835906328113452,68.10383648302026,157.62792378152014,5.393209202173452,15.554536011267027,12.367554928205951,27.605740770506586,3.822857625646708,17.52790370867616,7.371684945528115,4.162844858835286,3.6025105327884805,92.14284525944325,58.86152040207775,871.3962973397264,119.43029502053115,431.86474131953344,104.2691010466284,160.66544276467667,421.5071518350874,188.20398495369645,2908.0375956169496,215.38333343322057,1562.7101441327318,8892.892510003305,1497.633287285837,70.17731351259356,4.304666371448342,108.66719162098507,3.803478642209257,0,0,0,0.04057892111325067,0,0,0.013077814048351141,0,0.08087655132131223,0,0,0,0,0,0,0,0,0,0,0,0,0,0,0,0,0,0.1070121451378408,0.03701647311414341,0,0,0,0,0,0,0.07068357005397871,2.3245085312314333,61.69234330764298,1.176297667826822,149.30073938395967,1.1481775785725086,0,0,0,0,0,0.4993190432736772,0,0,0,0,0,0,2.250285571784299,51.02253770930625,16.00767104069649,95.55406068680968,51.023425278939406,535.955032592568,2194.748703209306,1565.5668993625047,1086.8247580420402,403.2566818456441,211.49527671034605,1043.7706537023312,1842.924367264018,1658.6016016251265,5294.362132753391,0,0,2342.124845820074,2806.4154497579807,514.7780255768253,1492.9775711651757,2095.6672700796134,1747.1257438386788,1624.183383587038,1595.491189236199,0.010611732990082055,0.020323496207483468,0.14911425363177558,0,0.46804476289327873,0.04988327622631439,0.028237776814780298,0.16400000794155203,0,0,0,0.20007340903682339,0.5861608122860535,0,0.399289382376121,0,0.7396737069646875,0.09770608470035799,0,0.9958027928477993,0.11853797772809845,0,0.09378041818193031,0.07628011543642954,0.1181629432321445,0.0690785039557905,0.039766798118818454,0.3927922056659486,0.18092060872955504,0.1714885354607258,0.28683382467698504,2.601364341864773,1.178859808597776,0.026831836531669345,0.17478469835836152,0.20097120065880464,0.20390837923682534,4.123105874777364,7.832888257160618,7.830745207825839,69.5213550619819,43.21151479835704,146.9926080367728,8.042754998094908,14.706687530581792,27.234848450066423,969.5306277748896,0,926.6940912082343,264.4555511591394,35.83106174693539,883.2730256244043,391.020396753202,1059.2171655542113,636.4626738719643,575.979891574983,305.1058458809042,33.42789190707148,16.202484112112856,176.90969102779707,24.094638024218444,10.689766610229478,74.21041601676872,10.445334193240438,115.44419370278365,25.687990215606945,51.13588461096782,81.5151285954201,103.0382400610698,6.54951723205194,6.040496984261808,14.528821605443795,14.602868531792634,22.645197888743283,22.8239956285234,31.045748606388276,97.99166750173342,33.53247494651736,17.954862191919254,14.015462356909147,59.06336083636785,307.4543063410467,408.08016489481,682.4895314053744,304.5213604959932,157.3907091249904,477.99091617879236,437.4577518177104,584.464113039137,344.2135949937184,10.468638891923023,17.22320952107855,11.198121388527271,11.083305324710023,25.73644244343435,64.48502910731118,39.4437508261612,19.469074623037045,14.84181883948163,10.387823190931922,27.453537156599786,17.653537902205734,143.48458326825943,45.60021582088264,319.7815230038678,20.053377393216028,109.96093764609287,127.99325508871904,69.60672833797719,44.14735034358481,0,0,0,0,0.20196985542295334,0,0,0,0,0,0,0,0,0,0,0,0,0,0,0,0,0,0,0,0,0,0,0,0,0,0,0,1.2477821473772892,0,0,0,0,4.694990552385384,0,0,0,0,0,0,22.054716089051468,6.512702232905266,3.586557771099814,0,0,0,0,0,0,0.16873306623244116,0,0,0,0,0,0,0,0,0,0,0,0,0,0,0,0,0.03848450966270804,0,0,0,0,0,0,0,0,0,0,0,0,0,0,0,0,0,0,0,0,0,0,0,2.594360972905221,0,4.170682532983909,0,8.978267666995906,0.6576552647240678,0,0,0,0,0,0,0,0,0,0,5.402805165938617,0,71.6251797075538,0,0,18.430694631911752,37.51507171788254,1.4020483300130608,9.69328455760225,14.65582636891796,152.64604554683496,38.093523300887014,72.43453471452473,56.918723200241715,70.02050722005846,38.60110630868695,271.6796785674792,235.48207085544036,329.98354057304743,297.7031951931172,199.9123631897334,281.8840977702164,930.7011068824348,421.66908708327946,486.8429534408766,1278.1616970875082,291.9441243476327,118.71609179372788,0,0,0,0,0,0,0,0,0,0,0,0,0,0,0,0,0,0,0,0,0,0,0,0,0,0,0,0,0,0,0,0,0,0,0,0,0,0,0,0,0,0,0,0,0,0,0,0,0,0,0,0,0,0,0,0,0,0,0,0,0,0,0,0,0,0,0,0,0,0,0,0,0,0,0,0,0,0,0,0,0,0,0,0,0,0,0,0,0,0,0,0,0,0,0.376172539326449,0,0,0,0,0,0,0,0,0,0,0,0,0,0,0,0,0,0,0,0,0,0,0,0,0,0,0,0,0,0,0,0,0,0,0,0,0,0,0,0,0,0,0,0,0,0,0,0,0,0,0,0,0,0,0,0,0,0,0,0,0,0,0,0,0,0,0,0,0,0,0,0,0,0,0,0,0,0,0,0,0,0,0,0,0,0,0,0,0,0,0,0,0.0427520865880606,0,0,0,0,0,0.02789386355966143,0,0.2947893838958887,0.32194170217555085,0,0.03186345899704812,0,0,0,0.018963975939869038,0.04067488535054666,0.21926331311719857,0,0,0,0.1201163349336207,0,0,0,0,0,0,0.04177890193369744,0,0,0,0,0,0,0,0,0,0,0,0,0,0,0,0,0,0,0,0,0,0,0,0,0,0,0,0,0,0,0,0,0,0,0,0,0,0,0.19880823006205942,0,0,0,0,0,0,0,0,0,0,0,0,0,0,0,0,0,0,0,0,0,0,0,0,0,0,0,0,0,0,0,0,0,0,0,0,373.99137430233736,1572.0782595959972,63.90611644457934,0,0,0,0,0,0,0,0,0,0,0,0,0,0,2.9373603444376846,0,0,0,0,0,0,0,0,0,0,0,0,0,0,0,0,17.650382584751938,34.70729229231114,0,0,0,0,0,0,0,0,0,0,0,0,55.3860058423745,129.47487924561892,31.9131922910783,100.56226795196923,41.90188980299272,107.79948341191137,20.48154269663908,343.56161698744205,40.99143814187873,70.33936357518999,157.04507175250478,84.38244823869955,8.446377851813166,25.86430665628856,9.498398540001725,29.043365329969138,0,7.337515320121135,4.332122440488811,14.24890929253815,168.09190065558596,41.297292020208886,6.219543501954197,0,0,4.76941789765936,20.139922999353608,10.31282021229952,0,4.753024733704542,103.24621315992506,176.25995405328405,47.44240212728632,119.66046493929406,40.35243215772049,270.1099824516128,9.515765797959176,34.918044596038065,82.03393065227611,9.51773598457506,0,338.3362380026627,229.98245893241022,15.758385778807623,0,60.4960018277904,73.56149593346149,848.3077853132728,1939.2844177707566,40.8949806442982,1.6289934164356448,25.810959041536112,2.9745792444343624,149.5473644985802,1744.8274707506187,704.8681435799151,2.250944229877931,27.64976857450599,1.1738716765602601,1.8498935151694436,164.5839527249396,1.1381934302855443,13.736692161548861,268.05251589938507,255.6826241292957,13.21643098130789,0,0,0,0,0.030582211411290243,0,12.900124150927438,3.184478122277891,12.071106030997717,0,0,0,0,0,17.87399656583552,14.022619349718907,0,2.4576118755155516,0,0,0,0,0,0,0,0,0,0,0,0,0,0,0,0,0,0,0,0,0,0,0,0,0,0,0,0,0,0,0,0,0,0,0,0,0,0,0,0,0,0,0,0,0,0,0,0,0,0,0,0,0,0,0,0,0,0,0,0,0,0,0,0,0,0,0,0,0,0,0,0,0,0,0,0,0,0,0,0,0,0,0,0,0,0,0,0,0,0,0,0,0,0,0,0,0,0,0,0,0,104.21409119717255,0,0,0,0,0,0,0,0,0,0,0,0,0,0,0,12.07351015978318,0,0,0,0,0,0,0,0,0,34.52259844561015,165.16479798972745,378.21815676581093,490.5269494224834,2438.276205486289,753.8725240666455,219.24398364309934,51.87873357308612,135.12036771246602,67.62664163697139,89.98790830613497,54.81666660854563,115.6974034698144,92.6694215946937,207.91280644936592,337.6147087278443,101.32629350994384,62.93633566452708,834.1297086589867,189.86770754766914,2363.5947893032826,4477.325793636485,137.4819312348485,967.9360406232703,274.7685521581338,921.236251648362,1262.1587765493903,64.51030729901748,2398.1709746083975,2226.540731965284,987.4477007485307,1135.4828020677603,2266.8267774481606,5596.594485120208,4894.018519952029,7898.808340916922,3008.377322095451,2371.9059677125992,1464.577262598976,578.1086919947753,168.87149667006307,1808.3841185514673,59.29637230392168,106.89667018769588,57.89338476986073,35.07180366618183,69.84157204357102,80.53394213973566,127.01945562034423,58.43650247113327,911.5365169725242,494.8697320642475,612.061919559458,347.09792444787956,822.4445703975312,1406.7605632465404,638.3939275985875,1619.3162283368147,369.4805776918121,755.2896104175846,3196.605779216607,860.209375801697,1179.4338297281995,2402.714281660803,4782.974749625482,2350.1379894499837,3731.1759134372287,4074.597831675089,5244.153173372603,2964.498303422831,6550.142829460299,4243.8103143541475,16996.791732487585,17978.598666173646,13728.339289099158,8025.476423981987,3923.3203109994556,2023.7589210279234,938.4027501462128,0,630.9687135582898,749.0067422446235,4487.173842263243,2412.4895182519667,4398.141394316643,3586.429950786241,612.9377931006472,1823.7287915371683,911.8441898165454,415.6646430075996,1089.5029602759291,1704.7298372329183,1485.560501331314,2401.5717598490514,4286.087506433205,6175.6639078231065,6256.45401501884,2689.795346624013,1420.3462396771024,2658.838552600859,1537.7993242462903,5632.779481530932,2353.8424151391782,1539.0099214872616,1710.049280760587,2325.12636053154,545.7168627122926,160.70109436328477,302.41954029060764,294.8977048101638,885.965855007509,325.22248428311707,930.2857564671394,151.0923993285192,749.7418446560616,2625.9993597859266,1128.2418190862898,2595.2056644590853,853.271605457325,428.1527005657812,1902.2718162325957,834.429964233623,3128.873568015149,3233.6777795039598,3644.4444106204533,2761.3208540034407,2069.415952535311,2201.142257417088,181.39811941128644,2345.7362014556984,251.82335550301428,2221.894195857594,3038.8770838308005,1414.6969578249725,826.1815186309116,1287.6822975578234,3088.244447648007,784.5426136272537,3776.0987119341703,4585.073500071103,1299.3763283074857,1056.407572866006,938.3969040155928,435.4174461094929,8374.651048838785,2939.115540920495,405.2273175543435,35.818222386802695,373.40726446844724,190.00262693736212,749.0194348496353,197.0201142072826,173.70246415510087,226.78076323855896,1105.8794832899953,1911.1632360147166,282.0399744888781,1241.5787247055473,506.3631775184081,141.8840269510318,1421.091036032519,231.8411596146452,1558.81437673759,1300.0539577163602,269.2451100157877,1336.5869533619598,1240.5475466782361,2006.828063250557,1978.889392531339,1015.2195499543452,302.71061837628497,165.0309014235943,47.51256765945792,1319.775361420162,3097.579130072024,3128.747175152285,207.67970399999294,114.11637777208823,122.07232719820037,90.80935885812497,113.68581360371188,93.82947175767534,1342.3898860677953,399.9217183556602,218.14916746725805,93.22472677208053,156.10961960185867,48.116447944489934,99.18140754330514,180.0690587337684,781.2617431410099,76.53170910353114,191.78198481598824,457.3059486145055,714.9772582717403,1638.4272851895994,1465.8477442759747,1011.7377120373853,568.6584664431516,40.7020826722618,604.6462403549325,229.17387647074136,237.72887177255097,226.04025371625957,168.81791255518712,89.53215008300157,1809.783828819301,249.4417657699988,64.51566879517792,55.65595492463503,1315.1183369239097,4998.866382447507,4538.308494194429,4971.52499093232,769.7080511650902,60.10413097986322,15.348215188982829,1482.896501936012,1309.2671369290488,571.9842776086892,734.50654838884725,815.9641929580378,550.7257194637893,738.882304215557,1095.440399449152,1.7991817585441823,1.8553852787072538,0.813683627697897,44.91932604452066,141.65932062356254,1.1937235215185833,7.112750463810858,24.932384846765043,3.1191621259785842,2.9800095513189255,96.74623107135417,12.946003775803593,19.58697530769902,151.713708884595,209.9047714803376,8.178040201895797,63.88376292366904,70.24045542043656,101.56929383071106,680.3283410833515,30.074931462733968,144.34629748568335,311.2858661220919,140.46497980008405,132.15342935486285,8132.089454929694,1879.2885558266778,1081.9769127148286,214.95184110218793,268.54773043845586,17.46432623214392,51.71681108609142,16.562431376740776,2.1773621093899624,1.951285139663838,2.014711882100036,0,457.1367549384541,8913.22872839741,0,2.2287009727104943,516.1893627334287,321.263946929652,974.8354263320927,289.79875720977964,372.4884190316687,164.64739727008737,5.141787818724447,25.713678752743853,56.96638063205781,11.416045075443636,13.774202735624458,65.90417280760956,38.190370948538686,5.5141588637312156,8.444181185922446,6.0574902800069585,26.64329823267071,36.14767326900172,134.15461854548855,18.452584077551414,49.887853587098675,171.69141445814532,15.299489874135105,46.89837975586741,105.69763715445845,15.90020550570764,11.147951905451489,15.844442994102067,25.426724943497483,20.69978233380736,20.504704518127934,20.408914502363807,29.777763402017246,207.39010976020296,9124.6723701825,172.2345458067258,38.4172268944801,188.86219106106367,9619.969115817674,2412.8274924731923,367.16688764807503,256.36874626312175,299.36926362281883,210.64523839254616,1617.5065280690162,8166.527205576236,647.2428365552836,288.95171179236667,7351.346185340918,344.6344193141956,228.6330707207581,81.98962440519088,90.8031206384959,328.8376596238975,69.096206167979,50.20420842696893,3.295575963402854,30.021049562169054,23.071948254296668,8.202456305902682,3.5793682537743923,11.255194349605613,10.415244690845528,56.07371249766624,11.19322925540242,5.04178077615274,69.8246878433311,25.76074315251871,145.77975702986882,262.91295490221194,3542.251555221785,805.4720334236183,56.59507709914288,14.675944856507881,50.63546186771643,123.83927921513092,77.44588982366294,18.85409269761909,145.72510282856254,114.01806876944937,105.36510824107039,88.57339947910448,51.72795768955657,28.718965791211698,25.853033338560525,104.75442983497784,19.257668816855876,7.243354251664627,3.1093741228338105,32.51501363541466,9.112884019408813,95.47135972529463,32.84302444428771,100.57679793211194,35.48416283722509,93.64344637202353,75.86181817965107,56.83651240855882,17.545209001599595,52.22051566874861,27.53490813807545,39.06657125120102,43.76776679019062,30.07597469903516,16.86596414905061,61.362047709950225,93.91282889129732,165.12589165824392,113.40018664177288,32.37947991955553,26.311861112508126,275.5936203045087,4.891571843348417,4.245969254751548,6.413519702044599,35.161066595122755,1.0171008639575094,4.128756912914276,1.212073086674291,1.2606311906231333,1.2739144456022935,1.5436047121970105,1.0128768290841208,8.161567399220885,90.79976113628986,42.86150621776368,36.09862883544981,271.3008830757534,5.786827641396595,7.738210697444262,13.723321491529708,327.59014798681557,25.84704657599698,143.19080817349894,84.80454727030919,148.8508900273235,163.35624580692837,329.0098506240591,168.5935179449736,286.7334064968906,264.8331441514764,295.34897075058,228.11418553757196,184.54179737818612,196.8557331232995,197.9003910215388,170.82173559257518,203.54915042608735,425.0662956313276,339.9855928443513,162.3772355646655,26.969893093749782,78.09873607783533,36.24200187369949,62.56640788762957,92.34105300548136,200.33402709219695,148.9503717500171,131.30369685227305,83.95962036106064,57.56149476700109,51.662056642494235,32.41335111814262,65.71392759738654,10.34732548238151,91.44044149010604,205.19185861005613,267.4437673539894,294.4565823679918,73.68736384406624,174.60758770364984,102.029040305663,43.88061802219152,58.236872254921764,0,0,0,0,0,0,0,0,0,0,0,0,0,0,0,0,0,0,0,0.20674309874060823,0,0.09744269197909586,0,0,0,0,0,0,0,0,0,0,0,0,0,0,0,0,0,0,0,0,0,0,0,0,0,0,0,0,0,0,0,0,0,0,0,0,0,0,0,0,0,0,0,0,0,0,0,0,0,0,0,0,0,0,0,0,0,0,0,0,0,0,0,0,0,0,0,0,0,0,0,0.4860861653504329,0,0,0,0,0,0,0,0,0,0,0,0,0,0,0,0,0,0,0,1.5011151530268858,93.14549432581543,0.5481460463711824,0,0,0,0,0,0,0,0,0,0,0,0,0.32356428120516717,3.6490226448733964,50.615571708915894,0.15113143799547898,0,0,0,0,0,0,0,0,0,1.0773077810034195,109.43596745440249,24.06783151312231,169.33530773285548,0,0,0,0,0,0,0,0,0,0,0,0,0,0,0,0,0,0,0,0,0,0,0.9899524512866026,0,0,0,0,0,0,0,0,0,0,0,0,0,0,0,0,0,0,0,0.6174989838547613,0,0,0,0,0,0,0,0,0,0,0,0,0,0,0,0,0,0,0,0,0,0,0,0,0,0,0,0,0,0,0.010184962304818931,0,0,0,0,0,0,0,0,0,0,0,0,0,0,0,0,0,0,0,0,0,0,0,0,0,0,0,0,0,0,0,0,0,12.88544887990648,0,0,0,0,0,0,0.1314411981460466,0,0,0,0,0,0,0,0,0,0,73.840856269094,0,0,0,0,0,0,0,0,0,0,0,0,0,0,0,0,0,0,0,0,0,0,0,0,0,0.2084799786925043,0,0,0,0,0,0,0,0,0,0,0,0,0,0,0,0,0,0,0,0,0,0,0,0,0,0,0,0,0,0,0,0,0,0,0,0,0,0,0,0,0,0,5.982352212485024,0,0,0,0,0,0,0,0,0,0,0,0,0,0,0,0,0,0,0,0,0,0,0,0,0,0,0,0,0,0,0,0,0,0,0,0,0,0,0,0,0,0,0,0,0,0,0,0,0,0,0,0,0,0,0,0,0,0,0,0,0,0,0,0,0,0,0,0,0,0,0,0,0,0,0,0,0,0,0,0,0,0,0,0,0,14.950516634965071,55.001606068107854,34.67971615892879,10.052626125864895,29.127929800361777,41.43097582083307,22.089949135996022,37.23055742040513,72.6107967502687,41.119353718020825,76.25171844221262,41.11665592061605,201.05252824047406,128.75246085397922,96.4498908139905,43.51594824900058,49.35647763093286,26.637467494337095,118.39946508123714,246.92460533259165,109.88979718556726,142.35423096844775,15.15569981247057,11.427787988945646,130.45274136804406,202.23574222328443,94.84532638134387,257.8647584538379,161.5495722452204,414.0306472429242,155.650382029203,93.90786559204946,6.085662436424155,38.47109777755848,166.07470415478414,114.20238944484149,302.263847573125,104.45337700160307,392.56198309332103,164.7107550190472,653.8044107788246,657.0189179519188,405.45926601734726,249.5005613543192,138.45775439110756,136.95666497990956,271.7264735210862,579.0182883551323,1358.9567618022613,1674.5898667947588,4035.8665835880092,93.89297544466801,317.0924805607625,405.9837425022847,474.2143521041099,804.9717000000995,1484.6153978367704,55.21054029302523,61.52671535789023,15.269574069701196,43.3030327506622,231.18680342285137,90.52982333376387,1267.322758248148,46.86450385823256,17.859584071820457,25.87251893725973,18.761991882118284,194.52518142795518,96.42502757562617,10.866383383499524,4.546344101978605,26.286279844198962,100.14800935423492,27.259590692402274,79.27837230518182,81.15411649800636,171.67337879070044,245.94624417837446,592.8334054483034,1097.1706151814876,2324.8290820000534,3369.5090562726905,4371.423635563099,2524.9637308607653,1419.274590801686,389.9361629854133,249.30009004657992,65.01312443903932,72.31077250205409,29.122843485016247,463.4699171498014,439.8791134597418,40.02572826885667,119.97602500495815,268.60504113548217,11.241480905825954,93.06550426829374,146.1970712827627,53.05272958112993,36.307289871231504,72.84898472374093,65.9335679308412,51.08450029836528,39.62320718396058,30.08003994175566,131.3794534791824,68.61796334266488,47.48824263577923,49.28234627906623,438.31138750056084,42.359444316474764,29.742503520664336,35.5087186604553,71.13667661440971,8.546405731770081,8.487773554798094,119.21941541965225,6.2122142731746965,6.558050126095377,8.823858632833433,27.335596337712524,47.08885331731473,486.6026718003003,276.87605040253186,252.19892004720285,45.649173817665165,29.163297955810766,13.182006775462822,135.111768833218,848.3562928675209,315.9684553053273,27.289386750890955,31.920099712477256,929.6005044425898,47.02736802086252,1947.3972652353161,539.4478512482674,2173.079387472512,45.42038411072492,70.10450474013871,8.793129068629321,4.2504264508383915,202.18419599269012,6.894197603067149,31.331646968720143,24.10085113983564,20.52200590878368,165.38434586632155,649.4761939611674,1431.307846296059,1264.803803589555,191.74680610164492,604.9931110342202,0,2.30633583943753,0,2.31353650838434,2.3810195258208484,2.3536456046373733,3.62545762736639,0,0.06844053579344761,0.941972766121962,22.13806243092673,35.02090189126391,15.525637084066998,5.2969412812240595,3.543256546882595,1.2636878068879414,0.07616446964914256,228.1768564282741,6.468185582848621,77.41082414771408,670.8261906837919,8.131574183389741,15.719728411439984,12.176627285081135,496.78725228459524,996.7312966167742,1009.7121467130597,289.5858804071573,186.1561967903665,587.3537933854736,1284.4201859724983,121.26614263225517,1126.2016010006387,478.64688289513475,1356.282092275812,1615.5416732154283,1213.0917902822796,1706.948903151213,1074.0672287634472,1107.595560411659,652.532198222075,2385.819854346305,7353.553946752625,22571.895452760622,1739.816766412576,64.69951318395206,105.07334149718679,8.727113744688872,13.523953168945939,137.76859574209837,96.66902512296461,288.33905027843883,423.6028909601962,433.2579504640602,76.99554351480757,193.69462936901766,2390.3758442360668,66.8662967921642,87.22406155523709,25.059058413159203,83.76890867409791,320.79233959316184,338.59840548425217,171.79672484127502,69.18276490765868,45.187470851829175,184.9551089409285,86.95037430331544,175.4245544974784,63.83559860696078,35.64584150550447,266.8694799968087,29.93524390694523,44.60032936051722,84.50871044980578,84.43229673579457,36.99963433803845,45.877122998516384,55.05572626534263,31.051433842435817,371.5418025259764,73.39158728416757,29.913023447867115,55.441697504894435,94.22065569800422,21.52242271210542,7.011098476830929,7.151076750545686,7.660403445718665,7.794825538252768,23.004059998051115,70.83354494049026,35.22613204595799,86.11588048811994,42.94433028658099,31.243960712585285,31.020776641926116,31.06335473708819,29.7182193730894,21.38243395504976,64.47132569907666,61.369952705756454,8.341968982281166,4.489854399618659,1.2203825675648377,4.258013822980192,17.0533542132183,87.5505406171087,62.360649122463116,22.689581192591454,14.16672798005701,23.224224002706826,47.20767259507271,40.783656992344376,14.460423958434578,13.97376254449176,13.696645582159482,12.396450978097032,13.30907968210325,0,0,13.368115246806347,13.512471601224918,14.195234650516053,14.095328369098908,13.672785122870403,13.683602359677248,20.83818602628071,0,0,0,0,0,0,0,0,18.995445197533183,0,0,0,19.255468693855065,14.212374204275703,19.53127226951336,19.769838571705208,21.18595759487348,17.484788845472316,18.78238950842899,19.358447114215696,9.79125243269853,9.71962394140987,10.622914066355692,13.887352086805857,7.1040489963700635,11.1483671018315,12.907850600688757,4.291803413740767,9.479208002587907,0,13.831314344255288,14.20025753696084,0,20.834475474837,12.348144804700523,0,19.19202070201761,20.57232313935074,19.709456202531143,19.679610986128132,19.96386835311693,22.04276415247282,20.483231247436994,20.60013692746903,21.139971518759925,20.86209741698098,16.241840343567635,17.41762442314062,20.692952704774537,0,26.618471699347307,0,0,24.188325492360295,23.463025450985004,25.25917201510677,0,0,19.940311269197522,11.699185845959507,0,20.31389552263104,19.532533972998767,20.16119708645878,0,20.744527354560212,19.23080326313975,18.742709030797275,18.722885762637755,19.26394335191234,19.26394335191234,0,0,19.005425254134266,18.931899139921903,19.317590012753655,24.895633028437,0,1327.5061248106344,18.52958683557554,44.7952103868093,135.93715630900573,20.0926690396099,21.46568234041793,21.928601891542357,20.461213717683155,17.383391056422415,17.72137916531871,17.951786020233534,17.851906633795018,17.95216394891079,0,17.25378731016117,17.80866075823421,17.00606806145901,17.845886513435595,17.365078079409116,16.606460572897365,0,28.208572528962772,16.767916265919283,16.75658510958471,17.11977403346896,16.842128864508084,17.339451282994197,16.324514452474332,17.755789687721016,19.03925528983324,17.457558153641912,17.585232208231812,18.124190347988826,17.51773768950958,17.114238953212258,17.936874715510008,21.11239519252209,40.13450413782166,75.19693653313328,16.976661352369394,23.32230288375047,308.3465408883993,65.83475959350739,2.6714821633222585,4.792863928189523,131.5991678788425,72.79032677722596,152.2485388821249,42.90616778752849,62.580466989283515,42.71195827596361,307.2318743811607,64.18538709082675,77.5295412604286,1006.1770622791456,1404.5993878201607,22.716252844056385,97.88723167869175,181.19111302373423,12.110794244173373,6.784446993490593,59.15862113056004,19.219650840223988,36.790635752991236,13.68336104821859,2.2969899513892713,2.1344534362989673,5.639635227239387,16.38356933171822,75.99223238058049,2.848789950796025,2.019818253603607,9.952822943410093,0,64.57229198482108,832.144455773273,90.62647743757746,0,0,196.33731844649452,84.51025824282327,702.115306084248,666.8083156216226,318.1972284482866,1105.702359871775,694.1097250859274,275.3564418058431,108.11219172645485,80.68729660745733,208.94435253398402,1875.5796350968149,1225.8782077813275,271.68664122998746,0,1088.482332942992,173.36485279552295,103.66264517759097,51.10149061015968,167.48702348692416,14.586283492619247,306.3887912065374,283.0900572753711,325.8811357408945,113.88334651345394,100.259876160003,84.90896063692335,104.70126990516749,447.5114259210609,122.39787635089931,86.91898192264898,122.11873842078326,337.21573862015924,762.1961815261996,1122.7109982141467,192.32168057518376,113.80503961887824,311.21772516951853,722.3792542750166,224.89705751996775,103.49468597610192,154.83415459606627,1022.0011328283442,152.34674013753448,274.30143639041063,27.940083700810536,132.7909211014091,102.59286959378281,44.47309356093842,250.13634493427517,35.00532747458555,102.93789454137963,64.40007109655835,166.89639848644487,328.2639158942847,1079.141570810767,20.91745647413091,105.38450276870131,127.37201359710676,160.3373765901596,285.51807165491607,140.81970385006156,134.63969259150062,116.85640696873057,151.45860432925218,335.432194879619,358.7442969063002,943.5271269124536,306.2932002103205,156.15572010952008,201.0195321919022,139.92676423915353,620.4923923929755,684.0593949374393,79.01369698759355,701.9118653911643,1474.4043328817152,603.1023162539665,1441.631661732869,1696.8898005653025,612.2118065274184,152.7263585603233,851.9324546037702,765.0496765365665,680.8223331671278,35.39578801532695,718.0683773410976,196.73463746408956,301.8265796273481,1324.1467229900925,435.840667805145,532.2324579609334,1365.398352543894,303.4366829182326,194.45267706877664,105.0582797027797,357.07026263252396,209.29361403493863,55.998881975679545,55.65882611945101,266.68092049706024,296.3343689869724,142.76483367383076,110.97820323593278,500.33224801453895,865.6071030654796,84.29838581021278,69.02951467236612,294.25680347580203,419.08180339095685,349.03800038411447,257.5908184818243,778.1824776975684,141.24016889410944,619.6996165849208,213.10348697776806,29.454283966896313,0,283.0964911498056,269.9720076479996,206.11497704598588,120.72492267177743,63.570212354481946,169.21549701376145,181.34307659230998,105.59593713725425,56.431212695465476,280.9550902288166,1000.124548077701,200.9298706617241,606.3372507206922,139.3766680084008,169.83155974878144,329.5611971546135,191.26069818049646,297.89887910426745,404.0180990785569,109.76052998665179,354.0702036677911,159.60891214797545,120.94622024256873,41.01001483700099,41.126717711222796,167.60416889303607,2.2076909580861237,126.31496623121727,130.39137854700758,222.70834091872192,330.90315182391106,51.23688814831661,547.1782095615068,597.3953846602182,180.15941955844954,107.71689040786579,143.5746842398924,66.58984841271263,29.279537445659145,19.276357477646933,57.84343857588228,35.746615175782054,119.9772144966336,49.22916076219152,94.1177875112558,59.72117728264855,276.14504894477807,446.85942321284307,66.81719839076497,85.94221848019222,200.76416613191927,31.066523611481163,203.8239465228729,135.3749550868395,16.812561548177595,3.7640819340797296,31.01120394289856,40.31082458516154,565.4383655133768,2088.5175688889576,0,866.0216218759454,228.05040857702426,25.89921055295441,757.70640786475,0,576.3073368769465,71.58311386091177,52.39645032428978,0,0,99.973119722207,57.678941885852325,14.447206520424695,6.242467879661718,53.936218007315816,172.2451559005895,1.023794652882329,0,0,0,0,0,0,0,0,0,0,0,0,4.436054266902685,6.612410508182103,6.74332663576598,6.606140832998326,6.612410508182103,5.182713155982526,7.045153764271905,7.491895642844349,7.1680573749889565,7.48349499132899,8.07411194017072,0,57.4911677933,17.834799653947265,0,4.61968159566847,0,11.762262140737931,27.93588271427719,33.441434976280924,27.820394573945762,28.18801615730726,0,0,7.778219613923332,7.677194442461786,9.142413356136057,11.17316677017551,9.741289312468892,4.224911102737209,0,27.615973748886507,26.50407309173266,0,0,32.188561193749464,23.979368811087447,0,8.051772452556117,0,11.137814483803302,6.620884145869022,13.197053831835486,9.257391902963448,5.724275130398027,5.259656515615335,4.4833837325528405,4.86108362368488,7.599598325273778,4.482001284900633,4.420291655110524,5.32571672319042,4.1613467852821175,5.179784073915578,78.44462294079439,0,0,0,0.07649574962722819,3.884502558364202,3.887446765968466,0,12.837483026013672,6.5232701492848815,11.588902147719836,6.353740005403756,7.020897205294551,0,36.254174716179335,0,0,0,0,0,0,0,0,0,0,7.465579344385347,5.099203878567093,0,7.5265571091450845,8.614872612140244,0,0,6.563623570225169,0,5.961630011376672,0,4.8154863492580144,16.65188988063187,6.807903360847811,7.300628725078936,7.042411618452141,5.3382942878452155,5.295870938925919,32.77667813767255,7.093542388834231,8.079793427106628,0,2.6946160026489356,0,4.314649651165325,0,0,4.313211074953587,4.5297474099011925,41.503588540836816,0,50.86258487777196,0,0,7.095253689383622,13.395234132101628,0,91.55861350501101,0,16.847299126336843,7.179884003163185,7.592452820655409,0,9.372331348019735,0.6581355457976967,0,0,6.555510379643147,0.6195739734199008,0,18.028354125556117,0,0,0,0,12.12544853690556,77.16261468626135,0,3.857939923224201,16.819381695222226,0,0,9.555904503315256,120.96010573653791,0,0,8.988945548632165,12.558135324923441,52.607253668302945,51.3206273440525,47.488472743858395,2.283235373774498,34.33684684723742,16.050133608054015,0,0,0,8.98468369291322,0,28.583244785604467,9.02702845837891,15.768107982154449,102.83317676426653,71.06247810624912,122.6053876220176,17.104581704373885,16.003950879875532,18.374126115517257,7.6984949658276784,18.90840296752837,0,11.873412263975387,0,9.053047029341107,6.720581171832384,8.260879075184492,8.028874701029087,8.359043821493595,14.458423075634334,75.30950124046856,74.99099690141465,161.7554566503471,90.97559295490326,259.6766541075366,0,161.9693629232011,97.81424330029719,6.2580138584109175,14.346972343450135,147.47200047618355,12.547207058564151,60.42915116303679,11.252286298024297,0,11.806803989186886,145.47800776200125,10.802117231724043,12.630916746132037,0,13.907520480967069,12.38624790141772,136.8547108352713,13.521859295229685,0,223.21942648627453,9.238801271026398,340.92243011479013,13.872100332400182,131.43038873330525,12.910193226338189,121.74480708241843,122.01943167420244,341.38859514499615,69.3787070152114,47.87598941349418,14.900889928052596,12.618009829473399,14.083554850425854,10.816034518845008,9.771175079300953,0,0,0,0.9029327742186385,0,0,14.29217434726598,0,12.007650676697077,11.485522462237508,11.744185069538787,0,27.84734202974085,0,5.527590951455272,121.79872253521452,141.9926698794663,0,130.84992285421757,153.47218028343653,0,148.08541687245975,136.67703021835732,11.543925705285325,120.88278639600466,134.4015038792541,122.85531248934693,0,131.55675986086916,15.200385811695272,123.35038591637782,11.38226019350757,15.603940217294262,25.87525484718764,0,11.727994169300146,20.518581247765045,23.77021343229919,11.664934619191103,19.199238828779464,131.91962468819526,0,14.100337171241877,0,0,0,0,11.64646691840654,0,12.188603468537558,0,7.502279899958965,15.880370871742635,13.152965243195231,12.474164487623467,0,0,12.668133929949652,13.843788596965032,0,10.57174250478764,16.747289640118712,0,6.708981349725503,13.16122312166985,0,9.27939577560242,12.903560588495983,0,92.06789336399602,88.21379331897828,8.221066006804293,0,0,0,0,10.49722257754303,0,0,0,0,0,58.816488998988824,0,0,0,72.88171971510033,0,0,0,0,75.89183394149099,0,0,0,0,0,0,0,0,0,0,1.8405218359810198,0,0,27.148024905880888,0,8.192247687492566,0,5.720047499763739,5.309522067135177,5.462283907286278,0,0,5.211878037766743,57.79444218676571,4.556163100191128,14.073760097431103,3.241776959069974,0,4.060989692112524,0,0,4.424690291441253,3.771914859812802,3.946457502245393,0,3.683401535768169,0.8364613380467428,3.9261572360101664,0.674352060119048,0,22.245250179677825,0,3.7053216988670807,0,130.64150798625147,31.911472786824174,96.10513271517019,30.55063076404217,73.6936678730671,16.07951229397881,0,24.78384226463645,0,0,0,28.54657705519677,28.870466742838857,23.051572617091495,45.69462988763237,0,0,0,89.48308937386206,0,0,0,0,0,0,0,0,113.16416993698722,0,0,0,0,0,0,0,23.81805191902292,0,0,0,17.083942112691727,0,0,0,0,0,0,23.428056871476045,0,0,0,0,0,18.088093794340686,0,0,0,0,18.77628221424898,0,0,153.40714454741519,0,0,0,0,0,0,0,0,0,0,0,0,0,0,0,0,0,0,0,0,4.821614110443746,0,5.033097257323237,3.544087502456214,4.826154714482913,0,0,5.171303889728041,5.587499771214088,0,0,0,0,4.824761477541439,8.477768812346234,4.570611268437126,3.317590438133646,5.054060510968901,4.502677487350592,4.823779589485608,4.3098974175784885,5.962051808409776,0,0,6.319310853767905,0,16.513318761566588,15.276108217714176,0,8.361858756163075,10.412251915496492,7.526800807865195,9.963216872884539,4.7036148561191125,0,0,2.444509907920327,3.0046328492053984,3.7840396062243107,4.6823938415200645,4.018139145196319,4.670477879327126,0,0,5.102757937112946,4.380419305146502,4.67375371923888,11.576348688275,5.131595737489914,4.427974711350416,0,3.261569488354329,0,4.171976788524582,5.251605980214764,2.9591304789155934,0,0,0,0,4.2804323430101885,0,7.85831330176996,52.25225037635116,21.961977776244467,6.721408331052434,1.4640705635053048,7.863838747290467,18.91518930142837,2.4213182368867936,0,15.05092217071583,6.0057316542484065,34.95377583083357,17.002262192951452,6.974962962508953,0,13.654670702733744,12.461064692900223,9.740234401858247,147.49833014821513,9.94006413285173,9.648257238452437,7.127824795471686,9.016526903020376,7.032013011152585,5.387040063781948,7.909549520728803,8.129733311119962,0,7.223609893246033,8.421903681015479,3.787778808964357,9.340166146170928,0,7.591714083351731,6.387684325842826,3.9265949851297965,7.366203211650099,0,2.7370325839232197,23.412995877929728,21.214283383432274,0,0,5.431747090142599,7.592875415720077,19.297612985171742,19.003644153771095,17.809167302497148,27.90606423115109,42.890584778872146,0,51.1653136933275,5.892575254336178,10.816420138820835,6.526042762952961,6.6090457962734925,5.078414288070827,0,6.235599783050928,8.076981040032738,6.661811524300177,5.289550575648654,6.718139878836976,6.07860376047384,0.5338530915436932,15.043588286349094,0.01776113028347964,18.563819750642754,19.6986038917585,19.9647426221484,19.750933393997062,19.750933393997062,0,0,19.800957750393525,19.864323707481116,158.1615644278716,0,18.513210823324922,0.8846432469188968,18.851561477707012,11.587271253772595,18.404841535279495,5.843635145211844,5.268050218850336,19.92100450345217,5.2574425754070715,4.053127727322701,5.712859873445478,22.50615222651163,4.8343714324537865,0,5.0236557093905585,4.327350483775738,1.7209602463216762,18.269162946724588,13.071219135184132,4.202928029878235,4.145461057207829,14.064594720265479,4.290171426255624,2.810412752935383,3.97548444675577,3.9711451293944875,3.3602686449342927,3.837464340318233,3.718915872016334,3.498579512287803,3.5012391211778144,3.5302821852110786,0,3.85857090040892,3.8441433996290915,0,0,3.7577824896402423,12.783737799665838,3.9591281873694215,2.26623668061976,2.487651720208861,3.9966728747247173,18.85704672655289,23.488389970473637,0,18.7064673536114,12.124508658291267,3.238429093784254,12.767217051762158,2.996049675166517,19.159928507975607,3.746346894840856,2.985761987291105,2.9732641338741876,16.736528596351658,2.997694055507258,3.327076053648276,13.258659298841318,0.9869803455369173,3.0301746347023015,2.70176705896163,2.8683832372062508,2.7081980674628565,2.3023096931789544,2.7159924622212692,0,2.8790550694601142,2.818362629080505,3.5816420899878727,0,225.3613036870697,0,0,0,0,2.72728158732755,2.907628352520144,2.913735049293951,0,2.9004146055801643,3.0797668057105563,2.406161029126775,0,3.2574552125732232,0,3.2871060459495003,0,2.465216340738829,0,0,2.877077946009746,0,0,0,0,0,2.4274425512129323,0,0,0,3.5494043740692534,0,0,1.9752619963058824,2.2001605571025133,0,0,0,0,0,0,0,0,0,0,0,1.4853697903625358,0,0,0,0.3564840370194939,0,5.838257514059587,2.1726882361739794,3.337753823396121,1.5420607927632008,0,6.640632697235055,7.725504154540995,0,0,0,11.61229354697676,4.76021905813415,7.976350956034843,2.4652214440846008,8.369405036332449,2.782265673809364,8.260048908809745,5.304892438844295,4.983057199483514,0,6.42835855558372,0,2.084462830333999,5.461980747986623,5.874065915407161,7.48931754723771,2.220519908407426,0,7.214936300978844,7.441230153385074,0,2.5284360608333314,9.419446750262498,7.951501700164254,7.925585620930946,0,8.380761117589715,0,0,7.518465261727551,8.306346475477959,8.374429177014365,1.224633341829014,7.465724386819254,5.131701992178608,5.234762463319642,2.3070943661108103,0,2.272033472883313,0,0,2.2487228655486073,7.139004083655119,5.189292981253443,5.849053409265025,0,0,5.5997989218774435,5.709427165510778,1.4367611800754754,5.8014438863891975,5.94494707585412,6.2833751789787895,4.303404597261487,0.29128592965187705,0,0.30006926265703,5.529763443517031,6.490786106446121,3.095519959643671,4.769085717359908,5.3193054352578315,0.4129615460009329,8.918388317369597,0,0,5.577208261866326,0.7647095119596204,0.36899729421906863,0,1.2691290483940778,0,0,0,6.68149471815844,6.297827703800494,1.118667743556448,0,9.242323503469382,5.331466115144004,0,0,0,5.448149726534985,0,0,0,0.7198042838278342,0,0,9.35553772012499,5.458156828585985,0.3403630209816394,0,7.542654924787075,0.7320793021243754,0.42730833664592116,6.748777723835266,0,0,2.779896709983373,7.080221563300234,3.345365520120832,0,1.1977369488282743,16.849434360613024,1.1320208279912698,13.040365130553777,1.105481363288036,33.63769370133423,1.4556744009932563,0,7.1140557843051475,11.606222042684555,0,0,0,1.0799897887311483,1.1426064122579376,0,10.314907993779137,0,1.1908088827867522,0,1.4551899347064214,0,11.502097488173357,0,0,0,1.4431672098509234,10.497635003651553,0,0,11.553898213763619,8.154496483215135,0,0,1.503698717927259,0,9.445196692691455,0.846893220479293,0,0,0,1.108480989734759,0,0,0.8827120833879484,0,11.131429056769225,0,0,0,3.1630776663364375,0,13.298549119025493,0,14.010987150027544,11.754605343869613,0,0,0,11.750225500410247,0.7014601530490268,0,0,0,0,0,0,0,13.830587535683037,3.603722642529027,0,12.421341710440283,11.666833606579162,1.8602021019861879,11.219351158764503,3.6758007914956163,0,12.351947571224413,3.7518847974039806,26.582659769376654,12.605937870329152,9.962358255293834,11.111904326477234,12.15217653042183,2.29861348236977,3.993122870778181,22.388309828005386,24.78045631876563,26.062265643736417,23.791694689919037,18.048407045129782,17.090515762137933,7.486844985815302,17.090515762137933,19.37463015269526,0,17.510446917865345,12.26777940319555,0,33.258759657377254,6.6684965401163145,7.117471261361765,5.605533301885067,17.051886849309902,2.470978690147682,17.051886849309902,44.11323060026685,0,2.2526685676206366,6.231287646294163,0,0,0.421848342596256,40.573514217325474,35.98889766798388,0.4168092034832613,14.060935575568395,0,0,0,0,0,0,0,12.621702300923479,0,0,9.792778979011846,0,0,0,0,0,0,0,0,0,9.685109310493068,9.369258770880121,7.408694156823898,14.763926791178239,15.555455638982222,16.062187090292237,10.270301035208755,8.512574200801488,10.270301035208755,8.303435892859518,10.270301035208755,10.51166896588494,9.205442199754508,11.417840264779466,0,11.417840264779466,12.163173108354547,16.33415543672781,11.536192194520515,2.611298037191645,0,1.926998580027191,0,1.544500000193184,3.078209322620073,0,2.542925333286795,0,0,0,0,0,0,0,0,0,0,0,0,0,0,0,0,0,0,0,0,0,0,0,0,0,0,0,0,0,0,0,18.858660562036945,0,7.202418383574552,11.849643508442027,0,0,0,0,0,0,0,0,0,0,0,0,10.553524250418242,25.280242920666097,32.77367952969122,19.059113212807926,4.843695792206072,0,20.661127623076126,24.581255373861957,16.7577556995835,11.808224917148793,23.26886301726214,23.80038100203913,22.075285069731066,22.921411561020946,23.26598744691672,29.823742172303465,25.870928455469762,32.01617445180025,0,0,0,0,0,0,0,0,0.8816115562296302,1.1269816629515654,2.117593622059024,0.9098599871486486,0,0.8453408131724839,0,0,1.0894948800654802,0.13134413469985734,1.950872697557437,2.282776358648937,0.15375467766242887,1.3249162512715402,2.4364000168924815,0.49051307232953967,0,2.1463610222095992,0.9852745117896015,1.0787050473256348,1.0490179385199037,0,0.9576424166406957,0.9927913189048951,1.210653001273355,1.8963321006845095,1.46023453374704,1.1115140325663584,1.111980557064522,1.093098857762838,1.054302346934917,0,1.3068610046479459,0.7725377890567561,0.7645167390121316,0,0.8143816102693673,0,0.6346264780426186,0,0,0,0,0,0,0,0,0,0,0,0,0,44.639889925414096,0,0,42.63137229003881,47.424558656150914,40.82843476218268,40.835560749056995,32.43490281349914,34.59442852382801,0,0,55.38213820393663,48.973841625810124,0,46.406246127348766,44.1733044689351,0,0,45.68790735589287,0,0,42.304076473110236,41.02267458313798,0,0,0,0,0,1.8155082566574183,1.532592047542026,0,1.6791690352448074,0,0,0,0,1.4532420155593555,16.23035443621098,0,0,0,0,0,0,0,0,0,0,0,0,0,0,18.77932300177379,19.350369487719664,19.13189913111948,0,0,0,18.202470839266937,17.14469152203439,17.301330052432323,0,0,19.001764318074322,0,18.433088829037338,0,17.269844703260706,0,16.82753598504565,0,0,19.39548084097405,13.119005740035012,0,17.895162289699645,15.631129068087397,12.032026615325135,13.740546045364313,15.232724073619558,12.326459936253464,13.947057810458263,17.37179935274026,10.18348228166965,48.266700137150465,13.055680137599362,0,12.716093431484166,15.20091624259045,12.067492216074053,22.307977713655617,12.872681719333315,13.867512690006613,19.355553765734555,16.20916034013331,0,0,13.108279837952333,16.381366704758133,14.980642710289056,12.122849705975003,15.630284853529524,13.701664235197809,0,3.092054285799854,18.566652620980754,13.04447297664896,7.75351379316076,12.75923221679217,0,7.75351379316076,20.4366690027637,0,12.169253499991944,7.75351379316076,7.75351379316076,7.75351379316076,10.442269692868589,0,7.75351379316076,14.722371263919667,7.75351379316076,7.75351379316076,7.982165368345717,7.888683964895171,13.100810839437079,7.75351379316076,0,7.897137576356572,7.281175255106113,7.905241825805424,11.718207055268321,20.396342429980358,0,12.175158827432302,0,13.334031099891908,11.97230100042332,0,0,0,10.848743932168256,0,0,0,11.930702065222475,0,0,0,6.585290452937735,0,0,0,0,0,0,0,0,0,0,0,0,22.487330064048034,29.88758429391221,0,0,22.487330064048034,25.505430335239534,27.53310807970153,30.94904809686942,0,0,0,0,0,0,0,0,0,0,0,14.678621100333565,0,17.161868915562305,0,33.26801822647543,34.4323507784352,55.734923315412985,74.05741331722865,65.99994310215814,33.171903214523155,1.0152609803086339,11.085924281335792,0,10.361982349620481,0,0,51.06458926201262,0,0,0,0,232.4924419894349,1050.9004985989015,201.39433598054413,5.695446694180513,1.3888765876064324,0,255.3758365262751,58.32895057808987,309.41938600572087,933.8357867320717,99.23105426938446,3093.367427427469,249.10705235782896,3565.2365435512843,168.5019724186791,1042.280220809609,892.345565580241,58.00880719032319,24.056478952303777,13.851720113566957,88.67102299842139,18.64234235202882,53.534806978566,66.25912602089701,169.88278186595014,10.671398843916581,34.653705915343,72.0969742694001,317.08814770302257,42.14010450379326,21.78607737416469,26.34771608341105,22.266185924926504,25.356682860918752,152.76644987051276,144.03550819295327,80.16614923746275,38.450747643074926,78.67775751645115,241.06463813327406,155.12435204874788,74.67436912180379,41.32061513377023,79.2270070167311,425.27156659410866,136.3960569141452,129.3631065792937,302.83909600512885,250.05523238440583,150.1154183833681,136.8464272345664,94.50429923598399,281.0293344473922,42.36396478546558,193.4751593187127,150.87872188530557,398.36691106638557,67.29281755894446,86.5807474938287,303.1219521101958,26.945216118542056,136.91633028631955,192.85488844223485,46.88396019638276,144.08777948919155,292.66861463874034,162.58712978993964,145.1955893690487,262.08940245747647,354.9060028224431,519.5332430088166,693.4491223984566,1478.3009308182832,71.57658853358566,253.51023130462818,301.29609418276465,560.1013972783671,828.3524493215261,27.61413244511035,105.59102865529242,314.34981206214894,192.34132751669156,193.84747572229355,123.60797216305056,180.1193411737386,321.68726063459303,272.0869345474719,22.245939676692803,22.162511490651944,67.46785913691194,271.47926125438954,94.59675389586359,41.79687792644075,107.17061857090185,1529.219064705523,508.19836131935847,184.9857843532132,225.4308837177042,534.3146371947897,511.32089540427864,764.6809779982956,245.4557056337945,3173.244491902883,7786.726661703135,11304.347268125726,1966.0086299015584,288.09650494995054,75.64939715478867,161.27058723689797,115.1148250563898,490.80072160680305,319.0783011389995,440.5193475969119,1781.6614268759974,26.542413834618706,46.41664063292246,16.539675827947107,13.75523173988978,45.23854014366641,90.20715610380691,75.06030071244176,75.66276334432155,45.40707254751132,18.430212673276195,100.6945330593045,32.327109011311556,27.910469693460342,22.470052554074048,35.059811286358894,78.99168759415946,16.7227072178351,62.236729088239294,924.0125952738146,16.292097490646594,27.167461231395606,55.644337305645344,17.655054140643053,70.72683960221258,85.97209247505305,420.8323852330337,3002.282264967793,223.20257590141821,22.906165335442367,22.23680502258364,41.516210899952384,25.399688881671192,73.84032394182346,36.0586166386698,85.84877553031062,71.4970306461999,55.097657046694,41.095296107763815,205.49592709687468,50.067471355657275,18.888469543479243,37.48905908798934,97.063821766042,7.144190316135844,31.45234687675663,426.3980359812675,21.057729544539132,4.388108895658647,7.470483710124452,46.943053251209726,8.507192213265371,17.056350766156175,34.30378518160259,14.690890069487955,9.1343554212016,36.89013729182351,72.59912769221042,62.05807732700307,28.727591328520166,31.051972582109375,40.67513707148037,64.22497979237299,10.495846158018603,34.097434808621394,67.00413950870814,20.312692396907828,45.53710560241014,8.008000906188556,69.55913249818987,155.18803169303285,121.93080104077116,12.446683952960447,91.60570456719363,242.15405044301448,223.26289106625876,270.28698915695105,294.9496993583717,332.3724358421522,228.48299915604576,127.50484717604013,77.2771154080594,59.799172512253655,103.780444829302,93.10133651110279,35.3415007095291,35.52952414335683,72.2253216852489,132.74041365315347,48.45726672176083,32.65856548062121,186.74768531603837,230.87110787952298,326.93804696178665,33.59827045813366,1547.6717761528664,23.170885973553613,29.63474681470071,22.734159523520205,226.06309892143486,46.08770838237447,35.08861284197124,55.039608691885576,39.951664716357364,13.91602938184887,32.794726043440924,13.26088313296127,1.7005043106855595,1.7953613372183388,531.7175187135722,26.208342817845896,21.866158501612677,841.2620512896669,2294.255177378909,1513.3422470389025,5088.0365286964525,8073.433240595071,10968.390771207203,1074.4898036179425,6498.210293823271,6425.270432220415,2121.887867688744,0,591.6212511819806,0.1596373124936778,15.49854657616163,44.71645119447107,17.87206977245941,34.55904925940681,54.891269796643755,80.7660388970049,26.56443745855551,13.691368608754063,52.318380769009885,54.86531122488579,98.2501745624902,185.9366855364896,74.31049883705032,217.96271252286078,63.171065040466736,56.71628615074765,48.58375457452642,69.8255994507369,52.731572675514094,57.27747940558268,49.88077939758403,60.213381105280114,55.68349216240186,48.04647828530626,59.179503750010824,65.2923283524736,103.96983802063374,55.89662447760939,60.13116811675154,66.86063159137565,71.04501683345742,73.05245063529598,260.65353820430585,4824.624764867281,239.76275006261778,32.89299251777462,21.09081703269883,71.8741455876611,321.6145744899734,94.00656489252262,109.42550493456042,769.8912816969848,2209.3348283558767,14304.627615749312,666.8563972176605,8086.125911234882,161.8324252888385,64.86178990468399,145.9793726332332,66.43899185865284,71.62586521095834,81.72719176942098,224.98107713482247,41.85693502931223,53.080049110655025,73.57439222877032,69.59320772148983,69.45038695996986,73.11917283163586,100.03846902278069,87.71750972375216,259.4442876082663,3283.3351808882376,868.6990779044723,113.97047043421549,45.6110300516483,76.110740499717,41.41588940058178,29.131681486655562,106.22466755762355,131.8219328019555,675.1089300544785,384.03649031273886,28.18018473791418,80.30806890827505,22.783694784163064,262.39212926949887,59.50214991587901,69.20007682362468,3.629973861846931,4.978500098182963,3.9020773595003493,2.632289761628076,511.407427632514,25270.330882770562,138.3710022955212,7.157166068146686,394.68432385878185,298.58358802055426,0.29953172351715013,77.69554455239764,395.62621704596506,289.0957211068065,278.26033841041806,161.35313811933074,39.95455560039967,0,0.8193343892811636,1.2542329619049442,2.959545625054753,5.60964554233075,2.2769650646084867,272.7029276393641,50.407816387259864,24.235593624737362,17.47546148574629,16.558587908392145,19.984240600257216,17.742393515921464,312.0215376203386,24.518231418725648,25.168637565323564,26.503321699834647,25.2813756570729,11.971704815559596,11.433358842892845,10.464077703095573,60.12600199657564,86.56155612926315,194.39237766707336,268.6121263364017,1518.4666804628923,80.65320166850007,200.6177874296687,80.5819315102859,220.75917799044285,338.61511887846973,559.6439955461198,331.05284958948346,331.93569899037755,250.79948743565137,326.08662752953046,224.76750284086674,141.37115675125722,254.43823494138567,870.6409658941537,130.94687915772386,834.9700240835296,503.0603453673591,742.964563416448,84.9861839500949,1208.6771561044072,215.6098943134384,586.2103643994712,2959.98886775679,1011.1202679708888,1480.1841292285892,7350.963918111406,5877.403805963912,2316.0846853837447,1122.3382182092355,1050.551002670823,521.4457559360781,352.52025547612897,521.308057661411,14185.93853795481,29768.038728248994,912.4755114680427,1931.2788339163862,28048.54800779071,596.191345724348,243.74800180795904,195.56750694318612,353.9011573652041,134.85813992224948,113.65393493503609,172.07035601506664,1885.0155222254286,410.63763069932867,1274.0647378197618,107.09194189221941,75.97240080891909,59.86209901737166,238.79544362433052,337.933438285532,280.41876381676775,425.89924179120004,757.2114138553815,487.4463239638441,2893.595105907212,823.1257027324212,733.4767688423661,376.4302484148921,735.6798458892378,473.62548638176526,1544.7021373908417,2060.34516472184,1570.6684496486498,931.5765115653332,3037.4272472538596,1837.7259506929465,2226.6406157546216,4832.7310663319395,3286.0380332690997,10082.384935596536,6662.342084643989,1553.137393930614,1487.62024950933,1221.4505059528444,2126.512427433662,1523.7489369186667,3432.9453279554814,921.7423598841918,3388.38861154756,2738.1631991468207,2380.7319699863874,6620.54629776678,2395.002216638554,5921.671802705309,3700.1239283235354,1302.6114438182897,2159.5330835059085,1115.3287970310432,2003.4138058498809,3647.3667432677175,2833.061606749633,3839.173414389984,2221.6927176828453,1029.4290954053772,1277.3153424448565,2055.457818054515,2658.160751727228,4235.716863318005,181.78401595291535,425.3978129013199,519.831414017027,619.9471978322915,201.10244223824284,500.1677901329749,158.26191375464737,352.55736032889075,3339.6142168133156,1003.8208601257273,1431.87362990945,859.7772037615265,2063.8464387943272,1004.30998878718,2059.5486166616465,1973.4252515073329,3413.8202158833433,1640.8483823832635,3240.0968891422353,749.0467011699536,2021.1638293717972,1785.2285915257823,23248.89735839192,1951.027403084155,280.92988192547074,612.9078405556724,114.81613205893598,222.9595299159911,2008.3660451244275,181.62771242870562,165.29721229055767,204.78903725009204,182.73880401198187,909.8876811239173,373.9515372919814,123.16883593586522,561.2802480738691,419.5337435866765,1676.9775374421667,330.6961611373672,251.95611578055173,600.0664579631105,1290.390989358423,469.1871717824966,113.4817218051085,614.5507365048238,358.4876280539657,910.4116463915467,736.8697147668645,504.1187534504847,1753.1093199008835,2436.505310455156,728.2951681943172,1969.576657361662,810.0637102322625,2819.439638778605,5929.190910010374,1558.4790162071315,843.0904877436054,397.2437195123665,1149.2248219430908,5676.269553182992,10518.578840157074,8323.37394400396,1325.9179900614054,834.4407146421876,641.9969735503068,550.306842152405,2009.438438600371,364.7062048391856,1815.6131301550222,1807.6878299401703,1163.8262239396638,451.6947906794284,272.23069347606366,621.3654450298726,161.0626888246003,244.7964440727679,600.4968391537269,160.00283277239183,268.50521230106625,137.81195634502373,439.40614141587525,485.5071620378426,358.84642840401085,474.10752531656317,295.9614876478615,237.544460914004,484.74235818307693,2329.885236657029,818.0714978575489,473.951466231648,1188.533199757474,974.5287197312277,2372.027531745104,1165.9641419931704,1808.1307400374426,2189.6714300409403,2872.0988945612316,592.5086657968026,308.56506008919683,401.99858953101284,983.827930316442,464.64346502215204,284.9489224891588,374.8939438129821,191.09034123267517,168.31063330000205,135.06820095738965,567.8924861185218,14.68142264997026,1.8601099541581576,0,324.4866837775516,0,828.1662824092357,1256.8157417908862,213.3727414967507,764.365220847009,0,97.83639638546597,0,0,0,667.0858123159633,771.4879076446788,0,61.927617348776984,0,972.1988416575438,0,770.082773960173,0,687.1664049396708,59.258408025414,309.53236212635403,210.66436126757768,99.94483713628794,89.26168971887587,23.587127182173482,95.41387254265912,106.80535244813127,33.08205936624735,150.12925008923557,120.23045338766254,23.326154222195292,928.1319206886282,20.197872488890727,6.64101596909821,46.71868042985784,24.92595723950224,11.076370828968326,43.32694944732428,31.228117103425614,334.0268801683509,18.579243111696886,22.045674962920558,33.65771881026807,69.51272697664662,109.47579875137887,18.648150754377305,38.77582279690772,25.454726841343074,58.170677081961905,46.200027513959334,159.3723019815288,717.5646638412081,42.03432475485616,128.05759696959603,134.69881037369723,196.0302400906116,1422.2669237000687,177.49282305915375,35.06337577309409,14.921040188006797,88.50686505935623,15.877873477895049,3.815991811097173,87.08943917185671,90.1039580646528,89.82230142859875,54.09685471027159,87.8357532326606,2.2951087196583853,7.396381336950593,1.972533856508491,7.627936335227703,3.8039562764737065,9.816041119039946,8.883284952118231,11.880768564694714,5.569125925825691,13.32559881381873,61.72068546264375,66.36661150652758,26.183385094053936,12.993113051056646,1168.3289047468886,72.56657501429916,17.530918656190742,2504.2357520447495,11.728308976684112,0,118.03976256025456,24.242442333378982,18.414506829619523,14.153848970407168,11.628030998180547,23.18250263122698,44.083100420818376,25.394309177090104,5.674903915190049,38.930319418489134,22.797367446132736,37.78583172705655,10.271206996935172,0,210.09187878023627,248.24767468233748,1363.1681367753959,19.95628398679197,1434.5810536709328,6616.258729549355,109.41813024677917,22416.281206520664,163.01476583235484,7363.453848614885,1423.2827051805812,2869.4193851649925,860.7000976382124,1121.966651675163,1425.4508018379554,847.49177916706,1852.616010236339,2455.2338875678984,222.1036250973705,2691.5652680954754,3856.810590605254,1107.3622344227797,715.345895933811,447.68144182338966,1392.9684641832803,1210.2524551956717,4433.58569408751,1394.9971970548806,827.0492303154525,1020.2165328802412,480.0470159240233,516.1787680300363,7563.656838989718,681.0589078545971,960.1705680956492,195.4071968543372,209.65386745250981,269.13961990470284,185.98173002629593,226.9101609317285,2817.25578235262,6267.471052778221,9193.279204922206,5069.3263714757195,232.7662402239978,724.0842211772873,1107.384396279912,557.9505198141973,2858.946674394305,2407.1838550594794,907.9453968887069,1021.5256329134307,1978.420663152011,839.7127997056134,590.8575409082933,414.63780746645426,787.5541683240106,443.66879494102045,12.24178546953123,4.800774719400147,60.632139734023646,156.30533091877635,79.53621002132925,179.37162694374763,11.267032974801204,29.800623639164257,7.076244257895122,4.098655925477161,4.415000469433132,1.8203017460247544,1.9708240936302588,1.6123326591393636,13.915816151260987,19.178052183095907,12.645813752396466,3.7408580250294743,12.788911911191756,7.243278451886423,579.5572692964118,22.81031853754339,29.64012485706206,8.204597141590805,13.085407667912802,52.34432384640775,151.98602098131664,356.05367923574414,370.99965241351134,25.97222704682878,32.102970882538536,23.776757686771607,110.77979252202009,7.664828497124617,134.72016146847602,45.44958148357497,1.132014717424718,3.2438781725593357,2.1139562614247684,3.529571111653306,6.280929518738661,29.530137821394206,45.889446475291905,12.571985281496616,5.812959800885109,7.318191192948978,0,480.7575134926822,1017.5422508626593,4234.569698725539,148.54649544414576,0.06493708308602893,451.06431571407353,251.0497801821548,18.35938275275921,1234.412495400124,54.768829728406786,75.08795212040361,11.268777292993171,3198.4327641991267,444.2555790466211,399.8658131061449,1686.4975094877934,98.58982769783893,993.7351011140395,4613.035728370922,102.26642479077191,1312.529357392683,252.36961200222706,1323.5027843548803,57.49032117962147,4.266563839096548,11.904646276026558,24.24164706453549,1.2124500278915997,24.90605757764975,2.34923518252876,41.81945859809208,39.089320295908976,4.892219081348247,25.994529819174765,16.275874263865173,67.0828876399235,20.62120825652157,48.22663703282015,18.260715556239763,28.378345613610424,53.68943836573592,72.53721800291764,66.29114301455303,20.388811655950484,103.79456034929888,102.78363938770755,103.16913193871646,68.1174406273082,32.07555058852557,97.01138613123554,95.375857129802,155.34047772864784,5.5364204885777,9.440969166108594,5.830476904618235,75.4011139017055,107.11146882141199,55.123839272696024,92.05613607106214,22.92464851315211,27.478432264527328,26.78674990020509,33.70022503613027,20.976753020076327,13.498184586930508,26.574624158108293,25.134007745528994,26.700044863398126,21.339865729531557,25.895911333482022,25.743081916494354,27.489752526178375,23.512415840685957,20.457195337009185,0,26.605936083238458,25.64561722562573,27.515123616442153,29.735954601142677,28.85721911616365,13.428152918317167,11.565854429170706,42.229692593581,23.398864707071347,45.145940734906205,17.802013775819695,33.86055781473126,24.20689317051641,29.601450472256023,24.30276533109114,36.10590092443447,32.29455354115766,41.76381176375377,38.72961150388137,63.46027358337553,30.074345147015023,41.26154520718863,0,31.532527139484305,45.887553963158844,44.968484834003185,35.160543131367845,43.27583335030514,70.24588436675323,42.879885515177506,29.293064903497367,41.60659486368301,47.50128908445104,33.95246164956236,13.971427678790421,41.0585949372461,22.03971115562801,9.083305509562608,19.178324582081895,241.13722484374117,40.5435818871984,52.47388692909574,50.273020362326115,45.44417449375193,66.57422960107908,52.52114589226163,22.976363212166373,38.069933087484095,29.859130353014315,7.107098039909505,16.85917120171381,8.65125008500026,6.369720276367306,15.461337604438043,9.173223291447721,5.264585813353058,2.227790626472078,4.5293799631534215,6.219887336659146,1.1540006241140404,25.666192046351373,27.569582377174473,7.134402386463657,452.9649857309694,62.01746486481899,9.703263004862192,19.914788368576744,106.56214911832923,3.4281569743337035,9.70833633872058,1.2647462642702283,1.0608623517853948,1.0805373847101407,1.5080048234194685,1.314898136816131,1.5991367677420039,2.126721088269979,12.498136159376598,1.9747165813406367,2.2426822503324746,13.010328209496649,4.044253022956386,1.8992835372829784,19.204034462750258,1.329296785884895,0.9389995036888658,4.355587558141109,1.865987043786056,1.2075844866598653,0.1195559515081995,0.11899821844766746,0.5376613775669958,0.02434161213618266,10.233058301482622,1.4047875378020656,13.97513349837911,1.6210566331571257,0.6770245404531141,0.8175613068664573,2.7215378944363193,0.46796421034086744,0.5827750125103792,1.330579014491565,1.4840265631137355,1.203365489245346,70.71299943036674,0.022172872953678965,0.14773094545975599,1.0755220844357822,0.5119741872446968,0.5350835218093154,0.09999872681313014,0.46993072215721343,7.678610569513433,1.0487123283732942,9.431612608375811,8.95687540155948,15.528668084379664,1.1102369528295661,3.689485414851978,7.803784378500011,9.986474515110503,14.694860639323823,7.336922800012828,7.210423970870894,23.406281737762697,13.978302221183814,4.605379630001773,21.89824639263675,39.2796798083708,39.178601961545525,0,13.17296662972887,2.691744422096147,3.1826825008304236,109.52260805856807,10.308025730315364,130.1567899481579,2.8245966434663003,1.0564366667166416,3.9125978012818665,8.462782690208885,1.0934172682373255,11.398595316802163,0.3398176788195299,0.34549707047308914,0.9923593698297918,0,0,0.4054518427693754,0,7.5686621940326,14.071637334009738,64.26143491738677,17.953858035518753,13.539375247179267,13.383508712030553,58.36906448772035,119.24692527523841,283.48806923562387,315.3345439442117,64.00667908144939,66.7990489323923,83.76601060863256,93.60135417368589,61.86943439877316,112.05703109722283,431.90726994331726,783.6643960321745,8443.429523251218,1219.3357266041849,189.09377019793007,84.17469983756311,169.6929705497244,123.69596787024638,38.7784620401565,44.169054782645766,132.9758637374359,60.473654518514564,45.497024341021145,13.542145940605755,12.744738504450492,18.87735325603355,20.069543057439148,19.609930790087187,114.88810987316582,13.82076410668539,6.7894019637627245,6.459897949674503,5.243033999095504,26.96550324220653,16.700757743774336,34.92590378835212,21.94631911470151,106.38487105852982,213.63005666073096,79.59743808829745,462.9391222764283,126.55508914279034,0,0,16.138171095710558,22.236007979655426,8.654603019459405,62.318970392983566,38.49373619917142,198.1282739666328,6.951124256339237,6.071683822459535,7.507247415027675,8.490095739013158,4.495733945340781,6.346516241165489,26.562695560410155,157.1239880464245,36.42575366752179,9.328411972963586,5.9626691132844964,2.1111571688532016,1.882701916650135,2.508835869073664,2.4695206112538863,2.2610328962755224,2.009360896756185,1.4236333138272017,2.0185603544503574,15.331482796035818,24.908262788509663,54.73118983717074,350.1891326873443,12.709413532432166,5.474465971769264,26.113681750981222,52.23035548064084,32.16345149319662,41.39426644261494,56.912835914229355,26.008075195290836,36.618333026512765,98.16713909126702,616.8384522379321,309.428129937986,55.09004634682918,83.47395716932161,39.75477126242867,86.19100657050588,156.5901020731092,147.1785896815822,34.36997562866208,220.99758872698848,1978.5827137132408,932.9069491290476,234.3605354837674,44.38727252060158,129.61041306510768,89.02858032705052,22.68787469776555,17.14055815978548,11.84875880853772,58.564940020142416,232.0530313219933,304.7927061417939,668.7569016713176,1981.8912577087715,1639.0851386385973,1002.6797162382879,1359.7276181333668,1772.220432616543,3339.2118830699005,6702.286378388682,3875.524182545348,2824.8663324047657,977.099106973724,346.50687813511047,132.1627913227199,168.50886859435346,331.4396824320334,226.0119100475753,341.95245881772377,408.4680800356408,286.2383505065325,492.7951752225063,453.5402548061954,206.6446618409935,52.64408578004198,97.17609310856645,47.91285001939164,11.056611700974731,20.45880006128534,22.530708122877392,249.89706906745081,1445.3290432613783,205.70745211714635,178.32418407404785,200.18538328381464,110.89019898104928,209.81596718037164,839.5603962412246,2309.0295599227775,1933.5363734002324,1715.7546537907353,997.370471940314,333.068745540646,127.05566330417655,67.7391965951425,41.43914828852311,163.6622148245038,107.39639519230509,213.15560349554679,166.57276200628078,200.95371577073394,87.89271041012891,137.7482591195568,34.97939539114802,38.787144216701925,31.706682793838453,85.02988496572736,105.49587693960979,267.6883263307843,341.08137633211425,315.3030015385268,263.79140466493413,371.4783200965193,239.542851026789,577.1052872239019,333.0966661938669,187.34558878676165,400.4431254977752,117.94851195854622,102.96374281490095,102.44784268175039,77.2075653939493,259.6462807003385,320.5136783461192,286.18267805973994,284.1630021958239,231.4686269340868,302.4959146498282,73.41412705897223,403.4059973261278,75.8191055545982,120.25762901578682,250.7594038709587,184.58329956542673,197.0799882955292,297.5188329889496,209.59095143822694,434.45128302041473,314.49673149601045,921.012389606574,888.6955954617277,416.30928212469746,679.3822435852595,87.53528214229668,42.85743754143012,308.10215138088887,63.59731534580756,75.0557430609973,92.76116505167653,500.10933941016356,413.9926200006783,37.9092627404857,27.172999788189774,144.01562944497212,1063.7892923253567,217.37220840113693,280.05351749554427,389.772824695167,226.74033996584882,137.30142097590337,229.23652047849134,185.2449469491093,282.78519268571137,160.70614759364966,785.4138696375044,191.8230963862536,170.51750007063282,374.9219704259593,467.2673927669024,212.8547936625809,170.69088387353293,136.69827312289615,216.613103270735,197.8782071983298,236.22352078104961,101.29215839706474,81.13911020069928,56.19144452238045,70.37158323284417,134.3436292269888,520.4474585146874,529.63505680653,618.5217820780737,446.4675492162368,481.80976846639686,517.1260782079944,433.56683871985996,751.6070743369092,629.0468729382701,149.35310421880348,64.256266812239,1206.156253379349,632.5597242240844,968.6655579626796,485.49460500323784,6.203269460060998,160.54680384256767,251.08714916787272,75.24600012731239,0,95.13814232933909,86.07055125672694,92.39147494937332,30.665785133634767,3.2176037886571476,38.80931541228405,38.0391311096606,27.94557171432979,0,61.65435859341855,885.9724413320308,41.7602528477007,49.57503810226364,83.72397665314006,26.01207521375805,87.11734949595007,182.01080776187055,98.02286536454884,114.03177750107447,145.20679932425404,67.93016258391465,3.9680182328922102,8.10869924946441,37.91956508653903,37.50605902097508,33.54110232739482,31.408659762757484,42.65338932296851,98.1551256778981,73.14753995936776,10.09890711182568,3.8775997073759156,10.353617612263085,10.344093597520397,0,3.9219823209131808,3.671489823719838,3.876046600973086,107.83915084690983,13.41927901321006,15.276608959980376,134.77904242801787,174.55273442587767,550.5449053966689,194.13598153015755,180.14009707521544,50.75883224654229,104.10975084825458,202.4287741106367,23.989374183716777,40.630484726769204,27.52494213917597,31.926482565334897,48.336734943186606,46.40700149058842,52.45615932887613,286.0963940377196,154.5135107524754,48.48029512694897,88.7159950916708,199.96145985300822,97.48567162979258,436.835151896429,166.58077539329267,107.25802977390552,127.65285085778193,290.72124379822594,389.73840696881723,252.6382771617489,347.1987135007373,134.61630969750223,32.55584765404027,45.178462944799875,142.91606436450286,474.7116956653891,278.2959810698344,39.89277707032151,138.78314724858348,626.0277401661435,112.61111540716918,140.95959374095978,1648.0854703528746,3421.697841530957,3817.7929340926876,728.3968146102543,258.56628440246914,133.37291264017136,109.5352021509414,295.06202009178537,60.54390861472672,655.8084156814796,542.510118952773,1077.1710421393248,1953.5808844539783,799.0584818848074,560.6143911948524,155.10826293585828,91.27654749332518,125.48682978641817,659.2134488947859,399.82106326211516,221.78396441939552,564.4208274524327,676.428918461891,1296.3924715721244,684.4800022454365,5783.989979431655,400.48081636674476,170.98475306217375,100.06294779813898,142.2959983105771,128.07817780389672,2945.5214065129426,1294.5654550816487,374.93203888955645,782.8335195797833,694.1645581652783,446.9119629201254,448.7280068694477,262.50306823550835,148.3458306649662,193.02883982635947,51.74705699967359,15.565827754435686,70.92922595479871,15.69275205617541,72.62218528813686,220.62128722521422,111.65298513173336,18.9585989133409,26.064791227294364,15.213367573420424,30.07586699099296,342.3668916194658,17.20633780626602,1081.932553572369,10.800413977988114,11.684174415477393,21.775270602670428,16.384302392467784,4.878411879662353,9.74949011057817,43.897311038575005,70.38124599541226,61.8256901763278,28.006068548743055,0,8.260619729940471,2.2023048390337676,23.427115759576548,75.03106667120998,78.43246469768818,19.551403228778526,72.216595641446,144.0580719977702,214.15828615064035,469.3328876334131,2389.510098919673,256.1391985629718,192.9244441470262,281.92679499393995,62.78836124717469,15.371110680920191,1.5410525039058702,88.51053025841655,582.9562205352302,1062.0488607397565,1198.893599288178,162.60458395684142,109.71097537622522,291.55519077524053,64.15530335870264,284.6751804005454,503.891675022934,935.8615926653093,941.2648583110093,141.13964006163835,7.0957620048798695,0,23.374411750522043,15.811735714794736,140.80647626063273,81.06528035397093,8.044040006636205,2.26877458898753,22.12674366165546,30.246260138348255,0,0,127.88129492903205,105.63312012593653,95.03902624210286,7.867443010280768,3639.554219823475,4216.770630327533,983.879878043457,0,588.517325311928,59.15094088964293,44.564362020935114,82.87391585455104,256.7422193596612,84.69577727070543,83.71495801171615,1600.8000983480626,1221.8636717106176,1078.4531740407572,50.19356366970845,55.07222572169508,600.0245180547249,220.84986958734348,123.87456317195364,143.19603015170497,1204.9967181439886,258.52136739802216,122.56672259948306,414.9790467511066,219.78778094111715,231.00145528911656,51.155661376853544,51.89929262297596,282.17156691664536,93.55980980949583,467.52343124025805,21.447967517890756,7.0618421307257275,2544.0262170610495,1556.3731148783077,5291.041584623989,6764.339396473845,3136.686388622384,468.7502414584884,222.91487197524154,190.22971413332695,346.41620255129055,301.8911117688138,165.87748126836158,413.7787571067452,490.67725474248283,2923.334803810577,5093.601979299568,1207.9877133463428,588.8874515309354,1503.1765749978686,182.22371839803944,106.02688899532346,260.28198164519983,5373.3019646741195,1566.5563278267798,210.60575013743073,301.8826393030565,792.9803524742646,894.5103038015452,4.882166108342366,2.0376153289411376,1.3833639776676234,5.082600772343489,15.037160810517582,408.5205242698656,26.463683426666837,65.70110335849954,75.14424876433193,85.51386441040952,96.79439030701712,218.94247536508962,1515.3931162744032,268.376459507652,226.43641924503606,1048.6604294189683,1525.1953130034794,5189.374194733402,3339.976988039622,663.4890002748498,473.92184439613834,280.38906090755114,57.78698291492574,446.8689577322879,16.53245470539789,23.830565371153387,1811.9611363527683,6580.126782048599,505.05730008625557,83.85025933348273,398.95749739830177,5397.580291673596,4816.029255900692,136.66380615918402,0.4332097378684052,1.1815886961708657,4.824139155366233,1909.0455172643783,22.133331218521906,11.847035978293132,22.235332818896786,378.0633910343,95.54545025499858,21.234250043694974,386.76914772442075,11.915495841118865,41.06951243649769,47.46898750575366,130.50734244589273,0.100086029114396,215.69985427085354,56.156909078432605,303.24269997695035,36.01687589186197,0,14.96756860484739,0,0.23126722342949288,239.13748411398242,363.53100382301824,100.86920629819683,199.9207799681626,25.47569168717074,188.7837570654161,89.34682171992075,1042.9810068020695,817.1186881073526,520.8852405510025,308.4221589262608,290.46856409562963,124.65968602594894,62.26382630063301,5.186422766309799,215.65689728497827,409.9941923979321,716.5247840279379,436.288587633693,159.74187909529493,25.591161256552716,215.82344344787347,244.20297939444558,437.5650669965965,342.78538025095656,6.479264844055833,3450.677421765396,5165.613466348968,16966.363074952027,18717.13127290177,13279.945988414484,3.446544481466138,3.2061336683566286,8.304593609485202,330.37385501108906,22.530088269660457,636.4335637089166,226.98558834830757,468.6835228535784,1934.151798451054,291.2145280856085,37.306210109388985,9.254312176488241,437.1871212619172,56.78580228536133,70.38694263590892,34.93026513903305,6.809276047219413,8.014405234622172,7.919178659096808,7.934452187457017,8.68241004773633,6.834600635975756,11.96717203214137,11.916835912147361,21.094281360623498,11.320491748656732,94.89647743598859,64.63363430976976,31.73431226844172,38.25391872473048,72.28118610799507,417.1183760925526,37.43402007837728,22.23200126602144,30.41639360567341,67.2025875666098,484.18671682204223,53.77341389562148,248.27763398021435,90.13647983755479,198.098674356858,54.44238037697372,45.62576444838463,68.42920463109382,23.255365528384974,35.47395297568769,49.50542280960001,36.00529446888881,526.8096253684889,34.5534436823398,126.89437588447413,28.572602929577002,43.701853680362,703.4241811406487,21.589097194944387,84.82274419395954,88.62679046557889,11.516656110736106,48.9422234155637,27.750929457014198,156.6548801687353,62.68087359565601,1069.943308849411,219.35336419133648,5185.364175129847,5261.566480637521,3458.6052365355963,1212.5253758717415,2279.1726502556726,8.92867299637862,8.180430184321965,5.116926687378754,12.700338881740226,506.9642352912514,547.3710197105386,30.83587618653919,20.608696882750305,2.8551529611711097,11.691068890609372,163.13776685135642,479.36851521699083,156.7421497009258,62.66653813724983,9.092323095452606,15.451901394973474,76.84555407277972,101.05634563288123,761.5002229424477,30.21522698070778,120.8684051871911,111.25425886138441,34.6906584793209,128.52185833253586,8.244361911627951,7.273009147654597,12.338668645292076,3.0225197019263517,164.28607736843043,14.457541653454799,449.97538958953146,180.96446326032435,303.9743251905254,178.84517106487638,617.6028653001039,2529.1828364240396,1674.8695518234872,1018.4907148844796,372.96603121259864,184.06676302158152,563.5212206175281,253.06864982201117,472.2293073085442,1262.510854872151,923.877684061836,2734.938397859524,1660.7643371116135,503.3587630622117,375.16397171744643,396.60509829418936,251.13529390628756,51.73127266077038,219.2194736315915,121.77574856039818,74.50897086723414,444.0269277225055,2671.0629811106437,1044.4925503990694,155.2877073772354,1831.527956833481,920.3487433087531,217.0961462483326,39.18211486912899,490.8690713106466,967.1337635891745,1965.189404772922,346.6900069345771,200.32753338470943,264.78807058145907,270.2601821671199,784.2102334690777,294.3922396310204,42.06062439481215,167.89167684526998,439.2705922079574,1087.2438614955981,1023.2827416683868,1286.7446905880015,2660.131345261238,3152.839324592673,5476.000585256617,3125.4997196129925,1098.5815011986376,1015.8138251884592,8779.460996050557,3506.723798807832,788.6842741232704,41.04123439348584,47.976260465419884,67.19277901620346,592.1440997052746,71.72799277488028,408.06405158376185,700.7300318185814,48.425884161819376,313.2367641639874,89.8826757038426,428.121844922407,1273.8957032189567,1251.189946284532,90.8929307744344,21.754384852530595,15.712714737211854,70.07587836859027,90.123678384901993,102.13132492596516,143.61635077446024,132.17270390388398,544.2730708751776,2556.8527337048504,1676.05562190757,630.4430633395177,346.7426233110166,69.934180307452,523.9020341342247,0,0,1441.8363645762142,0,552.7889103490628,0,647.7234254511294,521.1387259585276,2056.136793292409,543.3593361394993,0,375.33943891752074,303.6447198409722,1588.6523970294247,877.7991721576564,923.1486670610763,1500.2211535332492,348.32200841224625,5787.041875871666,1649.2069995473205,389.3778835077229,1092.7467269222768,1040.8469037985576,1190.7968584597568,736.6740763191101,3564.142112146848,1158.1421011980012,1771.5156932426917,0,1995.8034899474019,1871.6907453798726,617.2079306721481,881.2595764019749,622.0343510419908,814.3048599617623,850.5216049475038,0,935.398850549618,743.9387461433727,0,542.418982999043,4728.1338447727085,972.8236524886147,1514.022245865369,354.06162624898656,840.117830882045,279.1563229603633,0,1110.0273034960048,2388.2802973080834,1300.8146382162552,2052.5554921840785,0,1976.895444014059,1830.6516117482734,737.9959914171393,14.56536753405792,1585.5188188755583,0,1533.430493409691,1581.6680833888236,819.3644242336387,704.1081801699693,715.0742622468468,1431.9916412663601,1682.9687811028323,906.7880745455805,953.520308677809,0,721.2165937670666,757.7677861060529,1614.878184882733,491.90086217808056,1240.5833867818033,972.7024110232264,659.7928910296024,1045.6954427046312,1113.402299140489,0,744.5972585843949,0,2152.2084322949077,23.39721386878863,1859.7115741734767,1.897145261251788,1341.5509685822649,31.64055653440981,1546.4212150143485,1195.468021968276,1542.872278891448,1128.0244348699712,334.5232574489823,1527.3406471733513,970.1608057559401,943.6654941209061,0,868.3075391936356,1071.6890791675462,654.2356205270826,0,0,747.2339427972328,950.3607627903601,1002.3039252362505,586.7126513161289,1491.5256227713846,918.147959019216,1299.1576206184152,876.6534939000069,792.739783225967,919.6230045701204,783.6619760729769,750.6420878320871,1062.9401843125731,1050.8906789980356,1200.28368140006,1047.3477073262002,779.3430029769954,741.8794714823485,1751.4219689645117,2057.1504363011286,1205.9974275429547,1221.810516378353,1133.517164095994,579.042740956149,714.1196262054423,1250.207693639204,1554.3548970978827,1073.9608807988773,1094.0328073322562,1596.9553332766684,1093.1258728668843,1094.2661889397154,1319.9311613068282,706.6907977175242,1642.1659529731853,1622.044859311901,0,1487.3633428471833,1414.9194096171796,0,1383.246858742727,1733.5420146763945,2189.187136525837,2562.255175049004,1677.3075804667883,2103.0386655969132,2072.959356306248,1917.237684471252,1660.9694051963013,3885.0051479544636,1799.0728743519946,1644.1358684641007,1731.2976710014755,0,2596.0186086414424,3388.032846618071,0,34.42832075695359,0,822.0995051031814,2164.2552648442306,1420.9985826407956,1316.0605466271934,1391.597144923775,2307.854258224502,1354.0789941655146,895.5475416182235,766.5301611410983,734.9235549476047,1852.9037771773624,1094.0310700281686,1380.0669087207816,1107.4411942282484,1304.3736080524561,1253.9765055453536,1205.1601960874893,964.7198885738198,1534.854630246074,4610.705095108499,7797.668577902477,1580.172465595768,1044.2948058642266,970.5050641797269,801.3696009653947,12053.926092803575,849.2195649989789,1894.3704569099157,855.1959530681015,858.7983628761473,901.6933111428239,737.8036167217916,925.3870078324771,418.2823830854093,1111.5833324612938,918.2553683675511,0,1854.8826844448447,901.1641326089145,880.7648582675206,0,444.64768206449816,0,711.2025555485487,676.2899206107769,1017.6642708713165,798.2677904615842,798.0725787520615,1102.5213095450163,750.9709288804586,1100.9552834097692,1190.6292087212069,923.7816355279145,1277.5765475515318,1087.8897816525414,942.5538230033071,0,727.6616605036079,0,1737.0617339442704,909.875844200906,1073.717703566966,1111.6354245522189,933.9940941276475,566.3041089547706,0,0,616.6609646451482,600.3682414272039,605.3969488970173,0,614.5120071270057,555.1832800728425,587.0568036956149,602.4625284232058,584.1235843658151,599.8538814585485,619.0360449181662,0,636.7181605050729,633.872254222891,677.9888337425027,0,99.13018060073769,0,0,207.83081845003042,1526.3806997749002,0,1418.5159048971327,734.1660488755424,262.6039423644623,664.5605096929182,945.7171171073118,2861.747791813415,1141.9334559409194,7.4725808137652106,665.4641553734514,75.18374155793937,1151.0176866215124,668.1677030775626,1127.2905200321284,528.6080068643114,0,1005.156566288374,619.9751578594053,728.582211996356,885.6258528205102,539.140170622017,1023.6139891813818,575.0273091640162,960.9706537669776,798.6559324713174,1038.0929771212368,752.1305887936958,752.1305887936958,747.9373541489341,584.5354870210772,807.9683251842242,611.5479258211218,628.3513887942244,569.1151141462459,808.190258989719,534.5263746943043,678.6136191347294,539.8628113640833,841.7010870380922,761.7025205924784,642.5517307039975,634.5124795560399,837.9082931685641,542.3431732875846,602.0470575278048,904.037730476626,0,649.2990032147611,625.2985040722995,538.8335000709476,674.4617281275924,802.5243853931852,693.2729352288912,592.4022669746691,934.795644803047,815.549237959022,583.1327590454413,1381.2993831913532,606.7552023563644,518.0855046842444,526.2363301307727,905.5458105302474,853.3688750158257,529.267136360946,518.705324193198,538.8113309970129,515.2833451739197,792.0034831688122,0,0,0,0,0,775.9239447895214,759.1682193955772,753.7321928555187,394.52802336964197,315.65660527373353,0,0,1241.9663558679729,1069.4279581908545,771.0144146795603,0,856.2765361872902,865.9727191868484,633.8142550652881,1176.4956730934061,957.9019155517531,986.7291514317141,739.4501201287359,356.4876460800181,0,1049.511155442091,371.7610804776228,2322.094763854364,929.7640446527535,2726.4251551483967,1419.7991391901105,1671.6569163331337,1522.226616004507,425.1939945809114,0,406.6478667542143,898.0706523845568,409.5586426740107,339.219029842317,387.4236586153139,885.1317672341205,528.4175688679109,483.5814624153831,450.75873589847237,583.8087493028045,1723.1283580907366,521.4718943461083,386.03246823727187,0,463.9897685062947,743.6219296099187,1791.4166085878321,1086.4161334654193,3220.982524209127,1789.633183075335,702.320930227064,2187.26462961069,486.6258002612261,574.4550019592688,2824.367782688607,638.5774890985557,503.22361345623824,527.1293105819133,589.5838169748846,466.7730712763696,425.81278073559906,406.06702417509564,370.0126091007004,70.1768670710534,0,2493.5917255280656,2726.7549664349717,0,1151.725277270672,2413.8058484285984,2061.443455374659,1198.679017649314,2254.043429048137,1588.462495367329,0,1.573271311338678,0,0,0,0,0,0,0,0,0,0,0,0,0,0,45.44519415241495,0,0,0,0,0,0,0,0,0,0,79.52813691727559,178.51413490255047,32.939979256580855,28.211833066926935,9.137390845672023,210.1257571110687,1188.4396112977095,1379.3453652108901,150.99648288989414,768.4233925411619,0,185.53260604573939,55.806187707826595,49.25359084956794,55.07099177272012,457.8658291286757,25.347229756798566,146.05400280926386,27.112128081724862,77.21850003867388,57.965173472828056,140.31792210162058,139.03584201975875,199.5794509422134,0,0,298.34552249941635,50.14813889143287,2515.9597341500335,149.08525506095359,207.569884165167,50.77266674125177,1100.5475759810204,50.52217631809206,50.74703990665252,99.487112233699,0,0,30.539869737612452,47.74750413490138,82.72935046590905,23.559469004487468,212.31184015251532,37.45830326788878,11.768250012131318,36.69545683816179,39.04804594868103,36.76179727526407,18.30620123829842,36.02826744417819,19.719692345069475,30.50979003608808,20.462230013347842,21.718802402636555,31.562960430922654,27.4452281438625,28.836234926278152,50.61225022340264,33.22652688786314,34.61275252196629,23.62648118438618,27.937851799388373,27.419731243956726,168.27586865818813,54.06218343005439,40.52160405222763,24.196874640332627,247.47066219605279,204.0115589832704,53.15888983830888,688.5120619149386,314.88738708928986,139.57762462593732,387.01684231154223,391.3640693238318,200.87269838651886,78.3778506477818,174.46251652336812,53.86548946250392,354.57131856589365,0,32.16629212511707,2.6113646870199254,0,0,0,0,0,28.568189907287426,1119.32109816723,174.59437073469485,5.130945886909075,84.96144217654162,689.5892100938552,766.3373897451254,3840.2292303753857,3935.224949585471,1605.5656934254364,62.36866404008746,0,0,0,0,0,0,0,0,1.5702457508272557e-4,12.756187269342483,0.18771745085912878,1.2725608361186738,1.2393105128774657,1.214581175793844,5.387912099806314,17.19627819359815,0.004751932852279013,0.9714867538424431,1.8068019589899924,1.1962628883869286,4.028565404013076,0,0,0.609896839641324,72.48343794880306,4.8492046108838736,71.39070535440398,51.39051281667243,51.361333499659835,5.1636579523513015,146.10040604372466,74.99984916182991,281.5081023037317,51.61978942306967,55.72299008548715,108.10121593081922,194.92762487868347,387.88673985635484,189.56942563025135,9.60226198898448,1.4961424149285862,10.331367315877587,110.53716855597281,9.916909128713451,2.8705141547854307,1.5588737454372121,90.99218383411916,51.229299075706386,0.35393105674751163,54.31096162684277,648.8606474269994,157.33679456698547,28.5379237652404,18.809012273397453,9.32842194347945,36.76713840422183,13.120973718985923,36.566657632007264,13.903980742647727,2.0780853382878326,3.9825323821149996,292.45926038262587,91.56796091064645,120.13108834428704,10.903997718373244,49.6916252698752,124.51853434050327,3.804641225905761,72.20859926759752,24.801547675134923,75.67328005148582,1699.4617568085282,5427.450152944446,7478.536399218832,232.82963417065275,162.81309823875455,21.984659082812502,216.37850190719547,126.6351315261847,1044.2850572705106,247.57218600366548,87.97878567610056,7.829501341911231,704.1083323704252,386.58625696378715,436.52327016532877,150.0011386132696,1.1507067346877513,12.688765399987705,1.2859690983400933,72.2706602942119,1.4521571016610262,1.4462476742566095,77.28395242277048,82.61106385883605,20.01888526824092,0,0,0,0,0,0,0,0,0,0,0,0,0,9.755994534967328,10.328670991516825,0,201.79927403374097,4.886069067616433,4.746574832692488,4.770280862520452,4.6755906478305524,0,82.17915156535784,82.6183695219177,81.9415567320585,82.03379987010761,82.51419040527057,76.86669004931264,0,0,0,0,0,0,95.5880992574415,82.37929033055,0,243.90350128608546,97.26148558301908,0,81.36823314052208,81.56504569075376,89.8436619987152,4.052717746228058,3.504198896077727,2.666514087506691,85.39662349658981,123.57176054333537,31.37658751947849,97.70581261993182,65.82248912333118,83.83660986145541,92.33401400362051,102.91679747422087,102.13303743824876,69.58027668532239,97.25517220986794,97.25517220986794,5.052243663087429,5.052243663087429,85.87033948952491,80.35254957401865,79.96639474073132,82.66033787437607,20.938362793868237,59.529364228741876,4.872634970423464,1.830403415145562,58.99198487702712,46.474680545305525,0,0,41.46580785573991,0,66.3616902872972,0,113.44008268625846,0,65.95226278934008,627.2990574246904,82.02416331044702,114.75338936248187,55.01082487199643,122.69852744896633,59.38710952852464,136.79645414807422,82.24786554589605,5.7848820328511055,81.3630872969343,9.77809133399627,74.85856116960541,83.6214201344052,57.403145571546425,50.80007371230054,62.30027630682952,77.00774665483263,48.4691869248795,71.8304314912768,146.34091272676193,105.3125405001381,0,39.68843509251162,72.9343819776586,46.40459619772231,87.51547102155699,81.18102167334744,96.86421130511927,0,131.64671634699081,83.82540844119306,73.2908326181291,93.45293443480027,155.04703736820704,81.00549619730903,221.65817797799306,87.59334414540974,100.09921255151154,4.0426514987955,564.1537217453098,192.975193232241,132.22809093609575,177.71658422596244,93.15795052559615,318.2591746282235,210.700562714562,658.8758615285305,582.1754679791288,574.2676737176012,183.43213396401123,43.08299610634456,222.66616895641576,334.6128578207598,589.9811947161243,1603.9368201573284,4110.164897439851,680.0228779074076,4173.18631225657,94.40237600272272,4101.071438093548,530.147418322321,552.3870604329647,165.65881351855342,142.61538174115418,381.0592513100237,70.87458645433308,37.66912316610602,41.58455503596197,475.1039083961174,149.0162656281864,4.012966652232277,51.28747091891944,0,0,0,0,37.580707643047575,420.9846208747813,6436.458540771459,12526.846860534717,7328.140458958601,224.4329420139443,7.302960227126221,224.40808635144597,128.05127555020883,1284.4699612395073,209.01571131117842,598.5479690687267,1786.9752026822243,111.74521945824957,381.820002924955,203.649390312846,97.11931193059733,32.290500029751925,5.208836280412286,505.30139899444885,807.1867414501954,1178.5755531624577,478.528454657384,6.6713938555356584,40.015475955132764,64.28721288761135,444.93744928537086,72.93582343487702,72.41680484449871,496.179481735906,4045.76981061131,347.4216995173677,38.749426448354065,105.89412620695539,54.014758561611465,415.8618438529285,309.5773722137027,62.037394918485624,1701.056645261523,451.5306014637194,102.20890794695273,27.91878094155282,159.6388604795927,242.59901656215558,13.859706813329476,11.203851463533864,79.20219899639267,13.539712551016764,5.674252244790675,34.74679446255672,239.90806012824063,123.07409276001843,89.919290714407,20.099662383756517,46.33993050778591,67.46754139563647,42.855270943533114,24.539688340463766,156.30033280657332,17.666268064453302,18.795100196678256,18.35530170383424,19.066930373737023,18.076906643089337,18.56374967160169,3.274207761781638,8.552088056161656,139.78298955984312,115.72733460843413,452.4656320900712,548.2028201548734,81.26530785814778,81.46115076179322,65.70222908320189,164.09961757396877,1748.5485663025718,43.96018148364823,844.6071830611887,54.776886907925245,150.9096387584739,257.1188207749983,17.272469373320373,18.265975272797746,22.175486639832947,156.0939738196407,9.87264313323762,37.98127925445662,46.37250357014045,55.10875602085674,55.32052757716329,101.57817564324876,63.069504564547024,90.72948547704337,66.58136921778815,791.7061147737468,9114.740284673793,436.5381668572583,1617.8655298595982,15569.836060286907,3033.203501862378,124.69239437892995,68.53396216140432,63.41270717900295,108.47225634773417,129.7628737586375,312.378624616401,290.51467817564077,1297.7934149498512,1890.7520442150912,291.3889916509108,64.48388425469459,537.1023078528181,425.2581784377846,84.99125525148882,116.79008585682,18.770384791473138,11.625065692551907,89.37037731863494,75.55260369312373,7.322353759970941,7.041226422214131,35.49628602035425,0,0,0,0,0,0,0,0,0.7456185897009092,0,59.127793459304,73.14651490213373,0,2.041497047130372,0,3.3216435931677912,570.9446230930776,190.4878785203069,0.4843054072169773,120.90018022802597,502.5852450443063,267.02657561015354,838.2985125179265,472.7115695358244,363.6513935177716,308.3546764117958,413.76780392597317,560.4449496140662,492.19424888021473,562.6701593815466,89.78509296355958,813.0499034433634,1440.6644283317785,954.8691505709135,3096.1107479764614,2322.038352669392,993.8089490132996,536.2751932966049,519.8271476325535,848.1235021336436,363.87579131598073,930.597188166136,826.408570658747,246.92680063828294,147.6881575759462,1.9273758289049103,178.5073137490617,95.5713261799504,159.6402573888907,429.7739944002822,157.59974406556734,160.96718340814087,222.3963570618415,282.44921089096573,633.5698619350547,491.6719067701547,593.2562015468709,303.36866564146817,128.2064208708603,608.5667798119582,586.905162457417,144.83455383811318,112.63170550132553,419.72524750959565,286.3191838898778,360.72262179100153,816.6378274089961,1020.1037403090976,1472.5820187017025,1737.9491549538666,1245.3495249862924,826.3142687968999,972.7611684169198,1385.5118862856561,2361.7165809785406,2390.9840655574467,5274.316047374629,2151.148790978235,981.2491115823857,593.4584799717265,521.7736786333936,849.9063156664938,518.5715269051358,238.98980980950094,182.66332473850167,609.8469119724597,265.06793696332494,285.1400586257557,176.51512757464934,450.88980719258194,1788.7309765859352,326.89065325550126,223.13257039393824,224.65831148798793,301.6096809870123,232.33116834861787,857.4373396902646,155.79765680367058,103.33143744407914,164.96763207943414,404.74687871458315,243.12658033088195,332.36564429740974,74.50919393913799,257.6444643666272,646.0594062424706,115.23689286545971,167.08175106973243,299.3109236605465,471.68628808977707,355.67095113729783,458.66004150428984,301.170198820858,319.689222617281,477.4807658312331,450.73954038431737,64.12128456567038,386.78713917421516,77.61087734325862,557.7920032705173,22.288887860908712,1055.699787972616,1763.601567912918,1321.1784108712227,3629.372101511553,2453.0212994919266,1205.70844496578,432.10231596505326,469.6186556099718,873.4496850481091,515.0179808986185,95.54551625707636,311.2105754884301,1305.6113869028875,898.0962202853847,571.5764777786429,1117.1150997263946,1546.0932508978603,247.7694586599878,121.28504337400095,282.58884591028027,385.1609630449785,355.925587037657,339.2229833058936,502.4776573093877,303.3651563387172,40.21731487569135,50.02912866438934,16.49724246367006,15.872973665103475,17.4559237663587,21.156199451039182,2.4311322741807348e-4,0,18.137502645430718,2.562522104358806,0,0,62.82025184773493,520.048519333292,163.58838721841596,26.74406150541703,264.8644973490173,190.98942307118764,31.932766581360465,62.01658229805016,0.668739874819498,20.777145173252606,2.343488622547713,83.92940492418919,4.910133512649435,361.19617169094533,1505.173471763736,312.5425270646933,204.1194674007319,13.936547300853277,0.9230276079167298,0.46345968618871153,29.935007738649514,101.62461229279722,0,0,0,0,0,4.484612894595413,162.01632236851648,100.56910898925,849.7577507368871,1009.4858608423993,211.23643023413598,688.0414168966868,16.34905050559305,87.94278917130258,35.29937337959122,120.96458243839193,32.97730385635181,149.06152050991005,10.120496499130697,20.3085954591431,10.52570431676559,139.458095471528,6.292004166351636,0.7603473613867412,1.5522499891785224,183.76765795860896,24.531575666993778,37.56427879081803,188.52145098989936,626.0708325995937,406.39411128511097,597.5407141876251,392.14304433609715,179.78681560807837,104.37896708431472,8.71315828201712,128.93683244807488,1026.768407447695,2006.7063244413432,2545.6319574885374,2283.857360238587,1431.8703700429292,154.64124075765372,7.789802416476424,0.014712624133369484,1.3425709828787256,82.3358182474322,385.08474423600717,17.4687542933437,140.40840483184098,13.143982070915936,6.208043774796626,15.759361704151265,55.41726188986804,7.546863437404779,0.010201264259724634,0.4480041135023518,173.9240212219809,13.007874040799129,157.94916043936695,207.6214776264666,3.1408787897510306,148.0897997670809,0,32.792014185233114,0,0.9640645611215889,0,0,6.3599895701519635,0,4.98998183818276,107.58197918227837,52.09953725608254,115.5893722074784,74.59894760705426,118.14392668214349,0,71.8397351074717,102.33416596636373,0,99.74682281355132,0,0,53.616723483327355,97.29783587085626,100.44601074519059,0,0,0,10.5896498425116,27.016175186105656,34.76819958393197,178.74124053977008,17.968879179117756,0,53.629412186086526,18.52474743735143,26.70110795655846,491.3035847023987,682.4854847089005,670.876870628614,625.7138389799256,464.06100653211956,383.93409233219325,118.682072686365,210.84935150153294,357.89503497479916,90.69228239091441,280.8233223416097,197.03145847119302,66.39806802463279,3.877967615604334,14.170855057344037,1.1886850495453718,0.5937815156133436,10.42700662296796,0.07860990054092962,0.08284038964325326,0.06158007010147274,0.07207934066107746,0.08420403402463016,0.00837382026734594,0.07610007739348125,0.10383074489688983,0,0,0,0,0,0,0,0,0.13729738782162876,0,0,0,0.13398050472761863,0,0,0.1265886153824784,0.10158431100680945,0,0,0,0.12636547949933502,0.13298673435719294,0.1037380727000637,0,0,0,0.08071334624987321,0.050163739983472934,0.05023064044459065,0,0.027084000025886127,0,0,0,0,0,7913.041690676098,33875.462748992984,19797.311463420523,103.04417476865397,1167.550828371203,162.4576598122892,32147.36727881122,82.71162787229952,305.0994254567361,82.2733822264504,99.5003169119736,133.7617256372411,150.5994104859846,156.95991963132255,110.3934110507652,510.3537125034284,5351.003523929574,1131.730070022427,6446.120811745133,856.6899612013718,1850.1509966351418,1556.806172886652,2710.0748390817316,722.3109736880225,464.41972872493943,203.42787646501617,158.44298771580512,1192.7676316093034,1882.1349081848414,262.32124300548224,307.46423030015126,573.2142220724377,261.1774271022844,559.3571804763258,462.2895895586701,424.917985665534,263.5250932327041,317.93177155999393,418.70866252210493,406.9308365652513,372.8667152800527,5317.069128881752,2910.0853782777326,201.0246765551868,170.04102104393095,190.12975748269218,1035.4025764220353,1208.813485541656,319.8204222513356,467.6289095468908,396.8768693338511,0.4097419827272464,0.910111579973736,0.08495995275284446,5.7863764359220315,4.914176181569327,7.913440187547558,0,0.5313043127677752,2.0290669837349786,8.440167772948309,188.42235571670582,75.76273154157873,35.73661955625271,148.08513172071758,297.6452631547164,318.378944446407,48.84825992125102,55.313135898619585,15.483224368230719,279.1072450850158,104.93986048498714,0.4501528278534827,0.48257386089776083,11.655157321137771,17.64968887197076,64.94042872934571,24.68808016151293,9.894342395736338,87.89602365003566,11.633447368516858,2.5873853360984795,3.578985797970674,151.14703572207588,45.681202344860715,125.72547874338531,325.98247246891395,443.6383116454671,734.9398461821487,680.535731968999,384.9764385728127,344.0279758765266,980.6260799802244,645.728002141569,709.8033409810828,719.8770517066331,404.00360005781533,425.9005031929502,723.4793141664669,229.37652223383546,860.9122080749042,60.46650508572049,108.53588958777208,4.969034163855579,106.29855748643102,31.03440468075164,8.453043822486874,321.72994294155495,72.22676079777484,83.67676114970818,237.0948334908779,350.71856769804197,600.8359066527263,631.7562569105855,54.00458924780217,1354.875222779492,206.6969435995009,15.928235346760891,9.272217306248356,76.49775692401266,316.14299094716495,499.49273608474005,111.90210521292238,38.57896128525057,101.52417974966906,795.2719161374722,320.8380195680946,369.6960188681729,198.809433175472,387.4642039287524,224.2572956162381,289.6980559055154,481.75044757133566,1155.9100537689988,541.4810574376834,1300.0824621229717,1387.4736294781503,1628.9062869776317,1019.317672828133,578.006116425339,1166.359629887012,660.316629775064,511.62971237988836,506.66088880235924,437.5377781095884,609.0699275483316,253.661561781823,157.40275022390793,0,0,0,238.711559918422,21.528425556299162,496.029037707133,150.2341971620995,107.25680346256655,371.55517947144347,66.49808781098919,112.77899569118068,612.4034911070274,814.0262703380881,688.7484557898682,694.2647479284944,648.0662299329392,401.02497613764217,72.87684665677948,73.67668403827203,206.56510380281586,2.4696963668431207,161.0687171146772,27.511148653890245,5.039235564653331,5.879961657454934,26.24223107263239,200.21789307497346,8.48228450587097,2.583706281195821,2.2300993022022597,4.344197339827264,0.20492010844967234,0.07611514923838104,0.11884206040625866,0,0,2.6322407713170803,4.101741133702458,0,2.914833030860992,0,0,0,0,0,0,0,0,0,0,0,0,0,0,0,0,0,0,0,0,0,0.19786378560974613,0,0,0,0,0,0,0,0,2.7762983491893087,2.699297426150598,0,2.1539630036236255,62.08082350770393,2.166176222421937,0.38890844779042527,51.85423577804132,2.176519485938102,31.450630221372712,0,3.3235268362129413,9.624897363785289,16.26961340733362,3.108933470494704,0,1.8456759454552583,0,0.014269333064103155,6.820182397978617,0.011651709494552229,5.013783731971757,0,0,0,49.487250248634005,0.06479957390942584,0,261.8136518107923,0,0.0067849716552877614,0.00881619295271338,0,0,0,0,0,0,0,0,0,0,0,0,0,0,0,0,0,0,0,0,1.470157747881699,0,0,0,0,0,0,0,0,0,0,0,0,0,0,0,0,0,0,0,0,0,0,0,0,0,0,0,0,0,0,0,0,0,0,0,0,0,0,0,0,0,0,0,0,0,0,0,0,0,4.524819297376133,0,0,0,0,0,0,0,0,0,0,0,2.26217023356532,68.1364797285954,5.04479809550626,0.0837358583291272,0,0,0,0,0,1.8840040354225611,5.3939050893470615,13.81158456084659,45.6344131786391,494.1634148100943,419.2582693301417,519.7975585870747,928.67211997855,79.76367680343908,330.6849223273979,473.07936697849163,95.73295674809897,157.4452072624437,123.76274939859434,186.39857313238258,15.099475564670916,7.414271291801857,8.242387639328097,11.957818137113202,8.273627994765334,6.990226422088792,6.803584542071679,5.709719699300655,7.19224205234152,262.2850324000974,6439.606230384809,3165.1090532667345,9.937755756353226,1068.3730625667754,30850.268462779637,18767.18664073159,9120.530604075062,9.488266765391467,28.68875145592793,6.122407406755979,28.121179279153143,10.611966157292803,24.37357649345132,22.959485656147017,20.049663556883715,624.0743307230516,10.251275087399296,76.1666465725854,69.4601804112246,12.134519146890685,23.559549961377446,4.073825791381897,1.2230423431421293,6.121946134814991,209.077111004758,32.43698303331299,398.7938349093072,30.444400371990724,174.54178202317777,59.880753773189454,17.348196114967063,1190.213078115869,140.13587966761406,3027.2532277898304,2335.817224780481,684.6321577887509,73.29790371111383,1.2358723175203328,1.1625748105079665,1.2737958245387302,0.6815931708040056,3.519844204071806,44.577875447708344,3.91408500285021,3.5521570023778946,4.53432122874085,2.556641062753715,2.330416502959313,105.01487599408732,12.782373800596144,7.431727897625931,2.0181296088327745,19.358355914780127,1.1456994115458277,2.0785349171313903,8.299373831003765,8.400809474605838,41.852550648334,7.995406511894158,12.749143427137415,12.798179460947171,79.17253537731203,34.24030841680476,60.73779242590821,1.185868740905168,8.729587063717847,5.869233056213863,6.15257068061765,5.858595434929574,59.35979490760727,5.864024039556398,5.831347734115171,5.659132650362087,5.902798883502943,11.107543948803936,5.841675248880252,17.160699185903198,15.834469167378662,16.68771559301248,31.444035633906196,1.2178452140250362,2.5894901067883733,5.83879756259456,2.320398468017953,3.0679275586680594,4.432245984120957,6.426034506196063,789.7337990658959,2575.051184503803,1571.31462842944,77.64515967416214,2079.572790354912,440.7415283060592,5.852127344553947,5.875174096172809,0.9516242443088352,1.0827599133682175,1.1526975667173414,26.920928789283582,12.839118242692875,11.702946669835901,15.038391986927529,12.290797600410183,8.407109497611328,7.53643671579754,12.595269263079258,8.168959469070758,8.162535393003415,15.920662223717502,10.2603748481377,17.408273523373232,18.36882770704551,38.52170770821588,12.222664300821034,12.836794247598275,12.646607673797268,109.64659815681478,12.492391844581965,12.697772765972497,17.81151907532446,17.699228635676135,12.499108558414067,17.121029440998388,16.74184024365361,17.534152596829873,12.42364567346572,12.10303217984422,17.017438532535,17.79288320387205,24.83742856913778,17.60929199268103,25.360998923519123,45.57402271693389,25.942941076941185,17.41306634889816,66.4281560878998,0.7987549113697012,9.311268118805037,9.54736581342029,6.5366858774417045,11.516667802048982,0,0,0,0,0.003650162969623794,1.103993378285663,325.2550369355315,224.5052134294892,813.9932447565055,15.359399376473972,9.79617049533394,154.22372011074876,133.14667632043444,121.07714030791176,620.0831976716397,11321.891517285361,12050.284392822015,731.731621308112,28.305803986495903,126.2172383210312,217.77238479870343,220.7612521853884,32.966936635429754,10.294071281116654,17.86876576545714,0,50.52762866012893,28.040924844389576,33.74444325647017,24.169026862681378,21.878211836609374,62.52081594342661,134.5272281608858,72.68778391642886,54.66850526633823,91.70764981590177,423.55412950056143,2075.2558910249427,971.9686257110882,157.60707021768363,166.70810187753094,179.1875955846233,95.24706945112618,1159.5341249144756,2854.296963587187,269.18374862002,56.68965666243827,842.8954602331845,127.13560084732887,102.94842052315235,186.5664284893557,111.94755506933325,43.97821319042152,90.68875109689101,58.748673794583326,179.8842440967522,736.8036906463378,266.6339755250999,957.2380865318133,47.36197305434529,320.78451532288375,2279.3908271199666,1383.7547317963356,1768.886860627218,2693.0997429433855,4703.466078449411,10313.266846677683,53.40202272112163,45.22867995958264,41478.74560509636,40071.823209837385,427.9621718720149,10038.12688633662,68.84981972759903,21.250386181503472,186.33747138041045,194.9043931285231,531.0018844238771,1353.641574536071,598.8344944337113,293.7684083064682,197.59606734345112,351.8397184772258,800.6097417194796,1867.6049860365708,135.89501720918446,699.3501741304765,127.9640692377162,137.33460431303763,110.41977449317127,114.09640804256998,88.65846178177286,29.696275452332852,66.70614992753065,359.91030172628365,130.00563354471998,94.3549971710658,71.8188934880592,98.95274252820323,203.15605383075993,126.7628282564047,78.65238796199101,265.34748666905165,122.46199334801821,390.9965124411242,185.0788114074369,106.43637087529157,169.37276600470042,476.6984947935841,214.62546538428998,311.57882099906135,530.8311594981324,72.31557644506199,230.67053682330913,154.32732168101614,790.1298342623049,511.3899511108861,184.47164872389664,130.3587940128964,193.47228521047305,328.1558258949762,358.7601842519905,271.87290772534686,155.10960040902916,147.48589820507334,175.13349877018683,154.38555858521445,185.01921233424676,169.05091636196775,196.80092836241565,164.3616798904094,443.4250142857598,323.31661245335584,258.67937675916716,440.05469578642146,325.3904889248856,17.62746051305601,72.94556294718986,35.03575478121752,15.247324826867125,23.390405599729778,42.24070298820432,565.4368409189439,343.69075413836316,95.92241158347186,25.167499697035314,81.57950130801693,85.82761299699804,84.71286473293661,26.334315578904327,37.266348828122084,69.10190029454124,105.79838080002308,173.00561788415422,222.0625146629042,61.358173628354976,108.59630420951842,94.10434830425407,237.71922175883242,16.68500645183222,42.13848822456172,120.20879976504033,127.45126331852778,76.65421342724854,54.66790083039912,99.65899015124415,116.03678126477855,129.39690858646082,123.3388957802424,69.15300948770476,142.9314240177978,42.2247082702285,106.5179637013889,128.36863142245818,137.49447023934044,143.54251363267525,113.40682897962057,102.51853668442234,939.4585871864962,280.22194031328735,297.27578845872466,179.29793967397538,141.29412406414505,147.26002257776722,123.58511167299334,147.62370577159038,138.2062848902942,97.75051895016837,122.01275015511236,111.31456550349405,148.85462054322002,262.7162742431754,108.82678781338754,1743.0915368374297,1032.7821937376866,1084.940233470465,259.94709323760225,621.2691458554563,90.45803774668877,121.54730575334163,179.8729559890329,132.03587113123717,123.25812620975148,151.4038095972697,1859.8331198589212,140.07678150724203,174.2624218552823,146.85088730317779,60.94276430784391,129.29580712241483,447.18880604696074,1432.3707846230855,662.6001497787875,181.78514036697808,219.7602613727913,160.66044163679499,1086.626614367689,8337.669330722336,3718.1116401785675,2266.2621888075582,1798.9562067286902,1944.0967249247046,221.41618258521456,174.07493198761577,170.52637336569006,153.67845834713836,157.66880509331438,222.34395686372713,301.282987742721,401.7763833145036,2971.2717184918433,476.7450510933005,181.71566312571312,230.9576114091631,149.9366200691813,144.296905508128,116.2478451944228,1373.4079048217636,1347.2262277984676,137.59085822191656,97.51993429789594,86.82547047870324,91.59949877580735,94.06592594674461,102.49230479298554,152.8002888623101,144.2028907339263,148.6733761290815,172.36187673526186,139.1519463949966,104.9527831799007,803.7985380501269,337.96766571665506,185.32740582765356,120.43277921032458,101.4458097670717,146.3582496204452,99.01844294500326,249.76879374450888,725.0554457169687,173.4418141559825,135.4099586103229,190.98969177727423,52.93412379734524,248.18086412541155,72.0996909339613,76.2992222482152,74.6132762686632,198.15215629362825,166.96201957197016,240.16822492134816,105.6430756195873,115.31054277639663,127.10447276173997,134.82046764437865,125.80717457262618,159.76380329013608,153.55259201783122,216.37626186799045,127.63207825152577,448.4951448143441,524.1292738284313,188.9787475218276,139.46894577121753,111.55392448263059,139.04132239741745,145.51018406086945,788.212319066315,735.2405088643036,427.61056096713065,95.54904532104796,84.03021392504887,453.63925079197077,50.635882420544334,93.91881830270857,118.6098667376872,324.0194503665932,74.70211484185653,415.787545851821,60.4399817970652,92.13757576136436,108.53651512380212,100.69622028125097,145.96821112241275,103.61415809155848,113.25656578379024,106.016326520883,190.53448584131348,203.00189506123752,57.18978038881348,70.8667480198918,53.525114827,141.047196504623,121.0722157161456,110.11014607433275,338.6502481971007,776.4354839192158,93.53646170818536,115.08130672957793,514.2948217150857,1458.5820407866438,140.9624346046966,47.1893896195744,80.14581850540137,63.8410927145817,66.79415668632747,70.11499221246876,73.91605458403271,60.90979967887968,611.4010315058603,117.75747052210116,158.01085482867268,325.2615797754481,136.31598457524876,454.76015565416435,200.9193846403292,294.3271159610269,278.58756537038664,140.4931650729273,155.27843733421057,110.81610974861644,569.614464861752,115.51140468620247,177.38465356590396,120.22292012081648,118.37338955077576,219.9943621627059,76.68745850397086,78.26426952007878,105.33365200003999,534.1973726356182,315.5924304016676,193.03742803507205,104.0316583350654,131.55803624801308,180.29893970152528,147.67327929018936,1197.5476723859204,1939.2006272069302,254.43791410980654,124.72996498572022,663.5072460690625,4835.342397655859,584.50398365843,123.89162396622179,117.85151937694586,152.4617257942329,174.75052257865377,95.2441656430301,106.58315988472854,102.41714299350632,144.8730130912556,123.34637220649401,109.49908309648902,116.67578725957583,96.56432626751027,180.07836486261198,109.176313303424,131.38210017021456,108.2418340498155,138.45807507701988,1597.523167886024,343.95629568081614,142.134723315116,124.05121520584643,150.1458993682203,117.71378421403303,154.14493498657973,136.1716839885462,139.2244190435764,127.12082058756981,248.45030355236167,1313.5023138504316,763.1936364989047,129.4895171409623,174.03328552416767,190.22580778092188,131.98241928287837,121.48806105590748,123.09054191063785,89.64773641465631,85.76288511581487,136.47494880964683,223.262492794816,348.85587522743396,119.61613480208615,423.0722205420606,326.85833409518096,149.07716620475867,97.53112857535389,109.82059743666804,87.06124742857472,100.71302641365955,120.17088667819638,114.69879161397319,150.2568168636113,123.13976308304034,151.40666679856704,134.24026656303636,208.55207797726337,142.3164211138646,239.3828908957527,114.72125458809981,150.31936506386364,88.1192161105292,173.45970898393563,101.11315751746916,269.5098416893444,137.48157145178092,199.2958283812274,131.17112100515013,102.53518488288753,127.12582261730435,226.73234874109528,214.4598736536706,181.74931999328595,84.32994197257787,109.58830357225504,73.12586170410452,132.81378224621665,80.00144602220777,118.24552413399046,54.34859082243576,117.53081850145472,273.2235986847307,69.99296589244378,69.59816274914037,90.42672181923149,114.75151233357332,70.3038238826881,146.5776147218145,57.20737163420643,81.3502853833059,118.20319464137548,61.52723221109196,78.4919296345304,82.77726273494653,315.390964924824,526.930681166551,430.52862573511703,101.26153809985439,141.15029690191233,800.1568453906543,526.0815244232897,91.74967698980082,112.50310415992912,120.03311696821343,17.977056937576627,14.964557765347987,20.725571258361487,23.076974335705085,525.3764947644645,344.8573838796526,213.78562970250815,76.2065018442879,82.74452650759939,377.26154662179295,266.7876840835346,227.40179676577796,524.5479907254962,700.3355196232283,875.1344141784093,3280.796388327699,2517.5595792549434,770.4350485505652,890.8106004347406,673.8310205233156,445.48332430374035,228.4089019552463,428.7967720674922,291.5957916368276,84.10341780743525,85.876561030862,65.07190259646926,164.98044549920183,142.19603461203673,98.8534874133988,57.076364377439475,187.81074135317948,154.43358983342563,117.27022471034522,393.71951703384156,256.3316108901769,113.9113221890785,73.762144377322,165.05086135730954,122.4118840543842,186.23863982564527,2129.5917052543027,3285.119115182802,1876.280953642743,410.27050785199714,319.1417993028607,160.37979771862564,88.06431132350282,2638.1109968013297,898.9100712978803,822.1270034120829,434.0428553844981,1542.7069565939976,3953.8360713271327,2247.8823868353234,3479.678350971027,964.2694677342797,3314.5148554333373,1755.7385349367262,1318.8617438815181,460.59388280151967,74.79053958740487,14.53042031183069,10.069699455039684,9.622297670713317,48.61696288073937,79.44866700209424,27.688812668538123,41.863170211179195,177.4845534961856,98.32689411454666,102.98754335185978,90.52529571331962,130.69654400857104,247.35294502481807,217.2918524396291,162.42442729984967,40.732523032011684,277.85644820989154,134.71849291361127,0,221.50847767030317,24.737053136889735,190.6573097212536,17.29238814633365,21.55476088749843,186.94780733990444,149.6816547900836,328.73771609067563,187.91086233671135,155.41370822540935,226.8109387940292,217.6610222025685,195.44098977133163,526.1802176785718,808.6480906179988,351.78947032053406,452.71003150990407,69.65437317120836,31.39083376664149,676.2320728332622,227.54752267716373,367.1660822562718,349.4659803253676,851.7107826961503,337.68211868524827,154.93592408164213,259.2191288344706,233.04449944451932,175.72958806789993,171.4925993098583,202.58735906637233,251.32307647682325,704.8368005698462,308.26496297288554,286.6938819912762,151.73030747684334,205.6991591460834,843.9058002801304,262.1549888006174,354.07086528389283,290.81797061043716,357.87787874623206,903.0917806184804,666.955804717308,746.2810636983036,710.5053672128618,632.0320957210434,707.5673322867661,357.8372604082808,200.06859550501972,444.3821320887454,47.53548467115744,0,229.31759050443299,2193.0795230963563,544.0774257012669,94.25720679653179,6.886504588833451,6.65849820105055,9.763645319032632,0,406.7466224985735,231.0172051675215,28.102424123792467,13.059686785130397,18.104406423213167,39.74691414382697,7.821677948381519,0,0,0,0,0,0,0,0,0,0,0,0,0,0,0,0,0,0,0,0,0,0,0,0,0,0,0,0,0,0,0,0,0,0,0,0,0,0,0,0,0,0,0,0,0,0,0,0,0,0,0,0,0,0,0,0,0,0,0,0,0,0,0,0,0,0,0,0,0,0,0,0,0,0,0,0,0,0,0,0,0,0,0,0,0,0,0,0,0,0,0,0,0,0,0,0,0,0,0,0,0,0,0,0,0,0,0,0,0,0,0,0,0,0,0,0,0,0,0,0,0,0,0,0,0,0,0,0,0,0,0,0,0,0,0,0,0,260.05397944246084,0,0,0,0,0,0,0,0,0,0,0,0,0,0,0,0,0,0,0,0,0,0,0,0,0,0,0,0,0,0,0,0,0,0,4.711682455053097,0,3.9401762687329205,8.287742949246988,0,0,2.6411236626999934,103.22289656919108,17.40967839554952,163.01652779177095,12.901585458617363,53.44424485980914,0.11527530601265044,0,0,0.8588491444646147,2.916430065935799,8.75401032921617,27.428154161604105,29.211706462907152,27.718954272397575,109.91169378479407,8.254636809697974,2.6558742012241496,2.1899480871047903,0.38176564793385837,1.2274778612549035,0,0,0,0,0,0,0,0,0,1.5255059918775484,0,0,0,1.5264787353144942,0,0,0,0,0,0,0,0,0,0,0,0,0,0,0,0,0,0,0,0,0,0,0,0,0,0,0,0,0,0,0,0,0,6.161964149781822,14.935051902607025,62.74741698045168,101.76226201890712,81.01076013413723,243.6397608240634,88.45845601278083,189.5535658644131,347.8963658147822,45.922770423836205,133.16819433244697,134.6586899166147,65.19314260252193,152.73491708667288,47.600383212066404,111.95157292783566,9.007078077707268,10.099131609493712,103.98907581371947,4.828467517581815,0,0,0,0,0,4.917282355605925,4.17732512626802,0,0,0,0,0,0,0,0,61.93086563819959,64.4235658335665,0,0,0,0,0,0,0,0,0,0,0,0,0,0,0,0,0,0,0,32.02427160161334,713.3516813406322,16.48443936467167,0,0,0,0,0,0,0,0,0,0,0,0,0,0,0,0,0,0,0,0,0,0,0,0,0,0,0,0,0,0,0,0,0,0,0,0,0,0,0,0,0,0,0,0,0,0,0,0,0,0,0,0,0,0,0,0,0,0,0,0,0,0,0,0,0,0,0,0,0,0,0,0,0,0,0,0,0,0,0,0,0,0,0,0,0,0,0,0,0,0,0,0,0,0,0,0,0,0,0,0,0,0,0,0,0,0,0,0,0,0,0,0,0,0,0,0,0,0,0,0,0,0,0,0,0,0,0,0,0,0,0,0,0,0,0,0,0,0,0,0,0,0,0,0,0,0,0,0,0,0,0,0,0,0,0,0,0,0,0,0,0,0,0,0,0,0,0,0,0,0,0,0,0,0,0,0,0,0,0,0,113.17956398965838,0.14820778887182498,2.526393428018199,0,0,0,0,0,5.860890798816959,0,0,0,0,71.58971495096682,499.03284061303793,92.08139399618116,306.1615657154045,138.0156084880812,584.9929515853405,38.05420637610608,21.654272385205836,1184.9763083760358,50.83104331490113,150.7115984998294,1758.0839910933,12.059721559881039,230.64759867572022,262.50914126340336,52.34898111007943,428.7821906200872,412.8517074856293,174.15591926201725,150.0136549971068,89.12544840956362,2059.3247740617066,37.21152893149525,195.56457275982206,27.883306453781127,463.3543457981609,89.6479572700832,43.93702940867644,78.22969178681433,86.98704380709383,0,0,0,0,0,0,0,0,0,0,0,0,0,0,0,0,0,0,0,202.1633319041026,265.9235379760248,1034.9815286586988,1251.8587655507038,1204.4277830311923,547.3692530070008,86.28742444113212,35.43652526908842,0.51124002511655,243.10059029711215,4.561146936969519,167.32598444652285,7.223882927677127,349.3287417826312,30.817655909830187,143.06285452052893,27.24072630243215,10.418936762960993,34.264873100218814,18.327241949823982,61.592943046007775,184.7417952860849,7.105828780883834,102.40520662727177,97.77563756882226,60.905925419789526,268.9057227398523,290.8069926028347,145.24650417367934,54.9703634180164,19.18957837759815,20.540811088973747,141.211083318143,0,0,0,0,0,0,0,0,0,0,0,0,0,0,0,0,0,0,0,0,0,0,0,0,0,0,0,0,0,0,0,0,0,0,0,0,0,0,0,0,0,0,0,0,0,0,0,0,0,0,0,0,0,0,0,0,0,0,0,0,0,0,0,0,0,0,0,0,0,0,0,0,0,0,0,0,0,0,0,0,0,0,0,0,0,0,0,0,0,0,0,0,0,0,0,0,0,0,0,0,0,0,0,0,0,0,0,0,0,0,0,0,0,0,0,0,0,0,0,0,0,0,0,0,0,0,0,0,0,0,0,0,0,0,0,0,0,0,0,0,0,0,0,0,0,0,0,0,0,0,0,0,0,0,0,0,0,0,0,0,0,0,0,0,0,0,0,0,0,0,0,0,0,0,21.173651047109438,83.66350714664944,173.4190449539318,156.2345296729305,0.9999901973811888,2.2672422724467234,1.4180178319744343,1.4716890912057845,60.254681479704935,5.576445455931249,1.6073893994700412,146.77853229786925,1.9567207101898312,5.305537232346342,51.46904623981349,9.77708088863944,1217.4730365691894,2986.051396978781,249.79868911157965,5.028477745613436,5.6906343664929135,14.540827459036436,10.364437260230462,5.533742751292908,44.154522738921294,171.04637245048593,0,0,1.4211179178953928,361.65946909459427,1.2884412411653356,69.07058560805865,66.32415025258311,29.207394756667224,32.59827327226808,194.0235361904038,37.68040979133948,92.24124651726336,110.62423755132478,45.63532151060723,35.815391854877284,549.9268535907628,705.0788158906335,190.95687667395183,148.87220318558693,39.4467897923632,43.621580172583684,52.19555722924381,52.84245535588143,618.2836831246279,34.579877874919056,34.420676775975615,77.27637140897099,317.2785898884836,2264.251068592277,692.7947462603823,1422.482075012588,22673.902630717737,1925.4948295337804,555.4533098768228,98.8594402107124,254.96829682467796,87.70890015914911,426.44753558654975,105.50778114692491,64.51737645738801,51.47572227910373,0,396.3626546086589,104.63457127344307,1124.901627478502,1349.761691689379,10662.957916731128,979.6773059021685,80.30918945044114,44.274783473183696,36.73644444610532,86.15058127398244,3822.0235517108367,5354.226128037273,2615.1605262130042,147.69644165209408,187.035892820602,1044.8484934145977,22.66791626221501,22.364957005431034,22.790604410726715,22.961721898921603,12.55461446460228,23.407468231786183,22.57042785994068,23.23460498910914,23.3478977050654,7.414540838525547,65.87889995095658,9.54160013567823,10.535161696194796,66.85578748143958,78.38885201077662,34.195756475886384,6.922088808502997,60.216073698444205,53.81939872819792,18.01617820789056,59.6997669916999,44.16859704722723,38.51348213514998,60.848643786307214,43.04318719340578,21.878626931264378,49.856055893782695,12.661908998525899,47.65601958710333,36.78342355278989,38.00276964984766,33.14648613023577,39.20294563740006,6.605663674057775,41.98697062033079,0,34.265035515959966,32.894827679092586,31.624835082180116,30.32334232419272,37.88290677835369,33.11414998875101,0,37.9060845159591,36.59721311081043,156.64736711815658,15.505429959229692,18.0130211550141,192.6788708971031,30.814874389215227,27.405923324784684,3111.6914255420456,931.1813229032934,112.76646923553562,6.546276459310122,2.5127381118525456,0.35345860320564837,0,2.405417480804811,1.284540128364815,1.1564067045748923,1.1642283968565117,1.158441818262088,1.4266280162375782,4.824007573712377,5.46809504349392,2.400149736579604,1.1689292395503745,4.178112947359221,8.411773282750293,8.63393888188633,2.203337735541549,1.209043363996299,0.6334094392667847,0,0,895.6426253603456,1812.519690230569,0,0,1.5749918462429962,8.467163355046752,12.023852923041655,14.223838707289543,12.129784167986541,1.11550304501314,0.2846226154245519,0.08228751054923401,3.616072548154958,4.766865832896703,1.8026316810711294,38.314717011884184,195.82857038731984,3392.6712226283976,5294.3142468669985,2690.4364779650637,5333.181610775144,492.9769564026126,171.27422404990637,28.504084634071887,7.211374169217933,95.4526796687229,76.62136690735244,7.1758848752084425,21.906583423554256,856.382624205833,5.758732730738175,4.5126657781213995,16.514505358754842,29.26598385588795,33.58253189204564,290.1830062106535,258.5715500652277,52.492761454423004,51.14789364136515,181.06290724956793,172.1447006953455,922.5370486501583,3181.709197273743,214.06495215466575,163.9069985193024,94.33529785806606,0,199.52525492898224,189.25025939282455,2561.5101961489913,1865.2180303625007,1266.1985520450912,274.24427460731704,281.9273458694595,168.45105942947103,388.0240390198717,286.2837560219071,838.6827421226361,348.01405555517994,294.08027575189976,243.1879515513723,273.54687996073255,815.0741715451334,958.5092074693831,155.13834259442262,718.4524020756336,204.43683859056753,657.3474787873514,704.4855160969902,63.690521385918714,92.9109542062612,218.2315823395125,242.46743501587434,57.406393908468765,99.20145763946093,27.033737236358135,17.911421781343353,67.00133911199443,127.00554124130262,614.8265570644694,1560.4878936938971,729.6463356184555,1389.668794610262,1181.318205759128,24.45622588734811,168.15527026470033,308.3236344867683,123.42343324442653,177.00183076819542,1036.8259443885763,435.72537148492245,429.145714155071,379.11375607709874,28.120851829669487,390.04319207667,446.6701207033347,612.8169097821476,774.5828158548691,440.669175373685,188.53429907134154,368.3724948882046,181.38421004128412,122.51427365712982,72.9639381404662,471.0543060880299,2110.051716004581,264.7431203244469,526.8725453230254,636.55054049144,760.8630941738389,437.19658390012484,62.62332254791668,175.92981824996187,89.67900735446682,24.27444577208109,125.47971763913331,92.08434024035249,72.03683632407686,246.6171044767574,199.88322508342102,22.294688762573422,155.5383225269642,27.880658266782728,100.36038120159384,253.65699495203086,727.8691123791824,382.76542907549236,267.14379386287794,141.53427039200926,80.11485177448606,493.5758138211942,73.41707024431275,508.45795882424017,103.65437682457994,1112.5871433925054,394.09901698618864,109.63798934149439,51.37156524420638,73.80644923253236,70.89635872531821,197.99193825405348,257.97913274312333,320.4343890846308,658.6021691068205,199.2551432297161,53.98989899155975,137.6750038986707,73.18861200933316,165.9326453021934,81.31551749368786,81.25019795152076,96.51030563507686,39.12568365535481,69.69812286575822,47.28522642947611,266.77959976752595,419.4939041567902,377.38961492892867,308.1522660000275,397.1811026201232,482.9408073490442,702.0841806560607,264.7491138190057,225.4787975227445,591.2917772970304,479.65724312981234,276.90783634380665,516.8476493234562,252.4750177535543,479.5704487301416,110.68491949418379,303.10305747160555,332.121853017616,772.4449249708634,736.9251564456566,1378.620760865043,322.5923673161272,201.4354357834494,346.24476505027786,2510.190135055278,582.2323795745801,817.1640176437888,823.1267084192215,253.90226535634375,138.10632427891514,26.211732166825698,123.21996131118316,185.73866408704183,14.628185455821885,52.43189665167847,94.99778034798827,27.878097428445095,455.1513258104349,604.6264525225346,379.3623237807721,138.9049397803912,58.64341505510555,96.1330895973754,305.46851825432873,886.3294302194474,358.05508158527255,6385.235101870566,1300.6407359058876,1007.7232891808019,863.8611227756505,282.36479459686933,319.12451663401407,236.77621257290875,357.93617360749323,276.3170458931277,391.4700399698359,400.37572380002956,547.4189080249498,670.5157026711105,575.0903037163743,146.38585711419736,110.38097835056857,228.9219047126769,138.7193089569,134.4498913955306,86.70349123081155,125.1773645277933,126.1253626147694,14.248781484348836,281.19974237756134,140.39294946605008,10.413075540538541,16.160232080494378,311.99575670799925,191.6535574000809,262.55954447951905,244.44502587347114,622.3746303801497,1662.8477315940663,1450.9276312896436,1804.619189261348,1286.139259236691,267.6971674102524,363.296120931281,547.918164202121,867.3808432167649,1528.3548325370184,590.5114306504424,311.0609038535489,22.72243940920393,138.10889762884779,528.4335679813504,106.16847969875371,231.47508685050062,961.962288747991,238.054044444204,22.63556996833576,203.52650056053668,1584.8064643337507,458.1220008116048,81.54670991088538,56.01325879179472,633.6174606427087,219.21780861187773,102.28877720961798,121.8986617420341,362.1416995308503,84.70828211974333,130.2704303363445,455.60194576085496,373.2037877147823,798.0985834772689,1397.4312235025147,1394.1437667132623,59.58378874468019,59.92085930540203,47.566429931668075,131.07901884387587,40.00461856786937,37.50482236412395,127.50093326264411,563.8717180479612,1067.219075841584,1717.930166326657,3681.254081975728,1184.0855947432822,43.180889834592136,674.6317722295947,71.49179475391476,799.7335596404362,107.44079210190189,655.4168137836582,277.2794367841137,157.39780739110228,203.10716504113518,78.36594203647203,73.7873827093867,184.56778389066704,84.69257973473464,318.21624630387277,233.07572518956007,250.85180113320874,272.1193807398917,23.69258812348832,21.689136449990098,136.63288244412644,0,0,0,0,0,13.97928397256302,2.2811008501777796,5.245951164974552,2.7595255976781794,19.807636697204043,735.540737615868,70.50069265330856,130.4384300154981,11.944782772352276,107.35804532980508,32.82933701420763,252.0384207730732,1923.2982904003238,944.8640746920207,1005.8603857494921,664.579229484732,604.576191679654,217.24003078799748,204.35475920428837,355.62068315168824,329.3678646342774,255.65781864806732,528.2355452759575,474.6574182419214,87.21728052845495,404.36392197916996,1091.97843118615,648.0577718520814,90.4340440050399,61.808956518433675,60.82438088341882,66.96288292524379,32.38382874810144,64.4938466360291,29.327742549957804,66.10522637506925,60.65646605499935,89.56919838060952,82.73204176138037,194.53929148624414,1391.936085006615,1817.4171015341342,2283.855631866896,699.3265847822661,627.2724998528981,261.8421254395548,231.56853903851334,1371.785781827192,1004.1285465299956,1355.8030095176389,188.99162726410918,130.17257237937454,127.51770297138903,78.14841096352842,756.9428642382146,194.21781944509277,101.91030895592321,151.26819986719175,481.71294309369546,147.6479101650325,598.8150503848134,291.0790775538007,123.2130919153787,1971.0173496757548,932.7378860789809,1094.0465083904269,1052.0613321052026,755.4824668007784,1671.8182246461326,761.3251397352473,383.48749811673554,752.4674720057145,3228.798376806951,724.5892276646766,471.1978379934213,11.168032818497275,38.100116747010055,47.115264628726834,31.26521706064262,35.34453677005624,31.692534095827543,18.711222419697705,12.821847788552866,121.42311857220031,6.805079681678075,40.43099815943346,7.896430232234005,187.8818424712619,540.4169702474422,2707.3600174863714,6.657479816352852,21.258183278569962,3.857414988990794,191.37642682700192,865.3967880982776,1080.7657473812678,988.5042027162741,543.3559135964153,512.2018387424755,138.40368617366826,556.9582513855328,1183.4170745625972,756.0162947799142,2574.166112841082,1253.5771015404684,2077.8239050307193,655.1577517236402,1019.4065209162985,1043.0349625633303,1737.2411391107498,2728.932779269132,574.304056922288,592.094339485218,2952.4602897581103,1794.297594747491,599.6367102458706,1682.98375765488,1819.2410394302651,1045.8294346802165,1976.081805541907,3098.3790592515434,468.14712348495715,5001.696790703973,3990.6294506329937,58.52187167212592,2038.791420183274,829.0968028238632,37.588138756135315,1581.2504345587975,1755.1171909812201,1330.3565461148744,455.36985730790315,53.964441735800456,180.0595099690607,151.23802822927604,24.06235860050377,71.32757173436096,415.80271341912754,884.9690500751517,619.8815101552287,68.61153140630582,301.75652689400636,23.10125190778741,18.508023543201826,16.121661594872,16.19552867621397,18.136640760629167,16.167015498075813,27.7357233162376,54.4910494185691,64.21196252259018,46.89354442998663,8144.252457755089,478.7244195913361,2208.7140455188,413.6855794804675,18.54848775631437,186.76373340775123,362.9112577826441,399.31652055596044,41.549564394687756,639.3661577962183,2590.3717037440147,3560.6865656146056,416.18250059896525,230.39606536664846,308.076137288724,1900.1673121964425,8504.527288633944,210.65085531731833,1876.3717608175562,719.0738660791509,757.9148547429195,804.5067623221677,99.25297258317013,715.8716750592355,122.84965574669666,310.79094970435403,46.356643635283845,415.5257719217172,40.57596788331476,21.968114435294847,21.960009638504978,32.76474947547633,8.0546636777888,24.483882756833154,87.77153093858934,51.49987263382108,139.92908579088322,52.655120368732746,115.93183591338251,775.8432723175679,167.4951717253061,142.98573340081896,822.9685574946791,88.77516232580341,93.76555643744621,554.1682565116607,1036.1570705210202,338.9060655562297,97.42323906864448,212.5947020951679,263.7589423995115,89.60879788466545,128.77909894676395,644.9844509402055,154.1676726464318,303.53069081090143,93.63938393620096,121.9262182908613,239.82835267347164,409.5023832758911,99.96677598722562,108.62028546140668,105.72666165940039,121.22771915507708,257.1582110659643,439.3432507799176,337.3733303633276,86.46233179342795,397.6187407110784,80.44601993531283,108.83328392161647,139.005292482949,651.9622754147625,504.83171061093844,31.79680528148204,65.1596414590597,153.7698901585612,63.55956434784442,26.403308499637347,49.85909558153741,171.73821748179608,406.54883997115684,128.68970342346014,283.83820688568983,526.4567802142838,1599.871160727992,7012.248805094105,20045.07022581916,5856.194331525097,712.084710203225,754.5831256262369,680.8911572291837,240.15097800889268,296.9136714958048,317.89868716760884,373.28366703492566,208.28368817583615,119.61700206196889,96.3794817683314,311.0880128207715,282.8713522188956,150.4468558219969,50.08516029586351,72.93296309945974,11.045255296837079,3242.8382807264265,40.328218705720744,22.27211454748566,631.0069091425237,79.15096765188702,58.296990626419685,58.79308828884093,2.9222548606442724,33.19734185637678,0,53.20149037879177,7.899354584535171,33.96625224993254,35.74096930369898,32.512090322808255,34.283055878472155,32.81535287620455,36.09646480547583,0,0,0,231.93857794403792,92.2578704406983,290.32954986967275,315.59417789954676,226.10110422005116,108.00072643242493,132.59816989591909,492.33592682856346,423.6509799271962,545.5737480008564,416.7678517910853,347.3853699623905,211.19479868549425,196.21061156790782,176.35876617031613,163.3553434192619,206.69980770933105,112.15864153008089,196.8698848092552,192.9129991271317,638.0679953318748,1011.7337686461825,202.09129229746353,560.4679646793683,51.84472693276448,165.1453110091196,790.8929614759186,182.9739101756929,228.22224752937376,1061.289849506428,191.791301310473,965.7262066173105,1091.332621950767,1112.636542950327,1447.3730356688604,3783.0228337501435,1700.0776457211166,4643.765597695983,1000.8727124106199,674.9212649288335,403.44951505281125,1155.1891534348422,509.9660853561236,1968.95725943084,0,32.19089804979241,31.628792018532433,81.49856610097073,50.20133854070653,816.0403109377421,58.77897952766284,50.53336318084354,31.028016578775425,201.80050752551205,844.4342051578573,670.2167118565095,1044.8322937511557,3118.462823756362,3298.184431054731,21.10433788408364,82.29202663100821,241.06811347265963,26.824321102706595,126.97580286263404,234.03067996462445,97.23533855064981,183.3566182861902,234.75482786913554,249.1539603947407,147.8382013550771,399.1388329091989,104.0366040817439,153.19819089105312,39.83704861255126,24.369901206655584,11.181933407090144,68.24879013667704,23.19491450553516,8.387698971261331,175.6871279645401,13.87283956164243,299.728129142325,32.69419010005846,120.2971334886851,7.696316953467511,1.5572930516127816,2882.72917563586,2909.2231710953906,630.6026803432542,691.2849995467507,145.79707617674362,1525.3066275834078,1359.4695207271848,795.404575377885,418.3928380270048,150.31309441988614,144.44670864619556,145.864074554296,45.880071089997664,51.73296668917561,64.32713119878017,40.40541009076379,42.81077725829366,85.37092312395322,86.77321083482602,120.85416219264066,521.0208110321652,1377.122468052035,458.81387572073646,150.4302158014553,45.528130439974625,35.23504578879906,77.10453964860346,72.58398306149886,37.16912009016034,667.5464748047835,268.23795367685256,101.59777404212693,69.59024590448593,48.47942186672761,419.72936609166254,363.27796518733055,764.4997210707571,797.2314241384885,238.63344509286642,197.41962514725344,374.0059446412773,399.93953028881316,664.6063350409786,253.83927509098217,12.49213238839425,15.18640266087301,240.65121442884623,132.28979217165207,0,44.966012511214494,7.796458452235877,9.825157748949321,83.63399025722666,664.0002332172675,1623.2916949439607,1757.4024592874246,100.94860558916298,105.46085091600158,35.67783722276067,128.724332441082,505.1603472602974,165.1234511875678,607.0489315473496,89.50662371300507,89.24456330298732,272.52241625843584,565.8005184753985,95.32878003493144,79.97254036100513,8.843910989841932,5.524210098081723,7.027643066065225,22.312684037258176,6.569929462313376,203.35714528603688,144.81934671034068,10.138298030920925,13.650171077918872,42.15624378719684,22.09729599438493,36.10986829121815,267.9650421484112,645.055776185287,24.545363068460162,167.2701646916963,143.87262577387807,15.709512898239312,141.3366213719818,0,0,31.760783947648502,281.8649188173613,175.11107739925188,14.345399059546665,636.8196892638312,370.20248411209974,71.26232823913928,11.72837255903489,6.7840671324482384,47.23651152064054,7.99934224045928,61.546453387046974,11.04070301566127,6.480291837667359,9.075246076301312,5.463715600625936,8.397380069469579,4.265992240611982,17.168471372230282,314.25728144861546,3.4237098028763353,1.5575272271442846,155.60832948307586,752.2273115997843,557.4144588482031,29.088826592110046,204.94120816851924,278.7531852926644,234.73049233806907,418.7286722547664,204.3838656297726,271.52515390947895,42.16462993390714,74.9447088483322,1550.7224024165807,1120.1797401639415,4233.662143052282,3160.901509003936,2602.516648998403,2894.3984311828362,1517.45334563675,925.6854311032213,5.391820963960399,0,0,0,0,965.2927953810783,0,0,0,0,0,459.7293720295382,0,0,0,0,0,0,0,0,0,0,0,0,46.785944787802144,72.7790884386858,0,0,0,0,0,0,0,0,0,0,0,0,0,0,0,0,0,0,0,0,0,0,0,0,0,0,0,0,0,0,0,0,0,0,0,0,0,0,0,0,0,0,0,0,0,0,0,38.059436300250816,75.8105609456855,39.99997243926469,57.87619395292462,0,0,116.87585622651606,0,0,0,1.344362459870443,0,0,17.704069815154114,0,0,0,41.50765484042513,50.65681163848379,0,0,0,0,0,182.78964782692438,3.1394175921083023,37.024923659387625,7.8437280397410625,0,18.76914455274412,20.909814656346636,13.667975657497122,12.56394991918757,80.42316997141955,23.000491279525658,329.1836942762402,279.550569612404,106.54158508175246,82.48643719472943,127.5335460449373,173.7616548374744,0,515.3621363114614,22.098429132620065,228.48380768415333,320.00534438701277,1514.6353241009958,117.79735340826016,0.7604473165496773,92.96074115021241,139.0247225046854,154.8781157464687,98.97880899513132,121.17984746370514,89.03618571673489,86.31987900112098,180.01709638535903,7.503742433471463,115.99828424749286,120.1269909640125,113.55838530674038,4.124593363794145,151.4179079142429,57.047784115846184,5.926684971899607,4.241827686607997,117.10647007549348,12.617525211340315,614.3416276928448,442.298373441727,18.76798130795777,413.97477587747795,320.1705956538219,581.4012812146673,133.4803149647939,568.7265366915304,160.40112237046807,520.715780026681,118.21867087250325,274.07548743999496,427.018739283716,41.74111518129408,690.286079250011,367.7880484376693,37.406672127789484,179.0163264768253,30.75072884713056,19.91550791133007,60.57092426883541,348.25838306428756,364.0709297572555,760.1263445872028,389.5960110952786,448.6731782562119,544.5721748441194,46.31406769028846,4.304531455779828,4.04607250907957,0,1.2691555039197597,2.7446748157823446,2.1957205490479,2.037236353075999,0,0,0,0.7828289370874486,1.3114126208510266,0,18.75422763169287,100.81328639808655,113.46842483452052,252.9319009278942,0.8449284724803896,612.9620212624064,338.3491557719139,164.43926256862528,8.03089082654537,3.392885322795325,2.266630231891452,48.93228720695454,44.313750244604066,70.61916216441374,74.35181282470963,370.2446875302512,288.9711150330124,116.17977334568778,346.2746826022531,212.42225402899004,509.2419230253403,686.3557632180722,1552.4347486575107,1716.0237771622708,1205.5911117612459,1873.7612790720402,1187.1708134897137,225.57380297657562,1183.082675552612,1323.9401166796124,1341.0895800193457,728.3286419684052,1533.117063597712,3.6809808792363667,42.393766178586255,326.63044515122846,324.1061508302176,725.0131981311656,801.9850460163184,576.2515743805055,8.075681321240316,35.872191703847825,38.62955108507991,34.97613958095273,9.79120551071863,50.308982826550675,16.410809838467287,17.105638247352204,25.613325233752107,174.6538677636816,312.5899724376335,55.185360465773904,123.2114989182756,876.7554743153788,115.26829517544192,549.6563395555416,1056.493520496114,46.43911962451355,13.327331463477355,652.8257707944496,245.87916873977218,526.2552155003718,222.42950752608772,256.3728493611474,323.27832646377647,204.48060460131413,104.79712052514118,769.6736953870086,619.1627136335785,722.1162468395494,1108.1560266161223,351.89500790208047,156.73569541469797,302.25937364334425,85.33736591498699,177.59403179818466,656.6522624686415,606.5154120975448,561.155876067861,446.5702219089406,615.9273499929999,353.9558966016188,349.5615428785595,253.651057389361,403.3883159299937,788.5752281887351,1101.0964683614231,993.0992818032446,675.3910967168633,387.8671722750211,211.7701732792791,314.394283423816,126.91826760944898,501.4085256013263,357.0566061210548,877.2105920481266,157.46135574166982,11.875862277478404,7.923041511453524,15.395626992310405,30.5067811895012,42.16924282586758,1081.429312069448,2857.27097662937,2471.719009299898,160.53759619540196,406.23569261073885,1421.3075870969944,1294.743653611828,173.44532181599413,436.1694393973344,456.32470829818004,383.77892041183696,189.90999260178398,1323.9990464919856,849.2155287542346,145.30532983308336,105.16305869344653,1109.257391626184,293.1931054995078,390.17518603787687,353.6282571353894,702.2047128507407,244.25454296102163,190.80113590849504,209.75804973279324,180.35436886355825,714.3914178602771,361.6102340683752,292.36599233858226,313.05602784083044,297.24814673675587,148.61016514709817,159.04816056589513,442.8160825253611,99.10302934251393,246.5633288920595,380.79747280373954,157.26932510586323,199.36846540656387,508.0939403424257,992.6047145176494,133.1813670235742,597.004828931979,52.22999022797329,1173.8808097754184,976.4833351485645,165.81360466163545,252.45444527387627,247.59242205540485,943.4102231064275,1049.9865899357417,993.4962852636888,666.3325946427799,76.02874328916863,139.30772341733805,829.251612383028,272.88488175341985,67.25184859457026,244.78237797769114,742.6213073834989,29.72158106782759,1133.6804544725414,249.79890615329262,182.63058605951665,643.2259375912561,626.3576517052967,120.74545200547388,315.8385494604546,448.4173370050584,242.9588719906176,659.2812998473261,307.43177427124516,29.464857724238733,201.96241057380433,145.95270849527492,163.90336342464317,190.31503282883256,382.69406463411104,356.0855717247509,676.651202869743,320.00206021102076,552.6090924033278,359.02856832599747,168.38076175153242,65.70060904766603,529.8585346706357,226.29464993696104,834.266281106112,1115.1355927587304,1157.726890348918,475.9690922849363,347.96114989944147,419.2163436903188,771.3212071883627,439.3266789250578,440.4868806171893,4.1027384847558785,18.249562639931874,114.41119622182786,63.732659720726595,2.225333017359511,4.504307493705133,26.412119878619123,2.9169501732898975,9.492992256241603,0,0,0,2.070693052453543,667.5504070075572,0.01402370579063585,0,734.0619384686881,946.8389580257196,1515.3846853665539,1163.704305292689,1050.723399618827,1400.325465542036,621.3545836744366,1066.5851296242456,0.34910942764569564,598.4389620657638,0,36.44711601509064,0,411.11925677553506,36.87370398211978,649.9177159713431,0,0,0,0,0,0,0,0,0.9169943002752363,0,0.05239060704628115,0.03057831552594453,0.12725014193527184,0,0.1787533754822326,0.2785154647143514,0.013177697167556875,0.06113503504881934,0.09264887743189681,0.0945468702263375,0.10400951505485256,0,0.13018627598023738,0.2476593066050833,0,0.07222898506465011,0,0.16667342494862322,0,0.4709686312216611,0.1395005454772905,0.5487276874929046,0.04921346420612541,0.21063140967695643,0.22755220967477735,0.10959423006621365,0.8774775084688219,0.0968460730647813,0.23562642813603818,0.03845347105732097,0.0011478497627755602,0.014804981886732073,0.031783623102769616,0.0797159862811794,0.033382054876746704,66.90675914708822,199.11251652048648,575.0143469814799,134.92443812740962,870.1990921139803,31.493137345724154,47.45472582451232,3.3966461255461233,0.6241644848894473,0,0,0.23405175125981573,0.0900185577278434,0.8847245880047648,0.10982006354690603,1300.9870956905058,653.2644386982308,228.09524346942644,183.37192178962445,494.48245120413526,69.88987334211463,51.416851989798936,243.16426477883184,48.697308973818245,128.13474254650563,181.76812226339578,67.53065699054001,364.12385719736926,167.1231232067644,512.3411094309027,1233.9511698626898,259.28667911269156,147.48669808942674,686.6473191404782,573.7322726223824,211.23005509564874,497.7689118971005,1507.2341249407857,1673.9736432578754,977.6831091925154,599.2089840241957,350.52685767791763,235.98852317617352,179.08514855173553,142.6968965355555,720.7227577895425,938.4977293960078,640.3967106535445,1536.1049431675444,647.6910805438872,911.3200263056066,979.6976863288169,947.5824837548726,1205.9120119900133,1745.7887856198606,825.0816183204561,2575.5627277086687,1599.6534694645247,262.84975696939136,879.411226391052,238.08597656157704,181.61212326262134,157.63763959906754,1.898293522580246,32.31745415523764,24.190462961487338,33.25461612513089,19.1636094658325,7.404828660010809,68.4164479354218,30.86977391771625,72.34354237105676,4.5901308245832455,15.98783285985781,258.7611482241733,21.42418746551935,84.64938188269767,21.593806044394537,178.65031397409325,15.492352898271362,22.072109213305808,35.16685139786786,141.90467549648886,73.65594662794182,92.48789530239227,3003.4967895759223,599.1997422310625,600.2228117693569,783.189350954642,474.10423715681884,267.98346827780676,1623.4917490590165,1059.1020751579792,399.4114270066712,259.7679016717206,679.213192073828,1155.7260528550892,1132.6554812530112,3678.2742657459917,3030.462296333585,1005.2391102700574,2025.621327545737,1738.434541529668,4852.587359539609,5292.703569122949,2137.764072785124,1453.7242324012277,1372.9874384445814,1618.9367126243963,1910.9042095276175,1003.8657341923645,1371.068889912221,778.993628482788,1474.3414087803692,1323.774706843829,1401.8214743017336,1304.1841216780288,1643.9632429486664,3526.4780281881344,3613.8078549621996,2359.9240752206438,3349.4900505666055,2019.5079877532287,1625.937184774339,895.4046474897167,260.676851755591,771.278301539981,631.8398183680448,853.0960968183792,165.11592600944704,280.9502742200929,392.8989234994333,400.9600133211776,95.8012588309339,226.10040263078912,164.32265203627034,203.847751678369,242.56089096760013,475.43821037437465,92.43622025965895,4.389265683993381,15.82768228188492,213.44155892431795,200.1034602084332,191.57791889305477,87.84358313959982,319.7458723853281,124.83885320341008,53.28483324797025,236.2741500719897,339.9907825163004,203.51835796314387,513.0923282568871,113.87890487120562,0,18.851967711147122,140.52859178799727,24.093087127841745,86.96307094795469,119.53552886994812,291.78090373482,367.0052900344391,696.1056920104869,241.6669620926242,1121.9340765947893,439.3744760595007,1808.0840581877924,288.70755720923785,450.68225275894713,760.897581468689,3030.099797550334,5581.555146299793,7204.599027281096,5847.919530343732,5599.128674232156,6748.119619830558,4983.5176209971105,7473.75079244336,5937.4820242830665,4118.604822641621,2204.1848925429745,280.006693004696,520.5811710919457,1723.0463264665323,1902.4364306618072,1336.9505319794932,327.4431773154338,175.30815450456666,385.34245249910396,153.47171866435494,108.05312437589811,1389.1367331809313,746.7881405126029,1075.6381937046256,1215.5097731799174,2878.1509080210167,3132.953004733135,4171.814102675605,3261.357730368124,3310.7462244673848,1724.2397472915254,3166.720751235356,3521.3430327765213,2382.4941911973624,1742.5167715650193,3586.9486933169105,2482.1653075391055,2309.147330843649,2698.6682921720335,3806.545952923548,1976.6417123125134,1697.7155956350946,757.2819443652298,11.011104211535525,216.9775590848651,71.50350138389675,44.51853175721453,93.5325110147694,213.11633021967558,307.6312449072053,257.20006509186095,215.6698419796429,166.52358486031548,295.69113234613235,309.85063718779685,283.27872468105136,879.4513857493265,234.80778690677232,223.05468319295395,572.8082557185716,519.513042370428,677.7724025030187,799.9060872036628,335.54055511590906,1511.7542630207877,368.8529634622031,1715.3345847949076,1007.9315800191417,490.9007670911584,321.21854075800115,532.3726448879302,372.3502809714894,294.11450962685313,156.5246593947766,786.3724212371241,369.4488657030372,214.092838244876,155.28548379814893,368.83321324811106,317.4913354516024,297.9164775953182,510.29600572394446,334.55438448140285,216.7619136282794,223.54679557514157,168.6559722337294,214.77867858164646,2911.4614386987305,964.3068368263307,455.6212116777399,595.1180252607675,1179.1418890642203,1157.3129517247007,793.9674476433455,1084.6830415840925,425.72389627464963,232.31283195287932,320.0394285661195,98.45735388239741,124.6299256191899,302.0794479094092,83.59419085581105,280.55820789612056,307.85556753987987,216.0569263674333,267.3133255116792,920.3583185301017,397.31062020089246,310.22095522996443,1029.805343063124,544.122674332895,735.5987187837155,921.7598184089517,982.1042994118247,961.1608623122748,560.4102890956162,920.9962309264564,1276.0446993085366,868.6660339082111,649.4203910482503,866.9146885992604,878.8720405809917,277.54722035816803,296.26690123774307,168.07187577922005,158.9882513345052,163.99712277245564,107.28854972035612,113.15483117211191,151.49908435472224,779.3814606427561,361.897196684787,61.83188967339902,295.3343851563662,371.1739969962036,873.5733021030807,1424.7372734624391,1102.0692409201447,1040.311707990002,1800.582392627092,1545.8377695361687,6668.709726321506,981.3721850894246,1085.9612395685765,452.2072399703327,298.1254203566374,934.5948632250334,2232.429996405398,2901.2749590908884,4377.255312862542,7910.872444709721,3969.8054654030457,3024.2859159402174,2377.3861807386825,1657.893610358531,3292.767586353296,1379.80443508985,2044.3874313510648,3170.7941787859127,13299.699590139968,699.2659938289464,948.3414904570178,821.328464599369,909.7677464418297,1121.9050915589605,494.9739928629765,230.5581302166541,371.62740252323005,940.9331480211725,1126.5866148793764,1040.4400002505995,853.6581452921913,742.8472657181846,558.9965295219853,151.1964490679552,21.218548099289368,234.87371082759879,262.23162309844815,223.90584228544768,33.86705321844185,44.206266977970465,1.170004740944344,200.50706621241105,140.22082674929442,2620.1507638740277,2183.0851306814147,2694.680248716214,3273.7564203473107,1251.8355495975948,2067.100194182022,1696.2246113014758,1065.8834078233904,879.307495807997,590.948326809789,663.7137863150364,448.8821028864721,664.2295012318624,589.9611430701874,674.4144576006361,543.2436415680206,191.19615290007636,594.53724006456,200.491494997582,263.63924648829646,178.28971172876655,336.92463464290523,481.6291255540812,292.93961693330937,80.12040585263286,75.20093670328126,52.76026226812092,559.5488057228454,70.83974682439357,414.92755490270264,338.387767454697,230.81086383503205,463.2789904751453,277.95723327196805,345.14546151028696,586.5532820380747,800.7822537209956,1609.5488388331894,1484.7347608583896,1529.3398912367315,2859.02815399818,509.84165095204156,725.5897622946401,574.4840262472734,642.9532281847091,607.058712416255,129.27624548053757,72.47509617442698,118.38955316045245,88.14567234865827,73.71858681853104,65.10285952624781,122.55308587738729,2.0282431328905397,1049.7358332303354,166.4196888710829,127.58241083801772,43.27901080494107,53.61950461324103,1693.6760072610289,795.6211863063521,1406.747818390174,652.4579521491655,180.85191288295403,175.83539609590787,523.6465564379752,382.7131710332677,701.4659689910934,886.1216972185097,257.8788145387606,840.5959185648005,1194.0718474538105,1524.9059980518946,935.8830216650437,886.3626564985732,835.2468632970399,420.1929293270268,823.5416260350103,967.7195077622637,2011.7763952150012,647.9723074341188,288.6573225647038,93.18479054113257,78.92239337167999,66.72940542493936,207.84641602145248,72.7004150837006,69.95919304957552,2235.3757423106586,2717.0401731650386,1551.228498159006,616.9472705531982,1262.1224343880615,967.961502077141,82.36161465906008,120.60350689161808,814.4337929051121,688.4252342958209,1596.6995805491863,2208.7551842698103,1356.510959829013,651.2482305882753,647.4209866267065,411.2461944555918,238.54224580541197,60.96673104455098,224.19616702538423,626.6485650461105,856.9994088143014,873.5998474540706,1306.9250772361536,1462.589569402962,1018.19281720704,92.25508614821405,1371.2213673297128,2584.653734669633,654.4379858530773,28.843775834384772,27.778545397627457,82.62243559944613,26.206503783234137,24.226767319915776,30.68650145187673,26.883008217806033,714.5332465442291,10.767580136196914,479.49899750574485,36.65823296150218,556.3446014618346,40.13330938086067,48.497534035925035,26.287640736251962,197.40119441254433,32.20508638008533,147.85346436405524,69.77783074180614,80.97151525321003,109.7657239901584,337.5708280149721,106.03965562764844,172.16997088042686,52.10467771701464,170.49445316824415,394.1069049039824,243.8276412813017,292.1823321457997,262.2634747524849,464.4086495086883,99.8399007349821,167.60085092561846,50.813963659519004,192.43149094303405,22.875746513249076,39.405002183234416,67.56524096287407,81.47348660777827,65.9758276289347,371.71243561180916,202.81917393855647,126.74381130179094,101.6846845076451,60.525571613341754,64.67551859578441,53.81917482837303,53.99571907810517,59.06187459590956,141.84598502095977,46.40703811334971,49.31965476619518,199.6947838707828,48.891932534975496,133.62967240104808,204.98321099014478,471.24542988344984,1514.5777496414275,1809.7688643018287,1459.4645753478646,1071.4939725607821,155.2940877659828,184.7503861731947,60.53914985368943,177.35642167351833,412.06450114062216,335.92455940886754,142.9956240872341,487.6787695654069,157.80559699917688,455.0666085449871,492.6409413082638,183.47352592745122,438.0302548780544,456.29314061535246,128.819120481833,467.4651492473231,171.14982703568876,151.50380547672566,19.676057313649185,227.7598713998832,161.74203306145557,338.89786767324694,595.9107109195389,458.2581091678068,98.27265829733085,319.9051591669511,98.88474457340504,80.26611625491263,278.2476987230591,220.15768281821607,433.94925069482156,433.94102951549394,232.1641144118839,234.1780371131831,97.05617933564388,119.35152497376484,54.412570572836586,421.6603007043992,730.7239630664083,1221.0182975385355,754.1958444288751,1004.9493538816026,1477.0588077370292,1832.8235919664276,3296.9074460823117,1885.9078427955405,73.79607202731023,158.5430923848401,251.59406818960466,528.4987953112392,226.52443208165167,241.3827045253728,247.1221168139243,325.8571956029024,581.5234062876323,264.1352290986666,265.2058626352631,274.9854995670481,1167.5734015176702,285.90691573584763,114.93827081166042,331.12771706530873,628.9166758706216,360.97495156346525,73.7861581781701,163.00069264390484,20.830242700231924,215.19527461207215,574.1064303676237,827.8894707768734,556.0016735081374,561.1150952331423,487.1159768615946,825.3365878774126,309.90028385698884,73.42256694088438,244.8780876270448,268.98033605267426,95.66639483793571,165.94639635838269,98.37244297427955,274.7764150368396,333.70998253798473,574.8000257627549,351.0172926158734,302.13246633397813,233.40054214452348,49.20367095188296,1247.83120185428,1815.6867498309316,1283.9424166660704,1051.4374326811344,1721.2570822530502,1504.0875506656782,1139.8512005867597,1686.3078247406108,1237.78342744849,1822.6648337256593,688.8446753837444,512.2084647925963,202.25633021824825,767.2290864162402,42.01310953095114,411.8763761402392,589.8809296300905,547.9834077221967,864.5094024484638,676.2985080971865,34.32273430355125,232.18431212955988,50.12930302663584,118.21335635036054,305.1264033712538,257.91803534604855,295.4165003676232,73.73692157823649,9.010757966633143,29.843196999451102,39.64092836995423,115.55564254378334,560.2254768822488,108.14386384596676,630.6331275392791,675.6842829577511,198.22987739748956,113.39432750371675,579.1232439211344,157.21297370442406,52.47544474765187,36.90809819007958,263.06013943055854,525.6109827944384,230.17296991330855,146.1080356531692,89.62170352786377,147.31379777569057,65.96581410203305,71.852565279203,110.04743630313713,179.42438245108372,284.24169664133586,266.7014153606624,176.69075509025464,610.352263256756,580.9168263930474,39.874872420846266,74.11465336351387,186.037561671666,297.1388329558393,97.9907908872906,220.00022131313128,190.57206620483177,75.87965920515963,84.2168339532575,76.84525359843515,229.6406151715176,433.46525200450276,71.86325571644082,135.89749891677434,508.4342672530815,1455.4451127356801,121.91876659443179,211.3518778862501,426.9241689702172,292.62604031534494,42.859841067722314,47.84461068991165,209.58246029190656,348.10516732836896,71.9006065926223,172.7747841763262,337.78141363289234,159.07108689717657,656.9220919627503,939.518170944635,892.8511627656728,1222.1481975699235,273.89348432373095,437.9576858351703,295.9425388388085,125.23038976956673,137.60468276741418,555.987306080844,610.3465125394346,114.00914037325623,24.501111196118366,35.22267899118719,84.9319391788876,27.08196198640875,60.99641108160062,11.122715460692763,36.90983595737725,105.3862442425366,123.08065851624441,392.36235548303534,149.7797287081056,219.14751558351304,492.65469125115806,186.7638139862566,11.093252063823165,205.21082515472506,0,0,0.16847514988337664,0,0,0.024340364876983846,0.3091777559037013,0.5964894116876078,0,0,0.0608741025950789,0,0,0,0,0.1681062731048527,0,0,0,0,0.01126127601369245,0.26040540623969066,1.5351799849609273,0,0,0.00684187861623232,0,0,0,0,0,0,6.86622978890471,0,0,0,0,0,0,0,0,0,0,0,0,0.6577280777232541,319.03311409533455,3.836617561542483,101.13535176309276,3.630077619231971,0,0,0,0,0,0,0,0,0.37388147230646157,0,0,0,0,0,0,0,0,0.15756273105612095,0,0,19.651071970981683,0.009872930117997331,1.87806022791911,3.1512712368406475,1.065007117057268,0,0,0.8502990138981711,0.022758049094604008,0,0,0.0038650578842693265,0.8554637707438768,2.5356246882454685,2.801340684294185,0,0.020637196574211994,1.454328268023558,0.027147972629983013,0,0,0,0,0,2.6408693720748793,0.1713168178782871,0.30431204782674354,0,0,0,0,0.17092404633231842,9.866725331718866,24.76270994463901,6.282356109890414,0.9432568281477421,3.012927642362482,20.540547142033564,1.4507543674475538,0,0,57.48351133916957,72.75444370889934,44.923276448426115,33.419540461712785,45.90101082487187,1143.810688731018,986.542673396848,1364.041206520275,319.7905290550522,1163.770800585881,1045.3093675093562,471.15924525093135,307.9583867814966,522.062230783733,2338.945841276871,1289.4581638039733,1254.5699126132508,6.4521837874623005,34.19885155992408,7.11436776056903,19.997338903193917,20.276965944373362,86.7137169330468,96.92650657545899,355.85327376139526,56.84188795420299,0,136.53970260275491,454.3317224370396,154.10626534545042,101.213417585136,127.62764129637871,451.42464446798834,376.0069344374475,1183.4072051611163,798.7587271961302,1386.4160767260032,7.532886299232504,84.49628851213122,19.2845475502878,0,0,31.668238176268915,136.83651506641934,2.5451737653853495,0,0,0,0,413.0601863227658,0,0,27.01306861728419,0.16484620289113133,260.37440676515257,1138.377879711384,68.49422647187214,1102.5550100929454,274.9117697997465,1133.1674284205214,1181.1725433810518,544.5337930848368,188.85012826307707,0,824.23729825579,444.08155085538033,161.4001652105238,46.054308734755,30.505909913891845,243.3408482041207,146.16202303108992,307.5650057299273,31.277792580776783,45.61981528972956,169.78253913007273,462.3441975574223,998.8754583215808,79.95748217629989,17.557102379256346,217.68309053543607,279.05357110040416,147.16515992509775,369.343130477569,133.3077766076652,1735.4460742811636,2509.8196209475145,2352.0288890279226,8405.104543360616,1985.6919893431307,8477.739104378656,2825.321061025321,2764.2603367806246,1256.8387665141936,2429.79176947036,1506.2959984949914,1676.7183130242681,2223.3779775502703,885.3714212498116,1232.1189696470676,1938.1903410781645,1336.758737509744,725.2603531513823,304.1684371775188,264.65804064218514,234.33381736083626,358.936982288545,1087.5254201658154,717.4322761848067,1775.5390402443588,907.9800123277281,1850.3445303901144,1809.5103981769755,2156.95136218432,1542.3223716201885,5324.589475354714,2460.2329582477587,11106.828390785835,4984.279441067979,11580.671832100297,440.71446653933157,48.652285094873015,383.9867445638163,107.59645340693467,1728.8164234692238,303.37611351359493,4.433442659690301,466.2588812570032,185.8482938706238,458.8296472318968,3.993759863065699,330.45431969870936,323.2633839087777,180.08888727126958,307.8576643591882,223.94262475795875,321.28936663568186,191.41211238755076,411.7427604460754,387.3806144714893,67.60091568607059,512.5666776002491,324.92296391430483,282.2865850664263,274.594559242423,4.885856728576818,0,0,140.7603466991726,43.51498207567763,93.89685985898016,0,2.850409740062951,21.769658612659526,14.277125167253072,711.0222330298102,358.60255477722257,347.3760632420452,46.851696908641046,116.56195868622233,164.29867489109532,21.162262289513773,77.40143622368751,54.68111804330247,95.3814201472755,373.6807952979539,85.52063093495109,43.30830699508141,172.7873336535067,265.7450143916981,671.1076393529205,526.192345520969,779.5455356070111,673.9917002349621,1104.8867649009044,273.65512115486996,235.71556675746828,1165.9440537012965,791.0147862671228,488.94123905054846,95.80003130899443,148.1366770040723,331.7465110884106,126.46832955387637,22.187716865259862,36.92992162782991,162.88708129163197,28.595567800407455,6.821430977976671,20.77272359734311,10.028513632434192,20.45315524393646,230.09329019938176,1201.4871201314318,531.7253107093653,177.66048954659377,51.365244732573025,9.522268548447398,17.70888192472746,28.33565974550712,30.679624067008415,14.870966833375679,31.334921480960368,31.49503926426351,29.30969258654248,0,0,0,30.691717025698534,46.82707544557027,79.04160582118108,48.45425107009581,49.082862722278556,46.919397658934024,2.130473723530973,2.1210518418108375,3.4875411890888843,198.7131219526317,1745.0681094862834,2207.1457967175093,99.2026677836732,9.589252932572832,61.36976666287852,29.41006555511697,31.04011215655075,1391.8621098409878,4792.3265609935,214.3307260295771,769.508082773672,211.9742065377998,8.05064422239898,378.5285954829674,15.740734812985163,97.69973286185814,27.19228478631945,0.4578751155545365,1.063719664997498,50.42839694690762,136.47994593120362,1699.5846805896902,1916.5141653292033,1510.9586401560546,625.7259183245594,1073.1035870802255,456.5239856035082,322.3109841958524,284.12819803102735,2534.362752001925,48.18425216438683,52.68747445970091,50.87731044147627,12.970578593256032,120.73224433085404,990.6127351966661,793.7874578152076,1053.9842630923652,169.8468966146334,143.90145256513796,269.6432385847893,57.60230094781692,18.897696238497186,102.34816760304658,3.6115040894580197,4.444290951480391,0,0,772.2533512556464,1408.001280845049,1551.5788116752005,841.0687003271397,367.1788169766556,0,0,0,0,0,0,0,48.43827805951322,1482.3839666615293,4782.729315035456,585.3189266327809,53.24956597515317,155.37007315410796,298.91440761564246,268.4491558744064,485.3187054570587,11394.915502619582,10857.892562989016,6195.060797757655,71.49098308931626,140.59013231971588,908.8886108755784,364.8681870336012,78.38153628774072,97.24659099531708,103.62615849775844,84.87978915007007,124.07889429323406,133.4424675009371,105.64642808033213,221.32710563098647,1022.8894155488222,143.740124623429,290.3246799489274,1539.553534478828,256.4686362480745,718.0256762455773,679.6064539090347,399.1307767943192,152.6789797415761,231.37344565330352,1265.1976545480027,613.2900470880941,832.9079554457586,535.5028881669984,405.4460457760742,499.51144483302323,465.9209272088742,2993.410178729307,225.03812033972608,5207.848113159346,4387.393643730802,8303.969152234533,2029.1555425276022,284.06301899038573,849.1603958848566,855.6225597151183,461.18079880444907,2540.048086100904,683.1388576064694,570.9336284414175,115.78424507379412,82.33179748097578,62.61902666681416,402.2957619857365,31.325525132922426,53.89710680691149,470.3797592403517,194.36723054796968,482.05071021012077,88.59212893377975,22.81406621425692,2017.7358141006657,59.39270833859873,113.21434412609841,654.8023169369939,75.2198816871432,588.169704776626,710.5710556297223,51.68587015505969,679.0916699964115,61.71109195099995,52.00297033494768,101.43562499352608,107.43498126895881,605.6211888838637,1179.2245743621145,423.725467549509,973.5722815316835,215.75317993351155,1129.1173938889751,368.2709639058905,178.32341787045226,118.9440828336179,157.19575945857503,105.47674878006454,72.21077027735977,233.44209091665127,790.290098745164,115.90114260756825,504.24839954102634,70.69954088050322,126.09934842928679,701.9836867826034,4100.873431167892,417.54255509412326,1577.1953933110842,362.83735812387334,104.94723203270051,52.61560720046026,70.5639445093881,383.9126497451371,1105.9979415437879,38.31525508251981,133.38159296270274,2606.13674946746,3449.555103179172,359.60030959282494,1400.7623338948601,121.15915507166872,96.26908786789718,96.46064564611066,86.10186217056068,137.69909696932515,233.62708067415448,85.4237045891038,78.16280747793253,83.5843849659698,213.3236562188502,81.13943715033214,441.9278139519691,1050.2574563914527,251.86946356997876,226.2546598214722,153.11685960413604,402.7524923696104,471.830784184166,2520.989163046465,1909.7305554154148,398.0306515162219,847.620600520178,623.1169145754891,475.5299141978734,520.0225432053359,1164.580913139985,1131.1120297450884,1374.0538102590172,362.72068717149114,3268.191603443218,1396.9389824699529,4978.9286247783475,1179.239349594092,484.5824536275104,4801.9048258848015,202.18001652810082,53.4897258295095,77.08767746302536,28.775285597715474,1174.4481485972276,887.8500653094328,782.4981754957201,445.255363619863,433.86893571879574,402.9550716759233,386.1056821185423,220.42110016461646,45.246471360293064,212.28559755594264,327.44694358841105,26.328418222490004,250.08842854029606,0,250.08842854029606,144.7459851672574,360.3845187926829,119.23226866825765,129.4917634628886,305.5606030377365,453.11416641767056,130.2686800855011,569.7593627408702,139.3334001004693,136.32192968294393,599.5780578207913,24.13839622215821,208.66204573828966,139.176975179289,241.45451130303874,1828.2355745364582,87.85619916484255,0,0,0,0,0,0,0,17.224553912798807,0,0,0,0,29.0042514739419,68.91353777574541,90.71561409329911,130.7639483891324,360.16602705010104,4416.297755134705,2235.668986555393,238.4545974961811,43.835410559552564,15.236332046929128,10.362382407940197,19.22701703559702,18.100941703188415,55.42287508327133,89.63843827558982,1655.9498348049242,3850.5298532407805,2058.72566186384,629.3392230085934,374.06712952789013,340.8616772296577,31.124488722927683,25.165325768434272,16.2481529845732,10.963006571722117,10.961545449996116,7.297896889560301,7.335958754059956,7.395758053187022,7.276755591665267,7.732903203447736,417.6042600226696,494.1215172352565,6.1471419490395025,5.918111792431582,1.9739724500050653,1.2195808114261906,1.69470390834722,2.3456679128706064,0.7077876387726139,0,1.0398767919441725,16.87183365115056,116.52090769978561,10.3482318786872,12.020390621343132,11.953139004979441,11.987876561729946,11.997304250540916,11.926625809778153,68.04606357976702
6,320.128032362134,34.92595138774746,187.93682971784884,367.386956190889,368.02167440055575,29.288182645069327,585.6560386315414,426.27107305898335,417.3658666324817,301.4532963464074,193.37128633457291,317.7947551895523,233.73543461362146,141.7837307799231,11.502642874667243,90.25369494831246,112.37724075509902,1347.7752847429658,242.3596783911685,1172.2850383072982,52.28836534790081,861.6108544973105,252.38452099707624,343.00015197038977,128.3768535347374,281.9575008189633,93.35518908783466,235.40222152144176,441.6121552442738,996.0164981014167,2661.695335021094,1690.189484976958,2870.1042876860174,3668.965347569508,3552.718001509555,3932.9710867568165,1703.4758191021563,213.33754578651934,111.80337149220104,92.62851015570392,450.07871456608046,118.9983330101067,262.5100779262376,1495.8291391435903,943.8929555797018,447.27561199059375,46.83433151805623,80.48763596069337,246.58154105883597,76.25166489084101,296.37045677190474,191.394024201241,3.4795105585457606,214.46205553238957,4.17898766745508,376.6711323854578,219.76426509543822,10.243537995697434,2.3710107172171013,10.810111960536032,2.3732421125337115,191.10192917897518,10243.959979371597,1.51935428956592,2.59979937851384,2.5914127713691664,4.739019881246337,2.4078808858621095,11.582631237126867,4.122005441603094,1.3104600938639457,2221.4795283387884,4128.952807203694,325.32304042535685,1.1312450764568553,6.044216021557094,0.12995275649436155,25.273700092491378,0,0,8.717824303756299,261.12668479847395,0,14.942046705166174,0,0,1.1415393183090008,1.6569688878986606,0,0,0,2.234036340378083,0,34.90345356987428,0,52.65451094064514,13.097973611111264,4.814327693379256,58.92956759913886,36.545374405166086,3.7164366013007752,0.19849240297220705,54.47463802730915,45.031511151904674,693.9686020283534,49.994691813084025,1.2724796807019663,30.17129058531147,16.92251988716226,2367.353776392971,544.8671590155627,8.037443501952675,5956.736278063175,9719.886189366189,22.516079752291496,616.126064639481,4547.514168694302,22.755268881153132,21.468782947149993,106.53771200892733,0,34.483504656013906,6.0557587968633415,0,0,0,0,0,40.13749870737854,0,798.4312168430754,0,40.10542825691794,10.524557514561971,0,0,0.06669285262089716,0,0,1.0223199523216902,0.6685606178425613,0,3.7226904394875042,0,0,0.7507145905249092,190.86214261412306,7.769321891453043,0,0,0,0,9.346870914593174,281.5767957396167,2110.972802157648,1226.3957262024792,88.90694239968556,0,42.02669943072251,303.8247670039108,12.081271208189428,8.305785242427254,0.8222498795113399,1.3961872188307838,1.1352093302734827,32.487281476836806,60.85227463041313,0.15392049212522133,0,0,0,0,0,2.392651057538791,0,0,0,0,0,0,0,0,0.13858565942308246,0,0,0,32.142360561927326,292.31199655022897,36.95398723185473,36.200234536055525,757.1812645652432,695.1655399334828,542.5618153400754,52.4211369049713,1090.0925241446039,549.6267125843449,68.27060746599162,0,0,0,0,0,0,0,13.566498818327764,171.462457426035,9.427671418928778,0,0,0,0,0,0.12935440025547817,0,12.585744449678364,11.201443083685582,1.5839164560545533,2.506848370176006,1.0772267112640326,0,73.84275418591271,1578.9757504517788,1650.8746912967895,520.2885349859359,133.54984467822717,0,0,14.58696362755148,0,0,8.34781765345901,10.864055403869674,0,0.9764578303684563,0,0,0,0,55.396891470449674,1.387417773319331,12.791703205195848,1.3253381231567147,21.02282677127566,2.1822860778293496,1.4831209546551583,2.1900718602458347,44.209216978269026,349.98007631304245,205.41184903864666,236.10069864323822,418.54410107441527,165.91391459133703,53.64656493674957,54.276674344429814,486.3850387531538,0,0.25736471813116196,279.12334213783504,233.55203850569185,1389.8941058232315,2762.6894403991287,3729.713131491208,1097.7307731482465,228.68466912750426,454.04872516213584,12.764712821555197,2.120009543058533,1.5049843384822477,12.71653363325306,0,0,0,0,0.7242580562233647,1.2618457420980143,223.6701780636532,187.23942141153245,246.05594806996808,467.79120271779954,42.51616596953604,847.4807387860271,979.1785654961329,28.401754205786855,9.852207197641865,13.96290366364195,20.377961371015925,25.524456163024865,7.757553680080639,46.66279864371775,29.787396316685147,289.1624803807135,101.18937913700654,237.76741295673435,912.2216166709023,897.2344710972876,1367.4732672906523,2669.2416203777225,2419.978606369176,2227.429962157039,1170.6016511373878,1956.439064063919,1132.3384984172228,282.92798278334925,723.7761748498086,537.0861931470978,446.65923141436764,165.08676561206082,53.73915881383055,42.404105296570776,37.34259228249035,17.24784879791201,63.27862889705435,48.83873764969605,3.2591676769892146,411.0767621599125,81.48404037872145,723.4095734271998,419.43579685807606,1045.8891799224746,5851.991940082835,1794.2121960479058,35.148151153393876,1.8200634687297268,0,0,0,0,0,0,0.16322995645818764,0.2722069471869001,0,0,0,0,0.16995828099279345,0,0,0,0,2.391303959773042,2.330993360982468,0.12253816600396174,2.3884430120339295,1.4465123041383343,1.420648225958004,1.4305641696146494,0,31.656184686749715,1.3469366914570635,1.4397445182052573,36.88824002299755,243.79249984788203,20.01053230481091,0.6055586873711718,0.3595931558600495,2.50366154673019,4.852472675907232,42.24545252393439,0,0,2.924099907203307,2.987754413425248,1.3062460896061863,9.133643986499157,1.1562279154352602,31.37477217703207,0,13.347458316280854,12.521733003846482,5.770188032267513,13.778703689001873,63.21709186782982,0,4.959272629672407,18.632044881656835,30.446503190993635,0,0,27.01951676010313,0,0,0,36.40040839225239,28.08704630669272,0,0,11.40354270562764,3.4811520686784676,32.35850480700613,17.902793256505724,29.810416480105395,20.91518286324062,5.87560968416813,1061.2410354388317,0,1.8253919445693803,0,2.8135731200260454,4.28144536612528,0,46.142501065362126,11.595057589415315,4.0075950716157,40.840963613945846,31.68500698629153,85.78564427573224,21.639400277165194,0,0,0,34.92696386857667,13.745729226545832,22.06864063860779,0.8722873388417822,5.335487670450025,0,0,2.04586258706398,3.16492206548137,0,0,3.007160263443827,0,0,0,23.1943141368406,23.69000857475322,0,0,0,0,0,0,0,0,3058.0420219955286,3663.0948863026997,5556.557587804983,5772.290027307092,4787.164723163972,1071.789153160218,4043.1737054381047,20284.899065502213,0,951.9387040595595,98.88132666040052,323.6224135442049,1136.3622353057408,344.71147619652646,263.57197676216737,1169.7262523409827,344.23031569999506,403.6024329253027,618.1643918315456,188.22471599772473,169.08201876620592,432.42581028407665,345.3010806338943,801.0502741459786,1301.0406719653151,328.2840365703879,636.9928835837704,369.50166893821705,629.546634732358,1113.625467260451,1583.733357371857,1475.5993399249987,618.7765721771576,7312.69818394566,3671.2209318662594,681.3390524194467,1168.243270596925,347.1875764078666,1124.6715515758717,684.2783656212175,248.94181602281074,137.46078194505822,1171.8140476696915,1113.8508363782278,258.8932055518816,1416.8833428762396,438.49449817242214,1321.2815791387557,8022.248325256401,21977.19401457545,1613.1126436191064,1440.532377354838,278.9726273968054,621.4352420252552,957.0439281893928,1461.3483267747438,602.4433072698641,169.41239339070557,105.64825422033545,533.8406971757038,0,1127.916820051759,587.9484422136509,770.4242216468143,133.89361662018226,104.41574421882225,165.8472931660971,547.9872843381138,600.6782360457255,237.45624974044495,73.1400035783311,33.96749771399869,30.944366284006612,19.691051432165178,8.38358604475359,8.456667659050577,64.66451353199393,8.697518173619411,623.374690134469,692.2367574707614,397.05135506083445,1914.3847874040916,8472.914931074962,3177.61358071007,3996.615815016111,975.8850929156312,16.706078897469386,88.3006312067159,13.145161517402114,0.25057131856986964,159.09707195509577,4.449505435810023,1611.7060775344949,1273.8102599739702,208.49976364189075,70.46320763872069,40.26647414173363,246.64850855294952,162.9406005809723,998.0375787567419,191.02310890689057,8.193626387322267,95.84805836143002,269.71657078073713,713.4619789343404,669.3394491249467,686.0848855529417,345.97639081535476,17.83390446836011,214.58680869119516,818.2039983279183,203.8807952915276,30.354130764429556,8.052362191698785,27.480690751311528,87.08340286719744,1456.1276245578774,1728.456676006512,3917.0725292215766,2972.879056452182,2169.364776825545,1635.961990750366,115.87385198707098,343.50177193450065,1140.5358738623215,2156.380494686729,788.7660086416777,451.30496109872547,140.3937561060418,59.64048676703872,37.77488549270501,363.98602817888616,6237.962524539113,1892.9142484224985,388.7425817151755,4566.644246989205,5396.046322064831,1391.9087980786849,5219.443378065678,462.2211667647371,248.37093800706063,253.01688039088484,0.15452757923437274,96.69787096313533,70.67899109380501,0.4985823942067978,0.5299846918719516,3.81522572725895,6.665601274768615,36.655510973546065,14.124061446176702,40.29299669674532,247.59782990737438,425.1040815750976,1197.4343760758738,1484.1946653465834,123.96430418748609,773.8282447806415,4517.26442955997,4059.5407085827205,906.7083702974704,270.83415715004134,26.814956234139977,21.333715189580033,3.775709583742144,74.36038746277242,22.684282808364625,1059.9165794829516,1316.675160809044,755.2006695052194,581.1632435554483,337.11414128415134,1490.3572786206933,541.9048527396911,153.54875357009874,1886.9895871171964,265.90459063068886,3.5730213670901536,60.43784255967785,99.22052238103808,25.397469851811056,7.1991103952870175,32.87507809650442,42.656364980741046,6050.521656493514,140.3859199069876,35.59191233148961,8.236937459954358,31.826677613481806,1362.4774966632187,2159.306796857801,229.8885642257308,54.00816162636343,45.89407434589701,235.23425132679895,158.9491228667727,949.7427161183901,106.76962183640738,1451.8015757046433,89.62899055213767,1588.1427971657617,4033.6474963613027,4613.8040311281275,3502.8592383371915,461.1766018655754,148.0853659071522,57.52418076843556,60.261009404387806,1506.5225148230543,108.56057616500966,155.24989679511822,110.85151276746477,1260.8843595506287,411.76618416572586,892.6881105919025,60.94189331517228,858.8054993830269,1224.9644290638846,326.834353399202,53.048580416802075,88.76664321444866,2065.1857453492926,808.1215479201087,884.3911783652935,372.1137498714298,296.03255051510433,154.74762901699617,168.3712855859384,12.404317536547813,19.196085038481854,47.49750836735134,5.189848045686074,30.115399205825238,775.5631026556948,1642.6525655669304,158.64011798929346,1198.1664090481336,80.9266538788094,8.92119696184095,144.9184465967284,0,0,0,0.00877843503227256,0.17514447704153616,0.7762857667215036,0.4848760371899719,0.03572555806044534,0.025271079148089775,0.06143692870267804,0.0660982560898225,0.24468537829086554,0.09478485856415997,0.12109832966975224,1.0293916870188011,0,1.0934112649030967,0.2479443654147612,0,1.1343200036467183,1.079744370724211,0,0,0,3.0104627844313043,6.316459086660763,8.67820508169302,1786.6684569448964,1916.1220336053566,127.19144696279328,24.57739550632583,122.17807844189558,73.15758689960452,98.37521874596389,4.227148319340816,3.0812028221281116,4.085469088620732,3.678146671103911,3.962687393436834,693.9526346159563,1112.0851152842017,1925.1968306458762,11.309161819466762,112.12016243993973,1759.2300723815404,1575.4902151550139,2757.050266006307,989.7151298424197,3557.3423573845616,1195.0509310141476,96.19634635929216,5.817978532795505,48.55971302327437,52.37053356913761,59.71978235466853,113.85406443821527,207.96299169222797,231.37371070523116,75.71608340210037,60.71440183700301,2.4919539562820465,64.56978157660147,151.2409143673455,4.679764389022789,11.285980189642379,9.141334686682859,20.326047986415347,2.5261329815441176,12.841628848524124,5.037755111622846,3.1040027867273565,2.432732724137737,97.69152090413615,44.63611413042898,954.3104776994354,119.67073713245027,423.17812307209545,79.4212253883245,120.65469642740787,477.44351609159725,190.58476662633637,3119.1600916226203,215.339451835717,1676.6986373886905,9577.6837632957,1597.7626329475331,60.90052976130716,2.8216471393560765,115.78903821616314,2.592007295439896,0,0,0,0.034989538039800164,0,0,0.013077814048351141,0,0.08087655132131223,0,0,0,0,0,0,0,0,0,0,0,0,0,0,0,0,0,0.1070121451378408,0.03701647311414341,0,0,0,0,0,0,0.060985126720990934,2.449089380193256,65.71395090732057,1.102423901248326,161.68651500790887,1.1865726937167593,0,0,0,0,0,0.4667693475764012,0,0,0,0,0,0,2.390683087326577,55.38137077407248,17.05524733310042,102.68542250915374,54.69032972263312,574.9348244031022,2371.16930920188,1699.0089218849355,1178.9970170835368,433.8017217124065,229.09970707358647,1132.509695008836,1994.7683913041355,1797.1652861559842,5704.076546533991,0,0,2541.18744052985,3037.6023149548564,559.7087759388924,1619.9828017877933,2268.5900059602086,1894.9947813465776,1761.0318088321926,1730.564167583179,0.010611732990082055,0.020323496207483468,0.14557949959485025,0,0.3913367281364544,0.043553676221766945,0.027940537058835244,0.14315707012927767,0,0,0,0.17861520063311775,0.5403669988262056,0,0.3481304302591805,0,0.6627237809981998,0.07808267547031764,0,0.8923320122110786,0.06431713618054553,0,0.08585531242007703,0.07186672330015449,0.11156979350107557,0.06150279500825792,0.039462238395807814,0.40463865709460783,0.1716546724316288,0.15220875928466784,0.2517883385792331,2.3118771198952777,1.1510624712031874,0.026831836531669345,0.1523565733477753,0.1734734519200155,0.17097187966853944,4.3893435392081805,8.012487331687673,8.427491542741112,75.21833845099837,46.85985329857067,159.54238817005634,8.654233297702675,15.606109489100053,28.7717474972996,1050.9511585311789,0,1004.3186911561284,284.6493891486905,36.62387887999113,957.0992947026363,422.8211588042535,1148.0297772875097,688.6307632482335,623.9972526451361,330.050097882936,34.7790742590838,17.435613929433952,190.86387115132624,25.87558998553885,11.311059162801635,79.66632134679665,10.766994402048143,124.60797636360446,27.65550602582895,55.462221589149564,88.68968111224547,111.59051069025878,7.020843826382803,6.071446553277295,15.341180772429297,15.79361360405842,24.352096439185217,24.295000272890466,32.91543373575258,105.89710284713306,36.11846919199047,19.061103169402216,14.853430838998834,62.86038787991246,332.6231963051273,442.76064481409855,740.5858275877733,330.34079599407187,168.34168034744104,518.6507598985633,474.6003911229877,634.2008965254528,372.3037698153743,10.993826746690676,17.282086368425897,9.659484194059454,10.639037811694221,26.35574540175166,68.41735651002884,40.824858456019754,20.586907293203076,15.943556995465492,10.573923911475429,29.49003055602804,18.91768175004779,155.60867491440575,49.225132265338324,346.6548268270075,21.52219463739048,119.17802502741728,138.49757140926855,74.75160551289282,46.918242981404894,0,0,0,0,0.18107079196770837,0,0,0,0,0,0,0,0,0,0,0,0,0,0,0,0,0,0,0,0,0,0,0,0,0,0,0,1.1033443425361882,0,0,0,0,4.158176750569996,0,0,0,0,0,0,19.4554102642704,5.733151511087817,3.493143448860494,0,0,0,0,0,0,0.16873306623244116,0,0,0,0,0,0,0,0,0,0,0,0,0,0,0,0,0.03848450966270804,0,0,0,0,0,0,0,0,0,0,0,0,0,0,0,0,0,0,0,0,0,0,0,2.3022345362778234,0,3.5991445562416695,0,7.933540382574126,0.5996268590131206,0,0,0,0,0,0,0,0,0,0,4.820734996127551,0,63.477578179928585,0,0,19.61569259929985,40.60973186351524,1.378946538823025,8.584141602582493,15.676876723751146,164.94431413238354,41.18479664175769,78.50791273899043,61.6490831801385,75.86937005274612,41.73359569505101,292.85728015490764,253.01546698423945,352.48283015436965,321.2388180781523,214.92895087625612,302.51752468798156,1007.2651163151196,451.93507311162324,520.6851964305624,1376.8237418431777,316.3199031007438,125.83792278562315,0,0,0,0,0,0,0,0,0,0,0,0,0,0,0,0,0,0,0,0,0,0,0,0,0,0,0,0,0,0,0,0,0,0,0,0,0,0,0,0,0,0,0,0,0,0,0,0,0,0,0,0,0,0,0,0,0,0,0,0,0,0,0,0,0,0,0,0,0,0,0,0,0,0,0,0,0,0,0,0,0,0,0,0,0,0,0,0,0,0,0,0,0,0,0.3307585468650294,0,0,0,0,0,0,0,0,0,0,0,0,0,0,0,0,0,0,0,0,0,0,0,0,0,0,0,0,0,0,0,0,0,0,0,0,0,0,0,0,0,0,0,0,0,0,0,0,0,0,0,0,0,0,0,0,0,0,0,0,0,0,0,0,0,0,0,0,0,0,0,0,0,0,0,0,0,0,0,0,0,0,0,0,0,0,0,0,0,0,0,0,0.031626674758219016,0,0,0,0,0,0.026844863562545954,0,0.253932609636634,0.27732171187402715,0,0.030039624643681734,0,0,0,0.018963975939869038,0.03557058601243884,0.19477190537310962,0,0,0,0.1201163349336207,0,0,0,0,0,0,0.04177890193369744,0,0,0,0,0,0,0,0,0,0,0,0,0,0,0,0,0,0,0,0,0,0,0,0,0,0,0,0,0,0,0,0,0,0,0,0,0,0,0.19880823006205942,0,0,0,0,0,0,0,0,0,0,0,0,0,0,0,0,0,0,0,0,0,0,0,0,0,0,0,0,0,0,0,0,0,0,0,0,401.50417076352886,1703.4664644037757,67.69036847606424,0,0,0,0,0,0,0,0,0,0,0,0,0,0,2.9373603444376846,0,0,0,0,0,0,0,0,0,0,0,0,0,0,0,0,15.974908822332353,29.678346669778044,0,0,0,0,0,0,0,0,0,0,0,0,59.34352842903764,139.52658984500195,33.83213716127575,107.83531670885276,44.33827596780025,115.63156830966965,20.680962675890964,372.08259736704156,43.332012915317726,70.724808212414,158.80962312051048,85.948067713883,8.83371874530201,26.89719683561259,9.998806780429092,24.598796602224574,0,7.8791156395584965,4.4609009410489175,15.051038723146918,179.09331626121266,43.878294691768666,6.067290926766119,0,0,4.242030341668181,17.86335750081364,9.190365635397862,0,4.5479223530756405,101.59769445856303,141.23200424997924,44.20805146679623,116.02562303806207,34.36132401749836,253.91104057906657,9.489012634584137,34.08686872665556,80.22794902564667,9.314203104891602,0,331.11523931751145,225.084429439361,15.419044811437432,0,59.06536940214353,70.42784067225836,826.2299437121993,1891.9447134014456,38.55239495113906,1.2451920050171852,25.070069115849936,2.2068222653039986,142.57322496156348,1705.019399295029,686.991569566083,2.250944229877931,26.85064068115608,0.8245616837376727,1.4126012898040239,161.0036867945831,0.6675742888013576,13.089898810760792,262.1171599423624,250.10568713323488,12.921409642232456,0,0,0,0,0.023438006286521623,0,12.613031890746717,3.118362251554703,11.791562355923647,0,0,0,0,0,17.069444423517,13.441609170723488,0,1.3805708145326405,0,0,0,0,0,0,0,0,0,0,0,0,0,0,0,0,0,0,0,0,0,0,0,0,0,0,0,0,0,0,0,0,0,0,0,0,0,0,0,0,0,0,0,0,0,0,0,0,0,0,0,0,0,0,0,0,0,0,0,0,0,0,0,0,0,0,0,0,0,0,0,0,0,0,0,0,0,0,0,0,0,0,0,0,0,0,0,0,0,0,0,0,0,0,0,0,0,0,0,0,0,102.68784363730549,0,0,0,0,0,0,0,0,0,0,0,0,0,0,0,11.891244885035883,0,0,0,0,0,0,0,0,0,24.79278641010691,146.4354544588104,352.260401018235,464.03120182468945,2335.261384351873,718.9323973081868,198.83873878228906,37.164504386537374,118.25322535467633,48.58930881114299,70.20139879465445,39.06475091643482,91.92072299053278,72.12124978506112,146.97028067173585,235.9894053073399,71.94492714825766,44.99840495291956,635.5126788136286,135.539435052615,2253.4888409854625,4290.8338351786215,95.7875422271861,881.406629175585,203.36908520058134,828.2467759888615,1156.2688345939669,46.0097927383292,2281.1521244819137,2096.149585793176,890.0881488121013,1044.2268537713683,2150.3791272638655,5349.80461909595,4656.462913207855,7545.786678407307,2848.044004603059,2245.6311213438876,1381.6039763919348,525.1644843749274,119.56826006636801,1709.68070418568,42.2278998784761,83.6798447415555,41.009463032466854,24.668672192852974,54.15601144625296,56.877661118473874,108.55877290627086,41.46493460660804,862.4593990719366,461.2813176741588,577.572717403142,320.58429039400187,780.7522861815394,1340.9287548910038,583.332955433268,1531.8372937365627,339.11104336046583,702.1164263304057,3023.6654415203793,756.8803530118954,1093.6806086542308,2308.500255481128,4735.939985780413,2217.6870263061037,3564.726761739802,3861.2295898333887,4994.600096998534,2811.6011492455254,6279.126069758089,4026.4189417773473,16296.544354812839,17255.40952654629,13311.26962697775,7728.920576472095,3752.4116148691514,1927.569791065578,874.738696815642,0,588.9886330274575,682.6948403928125,4285.807161413092,2287.065105382669,4205.37090566041,3431.3706911858612,572.6135298766886,1743.6183471109393,863.4332611400316,382.4126910131626,1013.2687340541527,1620.522559992035,1411.997403503625,2281.3590872258574,4097.6080001893315,5909.346329317388,5990.119890336392,2551.185876218447,1354.5842128937788,2541.469442005331,1448.1903088029308,5387.973889738323,2245.4215155136,1459.7338365873918,1626.0274783381058,2211.2663544993447,512.3547742350208,136.12746698562754,277.381729337516,271.8285453792937,834.0379060847254,295.71324971570255,879.2583494757292,137.76412817279333,708.1530356252971,2503.0679386177494,1067.3786819395184,2472.056995228632,789.2289947896459,392.9326451880505,1785.1134335798167,768.4771326304399,2981.326578443096,3086.9078003330237,3486.4603035676632,2634.992630694493,1964.394990268074,2087.8842834972875,160.09270874876242,2232.3571212641755,216.32753107481176,2116.5428099540245,2894.210033071521,1319.4410796113555,775.5568550762262,1198.8470715013234,2957.3773129573483,719.6331162368504,3612.8191130411055,4395.692462647232,1219.4750184577424,993.3139930008906,856.2490348648568,371.2418579453536,8017.971937431843,2801.5356509522676,369.6064113757281,25.007448953927604,332.771514269637,133.98300368287636,522.8848072336228,139.55469727054825,120.77975371017493,157.89011810993068,1022.2186575800469,1788.8269053893027,209.46231328667812,1138.2802396170953,355.8436735590187,99.99201566288193,1324.0183694687598,161.64994625265203,1449.0974674597494,1189.6124890674132,200.29701297113593,1239.6373100343747,1156.6177410434957,1909.7640282580153,1878.2257273203572,955.6989783702625,270.58207357790735,117.8537810168445,33.50413639097306,1237.498553397991,2944.4792151807696,2987.0391335852773,173.97130001146138,84.75949436298379,87.33361785014695,65.02072679953535,81.45006128946524,67.41871776281218,1274.9324329621131,348.46894807853806,163.937123128548,66.8123893272545,111.43350585782636,38.056246908390925,69.93006940698399,159.28371961100032,726.5744295224159,57.198320424292184,165.86712553980078,425.71743111044844,677.7172041723566,1567.3256015107181,1399.2230780009033,962.1378484737505,536.6004392259457,29.331825475895677,570.8496404345897,164.55718197711127,170.47413160943958,164.68060990200235,158.93386674058112,80.8650730254067,1712.2290231964869,177.3152602862043,46.50601595695763,40.19266978841729,1242.3340402590632,4792.924592615116,4349.595607731966,4765.530310396282,721.2197971651357,43.4738585123165,11.89959717669978,1419.3092351496284,1249.7318227440153,545.637113814938,697.1802433368475,773.6666878153458,511.5884226131335,701.5126407778969,1028.9803328097507,1.1335490975750042,1.651292898049456,0.7839351531528143,44.73811245999441,141.88581474892177,1.157983296323416,6.614532401023548,24.20020771074754,2.817904138218449,2.4250942874369614,96.39589296395482,11.607993310110428,17.257535352168677,149.21080260501788,207.92383573709049,6.552591217668061,62.77627924628835,67.07498305843711,99.93572902927106,677.1217515850285,24.152735339854413,143.57737457101751,298.3617618695972,139.6558362752569,133.26101124438642,8160.327786513204,1885.7881179547803,1085.203004934195,215.29539895363763,267.5111754439833,14.849541195977684,50.722943832814124,16.564700254757636,2.172555570517137,1.9490172582834755,2.014711882100036,0,457.9892477899189,8944.315763774308,0,2.050668646488058,509.40610849357853,323.8909322256612,962.9700743412449,312.88492811346725,427.16997550905023,185.78373777561632,4.3070499307663,24.441146470108016,56.13582667006835,9.459597745614658,11.538099903153752,64.6261120365051,35.39558165313741,4.414351561067298,7.064444883603708,4.940045439695565,24.40004655790149,32.98468188027848,132.45895354959802,15.382974885671816,47.75176575022409,173.6604462517842,14.023175935866693,43.96656816523815,104.20872327102384,13.167144430584932,9.423511554851052,12.434503410933976,20.70670296916667,16.289455524192427,16.050259656978454,15.97848587203698,24.799017726985674,211.16512532282064,9677.704674955787,173.09665231622932,34.23243758208243,191.35066415671355,10206.918155512696,2555.506325363104,370.66586871736075,259.5530928785724,310.25269329306394,215.29859543203963,1707.3035896409074,8664.179551448844,679.8873299774759,291.29252204655336,7796.893507899954,353.94442567797796,237.13291890768843,74.87589315453802,79.70230420611611,332.785049637694,66.9248812924601,46.75870296646463,2.128693676623929,22.271682096456857,20.131982795254096,6.261713917735096,2.5332243921640023,8.051513895636239,7.660193794499163,53.93038242739121,8.464531576224715,4.601965857381969,61.60273513810855,22.173434723825753,128.6795572381123,234.7273182513912,3169.714662066946,716.4898414989021,49.816453937397576,11.134220093995573,44.55159262848587,105.96750660300256,67.42186260144895,14.591428261635643,129.4914668834801,101.68382539236087,94.0595821989261,78.69320296508714,45.70839642015458,24.960706422252283,22.756907191866414,92.22104428897843,16.709236740355287,6.254556540915338,2.49093085769139,27.921312981488455,6.995285790438276,84.76567003036617,29.429383770422543,88.1175261149469,30.832869896655765,83.18798751847952,66.85988131951571,49.4268190467843,15.27327979979172,45.68700008920641,23.480928030854777,34.48613116853675,38.377549591372684,25.717389451080297,14.08032995375861,52.966787715405054,82.44119256080361,147.58511437733654,100.98810054832964,27.32228100205887,22.191993058855964,245.39653098909412,3.7108476052987984,3.2029147728150633,4.951541513130874,31.558694603154038,0.7147195260241959,2.819558434937465,1.1131283449049612,1.1282119479106194,1.188986815895474,1.6465116930101444,1.0128768290841208,6.674348450918413,92.70600497803325,40.062688253367966,33.23212276572368,279.4156388621922,4.5566042212441715,6.148167403448865,11.996081479700617,338.356546256606,21.878662284374613,145.08354620638977,84.63047948535016,152.5140305629744,168.67912070174333,341.503853433098,170.89272471530145,287.6020110523503,277.89097993764256,309.9540400586754,239.16977765124048,193.48375178269904,206.16628577569878,206.94665984928756,178.68840842379976,212.6760909658066,445.64272210633095,355.83504955041167,169.78675054077345,27.187141944907722,81.31516839297096,37.475805005232765,65.39954398980151,96.5011241854807,209.27375843669103,155.1941427288907,136.6352425654012,87.32695333305102,59.87954856771256,53.762457690114765,33.58824160110849,68.44877423757559,10.276993506909092,94.81670394512534,215.23506019071257,280.6269528483391,308.84484113199943,77.02506613883556,183.14332337484984,106.7653281440903,45.705798394575936,60.209892184950334,0,0,0,0,0,0,0,0,0,0,0,0,0,0,0,0,0,0,0,0.20674309874060823,0,0.09744269197909586,0,0,0,0,0,0,0,0,0,0,0,0,0,0,0,0,0,0,0,0,0,0,0,0,0,0,0,0,0,0,0,0,0,0,0,0,0,0,0,0,0,0,0,0,0,0,0,0,0,0,0,0,0,0,0,0,0,0,0,0,0,0,0,0,0,0,0,0,0,0,0,0.4860861653504329,0,0,0,0,0,0,0,0,0,0,0,0,0,0,0,0,0,0,0,1.5011151530268858,93.14549432581543,0.5481460463711824,0,0,0,0,0,0,0,0,0,0,0,0,0.32356428120516717,3.6490226448733964,50.615571708915894,0.15113143799547898,0,0,0,0,0,0,0,0,0,1.0773077810034195,109.43596745440249,24.06783151312231,169.33530773285548,0,0,0,0,0,0,0,0,0,0,0,0,0,0,0,0,0,0,0,0,0,0,0.9899524512866026,0,0,0,0,0,0,0,0,0,0,0,0,0,0,0,0,0,0,0,0.6174989838547613,0,0,0,0,0,0,0,0,0,0,0,0,0,0,0,0,0,0,0,0,0,0,0,0,0,0,0,0,0,0,0.010184962304818931,0,0,0,0,0,0,0,0,0,0,0,0,0,0,0,0,0,0,0,0,0,0,0,0,0,0,0,0,0,0,0,0,0,12.88544887990648,0,0,0,0,0,0,0.1314411981460466,0,0,0,0,0,0,0,0,0,0,73.840856269094,0,0,0,0,0,0,0,0,0,0,0,0,0,0,0,0,0,0,0,0,0,0,0,0,0,0.2084799786925043,0,0,0,0,0,0,0,0,0,0,0,0,0,0,0,0,0,0,0,0,0,0,0,0,0,0,0,0,0,0,0,0,0,0,0,0,0,0,0,0,0,0,5.982352212485024,0,0,0,0,0,0,0,0,0,0,0,0,0,0,0,0,0,0,0,0,0,0,0,0,0,0,0,0,0,0,0,0,0,0,0,0,0,0,0,0,0,0,0,0,0,0,0,0,0,0,0,0,0,0,0,0,0,0,0,0,0,0,0,0,0,0,0,0,0,0,0,0,0,0,0,0,0,0,0,0,0,0,0,0,0,14.950516634965071,55.001606068107854,34.67971615892879,10.052626125864895,29.127929800361777,41.43097582083307,22.594536899568237,38.679239425006855,75.73373438950043,42.67850721100433,79.40929383623381,42.60293054596256,210.04781698312277,133.98488031876718,100.80415195241619,45.06913632023673,51.23974546480379,24.475913182429018,120.82205743028759,257.0444662068782,112.1093903314296,147.22448308631644,15.106063241032347,11.382663455919207,136.37906717754936,211.94828954631572,99.03989675309724,270.5447215439025,169.06457186667419,435.26611078536706,162.96006977112984,97.45872579294475,6.085662436424155,39.85956260218981,173.35116693110075,118.88278566280715,316.7982738745105,109.15711180949508,411.5306705038015,171.88674005055816,686.9428847846332,689.9923114646815,425.3636109181807,260.79575637826963,143.4534257744983,142.3214964660746,283.8452720407509,612.1813110869342,1438.8988151412805,1763.11687211149,4241.847127062152,97.672373664234,332.30004439424107,426.0198190639781,497.17993396644476,845.8389779448216,1560.5776002763146,57.2720981840916,63.976179067995524,14.463292779188942,44.88371011510493,242.23255547880328,94.65653892732576,1284.9603114482723,47.66521595145306,18.835204385508124,26.700001464267153,19.91608226257803,197.46455652560596,96.42502757562617,10.167411880667824,4.3845566390561705,21.375277940136744,95.6210577353286,22.35461458226055,74.7303585815916,76.44492930137848,167.39664340906657,239.98969359327617,579.044272454998,1088.2075232401362,2291.4041380669014,3346.7915782343466,4348.212001335833,2500.8795174326146,1398.862471632421,371.08095564159214,244.99774317242668,59.35206924418321,59.082468754754615,24.003265811857773,458.73617088075315,435.3849924863141,36.36844227098333,117.94960785895867,260.92878401153416,9.98916623572524,91.76319602242222,139.9511721747648,50.60320555640951,30.187654633929537,66.19883783429937,61.905003884316656,44.48611092285587,35.30530535213877,24.71044980378491,125.22024239175478,60.74839538913271,37.50340889439156,38.63738497970122,463.290410678915,32.84575552962476,23.288034722680383,28.03594729530221,55.48230513767016,7.2120395722079165,7.088978586398845,119.64627070212255,5.047424096954441,5.3621703972191614,7.258068032874648,24.166433414680892,43.285145941080025,477.4921812488342,274.67161953805123,238.29802504112942,41.852060267246365,27.19973371445339,11.163968007577163,134.4280294112983,858.4578538422618,320.01763846074033,23.651705229805152,26.711724558336552,936.0289505653216,39.47625075507517,1968.1563546365637,541.6099950388766,2199.1171329301083,38.10565820938244,59.145912189554096,7.541365070528065,3.475221626659509,203.2840238011989,5.609020900669108,30.145747812979693,20.251891964045367,17.1987213651603,163.31928826703358,652.1158609031579,1446.1486305353162,1280.1080786537195,192.46104166815454,610.9341235812011,0,2.281363912328384,0,2.287270199251911,2.3363355132719317,2.2962396142803643,2.7870012571230163,0,0.03485791264014102,0.4913228497733497,19.793311704299676,35.56534404461779,13.393686042762477,4.233043245250651,2.8221468265247847,0.8136622603968462,0.048615618924984616,243.6603385665889,5.573239290270135,76.98744102340584,700.7431050008851,6.669382862339842,13.055115356849305,10.082059818841248,487.4955429101902,904.5659151701213,964.1971612108129,301.09760325162557,167.0461505860899,494.0130777893837,1215.987674097809,103.04164350469719,1043.3315150199423,388.5999139919956,1270.4852118351869,1539.5541961557524,1161.8358256189777,1676.3216891978677,948.0712456687851,975.4189421762105,529.8634849694948,2362.834506362437,7775.01696598039,24214.23928493431,1855.5732730105924,69.3100786190858,112.64687048288945,9.407364055586674,13.825023427104233,122.24189990295089,82.9571066658065,262.39153413302284,386.2901555725877,395.7827880794312,64.42163650647247,174.0055337509916,2240.0113529388486,51.4443456187331,74.76379134979754,19.70455875222775,73.41580503920318,293.97562617366816,314.33183656052023,154.59161289200853,59.15465719446121,37.47779804913908,166.32079330446604,75.22989004665604,158.02314562356403,52.848770329081255,27.52253038854654,243.472988051542,23.520301903563364,37.36034664736696,75.06287843231631,72.98619692693073,28.414420226688883,37.53234222272307,59.03926508684946,33.42388073595213,395.441730429055,77.95215658683895,31.670147701678918,64.94830129223489,111.45949020829583,24.66725684432504,5.841840560789283,5.957060101504127,6.471842422294809,6.619603147901258,19.92275356794681,61.73188614848935,30.813404026268685,89.56702385415109,37.27810490894687,27.613904127551933,27.432274846700302,27.470405609788088,26.088830464968538,18.657339924710513,64.80721138877452,61.45817973701256,7.49183201593404,2.844199781002628,0,3.6430252904077776,16.19483294847962,80.83738855620906,57.50239188935747,21.415446820545466,13.121140883063667,21.841579056036156,43.53842206330066,37.43147768470163,13.314613032941768,12.928467191150956,13.254818305315627,11.734842639378371,12.524269086598391,0,0,12.452820869547535,12.590667907800805,13.07629034267012,13.019703530611537,12.844131479060076,12.703157330790717,19.72977187594663,0,0,0,0,0,0,0,0,17.96755314138961,0,0,0,18.238624999208906,14.212374204275703,18.436060740381766,18.700850557730266,20.580644520734236,15.895262586793013,17.746271777330207,18.324530052433722,9.247293964215277,8.87443925085249,9.699182408411719,13.887352086805857,6.512044913339225,11.1483671018315,9.680887950516569,3.576502844783972,9.479208002587907,0,12.641523863029027,13.128539987001531,0,19.77058736548362,11.24234079233928,0,18.18104206400114,19.405605739086635,18.642124476097607,18.613183979138494,19.96386835311693,21.104774188537807,19.47585921887452,19.476493095061628,20.00128452828808,19.73901550056928,15.294399656859524,16.44997862185503,19.66854910552827,0,25.408541167558795,0,0,22.672248111072754,22.059629536159733,23.785161977089928,0,0,18.812678209676456,11.699185845959507,0,19.044277052466597,18.29352995232347,18.721111580283154,0,19.62320155161101,18.13040307642058,17.72674910202509,17.687952378773357,18.219827181076983,18.219827181076983,0,0,18.035760700351904,17.98084612190385,18.335339673122114,23.47302542681203,0,1327.5061248106344,17.50113375627266,44.7952103868093,122.34344067810515,18.92787663151657,20.22790399605392,20.638684133216334,19.288058125100985,16.49746065823009,16.811294072663255,17.027230517045542,16.93305849823204,17.03979687228453,0,16.373990790096293,16.930769030715624,16.135078660103876,16.930712846079924,16.485833619692198,15.909686003405168,0,28.208572528962772,15.985830619187974,15.982121091914825,16.38051106384189,16.07047754203062,16.46976093651173,15.31475067190891,16.89663857379903,18.007571505655083,16.641784408144627,16.736615104349312,17.2481878145027,16.675538762129314,16.278815852288368,17.082737824295247,19.825054022246352,40.879416810671806,77.44545224869256,17.043614213165426,23.552771202505813,323.7980202840394,67.95444891577009,1.3976884941439642,4.824932969071569,137.68966571725605,75.95885576207294,159.29528654163727,44.434650278858065,64.84212050982111,43.502458879320336,320.0473127032581,66.19194532419135,80.21764758668165,1057.518177608001,1473.504822346409,23.13745113510864,102.27051130607298,190.21355467704856,11.898852334361848,6.784446993490593,59.15862113056004,19.219650840223988,36.790635752991236,13.68336104821859,2.2877650921467443,1.9986245812617602,4.693857890994272,14.914390560123925,79.9445069664455,2.761025397773999,1.8361984123669153,9.61733452958728,0,64.76949705803835,871.3227676789758,93.18155553031366,0,0,204.5093832001758,86.65162333654598,736.0243032361255,698.21014884167,326.82860506582597,1160.6875702876866,726.9298236682465,287.37404009126305,111.31550952136315,82.53873830092307,218.18837782684594,1967.671279998791,1285.591858275558,283.21372642138675,0,1142.1703376117812,180.77485569555375,107.06697610117014,51.94404659999314,173.9786794109938,13.166230438544414,319.07366226815606,295.4747770943873,339.76510119913684,117.71334410198573,102.63658175134422,86.53445164450473,107.41861654064701,466.72326329478483,125.19516787646064,87.57794609772824,124.81519132923215,351.3896006872372,798.4890192651304,1174.6962609393001,199.32603960777715,117.21346550807029,324.4519954205945,755.9107214919013,234.230626239612,105.85089121422433,159.3832349928524,1069.9186107146277,157.58365932976224,286.39799122505786,27.139342069182312,137.57632608688752,105.76685844090053,44.61799006316472,260.8101267090322,34.44266679664288,108.06506936527977,65.67313588228141,172.58958369640249,344.1158256960425,1133.024487485386,20.018333383440602,109.11891795183796,131.78862831007146,166.16437190767678,298.63971698350105,142.7086264016117,136.60599094602676,120.47052264817584,156.5923082063467,350.28899155369095,374.65623190153343,989.9337726357359,320.70837356461044,162.14462429256923,209.19397656043395,144.07937837788955,648.8114146069895,716.1978673829339,81.30110872824744,734.4814738103901,1545.6293135243266,630.9320168989362,1511.6879252545205,1780.145235246967,642.3785412947076,158.44185200808775,892.9830377357832,801.0871376999289,711.915339559344,34.38150835748853,750.8311148591662,205.0395351166615,315.9699692244817,1388.3765193012139,457.5509956604629,558.4297807283649,1432.7285125656715,317.4054376933923,203.22402249332157,107.94113196271513,372.37356167042077,218.7459781293096,56.230324352815835,55.556069136951336,277.66183062503904,307.37878339864085,147.26700713032108,114.50643663035083,524.3701397123941,908.1214072249257,86.0839216743169,70.13954833579328,306.77424588446235,437.45660858631624,363.433793965577,267.55886319583965,814.4386371478114,146.0098091379787,648.6342416421816,213.10348697776806,29.454283966896313,0,294.66820191910443,280.56535753396014,212.3851925831774,124.2218609295595,65.35472360259996,175.47055412084202,187.8699137731376,108.56816320472574,56.69146996840543,292.8845195925781,1047.5777560984377,207.89077780140084,634.4458042029912,144.33108945732437,175.65084047513093,345.54934496031626,198.21899500436336,310.2618487674231,421.10351318225395,110.3321994136656,369.4479683531057,164.9695554326915,124.26989407195872,40.3753471798568,39.55808048476796,173.26205141964067,2.2076909580861237,126.31496623121727,134.36523959930128,231.2677899531623,344.6957618117152,51.61463633532738,572.8263508357577,621.5833994663225,186.9200325022001,110.48841948516814,148.1880890706571,66.52472740481147,27.188141913826346,17.513868349021187,52.43383038035611,32.32750132686694,123.28885418390183,51.11518399876776,97.95475780349311,62.19682902651037,289.6374780463144,468.89848273914436,70.03354209178087,89.91428007315169,210.24797941849857,31.805911245921905,211.37841843604906,140.59122475564814,15.632399490172551,3.509194888155191,30.697522015867165,40.256188837095216,592.7710059513,2191.821429537905,0,905.4006490313949,239.00915849339873,27.871109592269416,794.0887483998121,0,603.5821430645461,72.97339774333891,53.65924696024513,0,0,103.89216788227331,59.19663916456799,14.008675356275491,6.475642517526096,55.23713861172773,165.12203345126866,1.0823848245670658,0,0,0,0,0,0,0,0,0,0,0,0,4.41350351899541,6.612410508182103,6.74332663576598,6.606140832998326,6.612410508182103,5.182713155982526,7.045153764271905,7.491895642844349,7.1680573749889565,7.48349499132899,8.07411194017072,0,57.24047956164317,17.79404992130306,0,4.61968159566847,0,11.762262140737931,27.8316089749297,33.309681471718214,27.72615204490123,28.08393150550116,0,0,7.764745002205838,7.665606224435429,9.130133418787318,11.17316677017551,9.728592943211844,4.224911102737209,0,26.563936653690828,25.56310008255872,0,0,31.722060306883527,23.13054159653568,0,7.887450565769257,0,10.910512147399153,6.410219650318644,12.952663946060754,9.109273632516034,5.636209359161134,5.178738723067407,4.414408598205873,4.786297721782035,7.466272038865466,4.413047418979085,4.352287168108823,5.243782619756722,4.097326065508547,5.10009508816303,77.33976909655784,0,0,0,0.07649574962722819,3.8247409805432144,3.8276398926458746,0,12.491858483005611,6.350595351215576,11.322490604094092,6.186536321051025,6.318807484765096,0,35.844523024471094,0,0,0,0,0,0,0,0,0,0,7.265011541103352,5.006491080774964,0,7.36865730965253,8.383428273306626,0,0,6.438839852160052,0,5.825519737144328,0,4.728459487524436,16.19567371951867,6.678475540299373,7.16183350216869,6.908525466010085,5.169969693183429,5.199582376399993,31.465611012165642,6.964568890855427,7.791229376138535,0,2.6946160026489356,0,4.236201475689592,0,0,4.234789055408976,4.447388366084808,41.503588540836816,0,49.77526121055118,0,0,6.906326815997667,12.997917865471495,0,91.55861350501101,0,16.55931110708322,6.996372590941761,7.433031239119337,0,9.245678221695144,0.6430555169250818,0,0,6.466922401539861,0.6044095754690642,0,17.494180669984082,0,0,0,0,11.781464181248666,75.36813527495295,0,3.857939923224201,16.819381695222226,0,0,9.367188256391614,120.11225452810424,0,0,8.807716807732323,12.242207392220964,52.607253668302945,51.3206273440525,46.68567671567873,2.283235373774498,33.594695978781274,15.593515297725308,0,0,0,8.807470996800532,0,28.583244785604467,8.842803387799748,15.380566157708255,101.08431321385383,69.14187058986401,122.2510367907401,16.70556346865754,15.652698185667017,17.941494337174053,7.486997851381863,18.39213257933647,0,11.624161243166743,0,8.862233391720334,6.556664557885252,8.137582372569797,7.852899365116121,8.150067725956255,14.130261270179348,74.53660065044451,74.18966835037548,160.2525942169209,89.951894991125,253.94849261987034,0,160.46630647439633,97.06114450677136,6.2580138584109175,14.346972343450135,144.5690083408256,12.238488431464154,60.218596629367674,10.984905237477184,0,11.525689608491959,144.2127523946202,10.483157077244003,12.305482498244578,0,13.576389040944044,12.113689879137135,135.77590117778607,13.200335560336509,0,219.93678786147638,9.082966068864506,340.92243011479013,13.548163923539189,130.3742685196354,12.592576316283559,120.84543643172339,121.1214596515786,339.88706191511847,69.3787070152114,47.87598941349418,14.566976428264303,12.326504651894806,13.777781628896811,10.608033855021064,9.598233927454917,0,0,0,0.9029327742186385,0,0,13.958071570316907,0,11.756444595594628,11.264647030271401,11.460965172363414,0,27.003483180354763,0,5.527590951455272,121.09199118989612,140.93176639246363,0,129.99089748028848,152.2080343346422,0,146.89990159693585,135.71537007927026,11.293465778740673,120.13652000432428,133.5006895100902,122.05874805704524,0,130.71389290535367,14.957568146971704,122.58951930563144,11.38226019350757,15.33018688014875,25.290503325217298,0,11.466925805942438,20.091999517042282,23.31798582835533,11.408964267045844,18.82931129835982,130.9267355624645,0,13.760254827594114,0,0,0,0,11.374564967004053,0,11.83700913771436,0,7.502279899958965,15.474128826186428,12.875795477534028,12.19279235632369,0,0,12.401180916100138,13.520472939711071,0,10.325888027932114,16.747289640118712,0,6.708981349725503,12.808448068924061,0,8.943185783732767,12.59137767103237,0,91.63675176439357,87.86226824059355,7.971942794476891,0,0,0,0,10.165731338252197,0,0,0,0,0,58.61853366444726,0,0,0,72.54124451994873,0,0,0,0,75.78291566602081,0,0,0,0,0,0,0,0,0,0,1.8405218359810198,0,0,26.713656507386794,0,8.068122722530557,0,5.633380113403683,5.229074763087675,5.379522029903153,0,0,5.104046078364672,56.9277225357031,4.461897656738898,13.764446688696353,3.18174405242053,0,3.9769692157239884,0,0,4.333144975066606,3.6922265177040807,3.886662691605311,0,3.6275924215898634,0.8364613380467428,3.857277284501216,0.674352060119048,0,21.821531128636344,0,3.6403160550273075,0,129.19768951523008,31.340350231355284,95.0920334112812,29.992178373731726,73.44856698213671,16.07951229397881,0,24.393203770097525,0,0,0,28.015347903337084,28.397826086748726,22.67055488788337,45.69462988763237,0,0,0,87.85612411251913,0,0,0,0,0,0,0,0,110.62115488222346,0,0,0,0,0,0,0,23.380449915261345,0,0,0,16.750271368303213,0,0,0,0,0,0,22.997620131055225,0,0,0,0,0,17.723729315030226,0,0,0,0,18.39805494662382,0,0,149.5719659337298,0,0,0,0,0,0,0,0,0,0,0,0,0,0,0,0,0,0,0,0,4.611978714337496,0,4.814266941787444,3.544087502456214,4.6163219008097425,0,0,4.946464590174648,5.587499771214088,0,0,0,0,4.738605022585342,8.163777374851929,4.3118974230538925,3.1557567582246877,4.834318749622427,4.306908900944045,4.614050042116669,4.170868468624343,5.7633167481294505,0,0,6.044558207951909,0,16.217115734453287,14.975101159237049,0,7.750015432541387,10.1858986129857,7.335441465292351,9.673026090179164,4.6238925704221785,0,0,2.383397160222319,2.9313491211759986,3.7164674703988765,4.590582197568691,3.9450820698291125,4.599713062973684,0,0,5.0254434229142655,4.300775317780201,4.588776378889082,11.576348688275,4.9084828793381785,4.360884185420864,0,3.1890901663908995,0,4.117795271790498,5.251605980214764,2.9591304789155934,0,0,0,0,4.173421534434934,0,7.85831330176996,48.51994677804036,21.43277349247954,6.628055437565594,1.4640705635053048,7.73277476816896,18.599936146404563,2.4213182368867936,0,14.817574540162097,6.0057316542484065,34.28158783408677,17.002262192951452,6.886109931139412,0,13.395814386094242,12.273209446273587,9.639299330336401,147.49833014821513,9.844024865867654,9.551289829020755,7.028134938192362,8.944967165694818,6.982140578449375,5.29416006268226,7.843636608056063,8.066219769626837,0,7.170495114619224,8.351721150340351,3.787778808964357,9.278717684682961,0,7.5284497993238,6.387684325842826,3.9265949851297965,7.304818184886348,0,2.7370325839232197,22.951908431756056,20.772319146277436,0,0,5.431747090142599,7.592875415720077,18.930427960083907,18.630210098347646,17.489720355367155,27.565746374673633,42.890584778872146,0,51.1653136933275,5.846896376395587,10.816420138820835,6.483665861894825,6.566129914479508,5.078414288070827,0,6.201525467296552,8.020100891863494,6.612464772268323,5.2648330495942215,6.66837587973448,6.04538734648218,0.5263604165746589,14.929621708422207,0.01776113028347964,18.270486255711607,19.31461551180219,19.57556635271081,19.368163366981616,19.368163366981616,0,0,19.41422029433115,19.476348635069375,157.28486195875837,0,18.144421763099327,0.8846432469188968,18.402714775856843,11.503305520049606,18.043253292936086,5.797257088503814,5.226240296478507,19.92100450345217,5.209647642903371,4.0137769726885,5.656851443313659,22.50615222651163,4.786027718129248,0,4.9853071925249814,4.28407697893798,1.7209602463216762,17.9276832654774,13.071219135184132,4.1752771875764045,4.1067184305049516,13.788043700484977,4.2574220260552,2.810412752935383,3.97548444675577,3.9711451293944875,3.3602686449342927,3.837464340318233,3.718915872016334,3.498579512287803,3.5012391211778144,3.5302821852110786,0,3.85857090040892,3.8441433996290915,0,0,3.7577824896402423,12.532089417782652,3.9591281873694215,2.26623668061976,2.487651720208861,3.9966728747247173,18.50125339208963,23.00508976531986,0,18.33083547904089,11.858620310521722,3.238429093784254,12.767217051762158,2.996049675166517,18.75740900150553,3.746346894840856,2.985761987291105,2.9732641338741876,16.35266326157295,2.997694055507258,3.327076053648276,12.944473059532282,0.9869803455369173,3.0301746347023015,2.70176705896163,2.8683832372062508,2.7081980674628565,2.3023096931789544,2.7159924622212692,0,2.8790550694601142,2.818362629080505,3.5816420899878727,0,222.11015378128272,0,0,0,0,2.72728158732755,2.907628352520144,2.913735049293951,0,2.9004146055801643,3.0797668057105563,2.406161029126775,0,3.2574552125732232,0,3.2871060459495003,0,2.465216340738829,0,0,2.877077946009746,0,0,0,0,0,2.4274425512129323,0,0,0,3.5494043740692534,0,0,1.9752619963058824,2.2001605571025133,0,0,0,0,0,0,0,0,0,0,0,1.4853697903625358,0,0,0,0.3564840370194939,0,5.705569843285506,2.073929679984253,3.337753823396121,1.5420607927632008,0,6.4643327141226194,7.54858421207059,0,0,0,11.243649307390196,4.583914648573626,7.763648263873914,2.4652214440846008,8.167732625818415,2.782265673809364,8.069065119010675,5.242481939563773,4.920768984489969,0,6.257694169152293,0,2.084462830333999,5.3169724095445,5.755397917116107,7.316154135740884,2.220519908407426,0,7.049708752101466,7.2708203025441955,0,2.5284360608333314,9.146419308225903,7.73946165482654,7.714236671039454,0,8.173828744315895,0,0,7.344627914635584,8.101251500774799,8.180800756736577,1.224633341829014,7.293106481921699,4.982957006898069,5.083030218006029,2.3070943661108103,0,2.272033472883313,0,0,2.2487228655486073,6.954374667698521,5.042078995969657,5.71381518014907,0,0,5.478064162706195,5.582551006277205,1.4367611800754754,5.67600726181862,5.813567029978891,6.130866072692896,4.210858261836509,0.29128592965187705,0,0.30006926265703,5.432750049771118,6.3616162336810245,3.0430535196497104,4.64985857442591,5.217662656240166,0.4129615460009329,8.70086665109229,0,0,5.477615257190141,0.7058857033473419,0.36899729421906863,0,1.2183638864583146,0,0,0,6.533837376320685,6.1705988612994735,1.0326163786674905,0,9.028628162348703,5.218030665885621,0,0,0,5.332844970417842,0,0,0,0.6644347235333855,0,0,9.13922470925505,5.344445227990444,0.3403630209816394,0,7.377968136036266,0.6797879234012058,0.42730833664592116,6.603954167529788,0,0,2.743319121694118,6.908371525356054,3.295434691462312,0,1.1056033373799456,16.849434360613024,1.0449423027611722,12.755641001065703,1.0552322104113072,33.63769370133423,1.343699447070698,0,6.959402397689818,11.387236721124468,0,0,0,1.0308993437888232,1.0547136113150195,0,10.049572739919867,0,1.0992081994954637,0,1.3786009907745047,0,11.193316347551253,0,0,0,1.3321543475546986,10.240024328715318,0,0,11.27660465663329,8.154496483215135,0,0,1.503698717927259,0,9.226557880360636,0.846893220479293,0,0,0,1.0580954902013608,0,0,0.8827120833879484,0,10.848083589869645,0,0,0,3.1630776663364375,0,12.968443289829825,0,13.705070400026942,11.507659853452186,0,0,0,11.486598646234377,0.7014601530490268,0,0,0,0,0,0,0,13.432585016670576,3.4456646318917894,0,12.09120638258805,11.365476280947966,1.8602021019861879,10.913765718642514,3.6758007914956163,0,12.029322074961089,3.5619159469025132,25.949739298677212,12.26654723535875,9.728500080286937,10.789151918654245,11.800667291938554,2.2102052715093943,3.8395412219020977,22.019777978984724,24.337948170216244,25.49569465148128,23.791694689919037,18.048407045129782,16.810343372594687,7.320470652797185,16.810343372594687,19.37463015269526,0,17.510446917865345,12.26777940319555,0,32.383529140077854,6.498958492486239,6.934971998249925,5.461801678759809,16.77234772063269,2.4194999674362716,16.77234772063269,43.07527223320175,0,2.2057379724618733,6.067306392444317,0,0,0.421848342596256,38.18683691042398,35.98889766798388,0.4168092034832613,13.815115023547968,0,0,0,0,0,0,0,12.422935335554605,0,0,9.560722605101612,0,0,0,0,0,0,0,0,0,9.522607476424394,9.227729182196132,7.255937576270829,14.254825867344508,14.757739965188263,15.29732103837356,9.979632137985865,8.371169313744986,9.979632137985865,8.181684633433425,9.979632137985865,10.342125918048087,9.062055249602567,11.064711184425462,0,11.064711184425462,11.883559933449844,15.653565626864149,11.536192194520515,2.4104289574076723,0,1.7787679200250994,0,1.544500000193184,2.8414239901108367,0,2.347315692264734,0,0,0,0,0,0,0,0,0,0,0,0,0,0,0,0,0,0,0,0,0,0,0,0,0,0,0,0,0,0,0,18.02970844941994,0,6.902317617592279,11.607814049086066,0,0,0,0,0,0,0,0,0,0,0,0,10.553524250418242,25.032397401836036,32.77367952969122,18.8809906594172,4.843695792206072,0,20.46803297239317,24.28330076326969,16.5076399428733,11.808224917148793,23.066525077981602,23.612976427219927,21.897258577233234,22.707192761385237,23.0783585158932,29.462242267184635,25.662291935667586,31.666270905878932,0,0,0,0,0,0,0,0,0.8396300535520288,1.0733158694776814,2.016755830532404,0.866533321093951,0,0.8050864887356989,0,0,1.0376141714909337,0.13134413469985734,1.8579739976737497,2.1740727225227974,0.15375467766242887,1.2618250012109906,2.3203809684690304,0.49051307232953967,0,2.0441533544853328,0.9383566778948585,1.0273381403101283,0.9990647033522893,0,0.9120403968006626,0.9455155418141858,1.1530028583555763,1.8060305720804852,1.3906995559495618,1.0585847929203414,1.0590291019662115,1.0410465312027029,1.0040974732713497,0,1.2446295282361388,0.7357502752921486,0.7281111800115538,0,0.7756015335898736,0,0.5993694514846953,0,0,0,0,0,0,0,0,0,0,0,0,0,44.28277080601078,0,0,42.03743676277821,46.772674688368774,40.23956310695889,40.16267818264617,31.88399151305754,34.211867702869405,0,0,54.68550753470472,48.0790698543276,0,45.58827469149656,43.38543340230724,0,0,44.88460349029475,0,0,41.72312161517739,40.43100139203502,0,0,0,0,0,1.7798293340020193,1.4989615010442385,0,1.6465394426316795,0,0,0,0,1.4232008369431415,15.734771094647286,0,0,0,0,0,0,0,0,0,0,0,0,0,0,18.430120714550725,18.990548567493473,18.853953865292077,0,0,0,17.91613983730094,16.825885274723834,16.97961110517635,0,0,18.648425725382857,0,18.090324780563503,0,16.948711227373625,0,16.514627258050997,0,0,19.03482107326999,12.849897929983012,0,17.56240100745316,15.340467577151887,11.80829058322198,13.421924687790648,14.949470940019195,11.97923571269703,13.687711694148089,17.04877002593311,9.917495804163353,47.48820497364804,12.812909225949788,0,12.479637148667313,14.914106502164215,11.843096699659453,21.906032169265426,12.633313670833315,13.609645718498227,19.006805049234835,15.907750333808517,0,0,12.875760461669365,16.076754513967177,14.702077040056407,11.897424814748195,15.339639060798604,13.458619193331772,0,3.092054285799854,18.23211833952164,12.813597348743668,7.506061225293927,12.52197376647992,0,7.506061225293927,20.051071474409667,0,11.94296572829788,7.506061225293927,7.506061225293927,7.506061225293927,10.442269692868589,0,7.506061225293927,14.473892424022289,7.506061225293927,7.506061225293927,7.727415409781491,7.63691745537724,12.678204038164916,7.506061225293927,0,7.645101270728171,7.030100246309351,7.652946873918017,11.344221723717204,20.036935514914624,0,12.003677717186777,0,13.146227844963851,11.803677042670879,0,0,0,10.685604925669486,0,0,0,11.735649715382324,0,0,0,6.493828085535822,0,0,0,0,0,0,0,0,0,0,0,0,21.83235928548353,29.017072130011854,0,0,21.83235928548353,24.485213121829954,27.122166168064194,30.283477170055022,0,0,0,0,0,0,0,0,0,0,0,14.405106421445362,0,16.791468867024992,0,32.50029472894138,34.4323507784352,54.24865869366864,72.02844308935937,64.40317028517045,33.171903214523155,1.0152609803086339,10.648322007072538,0,9.985182991452463,0,0,49.591572264069946,0,0,0,0,237.68587179766527,1071.1976532585734,205.28439077010592,5.744546975905479,1.4002037880179958,0,262.1511555800634,50.576087299562694,317.16359310183753,995.3183410532024,95.11818693333063,3325.873598840262,251.71104752244284,3840.585949157297,166.00847197640428,1111.2711045862206,945.4194811997879,45.8508535797574,21.670212248596812,12.955671065621479,82.94434042218224,17.36085956311832,49.28432874456237,58.00218765876179,155.25191049357497,6.328865553131528,26.134685014674233,60.75721990457855,288.5842028534736,29.757896533025487,15.829236797412676,22.892841248094445,19.22992053691445,21.99426435888766,151.4731579562671,141.23430899105577,75.20093365030104,35.79309551302539,76.57626399321947,239.45536585344885,152.60116946224807,71.70603148342596,38.280803024842896,76.88749143694227,423.0723590855774,135.40528652493833,126.04466203902979,301.55173453838347,248.46839262925403,147.02046030605516,132.39026194728018,91.292005303208,279.17663330250895,38.91558717467445,190.77444042329375,148.02509051824717,397.7738137908059,63.31320822406675,83.14556402591344,301.82899374348347,22.79979825415097,137.5756290450712,192.32996672944915,43.72478191441727,141.1853792112382,291.73501179268555,160.36039301238176,142.6336462064545,260.41644436589064,354.2087415202379,519.9778621709582,695.1389005811517,1485.0617568327261,67.84298629980113,251.70385372069515,299.9934063210075,560.8936567669749,830.7867409051363,23.976135071538724,102.7502195030911,312.97616628366103,189.35101316928458,192.96205413699042,120.33785878687625,178.01292209637728,320.65527561416803,270.97863746173886,18.22800957253396,18.198296569206878,64.42035554449048,269.0101991121885,92.03454981273181,33.39704688111173,103.16364011781742,1654.3253492106794,528.5509080710565,152.98699243382077,220.30915403518497,556.9057869383022,533.3705892122458,815.5509175221879,241.46948965145432,3429.291002423194,8491.185986350545,12341.855111246843,2146.1740994141282,305.94208543457836,66.16488758660012,166.76478524714958,110.96346459702455,522.3647460789265,333.35097066015675,452.8894827906887,1930.7924447416467,23.47305626996863,40.48407567142371,13.135484209703911,10.793524782309559,40.10475941019545,88.1856332612601,74.24908997924052,75.8678614449412,43.78155087579,17.653310332461505,99.5017471073332,29.449556120736347,22.663592884245865,19.135480351975843,31.580476612536405,79.33364095935785,15.79062189749675,61.02662773100854,951.0911294998422,14.466879785755381,23.58399802437802,53.442566144949026,13.959810250741016,68.74187033020175,82.40580278824737,431.3278835326795,3092.395667347457,226.97708144155598,19.93150456376612,18.621569388429865,39.298505841997475,22.216474273589675,72.88380757695083,35.68828490021859,85.17871040890634,70.09891468589734,53.98567359881818,39.84201915152578,207.71347096865767,43.14221346230571,13.777344775707114,34.03841374720991,94.73905878822687,5.670817040548348,23.556633241720213,437.71343114569885,15.664600552010935,2.9202282208277013,5.341564432319805,44.92515454212424,6.8906236216710015,13.483825336657668,32.19781356766738,11.257015670587847,6.1589012517399775,33.08279166157822,70.03084112260193,52.54321665175702,23.091987325290468,27.136361644056358,39.34692730506575,63.59287553339586,7.614633487189967,30.448258260022126,66.91822745783375,15.803624903628721,40.42666748571658,5.760324411631715,66.6822049903536,155.66759356579425,122.2904327955721,9.606704347021799,93.23104828102082,224.20193797195083,210.51941098927463,255.09325479640793,283.42314381571083,319.8072049360185,221.1456040001773,129.861999264548,60.34130857143432,47.07727122368436,91.13752436875541,87.9138484857845,27.19119571387264,27.439143050135304,70.56848695584408,130.19308304871953,39.12354019166112,26.485767263415507,193.47262586861768,243.5099919003004,352.93103848883493,26.761897809084132,1731.5197001583351,18.11061131959555,26.1266440197623,20.603295389054367,247.45982934258666,44.68591815638142,34.24222913441749,53.950984769475994,39.37707566581816,11.598148937983408,25.999123563692333,10.760760734133953,1.195959075646987,1.0736080358240316,591.3184314044717,22.318728358221644,18.166432669508744,901.0280516435745,2468.7983201134334,1627.8821483528936,5482.983918924041,8697.736717015649,11823.774550671227,1152.1426215603844,7000.352950114645,6923.0207345947965,2284.556223966314,0,627.714868557689,0.1443724542713561,13.808765973597657,40.37171282602843,16.22447192343308,31.38832789909564,49.40147117928342,72.03178248109393,23.53644212691467,13.450636241513783,42.35903566899462,44.501609149289585,85.79077628887414,168.21570630779183,60.522799070329974,203.259681376162,51.7320486311033,46.04581139662102,39.61484832099436,59.70443551060674,42.652499923612034,46.52238748458876,40.348963794310066,48.97163772926684,45.530467497383256,39.233495043212,48.171458452421476,53.01323836189224,91.01346332103681,45.689975338630234,49.234874036285134,54.891760969802824,58.14890563869948,59.79700212521292,247.9237035377855,4840.605771562136,225.7736120953011,26.827305429244372,17.199306292403296,58.89473494250745,298.36195054355574,79.66380771503617,89.56540540586836,746.840831120517,2187.7534550915875,14435.421257531667,665.1809541412106,8148.6273168447015,147.45433969652686,52.93988266713493,134.63792683939477,54.31446796815495,58.76592833892133,66.79846367337254,215.69293798082828,33.70771893311033,43.02197616426111,60.03793704314795,56.68976361770985,56.65379377392859,59.51250108110887,82.71227253539458,71.7394182268442,234.71435381656926,3288.920276371722,860.1883722828219,101.75743486100804,37.55791035676742,61.88457426005805,34.29744349415971,23.69785562711162,100.22690831562424,129.09981384233322,699.5425589060059,391.8973991657254,22.322281078683833,78.19752037653153,19.41139191494347,269.86417910342203,52.75960562523734,66.64290076624982,2.9486923243647265,4.179896854205165,3.1234019443938137,1.9142360706165538,524.8414557823985,25482.364124048392,142.48674091039393,8.189543764868528,464.01653594459384,343.4601670550551,0.29953172351715013,84.68296115889308,404.3284618939079,331.6074374860794,283.3929111502556,169.16959590377644,41.81342069940124,0,0.9501174946157177,1.5480109326385585,3.4367571509737402,5.971546783265175,2.4446180392506522,197.64291692073033,39.670563303137975,19.29574335397511,13.792501002321314,13.102043027223406,16.98252883775275,14.077560472154802,243.14388648828597,18.940289641679353,19.44786682769121,20.44787020466207,19.525304162441095,9.490909554459602,9.11593947991682,8.058065783255957,54.435899216690615,77.98223071422599,168.54996180297798,268.94734969869427,1627.6673319935726,62.48811057925668,188.68392350764185,62.442531690863554,195.30865117003395,342.92678628433987,564.0206481836132,318.3227663869334,326.11695624119795,236.9394751223373,305.5414310698437,202.20104958593038,111.00166217270885,219.66051652411704,916.4847056575733,104.21024950154144,881.0808605756299,516.1983330373373,780.4982113794057,67.65177689589943,1246.2861223017208,199.41512004050008,593.1722569177989,3217.981499441906,1101.5697012248374,1597.9980260646848,8011.281101527292,6398.53715354356,2463.8516820899977,1136.2106036074,1057.36346555487,472.8038755514266,317.1990403801388,508.86143538932924,15465.15248622365,32499.868112147375,962.6031224151915,2101.2007441283035,30593.139115498972,608.5687529718348,225.93052301274213,168.78554925228707,341.78167939232964,105.23308052565716,88.7355746661817,153.4186774518081,2040.7512617512816,413.22942156580126,1370.8102066553954,84.08565646578685,59.42884654797261,46.52971684534791,226.84264060815903,317.7075149531585,280.4242516785983,421.64407867665585,749.378320238408,468.45767829941434,3087.580376450554,778.7344463564564,700.8474782662942,294.87169583341694,698.2931401796931,367.9664764133267,1562.526681266077,2142.238862393963,1532.302018181793,827.1136453184436,3127.690382296372,1773.1163839832384,2236.6584372026414,5156.496734495225,3462.2651298561323,10947.279379513679,7252.741322670789,1556.3690863110417,1486.873352388923,1156.2998715963793,2135.499576054637,1475.5608711190762,3589.682036915994,801.1217135180169,3462.3592718391146,2835.1412707717045,2488.135496473799,6936.575548574817,2471.923523421186,6354.342380351689,3851.8015694362653,1136.1827744405155,2155.525550993148,1079.5844696905547,1944.9631818580724,3860.3481913365804,2918.93445134515,4076.377396337981,2225.4236344418587,892.8612830848789,1278.3531790367153,2153.6865273923,2762.647917272532,4544.456367021809,142.1974262254002,418.8484640403219,492.09728120355743,618.1004969541732,176.91948803837022,497.83336395697404,140.39354770104296,364.4691391953705,3625.176871118213,1047.6680958120576,1479.256912104349,824.1364813437395,2143.193754666074,987.5469658158673,2127.4636951031935,2006.4604593825811,3617.2052105890702,1667.8436689271368,3427.643455941672,752.8948897545607,2098.384717326139,1928.8472906239328,25412.705534637025,2083.6480860079146,239.16402021671442,641.7013530743943,95.13355185453004,211.4027694473534,2172.93342114388,167.23344393148773,128.0098844367752,174.46550438822763,142.04453069539682,942.297680410097,368.45202071770956,96.00358343399962,581.1062385943684,422.53238879273226,1796.9103829718374,330.2405071282562,249.51580129371206,602.7166687197498,1363.7101417211197,458.20594836142294,87.81956416051214,621.9715838257629,357.550734494452,937.2653669699421,728.0771308748539,414.23448235751215,1787.0487789348795,2628.206519231674,708.1934231315538,2070.5669802806315,788.0680985877917,2975.615721777431,6382.628214849692,1604.78356385337,814.2307997763021,357.16061552275005,1202.0319084448158,6203.072555664144,11501.702025764778,9080.181431552732,1352.4548994749307,856.4087557165383,619.3594997360129,519.772034499956,2095.0196206403175,331.58471319304476,1904.3271876011477,1865.9288960803829,1218.1363386910991,445.31248157606996,240.0595404667644,632.2284606401752,119.63630403598054,200.93634478694523,612.1419587944549,122.8441550940827,230.70915583195134,103.57767709486453,396.2580604458407,416.9007391290706,308.90600530966435,428.96554218646963,230.76915678220647,181.22490074478924,437.916245255165,2403.2832096196057,757.4473091485468,353.5344036103474,1149.128205036352,890.4440320659812,2357.8985239612116,1082.8422388972563,1752.0511964699385,2243.342155266627,2918.1130387144185,509.2538418933861,224.16144448645596,319.4365072191995,961.1490481734327,381.03007195523935,207.01596284709717,307.9566008971459,138.93830687297356,122.49163990262586,98.92301639685542,410.8158410219094,10.851486306499758,1.3442015953712896,0,235.8718464407102,0,602.5623640977542,927.0046755289854,153.98032891518093,563.0955127803352,0,70.65961961172543,0,0,0,504.13355281893405,602.6095737942287,0,44.938624978758526,0,705.7804306176594,0,559.0516348386097,0,685.3936727634446,47.798839556635166,294.06787831422196,192.42247523602765,79.03080457945653,70.53694908654911,18.46663995849362,75.5907477439668,91.90584023962005,26.539336006073444,122.03076697148377,106.01702279599112,18.279831190219593,921.8734975920213,15.777271632499968,4.713786460478,40.046436995583946,22.1173867946583,8.626397101473799,34.191785066883476,24.718915014211454,324.4370398947225,14.605541032006549,17.31639312309988,26.373719275244643,54.851347454188705,96.65942284995148,14.82036576614649,30.495375994717865,20.291458097222247,53.9201771237222,36.5719341405252,126.284615809319,699.3479051198726,33.179060918709276,101.32213227144565,106.5907717985075,169.52500358886783,1417.2821337512123,146.43994282188555,27.607920988423427,11.615262523328001,70.05947661378514,12.462559081213692,3.2170930962999775,68.8589442651134,74.47969551968927,71.01220918897715,42.69187627423852,69.44562986581491,1.1885384441088065,5.2750529574928455,0.8513040854405066,5.693626817306305,2.520476301058516,7.580633913405278,7.026895062612158,9.435491954361277,4.3084749190364935,10.242380225975435,51.84564455816227,63.2417691135772,20.656213015853194,10.041692759480123,1175.353189827369,57.35179009249646,13.86253895091182,2530.213036987731,9.325862072707851,0,96.99513619136991,18.992540457885276,14.297695307594493,10.818454862244502,8.953233118027073,20.049218772976285,38.357960450824216,21.931553627022982,3.9873840566436085,30.604611406739426,17.883697231319086,30.052114009431463,7.844051665891023,0,174.12802010585656,220.04699878878833,1332.9797958247436,15.75723629110912,1377.0011942681335,6681.470354470032,86.58671323988231,22818.183584517,131.62657676754583,7448.558954008181,1370.9409682517805,2839.9118202057157,689.766354669886,1022.2343449149243,1318.6793256766948,744.9971585454202,1777.703801020543,2440.916527350304,179.05068534538796,2696.258803012453,3887.0191623289666,1098.287592605267,668.3519531977015,379.66438056501255,1342.8192189828055,1180.2250926239346,4466.722376354642,1336.8913024012595,768.9163893938594,957.9251536388088,439.4661615607036,443.4540638261808,7642.165638926199,643.6774197057139,937.6989450645639,154.70964751915668,166.80596451739007,226.66602032040785,147.28765017182104,179.76765613859487,2806.200520280963,6349.667821268204,9338.868758779057,5119.197739112096,184.53790088699964,675.1322435715397,1084.823416224,517.2666049643894,2863.291739214343,2426.8662960680435,844.9286539997092,982.3284958662492,1975.943848314866,816.255972153472,552.8860557886782,415.38737788918854,740.5683327538999,422.62610636604575,9.500557845766167,3.563005915134916,51.48679971009107,150.520855201967,63.07720088690515,175.07465091197642,8.581606499070096,23.495237898594976,4.758003074331066,2.68113282839512,3.1693939881627933,1.5373644152018535,1.5452693454599624,0.9071776238475059,11.260044189793065,17.00943793535579,10.830667403588667,2.7793046730980584,9.969844161821593,5.568602001966236,577.2250370566741,17.744551999426722,26.217008643455337,6.3018349107615075,10.172260657139338,49.431839586106086,149.57685939889305,357.35123537053045,366.05550435492034,21.597285821939106,31.44216001499904,21.154962247764054,99.39758071755467,6.110280314929241,135.61615541741654,43.85273209305121,0.39712300086953617,2.4076658247009886,1.036334026596908,2.2166567995550426,4.564066436587531,26.118229307170264,43.27885109587019,9.875817258119561,4.592423172491417,5.503380833822965,0,415.132112682683,972.3404136855194,4263.982823138824,117.5294050564683,0.041745267698161455,460.1267129030201,254.60688647097174,14.765344988021214,1252.8993824989661,52.15187513039139,59.48893423309549,8.533789195944342,3235.6050860472055,416.7390679526343,375.7617118288902,1682.7940616456212,77.96438636842048,975.2488324854962,4684.5743352415675,80.92532016225812,1279.1372434226455,206.88806473113792,1296.991005811596,50.077432310464495,2.8845681607804923,9.482693720201405,18.88565189646928,1.0926148507162672,19.55601754469651,2.114311664275884,32.907727049105375,30.75111831243903,3.6231483889589002,20.359430995410904,12.594141068201505,57.624684438239285,16.154581785804936,38.0299386048348,14.290432761312728,22.28015201507743,42.37197178935651,64.34935092950127,57.74392814046778,15.950179961213186,82.12250749604796,81.31581656756234,81.62268410072747,53.69257084740764,25.343644909452305,76.65097175801326,75.32870244646783,122.95713169111237,4.248195978556095,7.358478597249301,4.694028016429935,59.58828788106492,84.72506736786343,43.48249897272595,72.74581769034401,17.919990552030157,21.54268153327003,20.998079431000715,26.45822961562493,15.926793959687583,10.417077235565936,20.8242580467492,19.62711840802545,20.919790876176975,16.74358695701707,20.221564179566354,20.146036120666544,21.552746272774293,18.34395477314201,16.343520187719296,0,20.810229888367015,20.08132902455103,21.56637863344339,23.3168921631359,22.607804340224803,10.526592237474764,9.287731587061325,33.222432040390615,18.30824914500054,35.49164274257079,13.928772284846374,26.59395049539869,18.975227739372805,23.231417864276896,18.90215081307089,28.337661634631903,25.26925052780844,32.87863427456681,30.450598318352082,50.106266280903576,23.60632253328004,32.4851459634312,0,24.708891031904603,36.10378758097305,35.37002339941563,27.59154946036691,34.02475292839094,55.53266957289487,33.64103095490254,22.997666555872943,32.755061979128364,37.37068240767238,26.687674407049386,10.8904725140196,32.34929999777843,17.32247606251149,7.003776908644755,14.985889723155244,237.6939675733132,31.962935098609144,41.174200363243266,41.9500174406755,35.789695548370645,52.5606243946598,41.42314054776532,18.042512874094342,30.076164392844483,23.479766316925538,5.432102757181242,13.193479902352479,6.687112980916492,4.791515299672101,11.847863980137499,7.074357030692859,3.97257639573437,1.6986903526849595,3.4989849337350143,4.779936005190908,0.5130779366690323,20.27713816487122,21.594425740296355,5.479034140065269,442.0820374107807,48.95647103396303,7.500360052406992,15.663996230902228,84.32385025028807,2.3681347520068345,7.381475477866383,0.788315486148025,0.7060158459022384,0.7659283651554445,0.8560208418791313,0.7646725216248316,0.8938329157451987,1.424983788600618,9.553940766552097,1.0069376335448006,1.4554873658356762,10.153953036023589,2.958166777108574,1.3648525473655677,17.70741032635205,0.7659766576418097,0.5164936465566445,3.3277470143279366,1.0857696718484109,0.7512037500767851,0.05567891455953291,0.08048427222809044,0.40317098273170043,0,7.9316925380363745,0.8296155968664587,10.883430070490316,1.0352908121116788,0.3216497783426023,0.4862506437615058,1.9542253183541423,0.3978572125369922,0.34966500750622753,0.8086708665659943,0.34579259723038497,0.7589462442061247,66.98263920390804,0,0,0.533667359543568,0.3469577136699598,0.4368246714970259,0.07189097657376382,0.1965099340258796,5.762891641566178,0.5501213409129497,7.50117696132269,6.8698992033962964,11.954449292526347,0,2.268524991393206,5.900946608348972,7.58921308274972,11.390615042077744,5.5629130805842815,5.348324006974669,18.29336074938839,10.922252205861911,3.351954463291045,16.953154194762277,30.90885122364077,30.858178540431055,0,10.240991892449857,1.7940187677515032,2.2583797416347537,108.23766916090189,7.928899776506876,129.95892368908562,1.9500062392412776,0.011004548611631684,2.9144554391905957,6.589046724032719,0.018852021866160786,8.841290826298795,0.135855127065112,0.1035662681274248,0,0,0,0.302845164767923,0,5.788338932669831,11.006735658440347,57.90395142150738,14.019043094078974,10.4753225205491,10.516067432173458,50.26918606561007,104.26681143650016,256.9870048189436,304.39097948640216,52.158634230202374,52.908781603827926,66.25240104226391,74.18208985844521,48.884304125822545,88.84201192878594,418.90196848720507,787.689180763378,8584.693733435686,1192.93505995699,149.87053238483117,66.51070231515996,140.7017972826849,109.8123622604771,30.538345712990935,34.729896587704324,120.65227939617488,47.87351445911032,35.92772755310981,10.626645494376401,9.911223779476282,14.785204963555437,15.759510067322914,15.38537819867256,110.38483085465356,10.750549511004898,5.197564993619678,4.942417313800504,3.885822422543313,21.16211060098659,13.850162684477073,29.86118342182775,17.138782948043254,84.14529339242449,205.17463319006282,62.84914530334995,453.85367027741734,117.17697429635398,0,0,12.641173552276939,17.479690001135225,6.771488609188578,62.695951551276764,37.89799022462256,196.36003608876695,6.0722294409854705,5.94408714299572,5.974495040818924,7.573538972099995,4.297068124515575,6.233309252851137,25.251134073785735,154.91281858852395,35.149249537766806,8.41832299999153,5.344497812734891,2.056477798086947,1.882701916650135,2.508835869073664,2.4695206112538863,2.2610328962755224,2.009360896756185,1.4236333138272017,2.0185603544503574,15.199440861251123,23.425937088232487,56.164568881356786,363.7527428577317,12.622324270826198,4.8605192508176875,27.660465824601115,54.755714115744155,32.89420663807309,42.92968720797582,57.519134565110704,24.67688772528235,36.47330992541767,103.94286843740554,666.2565631240644,336.1938307984939,57.36899557350855,88.06730985320065,40.479868350762686,91.20999903373499,163.2538195635187,155.41342366212118,30.53870554439695,237.37801445286019,2156.118279241054,1012.3359999938539,250.81327085886934,44.9126679805518,137.91459782179172,93.4318335359655,20.192208481011342,15.177816050809623,9.859551125352557,63.29548707404044,256.30192258264776,338.96857072074835,744.5440580162175,2205.609724186274,1824.884485622218,1096.9372440278362,1444.7246579603786,1910.3897255602171,3669.1636014652313,7447.702442205507,4298.275633616944,3131.6861791035208,1085.5521626552102,387.6186748641243,133.81530659660098,168.69915550223112,332.1926848457016,224.53765947372088,341.392047396436,403.7921915899298,281.924927883904,493.81491340520216,454.7112576201165,205.8077857567193,50.968338559218665,97.3653232027066,46.95992937461456,9.464137089530785,17.205953455384567,18.42319417968386,241.70709643484759,1460.342251321343,202.22658356469935,174.00492521296067,193.56500058442478,105.20497622436568,204.74214529440866,853.5870079208147,2344.620558396318,1966.4267441557618,1744.3374104220766,1011.0802282541093,326.5194517365084,120.15975678108721,61.78412631947152,34.473197943245246,160.56785820897136,99.02803667260578,205.63833856554993,163.03008961606557,197.98141830496874,84.08554445995057,134.4714662020024,33.713502130320286,35.87873808593353,28.0622364956961,83.48468475568079,102.81052734478335,271.17968737120253,344.12851242418674,313.7160308970041,261.98502390649213,375.91685741457496,238.10366669761146,585.6157672394178,338.23528757601855,186.7404173533357,403.71525041263163,114.73671461455511,103.02550694307489,100.96971112758983,73.37408211563134,258.1142448905329,319.2315355000638,281.4767099819748,284.94807322756094,230.69785020632898,304.18291155990204,68.88925043849625,397.36259206207734,69.77822832300659,111.64089596092019,247.88644432474098,178.67160335039364,196.72231136577327,298.64504617437905,205.3503480474824,439.9186411199166,317.52963541199057,950.1125096484269,919.3577648169515,425.866457664972,691.1808365094763,84.35269846276023,41.00354394239593,311.15807070028836,60.96457370185616,72.3514299296323,91.04302799738376,507.04810669885717,418.66957413967606,36.55536049975407,24.67313862418425,145.06618334011688,1028.0820792370994,214.69767698244362,281.31901648332786,393.99274961419,226.1464957414508,136.26040019718945,231.29532279848198,186.42317635903876,283.66811665662993,161.45900522201632,791.6658748381556,191.2305193994869,171.34477380382012,377.6540767992323,472.2978241538901,213.17779820193869,158.49779388403317,119.82638335266711,194.49389776729342,175.8139502510673,215.25240837482963,82.31304533760337,64.87736898757257,44.16285404623534,57.26673259163305,120.38927240537316,501.261431917653,499.5704521821346,596.4182010761403,425.41043472552985,465.45021082909454,489.654200508134,409.5001399393853,713.58096131231855,599.2147279264473,135.6970379494297,53.51604014084411,1149.374904623568,586.5179141806433,922.9852106483542,457.8317549428161,4.90867409448305,148.564652731578,245.55627462820595,60.19680010184991,0,76.03318006959559,68.77467869874381,73.93469136228082,26.284958685972658,3.2176037886571476,31.109054417783245,30.26591736116474,22.63665043878429,0,49.25803179925883,866.0533505668446,33.596152783241635,40.123040105260166,66.86210482037089,21.0321528206396,69.40095349434884,145.84827743455696,78.56268486197854,91.21252977050332,116.16375238145127,54.43233912445697,2.4800113955576317,8.10869924946441,30.06038116013378,29.702150145236256,26.31241648097352,25.02877574844737,34.224570298549054,82.35963572702796,66.48218224372634,7.467070712986261,2.5338770365030734,7.852072417353883,7.758070198140297,0,2.6769085682423297,2.355295358612726,2.6763178911480834,90.78259102073831,10.611280100754211,11.986584808105315,120.60280013416781,161.5695612283376,525.2119973592808,177.55857500211133,171.16256097951475,42.38860219833704,83.08710229803746,161.82305061493145,19.473302236480937,32.32388970783316,21.61217679076039,25.233678854754775,38.46442653429549,37.07893844321983,45.254657152806786,270.246597393165,145.671298457283,38.72127467931638,77.78438411122418,176.61652291364734,86.58915357999784,416.2715889186792,151.1718278757122,95.06146451533434,114.66466357466969,273.22904849950356,372.3450831000848,237.8528771657366,334.64935303581876,124.74936422293084,26.872064306705067,38.041099620914125,131.30143899710023,458.1102988617268,267.46844367046253,34.889663053522675,117.66767453836954,603.9916195064021,104.17791332362198,130.46894735738303,1596.842779203425,3336.2113918405284,3727.5002232343377,700.936148800372,246.8975395330702,125.01305627319553,100.14657573535884,280.73342583132876,52.95649002870272,642.129501198719,530.2056563858513,1054.712267810113,1914.5100312790328,779.718919144712,545.7981588129118,147.55835575220033,83.05406924217121,109.85998479951162,636.5152227610777,374.7639311785596,201.79227574826737,554.0790339638146,663.9659047689127,1263.3435381958616,659.6569569906633,5663.051658245814,389.6660543274808,158.5297706697967,87.14842520800383,127.30631599593116,109.11545834212264,2883.9684801654025,1251.545096541714,355.33308667970215,766.4831992341296,673.8228168787406,433.17244121873756,416.2820442913328,241.09348148974416,129.73817391233808,168.95944614862475,41.54752141601705,12.356456218393175,56.200437177540024,12.331940485324768,65.51389269552082,210.26771974663205,102.2174514018822,17.18564904364809,23.33712416407491,12.102290789605998,27.058499522140497,329.231359512035,14.671484429645647,1060.2163915908036,8.805163708942287,9.642816006123853,18.691298658506245,13.235014281825732,3.3523470852613997,7.389137985097251,38.121860659636106,56.3049967963298,49.23970586304947,22.78503949804758,0,6.715084425629027,1.779769608288917,18.639395986421146,59.887181655002465,63.00142307282584,15.513613431530786,57.52108663400366,155.16807474496036,231.0989286453279,403.62259100675624,2483.8750035037137,263.06615056587054,188.0402616231559,263.1392224887988,54.29567057446049,13.46775996479446,1.496705669261097,77.72041865196981,582.9562205352302,1062.0488607397565,1198.893599288178,162.60458395684142,109.71097537622522,291.55519077524053,64.15530335870264,284.6751804005454,503.891675022934,935.8615926653093,941.2648583110093,141.13964006163835,7.0957620048798695,0,23.374411750522043,15.811735714794736,140.80647626063273,81.06528035397093,8.044040006636205,2.26877458898753,22.12674366165546,30.246260138348255,0,0,127.88129492903205,105.63312012593653,95.03902624210286,7.867443010280768,3538.255678325868,4112.7362041670685,944.4046974058845,0,552.5049733428565,40.9286408504219,30.22520409495594,57.13154356143052,226.3025279352978,58.318549249239446,57.742653870802044,1541.2117728877824,1177.8014938777442,1041.0614238956196,34.41970919207293,38.244601195621584,565.0615846028572,198.2004026352848,101.93561659178431,125.93331577844839,1157.4288747860796,243.1933998842705,102.09153196337749,393.27374913849417,208.59970302217516,222.47646070946016,38.39266791743587,40.120649818977725,265.2248989839224,71.46425551012229,439.18577283540657,16.291365710410908,5.4067228813368855,2449.8226201855,1479.4534325743246,5099.808239544987,6495.177226795694,3021.2472422943406,438.61656725880994,201.47746743436292,174.13868505313258,322.69937718942924,283.3369973379813,148.5089775081623,392.49244606153627,461.9227681356572,2801.7693766006537,4871.994758341223,1165.1225417167348,566.4246596059212,1447.6195440643658,168.15422226228097,96.32570755102277,273.6104438128486,5638.828869780451,1645.2495304047,221.00772432588653,316.87510011309286,832.6209612647978,941.8433939386682,4.1386178217270055,1.9314895305587867,1.2377467168605052,3.962831585013155,10.914068330214375,391.5571835919185,24.916708986939057,62.28215146960387,71.66978871933358,74.3669511846561,87.33580042682001,212.0444023643063,1472.3675812979534,258.1514615592568,219.41189426921324,1017.0869526878944,1480.2551908595583,5041.846127603381,3244.0128639885756,643.0049269777594,458.8995714300428,281.3854531323399,49.95760889435253,455.51455553434295,17.743006483589348,22.801233073518844,2046.0086484251378,7584.287655335564,560.2311110604662,72.23835337649663,450.09779288864723,6222.912399269818,5553.231013979713,155.2747370371273,0.4332097378684052,1.1815886961708657,4.566518384788992,2181.5105098018767,19.262509802976236,10.336991620525163,19.246234424537903,362.13977207660713,104.32102397893168,18.275592439377522,441.8797360769646,9.952680578735682,41.92788530141886,48.43922570136064,132.33105566394573,0.050043014557198,220.18579944821846,57.36907905481857,308.69617220318133,36.7608420281092,0,15.283583659903394,0,0.15538833850521658,242.2528320539881,370.54275507414013,101.43348788576326,200.83345988198064,18.73737480493785,189.45637599403005,65.01693729681706,1064.530030390391,811.5834703409672,531.3269424980322,314.4864595946,296.46911172577467,127.22451621421479,57.19948755987628,3.4899293380776215,201.91186346106358,386.35506112683987,674.7412389168513,410.5474218406688,151.11409030381895,22.976767868808814,202.8500826577415,228.84666300770127,412.175259299128,322.77643259631924,5.197825866487547,3476.9882463900276,5071.70827912837,16434.40078152993,18129.399239840503,13325.1205303017,2.7337506991209874,2.3026658379494984,6.880314473726814,370.71193222926644,24.231107828797594,716.4348382223653,260.3181565635371,538.6427072914445,2218.9169442829843,274.4359987452228,32.959377087248484,7.448676294589203,483.097117844777,60.07460970952159,57.958706305338175,28.79484893291437,5.837217723404093,6.678671028851809,6.71527384667652,6.642222071560029,7.826497295156276,5.773538327296647,9.80235275845091,9.606592367574144,17.595575247285165,9.254073101028144,102.74391967745181,53.62137719329503,26.148931638159063,31.268273900568566,77.1553270978921,468.8348999554183,32.13814191804339,19.35628632999732,24.855360444068847,56.89522795238239,540.1719297201217,43.7046523298806,200.842723656081,84.69411898895775,178.90418063986124,44.64742621231738,39.693707119320074,56.78641633392676,19.221971484550895,28.91940848474354,50.643224189136234,29.734840805470952,595.2246135432885,28.629015869424695,131.88521775412764,23.437099449871972,36.028648685160675,770.8218783896956,17.514208373656903,72.5058518291763,89.18591058118591,9.614085107252668,46.70729261724749,22.815743643865297,129.03940306035358,52.03174272957623,1231.80074266652,221.6605767324965,5329.269938508898,5407.6008598848175,3554.4422480983717,1245.3291934692538,2336.1577197560932,7.825863431409623,6.16892368118738,4.104053636823215,11.063931581301256,511.9889548274976,553.0425180995896,29.628230407678412,20.07850267567815,2.5098757869488653,9.9758673906109685,167.54719796498378,491.3552272815833,135.30253885782054,60.40720800038021,7.682490160156534,13.213330327366132,77.8917091317813,99.45269035067102,773.2729617889123,29.425674156023394,122.52952938443485,113.51300698732585,34.626053016035186,130.17066867794762,7.085383816374171,6.284545815712985,11.18476324257184,2.3540094619708762,166.84379527742257,12.684140882200808,456.1101332202539,176.79225515381884,305.6200460593913,173.3234711719159,628.3050184475093,2601.456335023232,1718.9242690623253,1041.5395372285363,375.55664706652,180.31241547626217,572.2946563960502,244.9490697858725,473.83820347344226,1286.9265456553637,937.9687753489063,2806.1323669132153,1700.802681035525,511.13412237997295,380.71706544014665,397.87096283576176,250.30060437008714,44.912150355487015,220.99075280152465,121.39354616118688,70.15122712261497,443.005665044073,2736.877634940617,1066.5653594795763,150.49480831113777,1877.4748327924792,942.4034019516462,219.4377908796151,34.22987588162532,500.0720006796514,994.1640862349677,2020.1422871675134,348.71830378899386,200.18492991527995,268.1934859320019,270.2243698535779,802.2703273228879,299.85524124032787,37.27356889462438,166.0241923343645,442.7057595349493,1109.861599693837,1038.1408791186252,1271.7469659218134,2641.7587693200003,3163.6637711487388,5466.773102207361,3170.4643902836433,1121.9972446065085,1022.2435733990744,8705.536799989626,3476.078205589521,794.3910830851472,40.019225030667364,47.62258364665527,67.97637878436547,605.6537268616374,72.61121824458068,418.88813981807755,717.1802108625561,46.253963350537646,317.316337649403,90.36782416631783,437.1072116998282,1305.1025110428056,1282.9223561875626,79.61938897295417,19.16471972291873,13.739921897236954,61.40381358046133,79.01159448601474,89.52889985724934,120.24298446396942,114.57758087656657,540.9086814856802,2619.54556905557,1715.1897412186202,628.2936511583132,336.5907698396329,61.44774039129373,505.4040655066717,0,0,1450.3925828934662,0,558.3445777897568,0,652.8845682834094,524.6113305103694,2067.801714585672,547.4142565584508,0,377.5102858748228,305.223461885206,1597.50556828222,882.9970947166951,928.7971705638478,1509.273502786604,350.7242291599169,5820.15799533302,1659.216990218148,391.76231635222825,1099.150722946055,1046.9196597693094,1197.8230682725682,740.8716494035496,3576.8258919053774,1164.9602818900137,1781.905814610684,0,2007.1432825039212,1884.1686836824051,617.2079306721481,885.1417771790761,625.4953413613948,818.9752547410744,856.3232530030801,0,940.2142886476856,748.1396322868927,0,545.8000452261074,4756.429493237995,978.9458907044021,1541.5499230629212,355.5216741922813,844.918504201371,280.60272877881073,0,1116.5978687005552,2404.390113816064,1308.4377901045361,2064.6835676519586,0,1988.3541258590203,1841.2549658739874,741.9637118011024,14.56536753405792,1594.6098960154336,0,1542.328542694467,1590.802935152483,824.0271291827179,708.1575614649394,719.0579628721775,1440.194051209044,1682.9687811028323,912.0692669716498,959.1503909024141,0,725.1955165361126,762.0929447025486,1623.862915493565,494.9011085715071,1247.720141313382,978.3234914126435,663.5529706218417,1051.685514798684,1119.8511408906666,0,748.8485910257192,0,2164.6965861320605,23.536217048997855,1870.3906446035812,1.9019119578880992,1349.3677258646087,31.64055653440981,1555.236142418723,1201.4472305808088,1552.0103290594145,1134.7455337867734,343.81557015589846,1536.3877063114962,975.1394709592597,948.5785907805166,0,873.3285303734534,1077.4827760410021,658.1388160602868,0,0,751.4950852630017,956.6525585087073,1008.2188089152198,590.3170293788219,1505.7306287025408,922.7215478561735,1306.1800942433797,882.1478403102437,797.5164906568539,925.0519716493537,788.3990277172671,755.1406804661536,1069.2831828877686,1057.1153726928476,1207.3646470237582,1053.563420722795,784.0011450637545,746.3532348587397,1761.7227522701348,2068.978925474869,1212.8010527028878,1228.6808457829836,1139.6848704537435,582.3698373682728,718.2518281456106,1257.5651024586198,1563.2177787863625,1079.8828188376644,1099.959117680576,1606.2588889613564,1099.0637489374565,1100.249872816351,1327.1835303249975,710.7198216497792,1651.8542476809916,1631.4548367408315,0,1495.8820332414969,1423.1516007302037,0,1391.2889916423942,1743.7047108438896,2202.0313235732665,2576.760461118832,1686.6206942676108,2115.0630169168294,2084.9386328596333,1928.3790172623683,1670.7553115038254,3905.701522410842,1809.7744752106578,1653.8651851426066,1741.1689654287416,0,2611.3553180008516,3408.6951831978986,0,35.289028775877426,0,826.4176035138244,2176.944903908296,1429.0797264128096,1323.8878455050926,1399.5110842747586,2321.385858690052,1360.9641415934748,900.4976622683558,770.7083129628318,739.1383293345665,1862.361754694277,1100.1609132700553,1387.5227979364295,1113.7490043339724,1311.7307848209457,1260.955335018322,1212.0049838872203,969.4921858212788,1543.4187883291556,4637.100151851268,7842.344756820489,1589.0534027769568,1049.5574659288359,975.3990822626328,805.7852290889308,12123.731723820716,853.7310439380359,1905.46240600112,860.1096706468546,863.7327788975628,906.8204527907171,743.3510123362412,930.6417999270809,422.22844330319623,1117.8495561997509,923.513702446881,0,1866.8754604218589,906.8393459067499,886.1190519348003,0,447.31556815688515,0,715.4740423686602,680.3517219357666,1023.6182727640202,803.1098718538608,803.0701430698731,1108.785635167431,755.6835556028534,1107.3956542376209,1197.5944984248774,929.0303948206868,1284.6109228788998,1094.0709735937492,948.0158381025957,0,731.6395638916616,0,1747.370705659073,915.1941637968197,1080.0993838259078,1117.8399013404173,939.613310852094,569.3437936189581,0,0,619.998430315584,603.617528329183,608.6628745237525,0,617.8378423029636,558.2190706115646,590.2871976629873,605.8135099344499,587.2841412295493,603.1003845638612,622.4242009914466,0,640.198038021887,637.3218311249636,681.7115594008054,0,99.53479358278152,0,0,209.00833016929406,1534.965696940596,0,1426.4325334886437,738.192343408705,264.1118271925268,668.2298622004251,951.2553116392553,2877.9712796246185,1148.3064990740245,7.4725808137652106,669.1011086598351,75.50097253497708,1157.4509988146415,671.9262221839688,1133.5818420617343,531.5759778936116,0,1010.854619423972,623.3245899251501,732.7159336016006,890.6624335281667,542.1454112609357,1029.519082177416,578.217072351512,966.4879372069959,803.2404036395473,1044.0807349979677,756.4190300157798,756.4190300157798,751.726510460412,587.7367766984132,812.3008928567369,615.160614585408,631.7296220673117,572.5642966562232,812.5098784159449,537.3950314457943,682.3682188479503,542.9825040041532,846.4320704543113,766.0822188421716,646.1036393437663,637.9616667682384,842.6330227534577,545.2871350243689,605.2916895048177,909.1063991392277,0,652.8821662584847,628.936780860928,541.9271963476017,678.1520166272874,807.0378373506072,697.0429639360583,595.6804398735698,939.9696648310882,820.0632385478274,586.5364524029598,1389.0309735648448,610.1282061814078,521.1627716173368,529.3318379550714,910.5579350368602,858.0159980505031,532.2900272116889,521.564079807245,541.8543882846769,518.1595336572017,796.4407665272823,0,0,0,0,0,780.1964629764717,763.3329840479562,757.8825152211194,396.4888982372843,317.40237287981023,0,0,1249.1360274273204,1074.6659726799526,775.1407313959313,0,860.0486795185118,870.515101378162,637.0753353927097,1183.0391791072059,962.9622465476241,991.9417687450884,743.5802034627883,358.2015289938644,0,1055.8916866204277,373.95463079881836,2334.6257858261806,935.555764200009,2741.524028634187,1428.0435141169712,1681.393728537404,1531.367288238321,427.61614705853606,0,409.0376246154185,903.2315352827269,411.9479225927473,341.26310434064953,389.63823121886384,890.1127368748296,531.3130076014337,486.3974476385537,453.3476125959705,587.0196974239699,1733.0550013932059,524.3920872490354,388.3204070029395,0,466.551899754949,747.862783386704,1801.7351472218816,1092.3279835010203,3240.336067273044,1799.9063202757968,706.2126004097504,2199.8501457129187,489.2922430023835,577.5325735103377,2840.3986864379717,641.731296753541,506.1086475904714,530.0489593313599,592.7621663925389,469.4491306018135,428.12698063090124,408.2794928804669,372.0352727801867,70.1768670710534,0,2507.6656636163766,2742.357771288041,0,1158.1038180932164,2427.821330885956,2073.484066255732,1206.2506182345444,2266.6777214967256,1536.4629341889402,0,1.573271311338678,0,0,0,0,0,0,0,0,0,0,0,0,0,0,45.44519415241495,0,0,0,0,0,0,0,0,0,0,79.52813691727559,178.51413490255047,32.939979256580855,28.211833066926935,9.137390845672023,210.1257571110687,1188.4396112977095,1379.3453652108901,150.99648288989414,768.4233925411619,0,185.53260604573939,55.806187707826595,49.25359084956794,55.07099177272012,457.8658291286757,25.347229756798566,146.05400280926386,27.112128081724862,77.21850003867388,57.965173472828056,140.31792210162058,139.03584201975875,199.5794509422134,0,0,298.34552249941635,50.14813889143287,2515.9597341500335,149.08525506095359,207.569884165167,50.77266674125177,1100.5475759810204,50.52217631809206,50.74703990665252,99.487112233699,0,0,30.539869737612452,47.74750413490138,82.72935046590905,23.559469004487468,212.31184015251532,37.45830326788878,11.768250012131318,36.69545683816179,39.04804594868103,36.76179727526407,18.30620123829842,36.02826744417819,19.719692345069475,30.50979003608808,20.462230013347842,21.718802402636555,31.562960430922654,27.4452281438625,28.836234926278152,50.61225022340264,33.22652688786314,34.61275252196629,23.62648118438618,27.937851799388373,27.419731243956726,168.27586865818813,54.06218343005439,40.52160405222763,24.196874640332627,247.47066219605279,204.0115589832704,53.15888983830888,688.5120619149386,314.88738708928986,139.57762462593732,387.01684231154223,391.3640693238318,200.87269838651886,78.3778506477818,174.46251652336812,53.86548946250392,340.7877331473248,0,27.981884543797634,2.255200391279362,0,0,0,0,0,25.137478620982492,1163.6317244717002,152.67840254146608,4.560390160972827,86.40900022894897,676.8128705319541,604.9607465563826,3796.1909711935864,3889.9466744148217,1584.9253793028074,61.40958593379061,0,0,0,0,0,0,0,0,0,12.534912572218397,0.18380667063289693,1.2660515735298314,1.2348569305051522,1.2085509837750084,5.331146597326212,16.99690163314033,0.004679933869668726,0.9673919730043296,1.791589072250639,1.1784020188728181,3.9729672351989005,0,0,0,70.97827845407728,3.4406062050763637,70.24466248247771,49.609042476390826,50.55393599709153,3.45484883892604,143.30610931169025,73.51674001012762,278.13934402549097,50.304291588251516,53.86001881877784,105.11331129859703,191.47383010266768,381.30225239273574,184.0242755655287,8.263213792731126,1.2625896670582788,9.106376990638477,107.84472081186826,6.898997388705231,2.055667730533638,1.2064846612196047,87.99021295404634,49.70080468933658,0.34224465393037684,53.013008735418815,636.4119959585074,146.45630354808367,25.145670007097632,17.077854661789974,8.517009637138377,36.086636114758825,11.753657820414244,34.33404104331994,12.009456156192368,1.3373855813990614,3.0756084533749486,287.9107849601841,89.46572119526317,117.98229913396543,10.170702463541142,48.29260675291783,122.09324473787657,2.6407885432047142,68.40242504019062,24.44800002012645,74.68000624806027,1679.0356207188688,5361.070896742748,7391.0559536072815,228.36620954682223,156.45835577102983,17.634576199473443,211.03160773160545,123.33981819598306,1027.3949086338173,243.60292545620524,84.1197771003269,5.6182737624308725,693.6823217313987,381.73608168243493,429.4714264371037,145.07322569237255,0.9695257464135981,8.931572528303034,1.1716294937140632,70.92000976186137,1.2811501842839554,1.2132514186478747,75.20936782408096,78.01595218656242,19.383533605624958,0,0,0,0,0,0,0,0,0,0,0,0,0,6.9622989484924265,7.388176674904738,0,197.57231245454093,4.397462160854791,4.27191734942324,4.26814603488672,4.2080315830474975,0,74.27795119173115,74.67722730841322,74.06866537759241,74.1490084494136,74.58454611413906,69.53152198882798,0,0,0,0,0,0,86.39708540221528,74.45966463756895,0,215.99928715589772,87.89458677856743,0,72.77299724539651,73.72934944841029,81.22714092518203,2.026358873114029,3.504198896077727,2.666514087506691,77.19841157100971,111.53502045457861,28.133016235819323,88.24425185571555,59.40628763641327,75.76551641973717,83.42990381942222,93.03823555946686,92.27419935602857,62.81960204380103,87.92603858139151,87.92603858139151,4.4578620556653785,4.4578620556653785,77.55138440022752,72.55391295792622,72.19893167163998,74.71484486650266,16.750690235094588,53.98348138629115,4.331231084820857,0.915201707572781,53.48900121312534,42.42464820120331,0,0,37.814479914552436,0,60.16711476140346,0,103.2003584083838,0,59.884410269666304,556.617473489514,74.14058875628847,103.67084261687148,49.743831001273364,110.87890177052758,53.780212962305825,123.60170067521993,74.35029164643863,5.54384528148231,73.53824434020855,8.555829917246736,67.66333572737044,75.58630774663047,51.908088020879696,45.89966567833545,56.31922084145176,69.6456405292514,43.8520252444692,64.94171791508899,129.32452752597567,95.22246624843993,0,35.887932177829704,65.97044865356483,41.89701479202677,79.11903255168951,72.57905911193315,87.55416106404944,0,118.44937803329745,75.76851310945364,66.23014326226577,84.48056913624221,139.99170385229843,73.1881956096,200.19283970642286,79.19575215506809,90.52406455690924,3.200432436546438,576.0774276232698,184.10352213162258,122.86863222564457,169.77394359016523,83.54739509845173,310.90487979714163,201.4046322417636,642.9174048127597,582.1364405295164,538.9656933738968,154.24145656048591,29.35162844854233,209.26344524236487,319.2213252497285,574.6440455876907,1560.5907122255624,4086.237083562784,678.9318830654142,4166.441830838546,83.4811970125366,4090.627299889776,529.4716550154625,551.6239990660474,153.46663368658923,133.95475788585418,372.94437458684644,63.77887756251719,31.01201733811604,29.043292231478937,462.21544156862626,142.36921783233228,2.314174995525172,50.94303051727576,0,0,0,0,31.58843978036951,456.7101473924595,7113.698815122881,13846.12736814714,8038.4116124837265,185.41408409342802,6.058217246510421,233.92361781105822,130.50271450174995,1401.4544466195312,215.45310440242176,644.1406031553538,1969.450594308928,114.29107242811313,404.69992698065926,210.1185566928772,95.39508989085499,32.13563544541038,4.057409313163254,556.1794418678663,890.1884365595712,1299.99005808163,528.3359147504888,4.964766060202765,38.21369952832562,49.514203415161404,481.24057386665277,57.211468845476155,56.5480090452406,533.9727042247986,4462.336771884682,367.5266803952652,38.99487936577725,108.75888624635158,51.02418783426684,438.19011768625774,333.05762776861206,54.1761332448507,1875.0031317023484,488.1678307798269,102.55875419188803,23.660917619983547,170.65091604775037,263.9529835048138,11.898355829031926,9.364662986760377,84.48927211278793,10.731556106311782,4.430281560355796,26.687414239632993,225.53479759054602,89.6293981968635,65.42280848152436,15.194081648517441,34.09644892247065,50.46270095968758,32.17456932850539,18.340059614450084,114.96781211974503,13.15768923550428,14.055129079517005,13.723675394036993,14.29806119016676,13.442240890698411,13.875096988041035,2.249076299364237,6.417233482142042,106.78610097013525,88.22372113206382,460.7974709129619,561.7401914838033,60.72619088512244,60.91406468170558,49.28492669091725,149.83112043034424,1720.8848794712642,32.83050175451083,818.6592182507547,44.18321748038318,138.22396141871525,246.8926759690504,12.875647863789915,13.690747778746218,16.27993481854248,152.72389658940673,6.728890334137159,28.016898248447635,36.318822279864115,48.43027374071414,44.335945961348365,84.51524864747111,45.97752939607822,66.40686864719791,48.68313668814203,773.0677728877168,9070.081596093461,424.5397228289925,1598.0335569630834,15499.214400561377,3006.7546581334223,107.49319145471979,53.88695890506018,46.25757866680891,94.05855102007212,119.23224839198711,299.87227083579467,263.23995930954646,1256.1418730370413,1839.8065478929143,275.5302554844355,47.3308556276006,498.6108408952802,408.9318746566458,77.01215525867197,109.13767666226651,14.268817292264274,9.231140725510507,82.57838402528411,71.43605781661147,5.449083695358546,5.1608137597618615,31.026315979570196,0,0,0,0,0,0,0,0,0.6152392620542728,0,62.40057016348386,79.3256768950095,0,1.7643246692875403,0,2.9942255882224553,570.9446230930776,190.4439766519848,0.39461922069531485,116.84274932939137,517.4668043749807,271.3203737358878,868.8549737635904,489.26759558509013,372.0337098246466,314.9001722162216,427.168577450443,578.974752970861,505.122519469837,582.0176085066374,92.65563055354423,840.1819602923877,1486.3069761119652,972.2772984881415,3209.065604025809,2401.6582739317087,1027.1930525228202,551.4118690525529,529.2348035226556,858.912919683017,372.1842830025228,963.2137226175031,857.204913533711,251.48438482003488,152.7617704090134,1.5419006631239283,177.6693575693211,91.12936685733843,154.55664106043335,438.18185277467325,156.98121489951373,157.38210037774795,224.55325964008074,287.4700253375295,639.1004104231118,493.3455478192568,607.2884658645343,310.01192294626856,125.7970447926702,620.1749935502545,601.5409229561649,130.4378582020147,96.84328050764817,428.9939916989184,291.3804673635511,360.6919923758881,828.8845650679373,1057.4547014779782,1520.1694465730861,1789.4422534324967,1279.6039060094463,844.3298177776076,1008.2068764836162,1436.6023637969765,2450.387808329133,2480.4122656332247,5471.551144466966,2226.230791251757,1011.216592993022,608.2295325890748,524.5335217073729,872.2899116991381,528.215102798173,238.48580048571063,175.73510607073572,623.0654239967547,264.9658900097186,289.9043716391996,170.77148691001935,461.3609717377586,1850.9199961766856,329.18283578495834,222.5641375204978,226.33429428747627,306.99782985822833,232.21399874212585,885.3713076449621,158.17175498627407,102.51431647692841,161.6427255712322,415.6913582976012,246.5053278170259,338.4004913675317,68.96815126055323,256.2079092496839,666.7909951417755,117.9573540846747,168.58742964041897,305.56627644991363,484.3876371675748,360.1766657443665,466.68295477682005,306.0834786586531,325.7515170038004,488.67475902305387,456.73964334294106,53.16626153406443,398.9740455252784,73.13444653488322,576.7783806146107,18.549936796231762,1077.55219325929,1815.819530431414,1355.5684516739998,3756.5491754294276,2535.455111181537,1247.2546435102245,448.8876445541508,478.0372025320481,883.2260179746416,529.5108810349757,95.0377497804941,316.2360280879969,1341.0134970693264,919.2989807965392,579.0164287949729,1143.8820297011653,1588.4308901073105,250.18556481077584,120.44767166136796,283.5338778109971,395.5990401651643,357.92313655351785,345.3602653269654,513.686199554315,303.3651563387172,40.21731487569135,51.07811168218231,16.944939710243503,15.884909612445352,17.521465407534016,21.16435778801706,2.4311322741807348e-4,0,18.696722671056786,2.46631938389807,0,0,66.28813277530179,547.8210608485502,172.13541033286089,28.077233189519358,279.2834188964932,201.22585795399888,33.6336001180836,65.42239522599148,0.668739874819498,21.62314268558562,2.394505811808474,88.15939817163924,5.169634509558982,381.107071766932,1588.1517240099508,328.7614349394793,214.60658878184557,14.419384986968348,0.8728503801791578,0.46345968618871153,31.003845385638893,106.56581692499557,0,0,0,0,0,4.346185262707161,169.78963744559601,103.56331196484257,894.6701815607051,1064.6856608939217,221.77752161168186,724.6987275967368,16.900734685758692,92.79214049743466,37.08145758020731,127.32872029210559,34.629890461894995,157.02433301067174,10.686230192961007,21.374955879019737,10.825330685041763,146.5440743765678,6.479270219223603,0.7603473613867412,1.6379261249448693,193.83270165526466,25.396906046119412,38.422278020872405,198.8043535223592,659.8897557952199,428.33275997215776,629.9691650079192,413.7957954942223,189.56669678349513,110.01919207232933,8.404909757889156,132.87699196069593,1082.3877001161297,2115.9939819492815,2684.840169846494,2407.0662094848035,1508.7112329591853,162.36141756662866,7.7354695773944755,0.014712624133369484,1.3872155119479457,85.74606909388223,406.1995353823164,16.71710212622923,145.99279511808658,12.165905076082765,5.436810784323736,15.960961289951097,58.1081676417976,7.950605102780344,0.010201264259724634,0.4494539650023594,183.41858843374936,13.747939356232326,166.40360127756233,218.768242614284,3.285111884793361,156.24292512835183,0,30.795657064598853,0,0.9640645611215889,0,0,6.3599895701519635,0,4.98998183818276,107.58197918227837,52.09953725608254,115.5893722074784,74.59894760705426,118.14392668214349,0,71.8397351074717,102.33416596636373,0,99.74682281355132,0,0,53.616723483327355,97.29783587085626,100.44601074519059,0,0,0,10.5896498425116,27.016175186105656,34.76819958393197,178.74124053977008,17.968879179117756,0,49.79468968276071,14.427488783101872,23.158255030187956,484.6023154071437,674.8368031151515,663.1871153904181,616.4511432075791,454.41875061967676,377.1192179408657,111.89628323288555,204.50592940361807,349.8542836175443,86.35454890543768,247.82392457739977,174.74298158059113,61.4595748813507,2.778715801047274,13.812979951721202,1.163854739621535,0.5927397936561272,8.63992824837336,0.07860990054092962,0.08284038964325326,0.06158007010147274,0.07207934066107746,0.08420403402463016,0.00837382026734594,0.07610007739348125,0.10383074489688983,0,0,0,0,0,0,0,0,0.13729738782162876,0,0,0,0.13398050472761863,0,0,0.1265886153824784,0.10158431100680945,0,0,0,0.12636547949933502,0.13298673435719294,0.1037380727000637,0,0,0,0.08071334624987321,0.050163739983472934,0.05023064044459065,0,0.027084000025886127,0,0,0,0,0,9262.83510050202,39758.597077885504,23219.932947532634,90.57264097181762,1342.9078330553223,143.1775249410437,37720.790474353045,72.79981794542545,339.52386292425444,72.1995445062222,87.41850569897716,117.97549299778237,135.95480689691135,143.82203846842688,97.5643809159087,535.8838733103901,6060.722395009904,1195.5562335801212,7299.391476461449,936.3728274717008,2060.2503960514596,1655.3635225769115,3073.4209095076735,744.9045977620486,409.84964106338447,179.42090846044013,139.972963449109,1330.9850748313381,2054.068289327463,231.63409396673597,271.31259664771244,505.6494231929707,230.3785508418582,493.2228422033533,407.8772045151888,374.71497107704624,232.02320400980463,280.2749589002074,389.1615243753126,416.34902197690553,374.0097166959388,6173.94062940494,3351.2737514073037,177.23459229892856,149.8690020125943,167.8470632481159,1190.493903778645,1313.6541727940144,282.1831656372582,412.5984619722365,350.1924987946427,0.6146129740908696,0.9578485958478908,0.05901409891814346,5.949138350721171,5.090589116975975,8.409427165910271,0,0.27168970539261234,2.0166454949199233,8.471885702746226,205.30099017381417,82.4561438329122,38.646982840960156,161.52100684005686,326.3220711671908,348.6623850509969,53.050330826720064,60.36888579920293,14.586989823961876,305.24656075618344,114.32478197486195,0.2408022769085224,0.3054902354204955,11.237898929076593,13.79348692917728,65.07304451564313,16.682714523341872,6.4503606206248385,88.39136755288494,11.547059554303887,2.053830121588942,3.7003702282934556,164.991651075239,48.620392472027504,137.12600944299737,356.8262883396047,486.4312815793766,804.8917359636313,745.8019875199972,420.8699546560022,375.26671781903065,1075.0456413078568,706.507967941669,776.8565291936433,785.8442999571489,439.2955935482079,464.3014126269484,791.8053445549236,248.28578093053213,942.0408711906503,65.78303918408977,117.83472798016477,2.7734144170356716,114.96624962740293,31.14673859717925,8.557800323623509,350.06513301110107,78.48178983074172,85.24715448917212,259.2605989876933,378.9455900281902,654.0961230982837,690.7570555057542,59.102748849708775,1456.7053731906851,226.03227241302187,15.994518542309196,9.010916562348958,83.22378308741567,345.33126120934486,546.9021144692015,121.79383605246598,41.189938600915134,109.23094346831793,871.1038225666639,350.0361882286106,402.60289377638804,217.13943201065905,422.8311016740389,243.26586759250188,316.8070070945424,526.1978189308537,1264.052347865484,591.6244780053123,1424.703488515243,1518.4845004434699,1786.782918422662,1113.824608031603,632.5537208295572,1276.1250685695095,721.0637841971529,558.4661144744296,554.182387228885,477.5055766881093,666.3363509948548,275.8602237961262,169.8743800547306,0,0,0,259.7844808211117,20.05320964845035,543.3401167692424,165.0542468533492,116.29786105859141,407.15029945765383,72.28621741145395,121.60599888832793,670.9794006895524,891.649012710134,754.8414510465188,761.0453690748401,710.1498143988407,437.0769064009722,79.62083355867901,80.05941365465152,225.64259366708572,2.2339258306289804,176.74873518730467,17.64428099321231,2.7672102811680137,4.147059571680813,26.663725307657003,214.69224563974666,8.51984443726228,0.5423225065480338,1.626660667488707,2.431657630469349,0,0,0,0,0,2.21662380742491,3.1847653514083984,0,2.649848209873629,0,0,0,0,0,0,0,0,0,0,0,0,0,0,0,0,0,0,0,0,0,0.19786378560974613,0,0,0,0,0,0,0,0,0.4246103357583649,1.4407500012078818,0,1.4601771672504726,66.07067019836693,0.0894586050557732,0,57.57698631462381,1.0542516260012682,34.246918927148364,0,3.1487523954788226,10.08251599328538,16.97607537396182,2.308167114137503,0,1.105643585463651,0,0.014269333064103155,4.504882382689409,0,4.577499520654782,0,0,0,54.16862205288672,0,0,287.177370788001,0,0,0,0,0,0,0,0,0,0,0,0,0,0,0,0,0,0,0,0,0,0,0,0.995419308461567,0,0,0,0,0,0,0,0,0,0,0,0,0,0,0,0,0,0,0,0,0,0,0,0,0,0,0,0,0,0,0,0,0,0,0,0,0,0,0,0,0,0,0,0,0,0,0,0,0,3.0037098314496884,0,0,0,0,0,0,0,0,0,0,0,1.410003926234515,69.65848010151083,4.40920699640604,0.0837358583291272,0,0,0,0,0,2.209966638376623,4.9389793021015915,12.024446594364047,46.51048272777152,505.3831383758104,430.98735374440685,536.2154668876924,957.82612557824325,82.0001539984933,339.8194809005743,486.0739502307057,96.53160251088067,162.23931377547703,126.2872833401249,192.22747448374585,14.343611582604101,6.478251989881006,7.060109919806978,10.869302362969991,7.108174799228131,6.016325564682256,5.934268233781063,5.028823363254696,6.20489534248306,285.8260887368588,7073.685593169838,3475.446251196143,8.462281102571524,1171.2333030679122,33881.03493241617,20607.445105833907,10008.610914696506,7.7603016580325015,23.4665527747818,5.014735014086312,23.004763519330517,8.724947541709572,19.998981853134865,18.779275853924386,16.52757598400887,624.0743307230516,10.251275087399296,73.02554793512317,68.31518729689898,10.941128350420085,23.245548377132277,3.5107131968276937,1.2148887275211817,5.142796487790932,210.34041681143327,31.874878090886202,402.51690352009024,29.38631552779059,174.83747607370492,58.493900564441965,14.988276549199265,1202.9024220088286,139.50262417265614,3061.89826254804,2361.5909887103385,690.0094589251265,73.7110847952964,1.2209423163690805,1.1347715750282543,1.228898224618579,0.6761327165609952,2.801508652220417,44.23357125101045,3.72703701864348,3.48257082296186,4.15641000199151,2.515823861461566,2.327937336466803,105.65762361937544,11.044138504466503,6.959535752644737,1.7194172840596924,17.31531103767167,1.1456994115458277,2.0785349171313903,6.669061320289114,6.8618632042414385,48.10636708076345,6.8319674940820985,10.433370672978862,10.470080235518884,91.9069925806422,36.59355647203118,68.94537272293171,1.185868740905168,7.163925158185602,4.6961227066967295,7.279240981299413,4.690650209951944,70.6157863773471,4.693202274859847,4.665600943700395,4.548315061641558,4.724432017226732,8.901840201765692,4.68319956661286,13.739812266221511,12.686734850000297,13.360420815613473,31.35703104616384,1.2178452140250362,2.496338253830691,4.6772448204535015,2.320398468017953,2.8205603490873687,3.717789512316878,5.151575581117868,957.2978254266812,3166.2706252238613,1898.6968260645137,63.14649004780201,2552.086895156642,540.0057906141711,4.685668610789938,4.703660969756034,0.9516242443088352,1.0827599133682175,1.1526975667173414,21.63018984907216,10.511176208879771,9.580072550906637,12.71161115532137,10.091365375092481,6.881161540853107,6.167432615129729,10.312091208070694,6.998695428455261,6.994765260525802,15.687508529240754,8.62420675340373,14.18537631079552,14.929357422078159,39.4452433273556,9.998417428930592,10.507318446747002,10.350117028877035,129.8001388761873,10.228039013655685,10.40538139737568,14.264246078044652,14.174534125984925,10.217188981405785,13.597383230287862,13.556145946278228,14.076814114640445,10.14617813487695,9.889062878653204,13.643510916920093,14.272926774702944,20.310444399643664,14.119985228442953,20.7708254563316,45.60519362869783,21.238844583757253,14.000307332717298,63.49928493801986,0.7200144183305922,7.696841886275892,7.702801400853082,5.240974916011065,9.388020829439654,0,0,0,0,0,0.19064945890073698,311.4376046709024,215.31291037037306,784.1177310509977,13.994443100392159,9.280514758995663,148.1915361626025,127.37348288304301,112.2995060497297,592.1713513661741,10902.718835156385,11604.341994104767,703.6218496090709,26.886988164948498,120.64590322513726,208.50130597384282,212.1363817560469,31.443073754505313,9.886792966914088,17.204218605986082,0,48.06964773989569,26.9664534884742,26.733663238821052,19.137100242379,17.24271331337375,49.731090550432214,107.0259621799595,57.85755632876045,43.40415693969837,72.81249685353094,395.02506361516726,2124.787979995488,946.8318627822457,125.01659413495375,132.222693887805,142.19785596897594,75.68479467482172,1205.37796907692,3041.5044010729684,214.27438227313039,52.090623265705716,872.9747434595503,101.32460213940804,81.83694906075756,147.73961283991736,88.9210535908014,34.70873298509046,72.0958239581051,46.678651896231734,169.32541383170565,705.7953099386887,235.13434689010765,958.1812255454831,37.50358879523597,254.77627176520755,2366.0604818322718,1367.8081159280507,1850.8180337922622,2745.9316844256127,4976.242159394249,11003.410933194747,42.357677948312386,36.32000057360425,44516.32258647014,42994.21499098256,373.973742089301,10719.108493225887,55.020943529216154,17.12584911021152,148.42305221918866,155.2572363089942,500.2071077398283,1384.7786049535991,591.3196954748306,263.73803648137084,157.69284166986893,303.7256621363246,762.00018988592706,1934.5004154345327,108.3016065338682,704.9864716618891,101.90257606111182,109.30313895780617,87.68952799539115,90.6259691468089,70.42160072204459,23.598183556449662,52.685956237885385,346.5815748989279,103.4232868175956,74.9980790338626,57.09985140988696,78.48625544719235,160.99633830231707,100.74818153218905,62.683201422005475,249.93716109265992,97.30211938704286,373.80876032612787,147.50354865731867,84.69593948995059,135.03588845948056,455.2347646614161,170.86692230853103,248.1280336437273,499.6895256261451,57.57332923142511,200.73272098472043,122.36561168547045,788.302986595722,500.36926738743904,147.02040620991775,103.97925982756259,157.36754322178032,303.42295382990386,330.60724134745163,241.55364228434263,123.44421255260072,117.3902475926476,139.26179594090107,122.98046949168287,147.25642464586716,134.49300696612278,156.89434447534177,130.95623754189776,397.47964142282837,271.41132787828485,229.35598858875704,416.12781280245514,282.0071172501324,13.866935603604063,58.206157807161645,27.825886029842515,12.658988344946154,18.935816341818864,33.48953693931845,584.8369268789158,324.35144569850235,76.18035168839188,20.181273236486724,65.00098690390112,68.40851069713419,67.57562174878657,21.092258154474656,31.15069705376029,55.148677215618775,87.28652601333096,172.8473668481558,205.0123335085478,48.64462886051606,96.42982448766884,74.91106801170966,233.68613110822164,13.138907609009689,33.43132559227644,95.19598121154709,100.74642303973243,60.78385037236853,43.74962155619506,79.51983631621731,92.15425907581862,102.78690424299637,97.94567731461964,54.55367158849047,113.16620300959981,33.529340010296764,84.48513186854913,102.43472066568746,109.54865232802635,114.34077618534069,90.25151075769577,81.51575954801768,950.4175588112904,254.64813339873385,236.03380971932188,142.36682159985364,112.14960878705111,116.84824943257269,98.44784742846775,125.79769809581732,112.10433209457395,77.61392939808346,96.75903081353329,88.37480715651483,118.15779132561589,208.020986089596,86.35565930674625,1833.5094460504781,1057.820487193215,1119.4758276419998,241.97531368072,644.8219062576999,72.00671175580516,96.68103378388577,142.68237904499028,104.96820948617179,98.11571443522988,123.0604792660531,1953.0447009704455,111.34189780264043,138.62959856067923,116.62277065669777,48.25940613457643,102.83506034467204,409.4065322284601,1428.5130116936723,662.0200458097254,144.84164140923997,174.78791496519827,127.83278918001547,1113.9562639447993,8933.357938161054,3960.8796093614055,2391.951232225702,1880.028710136752,2031.7638513931315,194.0805559988161,143.59894943559843,135.77323800500739,131.7506795822222,137.02207850900888,186.4580602431581,254.3435376605961,382.44319466274806,3147.4431785892775,470.5191018020253,158.0712238048344,202.37712581370644,130.6350932853022,126.67195045313775,96.48889202697131,1448.8706886843831,1406.8165068446744,109.51321637072083,77.54636702679781,69.30254848128513,72.92524295127224,75.16493602365439,81.61892168564272,121.64303977539035,114.95857636699816,118.3318707966159,150.92806394792322,111.17053233199081,83.4137010720184,824.9526316598735,326.31209264418067,162.91277610644644,95.63890182838023,80.72899097911753,120.45400778057602,78.9103308310631,235.96165588872975,763.1511600262193,142.28524395557366,110.6930521166774,165.2468811452635,41.946297987545655,232.43394978859456,57.20135501304699,60.67961603624832,59.46400720856238,175.7664562755265,133.23562613028957,217.60899732626106,83.82530807546753,91.63378822060437,100.50209735313592,107.31335995066571,101.88692022981083,136.59289917277823,122.35591099949835,200.6279284969831,101.6682723322732,437.4290836706068,524.1098731298147,164.40321224928707,112.28409118774861,88.95385874465843,110.82014108673333,122.92539598242757,815.4173169564673,738.5696287824641,432.09898356130026,77.41575286239389,71.32947894521854,454.48862507540156,40.347523627590284,74.6347913902793,94.0809452875004,312.45659692882674,59.44211963020896,411.84273703160426,47.92540505839657,73.24061981383404,86.67226820008274,80.97634195248372,116.11778574373938,82.359971816367,90.08454011915353,85.49297753348343,166.99021086786937,161.9321475054958,45.43906615473377,57.46602157268998,42.8382307676299,113.70393091087762,98.96566984563722,87.4576564981656,334.6815758115228,783.9049138039554,80.58962495297578,91.68639558303686,489.60504745161336,1519.383297750032,131.9350717859989,37.62025319625064,63.8466276611591,50.88725140081512,52.70299643682505,55.273985527496215,58.45146203525755,48.15011897450478,622.6722352933847,106.31627384366016,125.3877584451576,316.1688254840725,112.20195543050998,436.2066827560871,159.42225921679932,233.96128173128864,221.6743417288227,121.5148109111988,123.61101025737894,88.22017610102058,568.9857775098639,93.34893591260013,154.46932600663976,95.69188300015092,94.55365424688974,195.10792675267774,60.97244254126509,62.2848490935463,83.50040552700065,540.1753975096448,304.1652228894809,177.48442202413767,82.82303995717247,104.76781443020427,147.80583921927217,117.60878461766434,1225.459590841489,2013.9865343438048,202.198954087421,99.6221726362667,617.2682082767038,5084.216240558017,569.100258158688,98.55811808668112,93.56255320662973,121.33874808329237,138.4803323894898,75.38962095321268,84.602240725766407,81.15483469858484,114.86164242444235,98.07629924334032,87.20612411438049,92.80673256409422,78.14061520052552,156.39410863209815,86.73494180570684,104.59636292950778,86.00158977114587,110.21203725180625,1673.6310470331427,334.5341003383134,113.03675635318022,98.9064909908962,119.28487099688404,93.54701311754896,122.50841457577583,108.35099695026476,110.69485937565901,101.04374631481028,239.64000910015025,1368.894848012369,766.7842786238693,102.95587166154354,138.0973519248899,168.01431668269433,104.9903385677259,96.85887305530004,97.95595003361285,71.45776488512412,68.42255183722929,108.51161405342104,199.45286009798738,348.1993405864169,95.12091551991735,421.0976294181926,338.24456644714775,121.88817013683598,77.92016247314632,87.55238769562466,69.2416340059144,79.8724644698601,100.97333165378403,91.39376089521703,128.91407900735348,98.11620890838581,120.48846473805608,106.67704341780524,183.05581117178863,113.86076404956324,218.52948645916686,91.45095488204203,126.35033113095982,70.5157237466475,137.75853560554432,80.44309888255454,222.06216261647538,109.56514350849369,158.66624831528446,104.54697203445187,81.76947469987807,101.26060716939897,210.53895629877005,210.0298211972972,144.56388567881837,67.04030044521627,87.0834372316894,58.99089430533603,105.62530996945435,66.16592435607772,94.14212710286486,43.176311663111036,93.69446265875257,259.66386275029373,55.68329286554415,55.37631595493544,71.8690770363617,91.36471613141407,56.017150480882556,116.45496669796418,45.60823919656221,64.53976090680897,94.04625624786993,48.7530521779001,62.27761744335377,65.78283666375846,305.99336862089507,512.0320083614496,439.74181464222596,97.34924909752259,137.69635746213675,803.0590584394549,526.3637499911142,89.05699286895518,110.05534772294716,118.09922566590608,12.74940371505842,10.676511516653727,15.714364240545011,18.444015358463236,525.8268324143742,343.2926763987083,203.55589918818023,67.26484898232806,71.97599825433929,382.3272245929725,254.8290864143558,219.25866360025228,529.826782362233,719.2528685141721,918.054120890819,3437.3988254854053,2641.238812163115,800.4970829023674,933.2416964382572,705.6509617385223,458.67264222430543,218.78237904733786,437.7926864016942,286.1437170312103,65.54326135817647,64.41798109791665,53.60429508460677,158.67550853077339,131.3582281631306,89.17624465904508,46.41709716369219,185.35876230378025,150.9927517197538,111.42086267659234,410.05948690281576,263.9895968601853,105.41569077841565,62.19858266808697,158.39305470065779,112.51756999753742,180.9527399589432,2234.9731071265965,3450.29170565854,1966.1969665147124,429.21141651606644,325.2624172126947,158.46355942445,81.74729591906832,2764.7912724779176,937.6623169780609,858.6109240234878,451.38484016866414,1617.4088276825519,4144.9521112757375,2356.5739958255513,3646.9776377036937,1008.9350608403535,3474.3832129865746,1831.404322984776,1380.179326239141,479.564688081573,75.63298189213067,10.930290630483112,7.775229423122769,7.358090369812302,47.86125368277175,81.1246909750154,25.34682530149903,39.074545631104684,179.2251740410382,100.34728788556262,105.92603796628123,92.34861413541698,134.64127783828556,251.6219109461676,214.6039836425202,166.9391285841591,40.63294248956122,286.4812225782616,136.01223099545936,0,228.7585683308616,21.031062842601735,193.80785653823273,13.094598270230916,16.232978949181003,188.67128245037372,152.6326756346852,339.23877567955014,190.31836558634612,156.60950771691992,232.44972294976347,223.93272287264554,199.34583516940654,551.471543755575,847.7335008419881,359.9859009133796,474.3720084412102,63.47327838311031,23.545826773670157,702.2078818466596,226.73927306836484,373.6348198453362,354.77510189806816,884.1112440644958,300.9896569553096,137.70255963713285,229.9346231705979,206.98292713320427,155.48163940892894,152.06719894624817,179.99683471630823,223.467262516574,625.8106570197415,274.9572070827729,255.02409098559104,134.94455059512956,182.53027399175505,747.9945615464422,232.97134769283804,314.4077956796122,258.29916684626227,317.77762329315954,800.9646091199126,592.4730304963371,662.7794100272567,629.909614120578,561.5635215222409,628.6676560677953,317.76313317792346,177.39416735937417,394.6643474301059,41.823237353530956,0,233.1382701332221,2235.8209471384307,554.173605577836,95.17527784343294,5.843602890777742,5.597733212005007,8.848322995719743,0,407.43928952919254,218.4139497057486,24.889688913743594,9.258806032222106,12.755710601718377,34.683266733279105,5.67253316429777,0,0,0,0,0,0,0,0,0,0,0,0,0,0,0,0,0,0,0,0,0,0,0,0,0,0,0,0,0,0,0,0,0,0,0,0,0,0,0,0,0,0,0,0,0,0,0,0,0,0,0,0,0,0,0,0,0,0,0,0,0,0,0,0,0,0,0,0,0,0,0,0,0,0,0,0,0,0,0,0,0,0,0,0,0,0,0,0,0,0,0,0,0,0,0,0,0,0,0,0,0,0,0,0,0,0,0,0,0,0,0,0,0,0,0,0,0,0,0,0,0,0,0,0,0,0,0,0,0,0,0,0,0,0,0,0,0,214.12505486007845,0,0,0,0,0,0,0,0,0,0,0,0,0,0,0,0,0,0,0,0,0,0,0,0,0,0,0,0,0,0,0,0,0,0,4.586565720524732,0,3.8741924556201686,8.058190356767845,0,0,2.5910761669506135,100.8273654896005,16.998746083131362,159.3707907485045,12.629491660480985,51.83149360608648,0.1117608149756794,0,0,0.8588491444646147,2.8462271413775095,8.196239305460255,26.21502225673703,27.986415736454912,24.013540148834828,105.05846176266542,8.044118832036833,2.6536900941507744,2.1899480871047903,0.38176564793385837,1.2274778612549035,0,0,0,0,0,0,0,0,0,1.5255059918775484,0,0,0,1.5264787353144942,0,0,0,0,0,0,0,0,0,0,0,0,0,0,0,0,0,0,0,0,0,0,0,0,0,0,0,0,0,0,0,0,0,5.151347159153846,12.792120260000521,52.214937772542626,87.90416646102017,77.08772090245988,236.46363738655268,83.37274458481782,183.71075160112852,336.0314277683938,44.84617655946542,129.66831146130042,131.43547659414256,63.07978854173987,149.16814498079387,46.306078060390895,108.62249165087749,8.760570492263655,9.806418849574504,101.16328571008577,4.706927991929493,0,0,0,0,0,4.745954629853851,4.057981098444568,0,0,0,0,0,0,0,0,60.602103694863416,62.89861461912813,0,0,0,0,0,0,0,0,0,0,0,0,0,0,0,0,0,0,0,31.275383956319736,696.6541483778497,16.098684625305626,0,0,0,0,0,0,0,0,0,0,0,0,0,0,0,0,0,0,0,0,0,0,0,0,0,0,0,0,0,0,0,0,0,0,0,0,0,0,0,0,0,0,0,0,0,0,0,0,0,0,0,0,0,0,0,0,0,0,0,0,0,0,0,0,0,0,0,0,0,0,0,0,0,0,0,0,0,0,0,0,0,0,0,0,0,0,0,0,0,0,0,0,0,0,0,0,0,0,0,0,0,0,0,0,0,0,0,0,0,0,0,0,0,0,0,0,0,0,0,0,0,0,0,0,0,0,0,0,0,0,0,0,0,0,0,0,0,0,0,0,0,0,0,0,0,0,0,0,0,0,0,0,0,0,0,0,0,0,0,0,0,0,0,0,0,0,0,0,0,0,0,0,0,0,0,0,0,0,0,0,108.33360554432477,0.14820778887182498,2.5152911131489786,0,0,0,0,0,5.570243113288396,0,0,0,0,69.72765544945655,486.2687266795593,89.4211748119536,297.61564890295546,134.18081930231563,570.4172378145272,36.9743388979022,20.925341057503083,1155.4681477162942,50.175466694243816,147.14902131660148,1714.1747232234136,10.569095071861168,224.17490423189867,256.31739719382807,51.05476810686515,404.3815709994592,402.84420268512696,169.87665740708522,146.7030088178603,84.56912104533026,2011.1138811404796,32.10004191697375,190.80663414369138,27.21607657742198,452.3224955010196,87.16344982007908,42.728140818674404,75.94421778256945,82.37943625009451,0,0,0,0,0,0,0,0,0,0,0,0,0,0,0,0,0,0,0,197.4866532994878,259.68687684155253,1010.8986177137424,1222.6819046470107,1176.253753038393,534.5303820988038,84.36198537049734,34.608130751600285,0.3943851622327671,236.94794075411585,4.259436828298384,163.46619725051215,7.149093590225731,339.832387706396,29.54247339760914,138.358634704007,25.305080344793325,9.280608444497693,33.2467376183562,16.502148494815795,58.298487539472504,179.7901679141683,5.715255633939836,97.35542590137717,90.77581308862852,50.55523064791769,259.9005337391678,282.62927877806027,140.96187695586002,52.977965508705026,17.229304688003047,17.341184746268222,136.29549369633267,0,0,0,0,0,0,0,0,0,0,0,0,0,0,0,0,0,0,0,0,0,0,0,0,0,0,0,0,0,0,0,0,0,0,0,0,0,0,0,0,0,0,0,0,0,0,0,0,0,0,0,0,0,0,0,0,0,0,0,0,0,0,0,0,0,0,0,0,0,0,0,0,0,0,0,0,0,0,0,0,0,0,0,0,0,0,0,0,0,0,0,0,0,0,0,0,0,0,0,0,0,0,0,0,0,0,0,0,0,0,0,0,0,0,0,0,0,0,0,0,0,0,0,0,0,0,0,0,0,0,0,0,0,0,0,0,0,0,0,0,0,0,0,0,0,0,0,0,0,0,0,0,0,0,0,0,0,0,0,0,0,0,0,0,0,0,0,0,0,0,0,0,0,0,19.83246950781436,73.28765040675168,160.93541004488506,156.025109688622,0.5214297092206374,2.0962349220467393,1.4180178319744343,1.4716890912057845,64.1001509010875,5.850792563149081,1.6073893994700412,156.45743718606505,1.9567207101898312,5.286097552520947,54.5045175891593,10.070949282530307,1296.6721188383408,3182.3698305619905,265.84269734710745,5.028477745613436,5.541416302055674,12.67019845365822,9.280642415933652,5.291368904359096,39.095512365220586,175.79416611172348,0,0,1.1643148786199056,383.9459254318221,1.3527442236264522,68.35248255958521,64.45796265902459,23.958525120076153,26.245616489305966,200.2544691326549,30.54396854297973,81.00462806181118,107.3045296916139,37.26400138636845,28.97860665589222,588.9598070474459,752.0345333601198,204.51467052974508,140.46428320701546,31.96509524839223,35.39709474421113,45.571359835334746,42.86590620121533,654.6829599462844,28.263519710897647,28.61015332076844,75.85416770713219,323.97324815079116,2435.9581820840112,721.5373840732012,1528.4394415809077,24549.82080800424,2068.6459872201144,571.4928841278986,80.43351871512513,257.11280199439665,76.45163465371375,427.52826583692104,98.17461580365999,54.38835570816522,41.929431314505884,0,396.3626546086589,95.51585755176843,1255.126028747349,1496.4596790939847,12028.910735187028,1090.380780104582,73.75796340731821,39.45662378598112,31.093060390827414,91.80615000869533,3824.947451191773,5323.821335458824,2622.2911374320383,148.7108101630396,190.46778473312173,1070.9683281215498,22.71644530580785,22.435531183422295,22.83662611298406,22.983155697200367,12.565574407391107,23.437231513551257,22.697370648804238,23.25093002335408,23.372852294407327,7.571739584218668,67.84895267792449,9.59095323982829,10.546533848284817,69.05809577494583,80.87789351569849,33.6720703322008,6.9694580565231,61.38788559684622,54.817205857980156,19.18655678024817,60.34032243152501,45.12113125452796,39.492005439980204,61.46018794496357,44.03922788879037,22.485563741775014,50.9603177944138,13.034318086717837,48.65863056319727,37.679910871410485,38.88359017238148,33.93482047428571,40.101828019056846,6.751243038775301,42.95616902831255,0,35.05884903681927,33.67268464493597,32.3038573861315,31.046377971165644,38.74003035738905,33.888452223376625,0,38.79809629044928,37.485494982432044,159.30868173358496,12.038279370269013,13.521706881278815,179.6496210521335,24.8935922170885,23.304073718984128,3248.290216794269,922.279961346066,107.89175234096346,4.934980242419807,2.3635097960955633,0.016548171620454643,0,2.400336328542866,1.221614638376195,0.04294683556040015,0,6.741005634344416e-4,0.33539930183068895,3.6651137811436145,4.3908133736873,1.2387869608152793,0.002882686164119296,2.5407043903310003,6.088340237674913,6.343801901868254,1.0539360475452888,0.0609761822661648,0.09202363551611778,0,0,955.1640837097899,1932.932108013948,0,0,1.1837752859547008,6.999276548290546,9.988675406685534,12.742188841946883,10.050889642243419,0.9351984647814564,0.22137314533020702,0.060448171256546314,2.6555161928879163,3.0379235076305084,0.9395295238331252,38.21279117009391,201.97988434933816,3526.5097190354304,5501.574069437429,2793.436638509784,5544.925297080506,510.8608718392001,175.40191937870603,27.697843066632952,6.207167014682033,98.19020323187085,78.05357777889952,4.946843236985799,21.15908154220598,888.6901859630304,4.042110768101858,3.086223132159123,14.624012301319166,26.579877378722912,25.428748428544843,292.8834559972192,261.9814233332143,39.80111212023164,40.23450769327464,173.32385003524425,161.3281827880592,944.0043146460306,3299.4175310398796,204.79551422421144,153.35758392652141,90.94046599566624,0,203.9739624068817,194.12028054570362,2628.0985840554927,1914.9700630244527,1300.0928589482335,279.20396870794303,288.1921168667472,169.9358711843708,388.81198508347177,291.4464428343479,859.1950604323999,355.814046493083,299.82123239279434,248.64069420803978,278.0881486793991,832.8851119944605,984.7957183408871,158.57251519860685,736.789276884764,208.79936593082093,673.7597089992876,721.0700161010639,64.79931591846753,94.64060828130339,223.0925152349243,247.55152737116597,57.40833298612147,100.87394753758961,26.969720160581875,16.167381732216604,66.95846168515689,127.04960978441203,629.8663796286701,1601.815785050879,748.6781933257545,1426.4839120001031,1211.9518697243172,23.954942583071897,162.22169025349206,307.14500248797776,116.7880219536516,168.99900779802869,1058.544052195149,440.98347190009616,437.2885309902913,386.5251405969031,26.459894628722314,397.6281719667627,455.33869587060354,629.1419504115901,790.3126373653354,448.5741663538773,189.40257318476878,374.17370657806185,182.23673206699291,121.81307236685255,71.26302324228597,479.79949570133573,2160.137402546052,270.4643466464998,538.7891346672116,651.6998467055375,779.1771362054942,447.7136346421248,62.85131210602669,179.62946096036376,90.84701411623662,22.97769210710892,128.60047014951647,92.37507229300256,72.19807004156061,251.53513670433537,204.7124478575039,23.02566216462501,159.81215131722092,27.115461118339613,97.78176597223191,254.47789314102545,741.0731433050738,386.80725750219113,272.3092037283956,141.3211938285784,79.21181537957821,490.9485451008371,68.75376272988883,511.3428485796008,104.23818789803458,1141.3145964330195,401.7676405865299,111.80132429078463,51.48092013992845,73.59918137081442,72.70493930504571,201.1340449036689,260.16638604852164,326.40646305504134,667.0681450389244,199.26470803772654,52.92351535138822,139.3435918216679,73.85710654804585,168.2989454281465,81.01446999534457,82.00316694402618,98.17990851556333,37.69771054373038,68.92699469788175,45.60529516761528,264.0428069138715,428.4398381941332,375.4992208233624,303.1326188796602,402.3740636137003,495.3481439704412,719.5882917686108,265.3619953669929,211.89139188952478,600.0710029304857,491.77703865105656,283.00836556445404,530.3812964779529,257.2725498844114,492.057172321119,112.09650388565582,304.863932408139,336.29277153808346,783.0479707612872,754.8443606033283,1412.6206376968837,325.73151787703887,204.9836792175788,353.4672939385459,2576.4581964458243,597.2557120404207,838.3266803115353,844.1499217667765,260.214511772043,140.47306290641623,26.08800854904567,124.69782557386152,189.15319420338048,13.53821731677758,52.463151778929785,95.4248235288122,27.629029036094288,466.63350957353924,619.0691444014477,388.45386247669745,141.28312381015982,58.924678436664806,97.6813161606942,312.72360858985036,908.638891465939,367.318583845356,6553.537350388017,1334.0455647879353,1034.1577058956175,885.655445399347,288.6266269943348,325.107020937744,239.38200369540425,364.7246649410023,282.1735878963007,401.2287417641725,410.40457435852795,560.9843273737446,686.9586248601555,588.7345700010854,149.84427130460088,110.61956623028262,233.3460658624206,141.51575158493517,137.16131588054634,87.01894872119107,127.25677983639613,129.78240988171441,12.014193982190807,286.13763658323626,141.45991182989158,8.681934518685786,13.373357754734512,319.85498435215055,192.17536046602208,261.52546295785885,247.1139199436463,637.4801813050012,1704.5762762711379,1488.3015478332675,1845.2789983229184,1319.846084355059,270.6465458693577,371.67772245313074,560.840958353285,888.2256620082927,1566.9795473850838,605.2287426463009,317.8272621827117,21.682900091697512,141.0333515107716,542.3824959244492,108.55814449961917,236.3276367829001,986.0456108558686,242.41679315531317,18.34068740944881,207.48665274513476,1626.0691019033586,469.13250404437684,81.10950282231023,53.525238163181825,649.5621198367274,223.70423868473966,101.73655374461589,123.4402357940192,371.69840850358986,86.52841232900111,132.241435131202,442.0626446283777,370.0308629877518,793.7597593830131,1409.432505595818,1375.5581192783231,38.67550582489429,45.001881826653694,35.402126219126934,106.2837466902413,30.95505456921461,29.012456896527116,107.546271528706,522.1560201434708,1068.8432471063436,1824.7339495502906,4085.552247672519,1178.7242680224224,33.108565267892544,659.94482567441,55.42995395883133,791.3153663771184,90.95080039222196,581.8846116148733,212.72794029161875,136.13322462836328,193.4360101386679,59.8035862034303,59.56993561264337,184.56778389066704,84.69257973473464,308.6693744320862,215.7939140393298,231.9126375341386,249.49624826092668,20.91789135805253,18.73538036484436,129.5812129660841,0,0,0,0,0,14.219964573762736,2.3125720617101657,5.313869205221305,2.7595255976781794,19.86176488625735,702.1971464234658,67.3484455090121,124.53735380526781,11.728089955199662,115.29344244910058,34.05441671061008,271.9238794098682,2079.611969887427,1014.6557934963865,1088.143658053359,718.7783940979382,652.9282192056667,234.425183498399,218.99048381490084,382.23468092087467,353.50690231724315,268.20134901883506,557.2795142143182,506.502346300585,89.54661180856503,436.38246921063035,1179.2354435136733,700.7004455136807,94.35143389767256,65.75407862118735,64.46577800486894,71.35849989528079,34.556480262477656,69.33345174653915,31.410429036666898,70.98606652033634,65.07086433028768,96.48617205061193,88.17760970859504,208.33421487325623,1506.3185215845713,1968.5497949672792,2473.556046695859,755.6430113560172,676.7047390893099,279.9764139669128,247.75374323710872,1484.0796088493555,1084.8662263203846,1465.5072594075737,202.33206497406002,140.06761578656966,137.53785001174796,83.04733599225993,819.1053640318139,209.5198456814257,108.17917012304973,162.85990558181356,521.4079423467048,158.35291044145325,648.2411723193331,314.2816716994594,132.4603828769396,2134.6812588895223,1008.6673686563237,1184.3653149746026,1140.2516109085702,816.1979886120749,1809.6227473972801,823.8221849684372,412.8143136064078,813.481815389954,3497.7723324553835,783.8706883248294,508.727171668993,11.578658265691631,41.03649434352657,50.65535241474175,33.159984815974035,38.01121301100614,33.444825933968964,19.487311513823794,12.256227251809083,129.81483078379512,6.541548054971688,39.28775180214247,5.9711521897458555,201.19918371500628,585.7532821747538,2932.5564088844885,6.23188749932573,21.106364809394865,2.9320813355623665,148.59146031313801,885.1557170914728,1120.1332339261305,1020.0851290588932,528.5668287624968,494.9986728952001,98.87000880656842,556.9582513855328,1183.4170745625972,756.0162947799142,2574.166112841082,1253.5771015404684,2077.8239050307193,655.1577517236402,1019.4065209162985,1043.0349625633303,1737.2411391107498,2728.932779269132,574.304056922288,592.094339485218,2952.4602897581103,1794.297594747491,599.6367102458706,1682.98375765488,1819.2410394302651,1045.8294346802165,1976.081805541907,3098.3790592515434,468.14712348495715,5001.696790703973,3990.6294506329937,58.52187167212592,2038.791420183274,829.0968028238632,37.588138756135315,1581.2504345587975,1755.1171909812201,1330.3565461148744,455.36985730790315,53.964441735800456,180.0595099690607,151.23802822927604,24.06235860050377,71.32757173436096,472.773296034679,1024.8885479266635,716.1569250305224,57.91722824539684,348.8095781260136,19.634948657983,15.787843569492733,13.70040458295559,13.781844399383859,15.541100468747487,13.698188326444455,23.748947995536845,46.721817763187175,54.75531529635424,39.90051174032845,9599.061958464234,553.3158795789032,2598.3479418796514,480.4076136413226,16.213794199308182,157.54309641299923,304.44164694771496,336.1835841534603,35.0142161934477,653.4153275219329,3003.6043260834113,4169.762114302981,449.01771594393404,195.6539835220326,261.79093398996633,2137.4147246567422,9976.698454808482,191.15251872355122,2152.6977421384586,745.867332243899,798.3914048705153,841.5279049440454,84.1730576500894,663.7370175807276,107.47795385052846,278.3488369011149,35.823732520807816,423.3646304382965,31.145699898457547,17.072553707030572,17.046796082633595,28.633707050774866,5.953447066191723,21.203174871153863,76.92904590580181,43.92409103463124,124.25159107746457,45.02553640186006,106.91474045393542,792.4043485507298,148.8894269090817,122.33610761046995,812.2137897476334,68.1763971383119,72.41982862621823,538.0094445153993,1024.3143100999937,316.81469263028976,74.75624616632686,202.5607821394905,246.80720926210574,78.76670414648191,109.93655257018527,636.4552785332768,138.82550445663233,292.5323459070447,74.27035187559686,106.01912398308113,227.04925808912495,396.0700406831408,78.63209442843291,85.03718481373441,82.94476472751224,95.42219464723846,244.82140239673063,423.57534287336654,326.65638110489544,67.25807761220369,386.74624211902017,69.82194905656515,103.5909648065442,137.10212571337215,650.5733692578974,490.0042622580141,24.242823507739065,57.86787487710982,145.6472108238559,58.24803163736773,20.326045697911077,45.353883453462835,170.60647395220735,394.8428046767238,123.60500771962244,272.26565035767226,496.2208642619855,1604.2909006610746,7098.017220644807,20473.625973946564,5967.495099980746,685.8434706233085,743.1179294190675,667.7578303509358,222.51486176425763,285.6449809545459,301.7191884303804,359.2243223563967,198.06808679935688,111.01085707508555,86.65866763495141,311.94402202825813,281.06898075779674,145.29757484775047,42.78236276254589,67.91016392317833,8.15173259177437,3558.1578996445937,29.9194829280431,16.817719148101418,657.6075562422628,73.11301085200212,54.46726131519504,54.71760349769485,2.9222548606442724,29.665709743996274,0,48.887856023754594,7.899354584535171,31.077626692020388,32.708402211263916,29.776445182377785,31.32573156946657,29.87038531039132,33.005331079040054,0,0,0,209.6793522642207,84.48206509196123,288.51228793475696,332.29532964970525,207.65991479998874,97.54169120320965,113.58380306087307,448.39815962145013,397.52410801683357,528.2084525607797,427.94691100604973,327.2623874300887,182.40959503584975,156.0686014056915,153.81441141595866,162.63698416411663,205.9690162115188,110.41543677351564,192.28644490170495,186.90724103321335,633.6012670455492,1008.8586435497497,194.99007046872134,555.3674739656768,44.995019052048974,161.6496763982252,789.7985580438746,182.3305672750001,227.2967427055974,1060.0443795614597,191.57763007461014,952.9305763979467,1086.3440718711554,1101.4951300240173,1436.8506088772049,3766.0459175179067,1692.0481786036812,4636.024875227215,997.6613561141152,669.163143781783,396.5802483803325,1146.722298873117,503.3427289232354,1960.9494472445124,0,26.296503747349572,25.622842789508493,73.75855337975915,45.62289028323866,814.5627338659832,55.89932380035713,48.230784890950254,30.0378470724687,202.57046007730372,847.7711387618928,669.5877397116996,1007.0920360996158,3085.1193479433264,3265.482434779601,20.032300219338133,82.4571611326089,198.7368376998882,25.212079614324846,122.56965898391745,227.04039090867738,93.25247669869003,181.58535556660757,229.2209483092849,243.04064555519898,142.8956820628817,395.95941162537844,98.27631253899884,148.62157646695863,34.23881974003427,19.75744425954774,8.04716104202387,65.51430680742514,20.52676872647631,6.726378007780142,169.63478056015677,12.33428004736588,300.42768452165393,32.699860377569884,100.32144147209446,7.609834230468379,1.5572930516127816,2862.513756594368,2885.3414075190276,625.4903004523555,688.7852210113805,142.64071386430373,1529.2115084303148,1365.9619072278608,796.7647023524548,416.45061034263165,146.87642421943588,141.92901452090317,143.68873182275868,43.12851972014275,49.814898034597746,61.976482092035994,38.924706207117566,40.28641597943992,83.5603865002364,84.02386890328366,117.8403608954667,520.2180407410538,1381.955165898447,458.0191121462014,147.4100901761773,40.73158774887779,31.668188798893482,74.7059718453019,70.70341669504735,34.738971245453776,669.1105807266572,267.32487799354726,99.64422684208603,67.26654919661142,47.297378989028864,420.69662272383874,363.80982794978837,767.767826606268,800.3106782843321,236.6135753480207,194.5622950429175,371.80429080968776,395.9379843414156,663.1841675944326,244.59903281680494,10.710620696432333,12.460407396510142,240.65121442884623,132.28979217165207,0,44.966012511214494,5.968940206226348,8.175501633076347,81.09084667584646,649.5293622001111,1588.9791920541613,1719.949112233856,98.82072718955642,103.02183676711466,34.90349458092105,125.72656916914842,494.3366678689168,161.57259534682282,594.5411885178783,87.14435539075329,87.14185421404036,265.0317229961518,554.2806958596111,93.27674362546016,78.17508211467651,7.712742323368359,4.7469307219679875,5.329655909101968,17.488772391066018,5.507809766473551,197.8920417994398,140.5078895941798,8.422711740434709,11.212640528290502,33.794950076737415,17.93060816258918,32.86590235042529,260.27559199913844,630.0815497055879,21.40928260146285,161.0840955602698,137.0348385159537,13.11683025744438,135.88522797898077,0,0,31.029790514676627,275.9062548087339,170.12928641194054,12.66683220793796,622.8245259610361,362.2723522400417,69.28876359321049,11.30794882082474,6.6039287908212305,44.56547669844163,6.347256170510714,58.46543542411837,8.951028222080067,5.286826325661227,7.216042230958535,4.086648150913541,6.678618066946565,3.9862943302853635,16.834750387226844,307.70709235359317,3.407802013394721,1.205073586908153,151.6797280960806,735.3204209900192,545.3018329768686,28.2241241569462,206.1781735899187,282.14371539833843,235.8415947825981,430.05071467548703,210.83075147891077,278.8448397052527,41.916576642983856,77.10921170320348,1610.3261669440608,1162.0047891465852,4413.133650343755,3290.990946205731,2692.5470384829882,3019.0400624206763,1556.6678267138684,959.2032510428139,5.3308820212462376,0,0,0,0,1004.9418522171325,0,0,0,0,0,462.3373753523634,0,0,0,0,0,0,0,0,0,0,0,0,46.05744391740384,71.41326104171314,0,0,0,0,0,0,0,0,0,0,0,0,0,0,0,0,0,0,0,0,0,0,0,0,0,0,0,0,0,0,0,0,0,0,0,0,0,0,0,0,0,0,0,0,0,0,0,37.70374063389333,74.6119750018802,39.672372337387,57.640285553659986,0,0,113.10566731598328,0,0,0,1.3327345743226613,0,0,17.482768942464688,0,0,0,41.124144170257736,50.65681163848379,0,0,0,0,0,182.78964782692438,3.1394175921083023,37.024923659387625,7.8437280397410625,0,18.76914455274412,20.909814656346636,13.667975657497122,12.56394991918757,80.42316997141955,23.000491279525658,329.1836942762402,271.4894348569233,105.85725535019564,80.34618601927012,127.2377083969936,173.7616548374744,0,495.32138821160083,21.811436546482142,222.99469387360182,309.40089086504616,1514.6353241009958,117.79735340826016,0.7604473165496773,92.62680045456729,139.0247225046854,152.17159850835625,98.97880899513132,119.8989082341636,87.84341650840233,86.31987900112098,180.00356736864586,7.503742433471463,115.97282928057439,120.1269909640125,113.41812242775038,4.124593363794145,151.4179079142429,57.047784115846184,5.926684971899607,4.241827686607997,117.02959913621741,12.617525211340315,614.3416276928448,442.298373441727,18.76798130795777,413.97477587747795,320.1705956538219,581.4012812146673,133.4803149647939,568.7265366915304,160.40112237046807,520.715780026681,118.21867087250325,274.07548743999496,427.018739283716,41.74111518129408,690.286079250011,367.7880484376693,37.406672127789484,186.20914434194128,30.065695671909605,17.992006512510187,60.18367852154424,364.5516914179964,379.47515797123845,803.5084905595266,407.8954351269772,466.6851609504913,569.7633142500592,42.22509537962895,2.285121637018921,2.395700827744482,0,0.827360866479337,1.6903519112106984,0,0,0,0,0,0.7475663723537798,0.5365750309833595,0,18.069484066512036,98.71462893259053,117.83253792198191,266.63029813331616,0.5095989517380335,647.5125312368294,355.50275316116574,171.93121317860144,5.428045102632457,2.527473836162167,1.6182716131570123,49.29785975188552,42.019686841012515,70.3115884598215,73.2494473167417,386.62818617445475,301.02984896838086,115.79199039059536,362.5356812919201,214.87669688578254,535.3324312588614,725.0259025028083,1641.6310306146604,1816.29432871768,1273.6608700560746,1983.918625047175,1256.4629696953011,232.98900284064442,1251.4214825984325,1400.9383637778362,1419.323048066803,767.8509232815212,1622.5398776335253,2.455891447221893,39.22134199741268,343.5482485227921,338.7204820772649,762.7113311739794,846.7377008979221,608.5110717661479,7.942505396120512,36.58227791150875,39.22018157012593,28.557269881415806,9.582881989213979,51.835828576815786,10.203870236232314,11.573608060097673,20.768487521144163,173.11453247778252,324.7272733168271,56.18626872449529,129.77372751080082,927.5131332318963,119.33442048587183,572.9988116034322,1114.1455950172658,44.266917392791676,8.696048372555895,687.5948187572194,252.95121142733333,550.0820462666543,231.07360397872174,265.98460201989576,335.7393260086351,205.83647991368053,106.67671687653359,807.0695346993588,647.3413322166765,750.8933732736679,1163.4490602933568,364.7996876544723,146.56123854614904,302.1288873032891,69.48843404076003,173.21105126606705,683.9922150270608,631.637352243597,581.7807038784002,454.2808868418286,640.4372835453788,358.4018309550067,350.29544508570564,246.60686709395267,410.0243910433602,821.9161374330117,1152.9543675059167,1039.940192798243,713.1427757281928,402.83400789993993,199.7292348011152,323.9364421112857,127.3862847154899,528.9753912352176,374.9910121757688,926.6229121309449,161.47413602433014,7.495140745728445,4.6964728553115345,11.021293829610368,28.386757526155417,40.905285894688724,1145.009450945242,3025.024082494181,2615.7917089721886,163.3700259899251,426.943762879257,1500.812892500632,1366.6934601853482,181.05030256198316,459.48065051600116,479.92165504767917,403.3385761290821,193.2654415690397,1401.4497387947283,897.0832662480781,139.6375307112024,104.50070401955784,1172.183718105278,302.71214541430203,402.8287377535853,367.8076890401694,740.5305875161891,255.28176106413292,198.8837437387783,218.90255044933056,187.30029587165737,753.3006306274598,379.56701127973776,303.40374612408186,317.95062475324426,310.4164241658284,152.0433154522514,162.12752092373935,464.14311865416425,98.475924203489285,255.16066382440468,396.22048292830215,160.3420059210851,204.08062284245992,532.3236475474017,1049.4833109711142,134.62335154659007,626.9799473866283,49.13333267490233,1238.5831551191152,1030.9974031652741,169.7507969495742,263.5733640619198,258.85193582000153,996.7517940453564,1109.8393626159027,1046.1916621792782,688.5458653266134,71.59565392455544,133.5746181357422,870.7402199837815,285.0431042379847,62.744289506422966,248.52031022410927,780.5184270430477,19.15545076379159,1197.3633930527037,258.7843459865744,185.95224190400154,673.7907268369846,658.2748934535277,120.15264114064038,324.67225813289724,467.5501166321668,247.80933219774116,685.4586132405236,310.9218820152738,18.124025735204498,200.80862631071503,140.64440024138602,151.88551225611843,182.37355355243585,390.8134309065331,360.96386708427696,710.7137848670459,328.9021127191657,572.288682326976,370.660414639935,169.94265566776934,41.53707961130686,543.7418370335198,227.69423307431737,878.5687949866931,1177.6584683920908,1223.2979595646966,494.5657780137515,348.2348288267954,422.8212455316851,804.350580404088,454.2941469988228,451.0294547378265,2.073679497446732,11.565076575129934,114.41119622182786,58.74420101268107,0.9235859255054181,2.367380217621767,26.155840393978348,2.255121142375383,8.118549689692813,0,0,0,0,667.5504070075572,0.01402370579063585,0,734.0619384686881,999.866317593331,1603.0328638849874,1230.1909100775442,1108.7969356511462,1476.438584203072,655.8027393496515,1125.7931747941504,0.34910942764569564,631.4388527267677,0,36.44711601509064,0,404.48131114782626,36.87370398211978,649.9177159713431,0,0,0,0,0,0,0,0,0.6969156682091796,0,0.04085808348263435,0.023783134297956855,0.1157689261215631,0,0.14139468242875322,0.22196410132057445,0.01022746645840235,0.046750320919685374,0.07084914156556815,0.08164047206845651,0.08528780234497911,0,0.10498893224212694,0.19934073110069664,0,0.05699702222788716,0,0.1301493102222274,0,0.38951686452065465,0.10160675089552189,0.4451344142564041,0.040396426743236395,0.1817142161450353,0.13958738088942785,0.08206331236842085,0.7062475224412254,0.08125342614593173,0.1978418075883788,0.03222618829500178,8.608873220816701e-4,0.011908354995849711,0.02648635258564135,0.0653973980717793,0.027486926036810584,71.36949050113468,212.49731722848705,613.6855581262283,144.0008934700833,929.2223869497811,33.53346626234951,49.80346319130777,3.4157343647780403,0.5341138354756451,0,0,0.198454526733608,0.07614145755073164,0.76136333599718,0.095114812872534,1410.5743101643432,703.3382200788848,228.1826178707861,161.31111993400512,489.82189294908204,68.10011986344331,54.33581706320772,259.5687793579411,50.34215807465767,133.84431128098876,185.94905183687868,69.28057194897298,384.22419730165154,173.26704730959776,544.8779256291192,1307.7335012972612,266.6697827646359,152.2011668027822,725.6018771303482,607.1659073482641,218.41695376069035,524.494015071184,1599.3173415749548,1763.8705450776786,1034.7265387404975,635.7569660352868,370.22751776380994,249.4341760560555,185.97939021282434,147.39616644965568,765.08744654924,998.139061969576,678.6320861982772,1638.9528021919132,687.7713128951066,971.567434885683,1042.709477817576,1011.014625726051,1281.6069182763872,1851.086135041539,877.4794346944122,2748.1450949031287,1701.1132786276792,269.6468245194675,936.4389778421287,249.3000091594882,187.06384128406657,161.77885878514317,1.6314861259026288,32.965655241445845,24.561616847663114,34.898759000725484,19.317068461032186,7.188345663203895,73.0386851685924,31.21920835586734,76.46259333015198,4.091210001721425,16.35964292636613,276.2311224887124,22.014996728044903,90.16582769426415,22.047345955606076,189.69312138251533,15.421183546021599,23.313071643886975,37.362150223574886,151.39923828200284,78.36562504835767,97.83497654217783,3204.2938347476284,629.9622289973893,635.5366779934769,834.9902921890454,505.28287835049656,284.69159813560105,1732.4238110728222,1130.8581403797093,425.6486015483398,276.21703053502864,725.2687476881201,1234.0607046873058,1209.5122283548271,3928.008352100487,3236.3336209641293,1070.7797132306162,2161.3210173178604,1852.481001718099,5180.975977818048,5649.313882309867,2279.918104487387,1552.7665825436854,1465.7592359354064,1728.2392060352292,2038.4117009168485,1072.183782480244,1463.9890903836597,830.532797199323,1574.3005692257668,1413.3745996037296,1496.3057229442463,1391.9705829831626,1751.8541372822265,3764.940844360307,3848.9872058468864,2517.950866172222,3575.9720370133296,2150.6718281156345,1734.0366813689118,954.4254102404202,275.0228693925516,819.926237367634,669.7310456501101,909.9826231097895,175.22828894208303,298.6891238954357,419.0190812660125,428.24975562067544,101.52464331469949,241.10546666465547,175.02712585275452,207.90666708789405,257.3394827592764,507.49847404581067,97.71200928755863,4.397351753751198,15.736548064139734,227.57307337643516,213.720617653302,204.20114345379994,93.28775280972259,341.4076586127229,133.21812861343312,56.60233271649822,252.06440797315184,362.69963542998687,217.14320605479935,546.6090059162966,121.56988823831855,0,19.89099987594837,149.51592579784747,25.695646612168108,92.7462678608308,127.55597725864142,310.19447034017645,389.8482091880483,742.852504068519,258.1691752482231,1197.2130570206916,462.2405993956399,1930.5871327959005,308.39403543263523,480.9942871029328,811.9112787897307,3236.243245371504,5959.97189304509,7695.025488856354,6246.155558271862,5973.9847144334,7206.700885770308,5311.689822843,7982.663441767901,6336.704976852503,4397.736671223726,2354.2253879049345,298.9292484172193,555.575610646993,1839.472676675985,2031.0657651371503,1427.8356266124295,348.9609355558767,187.1518135518319,411.46394628681685,163.2396465911642,113.38336141870641,1482.4554643642762,796.2427770844931,1148.5992313353768,1298.2127152169885,3073.2830648683057,3344.4140845846955,4452.406762550822,3396.0775758240775,3442.436649400768,1837.8081891195943,3382.3593684814796,3761.202666647081,2418.187420331776,1837.5907699832367,3831.1785216253343,2651.162484839305,2457.491342068919,2882.3995023552243,4065.746999520596,2110.9459465258137,1813.2713301354615,808.9169574615704,10.48329222645508,228.49162639174452,73.33141677534465,44.95803469538091,96.48508822220789,223.60911890359486,324.0828195039364,270.486969478106,223.6350544794342,174.0744532194949,312.17977873363014,325.6842796730753,295.3292697176672,936.9769581711015,246.9096165039695,229.56005628070628,611.6249323881451,554.9275488961139,723.291325896254,848.5703105226997,354.64727661451747,1584.9670255814449,390.29606782830757,1829.1163780235358,1069.3632626787896,522.9094854117694,338.20105579171855,567.6794403704606,395.09462532563845,306.3143882689898,161.45355243150323,819.4403182881724,384.5511987630492,222.7206825313898,162.10745217958979,387.89834948170875,335.4384847185876,315.1768991939533,542.4285160516297,355.21063435697937,227.25081447769952,235.17517311815394,176.72212742751645,226.06580904536534,3085.2432977810413,1017.0435105480273,476.70522485516767,627.6192714230867,1242.3044425945463,1231.9064559007197,844.2141246903499,1154.2999480173019,450.746003194964,244.52980235335173,338.7492370903531,102.03386590926158,126.1202331666909,316.1618121015361,86.17198528748804,290.87786367714017,320.02426987496455,224.4759027858515,277.30389620392555,977.679970291702,413.79795907636355,321.3681109002394,1090.9548176978521,573.1615922106786,778.6224560224654,975.7771725931914,1042.0811326846433,1015.7884437283186,591.6647940053817,975.8011771675189,1359.709593575847,919.8145228225608,683.2993466764426,919.3325563088208,936.4813904316444,290.4430896746155,305.9341630990803,171.16295014638843,161.38602011388386,163.6267261677749,107.09519830916605,114.68016979383928,155.1847990911356,829.7814513586246,380.8146540111751,60.913951330363155,313.0886830104893,389.52375689978396,924.9819571827962,1520.5842790120303,1171.2168133707812,1109.3186631133947,1917.0589408881783,1649.4547962249019,7100.466200237443,1041.0296274902164,1155.909187173753,477.372003514307,312.2499054731514,994.2375538646882,2383.928700716278,3092.179718483712,4671.346545781041,8422.549383441754,4239.502290534055,3227.977658107996,2536.96691791877,1770.2384600190899,3512.919172298189,1471.3608744524042,2180.8746554163963,3372.0779193934004,14133.550715424653,745.1996047492144,1007.4412381055496,875.8105976806111,964.4726767033399,1195.4449217016652,526.0320918082751,244.4236527257654,394.93208344781675,1002.0826303018234,1202.5131249054355,1106.9984756891088,908.61361820418006,789.4293810775314,594.7798756886891,161.2348253802005,20.973987446114243,248.73894411258507,278.35639537505125,238.35659115215,34.921596192908304,46.24142877179105,0.8775035557082579,212.63611448952642,148.15302680263042,2798.560832517601,2331.636197494502,2878.0678044047345,3495.1456013582424,1333.359420201522,2206.3860088425727,1809.3226707707556,1137.1031623259757,938.4696503214584,629.976173947867,707.0756684667844,475.72332215521925,707.2271855640316,628.4653328960011,715.9989770646074,577.455695583805,200.6331374445038,633.2974401381348,212.80579422096764,277.60656862122363,189.74314272313117,347.9997125150911,512.5541823673041,311.29695883353804,79.46529214983127,75.3122512638486,54.49356392383906,587.236366054298,72.54673990779662,438.36250413699827,355.6825055102139,245.16911228849727,486.3088785331647,290.4447177044509,360.7652016647317,625.5967615774474,854.4875396539356,1718.3909885448122,1583.898206599735,1631.9032030150045,3053.6956932350663,543.1078330652978,773.6343393709694,610.2387109527706,683.6975208144314,643.1297175353085,134.3257586781716,73.77107451042086,124.85230030884088,89.75151053137265,77.373403362213935,66.30184595371021,128.9892587840386,2.1349927714637262,1103.8459277267445,175.0133623590987,133.97382255629992,44.59372901187818,54.53242796748398,1809.0356503050416,848.9986572003709,1500.5897969111986,694.7679870002788,189.29874658643962,183.53366529861256,556.5477970061523,402.46348901366684,728.7537784788333,940.5331514870561,269.4939189918772,887.8135909450756,1274.0904330326096,1626.8606353114317,999.4154601525341,937.84144513459,872.6214646493968,442.52679934145203,867.2197618838916,1025.2563290145313,2145.670969148652,687.4802022294839,303.5898523536576,92.93429893255342,74.98894515942509,62.543724988151844,216.94640415521525,74.70131167761691,71.02922111262188,2387.546934999949,2902.025698158778,1656.7336437999127,657.0178825437835,1346.7270413922097,1033.0143605040873,84.50343795274443,125.90712142291723,868.5169083591783,732.2807883761949,1704.238192889307,2356.8170103476086,1446.466112305609,695.0644524947833,689.8015126262178,438.0879466010085,252.98349991269046,62.619677518414235,237.133929486158,668.932749305601,913.094189175331,932.0517490276696,1393.7951496144929,1559.7934065830714,1086.5203654002134,96.2002455184437,1464.1936027205875,2758.7683658386686,698.4043745576923,28.22268966800418,26.178475522389956,85.48356587815486,24.042057447664938,22.589194624934613,30.462253941266862,25.886820364238368,761.8313724260635,8.768535722725757,510.7645379154535,36.59898498555426,593.0958249939704,40.326431567558544,49.31391285914624,26.233154399187068,209.32757916095096,33.25275972138937,156.53065416187977,73.11255908044123,84.93831100544472,115.93909024246581,359.4654064400902,110.64827517422589,182.84349325318468,54.397894370796116,180.6567777785659,419.99624392476085,258.29127789835536,311.0921113791951,279.4148991658706,495.22497575707195,105.95014966187782,178.982946071131,53.04913587298947,203.532767257113,21.35069674569914,38.737420523897676,67.15250277739531,83.30298970720914,68.7193187934023,396.6192877945115,215.11112345252218,132.85650898728065,106.06364624759561,62.93349824514102,65.96002077062975,55.97696524894207,56.29089711038515,61.533478526305124,150.42857477719951,48.55560071521545,52.05915898524864,211.82838357127997,51.45578386386525,142.14684471164537,217.1974445416359,502.6577091293314,1615.8810126463038,1931.8382075597224,1555.3001538368972,1144.2029957152718,164.4582007560259,195.6368094766043,63.62731387515333,188.32683300051082,438.4929408322839,358.15290508661593,152.2258856240844,520.1490027380731,168.13708355355365,485.0191075607465,525.8505398532305,195.63853148305196,467.34633036259385,486.9118025531283,137.23746482741467,498.4760778376904,181.9278003993752,161.02170081115926,20.883719514037832,243.0853058724497,171.7250903458276,361.8011658499597,635.2782657050634,488.9992008079044,104.71291501526802,341.49036196540976,105.51936088678343,85.56670883778422,296.3853140111618,234.739466824127,463.1913501635644,461.6857009098182,246.99540579447046,249.47103761878154,103.63451714605553,127.47019515010483,57.751906256697794,449.94811111145106,780.5216922429976,1303.7786096107832,805.410791331258,1073.3618077315023,1576.8340915400074,1957.0489036423044,3515.8667718959828,2014.314254783102,78.51892968470675,169.3238403287776,268.75076329569015,564.4794716161799,241.7108012731859,257.197514957992,262.65802848030074,346.8848964251147,620.4365911936126,280.2003477913913,282.1990298052964,284.421363293903,1240.9660113668315,304.7961198261608,121.86638958337907,352.749806663888,670.8192011279896,384.4995620449264,78.10738259154398,171.8710249359013,22.11276220634874,227.55927732380925,609.9904460419278,879.6268517380046,592.9004582889268,597.7672788770848,517.3590460695772,879.3638568220771,329.34716748407993,77.10042740245362,261.14591335182973,285.9184531175477,101.07465520206352,176.50596491712517,104.71905219842661,290.8752656328407,352.2717954902774,611.5845738210523,373.30824224871304,322.15612693372094,248.1359207989727,52.294230543078,1332.7066850637514,1929.8841360370293,1360.3902232121332,1117.977821206162,1830.6233820169239,1600.8468963147252,1210.6539379876754,1797.554212248082,1309.0649286791345,1944.1139660998178,732.267878934901,544.8266760414683,214.56122345416767,812.278961211408,43.44250023938577,437.44116313753955,629.3946558207579,584.5747260418387,919.9941079638019,721.2560148633322,35.823027019500294,245.444888356138,52.27002867812403,124.9822924054406,322.28501149642943,273.2671978872654,313.9026862801984,76.87612357179154,8.428433715162855,29.544765029456592,40.823583254173556,120.7252172330585,595.7707575724492,113.20872553981036,670.9175869993293,717.6453007782623,209.74583861720896,119.82859344371609,616.0188517113586,166.19712815197119,55.5985116479973,38.90500046448789,280.7872214694648,558.3871681436797,240.87578847962214,153.8982656363834,94.57263899442212,156.29929159510348,68.54090654868084,75.2124275730262,116.07841355832625,189.36251435171374,300.33704695191994,282.11338107256677,186.76318341888674,650.1721528385488,618.805624367065,42.14401298283343,76.76994811185513,195.86852879746093,314.53107900399766,101.89589312961736,230.16492701766194,200.959978155791,78.55446016504094,87.19910244700685,79.77392742991076,241.92275009969606,461.7302234528856,76.17312523175478,144.7637286260641,542.3654968845334,1553.899754454104,128.741757889304,223.4216159658776,454.4221125387177,312.25694367240584,45.28725952773578,50.31013588598254,222.90921006962418,369.2199451017667,74.84403100964451,183.21162777652177,359.17178270304254,169.98717846351977,699.9138515513861,1002.6435846814502,953.2514863925162,1305.0935343475014,291.36636301285523,464.78936511149465,315.695864534429,132.54380093038208,146.8015161099758,593.4847685597051,651.8366846489932,120.32245421447655,25.160301602367202,37.20078115439616,90.55225066369435,28.284502137237627,64.18076830880572,10.867574184165296,39.168408850099205,109.51782900804272,129.00648081446047,417.643943022241,159.44318213594346,233.9599236448661,525.4323053733306,195.61823443427173,11.612092784721177,212.17495724701016,0,0,0.1459966595350555,0,0,0.01942311944729014,0.24292537963862246,0.4747568786901369,0,0,0.05571528034125865,0,0,0,0,0.13955992484176452,0,0,0,0,0.008297782325878647,0.16788771213921863,1.2965835046807015,0,0,0.00557486405767078,0,0,0,0,0,0,5.975105124121736,0,0,0,0,0,0,0,0,0,0,0,0,0.681624221351178,336.8779745312193,3.319320811671586,106.78969649292735,3.8090846214078544,0,0,0,0,0,0,0,0,0.30198118917060357,0,0,0,0,0,0,0,0,0.13679400604999095,0,0,17.04063584252632,0.009626106865047397,1.5993934079233372,2.450988739764948,0.9083782763886578,0,0,0.7390093177716511,0.020229376972981338,0,0,0.0038650578842693265,0.747142059513321,2.207127437255622,2.432899609991598,0,0.013353480136254819,1.2568615598170132,0.024520749472242722,0,0,0,0,0,2.265625198562899,0.16115076494924588,0.28207177338664285,0,0,0,0,0.14288804246047493,8.440340039198638,21.144270753236867,5.349954083939047,0.7909095053884848,2.5721861953726877,17.463487371082714,1.2404957828499052,0,0,60.2997124146457,76.71297316316411,47.78822939818415,35.639509935830155,48.799452516496295,1218.8970785902732,1048.6036082139601,1454.0118781315803,341.5002208433442,1242.9677838327157,1113.4661299604911,502.95415783438693,328.6029381017304,555.6615401246622,2491.2634950675324,1370.4026923186032,1334.213635898589,5.5519162602401755,29.81033709914718,6.192400844483983,17.103924935019744,17.287024109761422,91.73536958913166,101.81040031763328,379.31400867065497,60.13042109098396,0,138.2437839368212,482.62381712919074,159.56675359147124,99.69162061204754,130.84572923993207,477.6595663530267,396.31940071952096,1252.8509819653991,832.8211702817431,1477.470927006426,7.57514229770561,89.15648269080356,19.60298993747963,0,0,29.885173219476613,118.62526715626933,2.2340969718382513,0,0,0,0,413.0601863227658,0,0,21.41588617068362,0.15454331521043563,276.57806066175095,1213.172128832917,67.6677755737875,1173.7519294784183,288.5335602529678,1197.8340502190777,1254.0391630608037,580.5847983256003,200.92007585373307,0,879.3919535037635,471.3471446926371,170.56216082228173,48.71171789158426,32.302943004454995,258.2537400396134,154.51660275894577,326.23549811979655,33.20572033231125,48.30571062400741,179.37357088697473,486.97550861500986,1064.109450908287,71.10767898564,14.75377820041263,231.25096514913565,297.84789975936525,156.79686580591158,393.93685846093683,141.77406415224038,1853.4088393966604,2676.3114934236187,2506.6387039042897,8949.710489936164,2120.9408645033323,9027.066436621373,3009.4583619108985,2949.084683870038,1335.6760343937904,2588.4093751219298,1602.0200016057008,1787.4126275973342,2370.693888580104,944.3768998303283,1314.225818369977,2065.8117619244786,1418.9609917849266,769.7496276829379,319.4744778939337,278.8294138265388,248.94273826136504,380.13624632050045,1159.825493723376,765.883505434907,1894.640288503462,969.1459213633195,1972.4552361939475,1930.8048439902261,2299.8360978432547,1645.072803306646,5673.4030830468855,2622.363382739263,11802.97499856696,5315.6843630161475,12322.209617518083,448.80029349389844,38.43956052685302,390.92980548732527,92.2058478933547,1788.7897123262178,303.3228078050926,3.224321934320219,497.7480729768373,197.9082107991361,489.77129967355194,3.4020917352041145,352.50635831555695,344.77055265783633,192.0280067215119,328.626546981248,238.7858365878383,342.99750443085736,204.09243696766453,439.22247529799535,413.3930276338208,71.79822627195199,547.3085487520452,324.8944256011948,281.02377515387866,273.3082915118132,3.5286743039721467,0,0,112.05867079955823,34.0822865746105,74.57042881828272,0,2.0730252655003283,16.327243959494645,11.253733955364186,735.8318024188961,361.95645511725075,346.1899396480022,36.495006013046705,93.02894494515536,130.85365201250085,16.71300989684077,80.93171837756151,56.68609237155689,100.5628251895337,398.96459343001135,89.64543552362653,43.65111681298443,166.09486650495538,273.2246949549443,709.9442955554805,554.9640471455216,828.4194860710484,709.8600202041215,1171.0771862398042,283.49596788766263,243.83807804081528,1224.2960134273121,841.2929863805399,521.4110501662461,98.93478182387946,156.67347902932374,353.10897581758854,131.9421155427922,19.142022889659614,35.336834712014586,159.7489189520066,27.443614315383794,6.409333914524131,19.029704835510444,8.693704073345254,19.305557393145456,216.01818654123733,1130.778812418293,500.7571442235936,167.34384476997127,48.30248936096004,8.931716869848495,17.359590053519515,29.640863323964485,32.160745460895036,14.935982984078036,32.58478308051824,32.77176677881659,30.438714551295487,0,0,0,31.88218929912683,48.247567185233315,76.83509917127542,50.895892937390215,51.55634697978932,49.23053303762224,1.9268086736982595,1.906729530268976,3.278947951090057,198.22922778641944,1743.9326637305537,2205.713760331281,99.15977611188809,9.009634013128304,60.922554053874435,28.953050562141982,30.096834842230937,1390.8132158202184,4789.296873199585,214.24770037548856,768.9605197364053,211.22260084595314,6.993971098970871,377.7217889144452,13.390768560221133,96.61855198481568,26.681726585616843,0.4445276787259505,0.8231383542831592,50.05451379981927,135.89050731317292,1696.5892929369911,1913.95732025867,1507.437538649605,621.1060748269476,1058.172545047712,448.1230839672647,314.4439925551389,279.7586548298667,2529.8651430910063,46.40780691906461,50.83557386958446,50.0539341642628,12.87300208899819,119.64684523492225,987.7874148104939,792.4099274151832,1052.3477356840326,166.22904200184038,142.49878844956478,268.450586369279,55.54051906187845,17.979461304945822,101.64489498305113,2.920789562094682,3.843337804586265,0,0,771.0488185251786,1406.717498264783,1550.2238563277465,840.0256505217309,366.99869107597493,0,0,0,0,0,0,0,36.357036830259446,1494.2365672626265,4938.795574820393,589.6346435788694,39.945323737198414,113.980895633838,219.2865969284771,200.14159565404523,389.9790948304801,11927.810209687663,11351.301547160654,6448.2333644999835,52.80183348952503,102.99693030221408,908.0360269098027,340.5984119090414,57.47295906926361,72.82944381301763,76.1302726074971,62.427715891019275,91.07730677223545,111.55671973096972,77.60358701135354,186.71377626638667,1027.436705004731,105.33667122620773,243.608834754598,1526.4276398318652,188.20327278345766,655.0866088960571,627.3487748413636,352.5129080056525,112.00574917631359,175.273687883504,1260.5890830264443,560.7371394311609,780.2128110568402,478.7546201001119,337.3300090060527,435.4418583842937,341.8256880920243,3079.622257155826,167.176444883832,5437.638789103923,4527.8638347744245,8659.908478860007,2074.306258320386,251.15435959154462,829.4913309210017,849.1853294425721,449.73009688373213,2627.9290724800467,655.4268097782261,534.497383767488,87.18325624993004,62.074392103067076,47.37010589479573,403.2115461736575,23.35873091684057,40.00242605018128,476.7668336252702,185.04211259441388,480.9578031996565,73.17365446253254,17.05785192423474,2084.1683984063893,44.52529894708714,85.22524238381297,663.5617501349974,56.20012428535276,588.0299405148073,719.6974548097114,38.715030318605194,661.8108981254807,46.44706793357082,39.40777639975072,75.74170620357533,85.19085209874785,587.5834811572967,1203.6855621707873,314.2919660073944,993.0026042121794,160.88994458938714,1118.3021608898443,366.7451453559497,133.90736119454587,89.4132268403855,118.08657143922038,78.89729385275427,54.12814568707737,174.71815771071485,759.8288244395201,86.57348448915491,472.2314853089315,52.90089528772761,94.70559826645847,708.3067273805453,4169.456637822699,372.4701065444875,1578.845511096083,304.2288617127979,78.20809927620981,40.62709280625934,54.8855238049184,297.75857518631443,1119.5946153128227,28.867417823062507,103.50023869066446,2695.3389825173012,3569.035783845326,263.76045048213183,1415.8592231685845,89.77129561029878,71.7151987760641,71.76345216066615,64.36251464788835,121.17612373151862,172.73353576685915,63.83331465178491,58.6727228227581,62.39365069782264,157.5879848555132,60.17080161962137,346.63413426897523,1001.0251165761143,187.37142537250526,167.56563577280318,114.32762670737652,297.07231448991666,347.5868368858987,2478.0198569147337,1866.3001731656416,293.20858306904006,797.8279095636664,535.3177541732747,350.68153894085447,383.5867745779696,1060.200684717655,1045.521269925664,1353.9814916961034,266.292261512927,3365.3601237343546,1322.3265024995408,5136.196859153465,1178.8666334813727,478.2192812355661,4947.74095632072,182.99543493898398,41.41305058644664,57.731241639913286,21.25902088981143,1205.3856953775926,927.5250015315751,810.2947547737284,458.16006400639367,448.1407603104658,387.53827569459474,396.03396717501397,222.20430312030504,32.83718319767773,204.21731048667118,316.810377086714,25.45805728951513,240.21651688738964,0,240.21651688738964,139.67862804165654,347.9911989188172,117.38879281620649,128.24030150128235,296.1347484996694,436.1416451958525,129.12502594527723,548.101448747071,138.21722277740494,135.17030174463838,576.4412066413488,24.13839622215821,208.66204573828966,138.29860992097858,232.14000404957932,1834.7872641178412,87.85619916484255,0,0,0,0,0,0,0,17.224553912798807,0,0,0,0,25.2311834036159,57.7508335605864,75.86580899666258,126.4435193823959,350.0486287538821,5051.453416030329,2560.945424864506,246.73204731056882,37.02202653500509,13.05875045012967,8.999333035184215,16.611613555726176,15.697097408100298,47.310092892792476,75.59018620678414,1873.2208659312387,4446.526021345368,2347.4189525198735,691.0404132888981,427.99200392396455,388.42281875968746,26.362868311178968,21.40070527060936,14.068253463793727,9.74817904822365,9.733685114147853,6.086664924855801,6.121678429366072,6.172459694119331,6.075054970228915,6.523512787619714,481.53542100248126,570.3074096184977,4.927566502693998,4.760197512631688,1.7917596084661362,1.2195808114261906,1.69470390834722,2.3456679128706064,0.7077876387726139,0,0.9426177272858646,14.803673397138555,97.75890338509042,9.152365328761869,10.778818928182819,10.738654897143608,10.772639564993389,10.812385312215888,10.716588331678913,66.07217245531788
7,306.5222371759206,29.37665625754181,178.1772783593958,351.6756386115097,350.2609497840096,20.251063225306943,560.6569699078357,405.22934015462414,394.9464970091731,285.2576018514493,178.36539951552976,301.26105499367674,220.77348030119026,133.58789733145588,8.734697029684888,87.31915933581737,105.24479562627631,1322.665624064099,234.79552703718642,1144.5316472738646,42.38679979088354,835.4672929167673,241.69978372089298,331.2750829319822,118.30069468880829,269.9144305450023,76.4088658269925,220.3610650842179,417.7009925758646,968.233074608242,2607.9773233975366,1652.947838387868,2814.202689063752,3600.7141995999186,3486.3913661441175,3860.5541970603954,1666.712348077702,199.9676692024566,101.41488818615466,80.37886320266588,434.11642386026904,110.50013745046226,253.513556184619,1465.645586111438,920.1822867364091,429.2873218378313,38.82520316399124,66.22263976587406,237.50198819039045,62.74402714514821,288.87819698757613,184.46453334287767,2.35428368812083,204.70134589035746,3.039263758149149,415.13311807439345,241.10167299879058,10.016105979807172,2.349791120595752,11.395123475860675,2.3732421125337115,205.28742452442248,11034.902386958182,1.4408899835319993,2.5004439882521643,2.4961132917997206,4.9556809540002655,2.3818755600064243,9.229144371149875,3.362043520763781,1.3104600938639457,2392.109003918996,4448.088041096134,350.4925893555792,1.1312450764568553,4.720493549449342,0.09552818523757704,20.91114318849108,0,0,8.717824303756299,261.12668479847395,0,14.466829660198778,0,0,1.1167232461718486,1.5836114657342082,0,0,0,2.161787460001501,0,33.79267611403428,0,50.97915283971759,12.676639709513696,4.652482860278351,57.10043148243097,35.271862476820395,3.5118793266626076,0.1494707943593741,52.7157191372411,43.489127310053696,669.8894294888453,47.80378939353662,0.8724283423640479,28.94359462765389,16.253746748564534,2288.363408454888,521.3506185718009,7.7269357654281725,5766.253586178163,9409.202514811106,16.552196559162443,590.7333060700877,4401.547082891934,19.21535092980177,20.370363101302082,101.164555922441,0,33.325124806038474,5.852848270069455,0,0,0,0,0,38.8504799267663,0,784.848803692022,0,40.10542825691794,10.524557514561971,0,0,0.05913812022900504,0,0,1.0816804656823045,0.7061531910081239,0,3.9556693720255556,0,0,0.7966121094115339,202.8323099106786,8.262439932049613,0,0,0,0,8.935233312206448,295.7111542682054,2243.630569789591,1304.1908878833942,93.4549273578199,0,44.23716450575277,322.6861099141337,11.480840572503851,8.355655885525291,0,0,0,34.33447950635552,64.55754603115295,0.13648022556030823,0,0,0,0,0,2.540141092060459,0,0,0,0,0,0,0,0,0.12171593910063917,0,0,0,34.08420421175953,309.88330792569576,39.23196990388082,38.47622100860369,804.9922021718351,739.0086932998419,576.512324698384,55.57712968018433,1157.6153156664218,584.0324348265748,72.52408201933098,0,0,0,0,0,0,0,14.38114343282599,181.87778214221703,9.959866787534452,0,0,0,0,0,0.11489763817364436,0,12.97721203593563,10.945125149964703,0.7897581333234936,2.651932309826273,0.32448619062976053,0,76.9107967421519,1678.292692015352,1752.3777987251108,543.2196378862217,136.17297902671817,0,0,13.994320894500648,0,0,7.893815577758408,10.442908111132201,0,0.482994921203193,0,0,0,0,57.49052536316278,0,11.990892191130223,0,21.816558796510144,0.7688030465713379,0.013825703814581985,1.8133567265726993,45.399453349385,367.1726471062417,216.11865883148212,245.62823546767672,441.4168517114134,171.44407346707936,52.3120732716563,47.9647240133641,512.2286527307625,0,0.23524516983249905,292.1965187492174,245.45436385193548,1477.6169523792703,2936.692167632722,3966.3484265071684,1165.1119038877275,239.3683381232866,479.3563580105824,12.34672205837337,1.7265026344429857,1.4658335113347818,13.198803131772728,0,0,0,0,0.36182599126807424,1.0638166645132718,237.6321969815997,199.0511671492955,261.6094442367871,496.6290136361963,44.55990789201179,900.9603093447238,1041.4661520746417,29.601738713211972,9.990214030641589,13.874665342648827,20.467831251784585,26.848914207605983,8.040406870826663,49.174981283643646,30.508916533331085,305.7487783872469,104.00526300046663,250.15056613407114,967.7651964825261,951.5279253039931,1451.7377699424383,2838.6523016445035,2573.7847069354216,2367.9962837218372,1244.6516792738398,2080.657051052461,1203.4207297850292,298.7861330555743,766.8003615726202,568.3965130776734,473.11685783485854,170.01389400957936,54.15921772924445,43.3627321516411,38.70149486402437,17.91718581193352,66.6260671173631,51.02723924393597,3.129558915881039,434.88195195585376,86.63933547724362,765.2954529092566,441.57859748165686,1102.217325452582,6215.44347413775,1902.2998331107906,36.70130481117797,0.9136458397435959,0,0,0,0,0,0,0.1426189169634673,0.23756242663584007,0,0,0,0,0.1472313015577106,0,0,0,0,2.3001398791951844,2.2436493474561923,0,1.2256483877542534,0,0,0,0,28.448729850647318,0,0,37.69069594620248,257.5092651744218,19.766957348940764,0,0.30238515379140524,1.2563069263091897,3.6386553033748177,43.68969798332449,0,0,1.4724191022087574,1.5447796893117207,1.0996769405521847,7.771040182412153,0,31.37477217703207,0,13.63920603904109,12.521733003846482,5.770188032267513,13.778703689001873,61.22419936843497,0,4.959272629672407,18.997379095022655,32.47627007039321,0,0,28.646109742316696,0,0,0,39.14851869471382,30.024083983016357,0,0,12.037072855940286,3.4811520686784676,35.95389423000681,18.97696085189607,30.91450597936856,21.62454361199627,6.3635484713502155,964.6004051170285,0,1.8253919445693803,0,2.8135731200260454,4.48532371689315,0,49.5604641072408,11.595057589415315,4.0075950716157,44.24437724844133,32.64515871314885,92.47626209183181,23.157954682580296,0,0,0,37.3693439529786,14.514877297963883,23.694045454055743,0.8722873388417822,5.335487670450025,0,0,2.04586258706398,3.16492206548137,0,0,3.007160263443827,0,0,0,24.875901911761545,25.638428231287357,0,0,0,0,0,0,0,0,3129.437336779192,3726.8848212272064,5634.59443148297,5896.1002700394665,4855.734915250113,1087.2253109551145,4168.603554266846,20615.811172104182,0,884.3166773531016,71.52957663094965,261.3086813764764,1059.0673480517266,272.41444168077635,190.24572671671905,1107.435487853015,254.40284519418148,294.7413383231778,560.7108016965898,164.40137319864357,123.28141291389719,418.0563602797646,277.8792938990423,732.8238295630453,1220.9978033094965,270.54818563559246,627.9572410234379,316.7277595712711,546.9689427097376,1009.1616259852606,1483.6305668036443,1373.4696379029292,532.6884341950573,7315.515653293471,3595.167769866086,573.1346771509269,1048.270153223343,251.22404709277433,1053.7029614417677,618.6476642011606,179.79940310320626,99.24668456433203,1114.015552259927,1092.4169919076023,187.2061194250542,1375.0116874010403,317.6838950527538,1268.8641796015982,8141.223749625487,22344.998710354692,1533.6730568049145,1352.849080912649,208.0248341177844,562.5905859496223,914.2204488135728,1445.5649972196231,562.0094596143202,145.87520861776727,78.35250726395267,490.22092822307764,0,1151.7211007072308,597.3246608845685,785.381960123622,135.66574316695875,105.33438661679543,168.15206157141634,559.1741810333983,613.5857766572394,241.3130277144346,70.50341867266543,32.87557989000394,29.274881760636237,19.185591790165144,8.378980311450608,8.212790235540837,61.917965102453074,8.697518173619411,634.415756002647,710.8804122086979,397.84479506822265,2078.628753398491,9197.827584153005,3372.771192741771,4303.213335598481,975.8850929156312,13.707551915872317,83.45749129163012,12.469343315372067,0.25057131856986964,150.34982142838282,3.970565614594361,1523.9164835695553,1205.3280742029076,196.89498035129645,66.48482614148615,37.658325851145044,232.98703050475982,153.5788008566873,944.4840305646155,180.88171086339477,7.709974829737272,90.31606750201736,255.06135128691204,675.3373328959702,632.0165387241027,648.9289209955119,326.85490098201007,15.97362236109028,202.64663860588828,773.465977243985,192.77703217219323,28.34472954307065,7.396081287175866,25.804415758951333,80.91056586162149,1374.2327844346494,1632.6570524138158,3705.6528449498683,2813.7749173876387,2052.927406214847,1543.9291894782339,107.29684654408472,320.851850601719,1075.7044680934828,2039.231099262698,738.3481900315543,423.48862417971344,131.0596256040551,55.89699522798379,35.220525988348456,343.04911442692884,5905.355142261827,1790.9722332551737,367.1652649251352,4322.851251702634,5106.9802927330675,1316.6292202829331,4940.7468376800125,436.6689718107131,234.39671882204323,239.05232730058447,0.14287364312140338,91.16594000603881,66.65434582894775,0.4910058416071481,0.5293363925546771,3.5756577728260814,6.173265144799384,34.49328872401046,12.729684385968872,37.29177507274052,232.54861459931757,401.39425766183183,1132.5451657579988,1402.8839428968506,116.60880261870302,730.3518728244394,4275.885321947639,3842.642610186804,857.4980196919532,255.98584491141753,24.829921963724228,19.789930636491373,2.708661223119364,70.04975802536487,20.699340822050527,1001.9555780695888,1246.1246752288557,714.1108825756181,549.71332570697,318.6047743479873,1410.0613022188002,511.65343289806276,144.99499497763495,1785.2280056056757,251.30321591257197,3.474642569313854,56.903749773682065,93.36161317646702,23.82969245958694,6.597207323209248,30.77880570792184,39.665552101088736,5726.817340018755,132.29508544507172,33.2882669884708,6.875351178762616,29.636323785677373,1289.7937596268966,2044.2213862284664,216.33654871888007,50.25413048817662,42.66124764319453,222.7215395166555,150.25142862617685,898.6627158824607,100.68725563642418,1374.2611447467418,84.17480278320873,1502.422745866362,3817.9230985389863,4367.007652509318,3314.9472954075286,434.64511642546984,139.31100018577644,53.81660086297268,56.328334273955,1425.7209494801732,102.43289578563808,146.65823911362537,104.56230158457814,1193.5524945879424,389.3280249500951,845.0093951202915,57.486187631962636,812.825765154935,1159.426627743944,308.8372778629108,49.99006708907657,83.37218105084443,1953.5008916410422,761.4258893992418,833.2006475027983,351.47879100943953,277.9790921006248,145.67824840496158,158.62940557539352,11.452703046888315,18.069770566876716,44.61530426990813,4.098499231570334,27.94135947807286,732.5321356411935,1554.1272314358437,149.13262171403377,1132.762796482819,75.8454355711389,7.376867375048837,136.92287539189388,0,0,0,0.00877843503227256,0.17514447704153616,0.7762857667215036,0.4848760371899719,0.03572555806044534,0.025271079148089775,0.06143692870267804,0.0660982560898225,0.24468537829086554,0.09478485856415997,0.12109832966975224,1.0293916870188011,0,1.074821583428701,0.2479443654147612,0,1.1343200036467183,1.0721937107890767,0,0,0,2.6650651918900854,6.008916134875782,8.641059206543988,1688.7173538539907,1813.034721009166,120.17018189909835,22.23933832337972,115.13828916848887,68.79777838353752,93.08027356562367,4.1259665776544665,2.841886098079326,3.2949714530286554,3.099451594850229,3.2157522696739385,656.0703789482909,1052.528479775496,1821.9656394058745,10.878531904310275,106.10834657107344,1657.098070776141,1485.0957048180662,2606.644688467186,932.011938976812,3367.8401815632365,1131.1637651476271,90.94340176116943,5.184452398854735,46.711994143808184,49.892389301414624,59.59219058740054,100.95100529730672,195.82095100703657,238.9752416840845,73.20876674231818,52.76356466250428,2.010492200054727,60.32879469069962,142.53107653303343,3.0952074006992167,8.543725615320943,7.527092558819024,15.182913858040395,2.2482634149507055,9.858762619080496,4.19858932864567,2.3733292335432883,2.1592781714661347,100.28526458420608,32.66715161221414,997.9206702857252,117.52659658325723,407.64318730916614,58.251673105661155,86.90934112586542,523.5509324770694,189.41092512603353,3237.3656731305664,212.46757917747766,1741.0200029178866,9967.935973314654,1652.21334827313,53.169292149931046,1.5080871704305396,119.38779827963693,1.4061805792959932,0,0,0,0.02906479198194263,0,0,0.013077814048351141,0,0.08087655132131223,0,0,0,0,0,0,0,0,0,0,0,0,0,0,0,0,0,0.1070121451378408,0.03701647311414341,0,0,0,0,0,0,0.05095792259705442,2.535979102159935,68.6399365527929,1.0304443338128682,171.40084883061414,1.2116397948331723,0,0,0,0,0,0.36576462175289526,0,0,0,0,0,0,2.499839332654354,58.891284141230074,17.851176404517908,108.28532051281654,57.52397876225709,605.8356760026767,2512.2305158233407,1806.1695183462691,1253.3344646462986,458.11640218774113,243.24538955881482,1204.1124978547084,2116.3792058482936,1908.5160156493484,6030.76831556324,0,0,2701.024743065755,3222.6138323950217,594.3696405039154,1722.1198753654228,2407.3103491304496,2014.1038684578118,1871.9200606473669,1839.828104184413,0.010611732990082055,0.020323496207483468,0.10159144935755739,0,0.3204132337055546,0.037425015899903546,0.021302182509395664,0.12261896504551917,0,0,0,0.1669107233220056,0.49261059336093566,0,0.29572369882231464,0,0.5839843218697008,0.06123325602672278,0,0.7872056990841705,0.06431713618054553,0,0.07589389476108092,0.069481105929195,0.11156979350107557,0.05362804491805958,0.03189175385240036,0.3886220422706582,0.15816141957381918,0.13191425804671214,0.2129687232094156,2.0183692420650945,1.1510624712031874,0.026831836531669345,0.1268349138529703,0.1469941383197,0.14068354086956295,4.608365983571638,8.129086322967986,8.994147896950498,80.2192760607459,49.8028078098365,169.52249100874187,9.231865934970529,16.240828149699965,29.764706323888273,1116.1453965308299,0,1066.2459087031557,300.0766192384091,36.374639960916724,1016.1085020570968,447.68943533847255,1219.1740300564572,729.9167101567117,662.0674863780758,349.26365274177016,35.42164782122499,18.08648048565439,201.2088957155531,26.969422892278896,11.53673654513638,83.60669741848348,10.84797179727246,131.62508383737793,29.068818136327565,58.56512720874713,94.01062583597005,118.20265490816179,7.28070321453709,5.9081098325879084,15.635564871191,16.65124654332858,25.46424484012775,25.05733331093825,34.1074717150839,112.55493841485945,37.96127117822109,19.638050946543935,14.838048550429006,65.77415868612964,352.0023464666074,470.4330551047833,787.1812558214004,351.32068694533575,176.79918084710255,551.3020993157121,504.2814123182519,674.2492505054238,394.61611131099613,11.316597178910312,17.06581977882324,8.139697072418192,10.008915576738547,26.767835462916466,70.73049027633336,42.04800323485893,21.440687942718462,16.594965981438666,10.665591809251715,31.084837571050468,19.92651643782161,165.40494096449194,52.166209040386974,368.67150947729067,22.7415950131107,126.49078444237615,146.69257305234316,78.64685462065071,49.019572159429345,0,0,0,0,0.15576333231487266,0,0,0,0,0,0,0,0,0,0,0,0,0,0,0,0,0,0,0,0,0,0,0,0,0,0,0,0.9709430214318456,0,0,0,0,3.638404656748746,0,0,0,0,0,0,16.93487128266452,4.953600789270369,3.3790215182429995,0,0,0,0,0,0,0.16873306623244116,0,0,0,0,0,0,0,0,0,0,0,0,0,0,0,0,0.03848450966270804,0,0,0,0,0,0,0,0,0,0,0,0,0,0,0,0,0,0,0,0,0,0,0,2.0031527083021543,0,3.1202884135657394,0,6.8888130981523465,0.5125842504466999,0,0,0,0,0,0,0,0,0,0,4.223739950167483,0,55.38582039135495,0,0,20.520070450025415,43.161636229760056,1.3453835591695769,7.498431245203998,16.534094542199096,175.22761215871793,43.841154630850326,83.56518281811128,65.61444429088283,80.5941603183451,44.45656238640876,309.76483596175467,266.88109621878266,370.12042217283397,339.9510659091919,226.62766983433622,318.52852804300073,1068.5755610058961,475.85198264114945,547.2013596952391,1455.9462892443607,335.6290639596945,131.75204348598427,0,0,0,0,0,0,0,0,0,0,0,0,0,0,0,0,0,0,0,0,0,0,0,0,0,0,0,0,0,0,0,0,0,0,0,0,0,0,0,0,0,0,0,0,0,0,0,0,0,0,0,0,0,0,0,0,0,0,0,0,0,0,0,0,0,0,0,0,0,0,0,0,0,0,0,0,0,0,0,0,0,0,0,0,0,0,0,0,0,0,0,0,0,0,0.28253129823343337,0,0,0,0,0,0,0,0,0,0,0,0,0,0,0,0,0,0,0,0,0,0,0,0,0,0,0,0,0,0,0,0,0,0,0,0,0,0,0,0,0,0,0,0,0,0,0,0,0,0,0,0,0,0,0,0,0,0,0,0,0,0,0,0,0,0,0,0,0,0,0,0,0,0,0,0,0,0,0,0,0,0,0,0,0,0,0,0,0,0,0,0,0.031626674758219016,0,0,0,0,0,0.026844863562545954,0,0.22057486356420447,0.24089146662784638,0,0.030039624643681734,0,0,0,0.018963975939869038,0.03081720725382594,0.17119832158787215,0,0,0,0.09725236769424517,0,0,0,0,0,0,0.04177890193369744,0,0,0,0,0,0,0,0,0,0,0,0,0,0,0,0,0,0,0,0,0,0,0,0,0,0,0,0,0,0,0,0,0,0,0,0,0,0,0.19880823006205942,0,0,0,0,0,0,0,0,0,0,0,0,0,0,0,0,0,0,0,0,0,0,0,0,0,0,0,0,0,0,0,0,0,0,0,0,422.985462053076,1809.1228874752985,70.18204464765815,0,0,0,0,0,0,0,0,0,0,0,0,0,0,2.9373603444376846,0,0,0,0,0,0,0,0,0,0,0,0,0,0,0,0,12.932804387340111,24.67003967497081,0,0,0,0,0,0,0,0,0,0,0,0,62.0497389807709,147.19692970488776,34.77496121622208,113.21061445702976,45.78536913598182,121.62644605853889,20.265195822596585,395.2796614091158,44.71959333196806,70.71196005783986,160.28008259384853,86.76418850413822,9.012535132379176,27.495069037021796,10.285950485319992,21.300832040946027,0,8.237049094994404,4.511223748206702,15.632926088829228,187.6839575627167,45.79530756665176,5.810680823771162,0,0,3.6917128919382547,15.530925364272685,8.110916980982859,0,4.249186276942241,99.43080674815337,112.48007497313783,41.35866742150594,110.51480777403378,29.477577097506856,237.88349252640162,8.37708428180908,32.229710143504015,76.81902908547613,8.912483053454116,0,317.18525307955576,215.61099775054402,14.77161338002556,0,56.381798037296655,66.90778511981554,788.8945383016089,1808.448858870307,35.732158026789,0.4712152560119878,23.576881555971006,1.038579740487497,133.51664229339602,1631.3343408700757,655.8139537852469,1.3902890831598986,25.109915683897935,0.01782193840931569,0.8251434055876983,153.03895591665417,0.27781041832106185,11.998183130617285,250.22120584176088,238.86550990454342,12.236695937363349,0,0,0,0,0.016983154287827165,0,12.083058459185038,2.981702188548987,11.305329052368167,0,0,0,0,0,16.243474976143194,12.85350882793426,0,1.3414056850423528,0,0,0,0,0,0,0,0,0,0,0,0,0,0,0,0,0,0,0,0,0,0,0,0,0,0,0,0,0,0,0,0,0,0,0,0,0,0,0,0,0,0,0,0,0,0,0,0,0,0,0,0,0,0,0,0,0,0,0,0,0,0,0,0,0,0,0,0,0,0,0,0,0,0,0,0,0,0,0,0,0,0,0,0,0,0,0,0,0,0,0,0,0,0,0,0,0,0,0,0,0,99.25378662760461,0,0,0,0,0,0,0,0,0,0,0,0,0,0,0,11.492804516983657,0,0,0,0,0,0,0,0,0,17.52168474729343,128.36227397652766,320.2618768772558,426.292144588569,2163.729653388512,663.869353879289,176.84638822890847,25.530213842069898,102.16685843004228,34.24867930266294,54.74470475263443,27.745287326904055,72.75426482284097,56.01228605697533,103.12958114992368,163.12953028913248,50.13228485827598,31.329947475752867,484.74794987187823,95.96332094164474,2081.1946934873426,3977.453821694871,66.27281245051007,787.8701593137005,150.78566436682965,733.1154268234817,1038.1744704263772,32.192155302537046,2103.7883580890866,1918.8626136281182,789.3691512015977,939.6721989716021,1979.5522397827049,4950.9026600709885,4295.4040658683125,6980.018448884833,2618.073605489937,2064.149562292894,1266.7469827043558,468.61251596038915,83.97372827443208,1570.350311843574,30.09680180395828,66.08602748994385,28.860953719857662,17.270889811819124,42.221578320719075,40.260580704370796,92.56853717319233,29.109633201233674,792.3111889840584,419.08480339927183,529.340016925957,289.5222314304918,718.9647564934883,1238.3697122946203,522.4842489845961,1406.9269760636532,305.0206705449621,638.1492570027924,2777.4803230621974,658.5669042868077,990.0997234973107,2160.3826090311827,4545.441076307563,2033.700475639805,3298.056978544393,3551.681397444092,4610.136060446619,2587.1890126171756,5822.2489209699,3706.7118459277067,15112.316899928266,16016.463926953942,12468.871478942441,7196.546172036268,3478.6684997755056,1779.0213486521066,794.5693360059674,0,535.5371656080226,610.0354369683848,3963.614643805583,2103.7314979469893,3892.1980253714732,3177.180127254179,521.049146058395,1613.6707367332249,793.8448897125037,343.86412147675384,919.5465275762026,1493.761969673902,1301.347653192686,2102.002054778788,3792.0078237251832,5472.229688799255,5549.26668551813,2347.603101313606,1251.828269279661,2351.85636201624,1326.1820603948343,4988.116159402996,2074.884871058749,1343.2287052572574,1498.599598270432,2038.6891672351528,468.0337379177258,114.8810872353931,249.05093363828067,245.06259447104836,763.2589348554684,263.76816083141154,806.8719207413533,123.40132709443368,649.5220887497295,2311.308470552369,980.1337660923442,2281.6150067470294,713.0259433724352,353.0451663504194,1630.3051622946875,692.1026193240943,2752.742070226083,2854.0273818077085,3228.1261174863225,2435.567271952292,1808.9440779074316,1921.705556734896,139.32402097746981,2059.1319269978635,184.2441395340803,1953.6893804350896,2671.0826587708602,1199.5116305179192,708.7667490028343,1088.9043877117194,2739.89850170866,646.7357683080254,3345.2442720601025,4075.7649555145886,1114.1688567978163,908.4607046404628,766.4543665093655,315.0421430230468,7427.8590345257035,2587.1131162855395,330.9872085925311,17.45196417556137,292.63300555643036,93.62458180143061,360.77128318326163,97.90138258497743,83.46646114422464,108.93762136666645,924.2432161836169,1631.7691139806939,155.69415918149588,1022.5541274892197,247.55806054723968,69.98571736299442,1203.4726929497494,111.86079875718625,1314.887527153443,1067.0830665065318,149.19367021513654,1123.2858283480102,1051.8879704000485,1761.6196734612984,1729.4512869832204,875.0659597648222,238.6255348856379,82.94170282920437,23.04316397609012,1129.5367508468607,2713.9307354147263,2761.483439080002,145.2717304633187,62.96188362621387,62.026865941493064,46.08476048240521,57.46194834141041,47.12288758648029,1174.0975851985195,300.47061852000553,122.55787883994016,47.28351576895917,78.74150410174654,30.1641415597488,48.14229231610655,139.05006660718942,660.2056433022411,42.94328729674273,142.41994429023978,386.9724377997198,623.1182436079893,1450.8200688706586,1293.8531207863705,887.9025568013374,492.79691589611025,21.55805675989201,524.2368541676456,116.94341012104829,120.86481168949891,119.46760316210393,146.01194842621123,72.56292552813161,1573.4387760508603,124.6901558874914,32.76605366442167,28.20695436891511,1139.690376006891,4444.409154140258,4032.2419714790017,4418.273791126668,657.9093590349124,31.143701990348763,9.24650107757465,1314.5093049628401,1154.909632412769,503.6402921127745,641.6911727714385,711.5368320470753,463.60507583181055,648.3009117806201,940.2353399059832,1.0867813760226326,1.6321933437098224,0.7673849454833669,43.67100655435297,139.01199338358458,1.0801490281206076,5.946063721392777,23.115710043512358,2.575375144462095,2.32319613057368,94.45708517958336,10.503116560318807,15.25134635922284,144.15129241412058,202.19030356489282,5.282709198740142,61.113284586962706,63.48010748907077,96.52446135567574,660.2431003045959,19.36767364917139,140.0422758038449,282.8336868617683,136.17397063495724,130.6136203865008,8004.672645724006,1849.7271126045343,1064.0644327470884,210.78812505178234,260.7384860193586,12.813735903364169,49.81717090486155,15.926011093011587,1.2208608736976831,1.2378096574018163,1.1890601447563984,0,448.7622663387698,8773.797617873612,0,1.2264449139767808,496.09185660494114,321.55526631072695,938.5552067356947,326.44263191648145,469.4833556300279,202.0473062646548,3.1561982864216347,22.526037714322133,53.54139329779848,7.806737070414316,9.820099077353586,61.8107945203775,32.41323868795122,3.5317562006795047,5.770434246711725,3.983430311576369,22.33246718761524,30.27738518012528,128.47637194740776,12.954954918506084,44.78448920004086,171.49488209456177,13.526507006324703,41.39137304211025,102.28468056796075,9.637367049543183,6.655924660402313,9.35429372139355,16.997107755950868,12.800390623559657,12.591427471748144,12.476285626333775,20.804159367917496,212.2169455717774,9993.087812317981,172.3067245133177,30.89232550230422,191.67204482086328,10542.577627755158,2636.429655843239,368.7557106846384,258.9589122601097,315.0929048638922,216.5738066718786,1757.0233743244614,8948.703508637733,697.3665062257938,289.4976515641099,8051.156421952281,356.9388264483245,241.127144688145,68.10853496578855,69.60965560666023,331.51385624342055,63.415602070772884,42.769532777668786,1.6434554979633862,15.421241256767274,17.27901370314577,4.363753425899862,1.3314558238677692,6.322735386513142,5.452486659879404,50.85060682735382,5.962297241849514,3.4648833844624147,53.29111945548786,18.664397175630075,110.87960835787196,203.85090722043145,2761.711108602485,621.3808646871744,42.82499010727391,8.366861982520364,38.324425642711454,89.14082292359858,57.632397197374374,10.889640725123703,111.959464316682,88.26756001034283,81.78095398913511,68.26201760385962,39.41866781071229,21.561122935168534,19.522005684655873,79.40967208574405,14.27252484329522,5.128360573446729,2.0623672140291944,23.396725644303235,5.2546593824145065,73.29542103491117,24.848243430079993,75.37115719387228,26.306572523529912,71.92376971889135,56.87408908874149,41.71331023846851,12.980998888203542,39.33413771544711,19.589054195262808,29.333412805848948,32.965987815473895,22.12285898762748,11.992140409275109,45.06039620364792,70.9384848150686,128.44825076654234,87.61342552494231,22.78046850771694,18.20386677001808,213.27388831979056,2.4738984035325324,2.191468002452412,3.6946371878204323,27.268191784388772,0,2.6019083101352747,0,0.9587153172386015,1.0858604083943357,1.6465116930101444,1.0128768290841208,5.3133617450572235,91.82836713501763,36.85253145770772,29.769912947937243,278.1209560126391,3.798165510761852,5.017469949941028,10.45640766367922,337.88587075662497,17.78830368338284,142.51363559808203,81.93642119887434,151.1171844249548,172.63477237181456,351.36718933938084,172.25227738318478,284.8083909956015,289.132317730468,322.6236069445043,248.7541003696889,201.20504087679393,214.18848988734226,214.91637946740536,185.64241098715934,220.82295735360967,464.6844337333413,370.3876223404268,176.49109086178734,27.74578184788528,84.06136904496616,38.3822410981114,67.17223250065771,99.80778051236854,217.90738913346664,161.05214296078586,141.68870405967914,90.28808704793066,61.85288774955309,55.637497461459986,34.35064295768799,70.19495947668457,9.808113670426303,97.63025599097476,223.96504709100356,292.13638155381983,321.2222107193506,79.02768751569715,190.51260850260076,111.17622216155696,47.38271884712155,62.00143931846066,0,0,0,0,0,0,0,0,0,0,0,0,0,0,0,0,0,0,0,0.20674309874060823,0,0.09744269197909586,0,0,0,0,0,0,0,0,0,0,0,0,0,0,0,0,0,0,0,0,0,0,0,0,0,0,0,0,0,0,0,0,0,0,0,0,0,0,0,0,0,0,0,0,0,0,0,0,0,0,0,0,0,0,0,0,0,0,0,0,0,0,0,0,0,0,0,0,0,0,0,0.4860861653504329,0,0,0,0,0,0,0,0,0,0,0,0,0,0,0,0,0,0,0,1.5011151530268858,93.14549432581543,0.5481460463711824,0,0,0,0,0,0,0,0,0,0,0,0,0.32356428120516717,3.6490226448733964,50.615571708915894,0.15113143799547898,0,0,0,0,0,0,0,0,0,1.0773077810034195,109.43596745440249,24.06783151312231,169.33530773285548,0,0,0,0,0,0,0,0,0,0,0,0,0,0,0,0,0,0,0,0,0,0,0.9899524512866026,0,0,0,0,0,0,0,0,0,0,0,0,0,0,0,0,0,0,0,0.6174989838547613,0,0,0,0,0,0,0,0,0,0,0,0,0,0,0,0,0,0,0,0,0,0,0,0,0,0,0,0,0,0,0.010184962304818931,0,0,0,0,0,0,0,0,0,0,0,0,0,0,0,0,0,0,0,0,0,0,0,0,0,0,0,0,0,0,0,0,0,12.88544887990648,0,0,0,0,0,0,0.1314411981460466,0,0,0,0,0,0,0,0,0,0,73.840856269094,0,0,0,0,0,0,0,0,0,0,0,0,0,0,0,0,0,0,0,0,0,0,0,0,0,0.2084799786925043,0,0,0,0,0,0,0,0,0,0,0,0,0,0,0,0,0,0,0,0,0,0,0,0,0,0,0,0,0,0,0,0,0,0,0,0,0,0,0,0,0,0,5.982352212485024,0,0,0,0,0,0,0,0,0,0,0,0,0,0,0,0,0,0,0,0,0,0,0,0,0,0,0,0,0,0,0,0,0,0,0,0,0,0,0,0,0,0,0,0,0,0,0,0,0,0,0,0,0,0,0,0,0,0,0,0,0,0,0,0,0,0,0,0,0,0,0,0,0,0,0,0,0,0,0,0,0,0,0,0,0,14.950516634965071,55.001606068107854,34.67971615892879,10.052626125864895,29.127929800361777,41.43097582083307,23.067710638949183,39.7459558639003,78.46933645584436,43.83061010176266,82.0593542138256,43.67420306468265,218.73573467591328,138.8767631460619,104.48104427848727,45.8625823059948,52.42571837991218,23.251900499782273,123.15104455517968,266.6824289442939,115.06663269642581,151.30533341678623,15.039881145781383,11.326257789636157,141.63446059868923,220.38520721262307,102.6769066459877,281.5158794509106,175.64065756220566,454.2530869497497,169.38656609434096,99.49014814043369,4.673941369667454,41.09628263724396,179.84326804827876,122.9761776776458,329.5796171061823,113.29582560808038,428.62358944150947,178.46324000280038,716.559896140258,719.4466222558449,443.2125018671895,270.75965769773967,148.01077502929826,147.32867251982864,294.623973135582,640.9794623567411,1508.6800365348545,1841.6242537702353,4426.482649006138,101.07214192848068,345.9527212974341,443.8956017997156,518.1599970813128,882.6530716884598,1628.4693854494426,59.115533235304504,65.9966757831839,14.313981429094081,46.369045035343184,252.1894744936103,98.37197712220495,1272.5597359745445,46.93521892081318,17.882063802550586,25.927278810370513,18.795126654688364,195.42373053244816,96.42502757562617,8.662655535429606,3.119355400231096,17.659855110220082,90.33092728227437,18.08846676121846,69.24318925934685,70.72020356052288,159.95388376782333,229.78817765932789,556.2261939415512,1058.6244219692278,2216.7684647498877,3257.204597034348,4236.425678192466,2428.6934004675627,1353.7544168676468,349.73790843990565,236.90119131397273,53.94394202380936,49.1167511334707,19.974745675601923,445.494086798625,422.9921134383771,32.38631121487267,113.76923058637966,249.79114714151137,8.541177398421286,88.51545068167677,131.83327035525014,47.37937870876554,24.00437264428953,59.30522084386203,57.440027775662756,38.4633386186719,31.12084590752097,20.400550057997112,117.50524442065169,53.64730193291704,29.28620963838199,30.124603054370695,478.83747082452817,25.41498085684319,17.87697228591823,21.85765011660999,43.10509708963879,6.028628948668865,5.941982160074779,117.6049551920871,4.584082148402737,4.513481557371525,6.019721963491185,21.301353011670887,39.592240501620665,461.2464413547396,267.553108451481,223.12537236749438,38.386699433525706,25.281507858181932,9.259630128391297,131.06139367900323,848.9133751389352,316.85759344627854,20.41105879371772,22.44795652687597,922.151652943018,32.64723486716366,1944.4596202459923,532.1887239148833,2174.654348921491,31.63212578669435,49.48812320602496,5.992050613861755,2.884817952517079,200.16180558790768,4.733810959967934,28.857995221685723,16.819662202776748,14.358004761075648,158.39616626529443,640.8802389624648,1427.9965151270565,1265.9032089819011,189.0897770984972,603.1176149164478,0,2.2546082761400137,0,2.2778143279642364,2.298034931087146,2.2851287774370723,2.4391458043443603,0,0.03485791264014102,0.4913228497733497,17.37451260928945,36.13138275171955,11.639976543312006,3.1988687574884462,2.1348226274721713,0.7071830016288638,0.048615618924984616,251.7332890017084,4.92864755740971,74.91092889894242,725.578002721889,5.416076015725643,10.487261994185102,8.11254115655598,471.45527890934835,815.0142999450845,910.8762270696184,304.96629699443866,148.96615964272985,410.51670520027227,1140.073397775025,86.71614606179853,958.9857274490759,310.83546702893767,1179.6418058848715,1451.5669086479436,1100.3744703732402,1622.1420303966713,831.6041317907961,852.9009278062109,423.6343902552729,2302.9064486985976,7974.448141812191,25098.0768920014,1915.0614543555116,71.87156601625607,116.77106943549983,9.729238592938316,13.672417368829974,108.3652310066724,71.87330591293704,238.3156561069354,351.83089467862686,360.8395771371869,54.21672647072225,156.483556962296,2080.9608103701826,39.8560504844505,64.5864843970462,15.149664373995392,64.76022913751783,268.11771157529165,289.57545799876607,139.23420946336364,51.112990748445206,31.7654498067314,149.56432016987034,65.3100035197424,142.33808664834632,44.10711672032004,21.100905172605156,221.75805408991914,18.22520968956497,31.362230916296603,66.53014350985082,63.59178491915597,22.04147169013152,30.761272518185436,60.56887344917741,34.18123278088959,410.0359761336521,81.08167174687824,33.135989580678746,71.59335741739014,123.7250569419239,26.67081126591074,4.669523943897112,4.764414309694533,5.286118060024711,5.443004941124612,16.70536821589981,52.53007737210533,25.7853723900561,90.84368378144829,31.620029023329078,23.996584583167824,23.789519244635223,23.844906037417534,22.532512002171867,15.834121851585838,64.99408017699314,61.209778631154606,7.240126317412469,2.538831317890217,0,2.23584813960649,14.711932582112812,74.37363156258475,52.609793130083624,19.525301287840808,11.8874458270318,19.848878504389102,40.623127120248895,34.944146343423,12.081778492854568,11.74544711220106,12.37116375162792,10.725019385544623,11.3470531933411,0,0,11.272572856766434,11.442071242185042,11.887869100676891,11.828004069265814,12.015477835249747,11.5095720782332,17.9563092354121,0,0,0,0,0,0,0,0,16.240694487068414,0,0,0,16.511604755920985,11.369899363420563,16.793243446684382,16.9363763659885,19.37001837245575,14.305736328113712,16.07084736108537,16.652664165296912,8.159377027248775,8.02925456029511,8.775450750467746,12.151433075955124,5.920040830308387,9.754821214102563,9.680887950516569,3.576502844783972,8.425962668967028,0,11.451733381802766,11.922857743297309,0,17.642811146776864,10.13653677997804,0,16.407686092398478,17.59600324071782,16.90544912461253,16.874639110600764,17.745660758326157,18.759799278700275,17.12532448556208,17.603753374382627,17.921943067426447,17.867212306549778,13.670215622502761,14.849641335113478,17.619741907035742,0,22.988680103981764,0,0,20.673782472102815,19.998391786260115,21.574146920064667,0,0,16.80173258686389,11.699185845959507,0,17.13984934721994,16.54434780548776,17.281026074107526,0,17.60481510630245,16.506002800787524,16.15025955737859,16.18259472951605,16.601447116282177,16.601447116282177,0,0,16.373478608153572,16.286782933559188,16.916533626987665,21.16128807417145,0,1106.255104008862,16.054326881999128,40.89997470099979,122.34344067810515,17.28988730763533,18.078078450579593,19.348766374890314,17.666343041237397,15.156593028533592,15.420886292217421,15.614715164952774,15.51540708907773,15.590743279995767,0,15.029857217774957,15.457165059523707,14.850369293105052,15.6037110284142,15.166966930116821,14.516136864420774,0,28.208572528962772,14.640643306810121,14.644410515939576,14.901985124587753,14.694925184570797,15.219581063443181,14.052545946202132,15.464720050595723,16.225572242074634,15.173391666249511,15.652271027166115,15.828459570576907,15.395396392511305,15.037615816630018,15.702978230794475,18.02277638386032,42.698239888287766,80.86442819974846,17.8364770383816,24.330090384106665,337.2228457513083,70.77113872219388,1.3976884941439642,4.947794878944346,143.74265125067814,79.56413048076456,166.11188354364631,46.19381003523726,67.2523785158095,45.09465121426664,331.0221677896936,68.12684076350722,82.95590801478578,1101.6421718488118,1533.6169696521504,23.09278360227906,106.35327095900114,198.18874863846034,12.356454185091279,6.784446993490593,59.15862113056004,19.219650840223988,36.790635752991236,13.68336104821859,2.2877650921467443,1.9986245812617602,4.647152837352538,13.044526669003911,83.03169140690659,2.4526634547236386,1.8361984123669153,9.9975547319198,0,64.33197039021937,899.0684829053215,94.65652438079825,0,0,210.88082351660523,88.21738949307604,759.4569081603544,720.365378110625,329.95398797048193,1199.384696743554,749.7407807401445,295.57903775104535,113.2297188595351,83.52372786040408,224.32767356214322,2032.076009874338,1327.3222472309853,291.08303226602203,0,1179.8324154051331,185.76133614172142,109.12743440043381,52.38568375451551,178.40358841062545,11.887218307497388,327.46979337716317,303.60900841059765,348.912010926722,120.3785872818602,103.88174360749079,87.20137204535682,108.87968926807916,479.6465932872042,126.2991157026019,87.3207893464778,126.06612309088369,360.8713465378563,823.577200423557,1211.0646102657618,204.1986371956682,119.30828298941829,333.36053713521244,779.1540672838564,240.98173282755695,107.23649080112601,162.3056745204847,1103.3156407565828,160.73372022058527,294.59574127839386,26.092132609434532,140.54657745718447,107.48025065040656,44.42243044827189,267.8178375398757,33.70757784642747,111.61465193567217,66.27824218411106,175.2132191392427,355.15211105321004,1170.8530685241658,18.599003361708046,111.69716744360103,134.83819561188042,169.70692019730367,307.5908640500978,143.04631088010112,137.34520085374336,122.97630951925791,159.97653757783917,360.57119783145663,385.5380600795702,1022.6695431303142,330.55101360875636,165.81240727288136,214.435323560886,146.22766174447833,668.863212516276,738.3350108119234,82.60860111856002,756.9501001281012,1595.2408596110847,650.3991027622669,1560.5948340266991,1838.3525187374958,663.704015282773,161.9397924188363,921.8468222972598,826.3664577338172,733.2136085271567,33.3828846149861,773.6287035161898,210.66253202126435,325.64498024010334,1433.3183705129538,472.37471414231976,576.4298506680444,1480.088120962378,327.32676935383415,208.81734421332126,109.8545294803714,382.79959164241484,225.18567713143946,55.27149164753692,55.057480679611395,284.95977537918037,314.5800168452521,150.07378193438214,116.50411243958472,541.0000349299492,938.0004479802005,87.03367479352123,70.67056283789191,314.98390355534826,450.02194873330484,373.0328285820725,274.1929725482664,839.6509896848203,148.96984809867902,668.732585272949,213.10348697776806,29.454283966896313,0,302.38848229760816,287.56445970173456,215.97785662070336,126.20251159589135,66.43770053344586,179.71751204676406,192.10977378568313,109.93075853224546,56.25062601628265,301.25891369033013,1080.6822273605023,212.29057257251358,654.0170009806886,147.64632222991264,179.27314557951559,356.8583926283867,202.48892169477273,318.2575570581318,432.7406454412739,110.3321994136656,379.92576015093937,168.2007871940798,126.26375695471553,39.442379483268255,37.69826835217158,176.8336654856857,2.2076909580861237,126.31496623121727,136.85452614526642,236.92646465625467,354.1517856868491,51.48507053205316,590.5636916804212,637.3432705469168,191.15451175246312,112.02147786849156,150.95467778319605,65.87351732579982,25.09674638199355,15.973425094867977,47.0096410306641,28.607564156480752,125.11097907733328,52.295452870152985,100.34975269860138,63.87931079418345,299.42813813794214,484.4720018431889,72.25453671056492,92.60593592908657,216.9457466654003,32.035466839110185,216.31248767864557,144.10181204181194,14.238587404425216,3.0811345845583924,30.21470934832817,39.90248062923457,611.6979536687085,2264.7485121067702,0,924.6650598936448,245.41431010161196,29.069479130389716,823.7631364083294,0,622.5734600831507,73.58978208334307,54.193027220516775,0,0,106.31150808216984,60.18921454175217,13.254450889083303,6.612067081769135,56.000279035118886,154.17743308041867,1.1291923997421998,0,0,0,0,0,0,0,0,0,0,0,0,4.355515881519557,6.589765266715727,6.723551484341447,6.606140832998326,6.589765266715727,5.182713155982526,7.02884553796572,7.480351889927793,7.154246089102657,7.47110509895924,8.061456592302115,0,56.321289378901454,17.56313476965256,0,4.61968159566847,0,11.12068420578859,27.43347287923929,32.80662263611513,27.311484917105293,27.667592898276748,0,0,7.629998885030899,7.549724044171855,9.001194076625561,11.17316677017551,9.595281066012857,4.217550630432789,0,25.774908832294066,24.778955908247102,0,0,30.78905853315166,22.493921185621854,0,7.668354716720111,0,10.546828409152514,6.2597450106398025,12.586079117398658,8.88709622684491,5.504110702305795,5.057362034245514,4.310945896685423,4.674118868927769,7.2329510376509205,4.3096166200967625,4.250280437606273,5.120881464606174,4.00129498584819,4.98056160953421,76.2349152523213,0,0,0,0.0737637585691129,3.735098613811733,3.737929582661987,0,12.195608874712988,6.158734464471903,11.011677136530725,5.977531715610112,6.318807484765096,0,34.20591625763813,0,0,0,0,0,0,0,0,0,0,7.064443737821358,4.882874017052125,0,7.158124243662458,8.151983934473007,0,0,6.239185903255864,0,5.662187408065515,0,4.6124236718796645,15.625403518127166,6.471391027421873,6.939761145512297,6.694307622102795,5.001645098521643,5.071197626365426,30.15454388665874,6.792604226883688,7.502665325170441,0,2.6946160026489356,0,4.131603908388615,0,0,4.130226362682829,4.33757630766296,40.164763104035636,0,47.96305509851655,0,0,6.696408067791051,12.543842132179913,0,86.73973911001042,0,15.983335068575979,6.78992225219266,7.213826564507239,0,9.119025095370553,0.6193583286966867,0,0,6.378334423436576,0.5827461498250116,0,16.96000721441205,0,0,0,0,11.380149099648955,72.67641615799035,0,3.857939923224201,16.819381695222226,0,0,9.075535874782352,117.00346676384743,0,0,8.553996570472544,11.847297476342868,52.607253668302945,48.53146281448443,44.83307049680259,2.283235373774498,32.35777786468771,15.068404240847297,0,0,0,8.541651952631502,0,28.583244785604467,8.584888288988921,14.823474785066855,96.88704069286337,66.5810605680172,120.12493180307506,16.067134291511394,15.081912557578178,17.279822205590328,7.233201314046885,17.746794594096592,0,11.193636752679087,0,8.586613692934774,6.322497966532207,7.841670286294533,7.610933278235792,7.9030959766848525,13.628366744189371,72.50773660163136,72.14182871994208,156.1394970307018,87.48166729592093,244.40155680709327,0,156.3779929336474,94.7575481971629,6.2580138584109175,13.694837236929674,139.34362249718131,11.797461821321301,59.1131853276048,10.583833646656517,0,11.132129475519063,140.62786218704053,10.100404891867955,11.85801040739932,0,13.098088072021895,11.750279182763022,132.4624143726528,12.735912387713032,0,211.730191299481,8.749033492803312,333.085132870772,13.071786851684788,127.2153375233908,12.144175972677022,118.00492412661156,118.26291537955939,332.9199477284859,67.140684208269107,44.19322099707155,14.066106178581862,11.847603288729974,13.292141806468335,10.19203252737318,9.16588104783983,0,0,0,0.9029327742186385,0,0,13.475478670279355,0,11.321020721683716,10.82289616633919,11.064457316317892,0,26.15962433096868,0,5.066958372167333,118.5381211011319,137.5974982904553,0,127.11589348315005,148.50068323481264,0,143.3641542839698,132.55315430659653,10.883622262576697,117.510157067858,130.41218310152826,119.27077254398927,0,127.74213518590736,14.326242218690432,119.80785642763394,10.50670171708391,14.737054649666804,24.413376042261785,0,11.025117806414007,19.366810574813577,22.498323296207083,10.970157949082543,18.126448990562498,127.83026778052447,0,13.263211402262767,0,0,0,0,10.921395047999907,0,11.329150659858628,0,7.224417681441966,14.883231305377398,12.371850449059115,11.723838804157394,0,0,11.915811800010113,13.020803287591315,0,9.916130566506236,16.747289640118712,0,6.522620756677572,12.29285376106483,0,8.606975791863114,12.123103294836952,0,89.77805242388519,86.14739589874372,7.722819582149488,0,0,0,0,9.778991559079559,0,0,0,0,0,57.60500235159447,0,0,0,71.13928783403034,0,0,0,0,74.43959026855542,0,0,0,0,0,0,0,0,0,0,1.760499147460106,0,0,25.627735511151556,0,7.757810310125535,0,5.416711647503541,5.027956502968918,5.17261733644534,0,0,4.924326146027888,55.745832102435905,4.304788584318514,13.300476575594228,3.061678239121642,0,3.8369350884097635,0,0,4.180569447775529,3.5594126141895455,3.737175665005107,0,3.4880696361440995,0.7946382711444058,3.719517381483316,0.6406344571130956,0,20.903473184713132,0,3.510304767347761,0,125.51595241412555,29.98393416211667,92.34400154948227,28.711022890078343,72.22306252748483,15.275536679279869,0,23.308096840822724,0,0,0,26.841051883436727,27.17683772518255,21.71801056486306,44.557341321540186,0,0,0,84.19545227449748,0,0,0,0,0,0,0,0,106.80663230007782,0,0,0,0,0,0,0,22.411474049789284,0,0,0,16.082929879526194,0,0,0,0,0,0,22.044510205837692,0,0,0,0,0,16.995000356409307,0,0,0,0,17.641600411373503,0,0,143.18000157758752,0,0,0,0,0,0,0,0,0,0,0,0,0,0,0,0,0,0,0,0,4.472221783599997,0,4.668380064763583,3.2642911206833554,4.476433358360962,0,0,4.796571723805719,4.999341900559975,0,0,0,0,4.393979202760954,7.849785937357624,4.139421526131737,3.0748399182702086,4.687824242058111,4.176396510006346,4.474230343870709,3.985496536685484,5.498336667755683,0,0,5.861389777407911,0,15.476608166670031,14.297835277663514,0,7.546067658000824,9.733192007964114,7.0802956751952255,9.286105046571997,4.464447999028311,0,0,2.2611716648263025,2.7847816651171984,3.5813231987480085,4.406958909665943,3.798967919094701,4.38741861391336,0,0,4.7934998803182225,4.141487343047602,4.418821698189487,9.92258458995,4.759740973903688,4.159612607632209,0,3.0441315224640406,0,3.955250721588241,5.01289661747773,2.8453177681880706,0,0,0,0,4.066410725859679,0,7.85831330176996,48.51994677804036,20.903569208714615,6.161290970131398,1.4640705635053048,7.40511482036519,17.81180325884505,2.4213182368867936,0,14.35087927905463,5.147769989355777,32.26502384384637,17.002262192951452,6.57512432134602,0,12.942815831975114,11.834880537478101,9.286026580009937,147.49833014821513,9.411848164439318,9.114936486578182,6.878600152273376,8.587168479067024,6.732778414933326,5.201280061582572,7.645897870037843,7.812165603654338,0,6.9049212214851785,8.141173558314964,3.787778808964357,8.91002691575516,0,7.338656947240007,6.097335038304515,3.6691133467606294,7.120663104595096,0,2.7370325839232197,22.33712517019116,20.24196206169163,0,0,4.655783220122228,7.592875415720077,18.31845291827085,18.00782000597523,16.970619066280914,26.54479280524128,39.59130902665121,0,43.85598316570928,5.5728231087520435,10.415811985531175,6.271781356604144,6.35155050550959,4.814219325107605,0,5.963005257015915,7.735700151017271,6.316384260077204,5.017657789049892,6.369791885119504,5.812872448540557,0.5113750666365903,14.359788818787772,0.01776113028347964,17.72572405083947,18.700234103872102,18.95288432161066,18.7557313237569,18.7557313237569,0,0,18.795440364631354,18.855588519210592,153.91122207761376,0,17.59123817276093,0.8846432469188968,17.85412436248442,10.999511117711666,17.46471210518663,5.611744861671692,5.059000606991195,19.92100450345217,5.0184679128885685,3.895724708785897,5.488826152918204,19.290987622724256,4.640996575155635,0,4.870261641928251,4.154256464424708,1.5398065361825524,17.381315775481898,11.203902115872113,3.981721291463591,3.913005296990567,13.35346352654419,4.0609256248526515,2.750616736915481,3.7783529865860626,3.772587872924763,3.236956034111016,3.666148967982598,3.5467438409044667,3.323650536673413,3.326177165118924,3.3537680759505246,0,3.635961040769944,3.622365895804336,0,0,3.5409873460071517,12.179781683146192,3.7705982736851635,2.1616411415142327,2.3567226823031313,3.817717372871372,18.003142723841062,22.425129519135325,0,17.804950854642176,11.592731962752175,3.0188745789514235,12.767217051762158,2.792927663290821,18.27438559374144,3.5259735480855117,2.7833374457798437,2.7716869044589885,15.968797926794243,2.8459120780132197,3.157902694988194,12.693124068085053,0.9869803455369173,2.8767480709199065,2.5495548302877356,2.704475623651608,2.563760837198171,2.1317682344249578,2.5607928929514823,0,2.7332801292342856,2.675660723810606,3.3798594370308095,0,214.9825515836705,0,0,0,0,2.606069072335215,2.775463427405592,2.781292547053317,0,2.768577578053793,3.0797668057105563,2.276098270795598,0,3.109389066547168,0,3.1044890433967502,0,2.3556511700393257,0,0,2.7492078150759793,0,0,0,0,0,2.2962294403365573,0,0,0,3.352215242176517,0,0,1.8518081215367648,2.1268218718657628,0,0,0,0,0,0,0,0,0,0,0,1.4234793824307634,0,0,0,0.30555774601670904,0,5.572882172511425,1.9751711237945266,3.2423894284419457,1.4135557266996006,0,6.346799392047663,7.312690955443385,0,0,0,10.875005067803633,4.407610239013102,7.550945571712985,2.353165923898937,7.966060215304379,2.6557990522725747,7.830335381761839,5.117660941002731,4.796192554502881,0,6.143917911531342,0,1.9938340116238251,5.220300183916419,5.636729918825053,7.099699871369852,2.0971576912736802,0,6.829405353598296,7.0436071680896895,0,2.3879673907870353,8.87339186618931,7.527421609488827,7.502887721147962,0,7.966896371042075,0,0,7.1273312307706265,7.896156526071639,7.938765231389341,1.224633341829014,7.077334100799755,4.834212021617529,4.931297972692416,2.202226440378501,0,2.1687592241158895,0,0,2.1465081898418523,6.769745251741924,4.894865010685871,5.544767393754127,0,0,5.386763093327758,5.487393886852026,1.3957108606447475,5.581929793390688,5.7150319955724695,6.008858787664182,4.118311926411531,0.24967365398732316,0,0.2572022251345971,5.3357366560252055,6.264738829107201,2.99058707965575,4.560438217225412,5.149900803561722,0.353967039429371,8.519598595861202,0,0,5.378022252513957,0.7058857033473419,0.316283395044916,0,1.2183638864583146,0,0,0,6.423094369942368,5.9797555975479435,1.0326163786674905,0,8.761508985947854,5.132954078941834,0,0,0,5.2463664033299855,0,0,0,0.6644347235333855,0,0,8.868833445667622,5.230733627394903,0.2917397322699766,0,7.213281347285456,0.6797879234012058,0.36626428855364673,6.488095322485406,0,0,2.670163945115608,6.7708914950007095,3.1955730341452724,0,1.1056033373799456,16.849434360613024,1.0449423027611722,12.470916871577629,1.0552322104113072,33.63769370133423,1.343699447070698,0,6.8434123577283215,11.004012408394319,0,0,0,1.0308993437888232,1.0547136113150195,0,9.850571299525413,0,1.0992081994954637,0,1.3786009907745047,0,10.923132849506912,0,0,0,1.3321543475546986,10.014614988146112,0,0,10.999311099502965,8.154496483215135,0,0,1.503698717927259,0,9.007919068029814,0.846893220479293,0,0,0,1.0580954902013608,0,0,0.8827120833879484,0,10.645693970655659,0,0,0,3.1630776663364375,0,12.685495436233538,0,13.39915365002634,11.161936166867784,0,0,0,11.222971792058505,0.7014601530490268,0,0,0,0,0,0,0,13.084332812534672,3.4456646318917894,0,11.802337970717344,11.06411895531677,1.7937663126295382,10.651835341395094,3.6758007914956163,0,11.752785935306811,3.5619159469025132,25.63327906332749,12.024125353237036,9.494641905280039,10.558614484494965,11.5495892644505,2.2102052715093943,3.8395412219020977,20.82204946966756,23.12105076170543,24.173695669552618,22.469933873812426,15.470063181539814,15.899783106579143,7.154096319779066,15.899783106579143,17.947025825654556,0,16.163489462644936,11.756621928062403,0,31.50829862277845,6.385933127399522,6.813305822842032,5.3659805966763034,15.863845552431753,2.368021244724862,15.863845552431753,41.5183346826041,0,2.15880737730311,5.957985556544419,0,0,0.421848342596256,38.18683691042398,34.09474515914262,0.4168092034832613,13.421802140315286,0,0,0,0,0,0,0,12.075093146159077,0,0,9.328666231191379,0,0,0,0,0,0,0,0,0,9.262604541914513,8.944670004828152,7.064991850579491,13.745724943510774,14.358882128291283,14.532454986454884,9.592073608355348,8.14492149445458,9.592073608355348,7.93818211458124,9.592073608355348,10.045425584333591,8.803958739329076,10.593872410620124,0,10.593872410620124,11.32433358364044,14.292386007136832,11.108925816945682,2.4104289574076723,0,1.7787679200250994,0,1.544500000193184,2.8414239901108367,0,2.347315692264734,0,0,0,0,0,0,0,0,0,0,0,0,0,0,0,0,0,0,0,0,0,0,0,0,0,0,0,0,0,0,0,17.40799436495718,0,6.602216851610006,11.365984589730106,0,0,0,0,0,0,0,0,0,0,0,0,9.594112954925675,23.917092567100767,29.794254117901115,18.168500445854285,4.4400544761889,0,19.69565436966135,23.38943693149289,15.757292672742697,11.808224917148793,21.852497442298358,22.675953553123897,21.00712611474408,21.421879963570976,22.140213860775592,28.377742551828145,24.61910933665671,30.266656722193677,0,0,0,0,0,0,0,0,0.8396300535520288,1.0733158694776814,2.016755830532404,0.866533321093951,0,0.8050864887356989,0,0,1.0376141714909337,0.13134413469985734,1.8579739976737497,2.1740727225227974,0.15375467766242887,1.2618250012109906,2.3203809684690304,0.49051307232953967,0,2.0441533544853328,0.9383566778948585,1.0273381403101283,0.9990647033522893,0,0.9120403968006626,0.9455155418141858,1.1530028583555763,1.8060305720804852,1.3906995559495618,1.0585847929203414,1.0590291019662115,1.0410465312027029,1.0040974732713497,0,1.2446295282361388,0.7357502752921486,0.7281111800115538,0,0.7756015335898736,0,0.5993694514846953,0,0,0,0,0,0,0,0,0,0,0,0,0,42.14005608959091,0,0,40.32162301735869,44.81702278502234,38.603808509115034,38.648692408221805,30.713304999619144,32.62697287318376,0,0,52.24730019239305,46.28952631136255,0,43.89780039073532,41.75716653127635,0,0,43.227789267498636,0,0,39.98025704137884,38.78746475008238,0,0,0,0,0,1.7153328199711058,1.4557222269756547,0,1.5863001947305204,0,0,0,0,1.3725063480282802,15.239187753083593,0,0,0,0,0,0,0,0,0,0,0,0,0,0,17.73171614010459,18.27090672704109,18.066442278781103,0,0,0,17.22076454681209,16.18827278010272,16.336173210664402,0,0,17.941748539999928,0,17.404796683615835,0,16.306444275599468,0,15.888809804061697,0,0,18.31350153786186,12.345320786135511,0,16.8968784429602,14.759144595280867,11.360818519015675,12.904164981733443,14.382964672818467,11.632011489140593,13.169019461527741,16.4027113723188,9.651509326657058,45.73659085576758,12.327367402650637,0,12.006724583033604,14.372354770247993,11.394305666830252,21.102141080485044,12.154577573833317,13.093911775481452,18.30930761623539,15.304930321158931,0,0,12.410721709103429,15.467530132385264,14.144945699591112,11.446575032294579,14.758347475336762,12.942148479366445,0,2.8343830953165328,17.563049776603417,12.351846092933085,7.258608657427094,12.047456865855418,0,7.258608657427094,19.32272058751872,0,11.49039018490975,7.258608657427094,7.258608657427094,7.258608657427094,9.828018534464555,0,7.258608657427094,13.914815034253188,7.258608657427094,7.258608657427094,7.472665451217266,7.385150945859309,12.255597236892752,7.258608657427094,0,7.39306496509977,6.779025237512588,7.40065192203061,10.970236392166088,19.27319582039994,0,11.51781457149112,0,12.614118622667696,11.325909162372296,0,0,0,10.250567575006096,0,0,0,11.28052756575531,0,0,0,6.219440983330083,0,0,0,0,0,0,0,0,0,0,0,0,20.95906491406419,27.85638924481138,0,0,20.95906491406419,23.46499590842037,25.478398521514848,28.95233531642623,0,0,0,0,0,0,0,0,0,0,0,13.949248623298356,0,16.421068818487676,0,31.476663398895983,34.4323507784352,52.390827916488206,69.49223030452276,62.27413986252019,31.426013571653517,1.0152609803086339,10.50245458231812,0,9.796783312368454,0,0,48.60956093210817,0,0,0,0,236.90172103987484,1066.1225321972208,204.3048990238454,5.701646224701341,1.3822420845082308,0,263.77971507908285,43.54734932217714,318.5172283883843,1030.4709117204536,90.29676706472038,3465.3434711052623,250.17341761678577,4007.1591821055736,161.4876084732817,1151.1022112001924,974.8888688922832,35.68793710968487,20.013630404701065,10.609581466327851,75.16511529340431,14.826413631934802,44.316596317441594,51.33274689667087,141.24878554807285,4.3836298203508415,20.56553403781913,51.52804238975945,260.76117127042994,21.151247058262317,12.340495275825825,20.452136505980956,17.06860880151797,20.015730138479547,148.57056614872928,137.9288939328167,71.01864289292088,33.71429607266868,74.41177066415216,235.67140130358962,149.53757672901673,69.30525063342377,36.28029855344319,74.90303175102727,416.0684096163978,133.4237457465246,122.54695638460203,297.22361605878797,244.78282932696595,143.7331039774194,128.29540735896313,88.70186033540344,274.7991727543044,36.84010223923517,186.88128511100203,144.8726722553966,392.5623360906306,60.45073013007098,80.48216186576771,297.52408638458303,19.690734855857656,137.62505550856085,189.91532685063487,41.08180515320181,137.87008516989397,287.73385673816523,157.37020362537547,139.69361892074622,256.48025806361227,349.55528022073804,513.8466488840996,687.4580906598101,1470.2329050452565,64.68774392566004,247.7938465453464,295.7521668079595,554.4200627876924,821.866140734818,21.86263183546378,100.24690506343399,308.6628536936176,185.54895371722995,192.13173389497868,117.79219997890719,174.65430992212197,316.2014915037278,267.0231633798984,16.138685918371362,16.077093848082765,61.83224394097236,264.1896492155103,89.30826369471968,26.73862567588803,98.38918509194696,1736.9277029559403,538.8510478495557,124.46854351752104,212.88557207893092,568.4498054211315,544.6291445154137,847.2625255035188,235.2967336940246,3596.7407288240743,8965.020780025841,13042.105583324832,2268.621798725847,317.42895284918956,57.45491212239936,169.33953273423347,106.07743636882464,542.0250914477583,341.1876884078478,457.2355251114931,2022.1911667862707,20.88446476571285,35.260781337155585,10.717334301572539,8.366963728154445,35.584490324447636,85.23183337485371,72.82214242618495,75.44230209009744,42.28760435687116,17.47703837278086,97.15364970456368,27.008686525047594,18.874181855368743,16.615666082752767,28.706523631151335,78.77169606177073,15.62613625273116,59.48913417310451,956.7734218355606,12.861630929086353,20.604524271888156,51.01630154234259,11.406323605359702,66.27443894808285,78.4455401133707,432.58682570190075,3111.3577932891753,226.19199347152278,17.26397362904599,15.761681955501349,37.38244728267626,19.58811666534806,71.17577525189665,34.7916922702841,83.31491582752138,68.00813735441221,52.416254925563365,37.910396809347525,206.1380798171046,37.04075317135477,10.341112902236633,30.847353428267223,91.51767248242962,4.279091654288118,17.47715125551449,439.2296940977327,11.969458198809457,2.671698159480663,3.45828968656954,42.928782445016424,5.445815442933534,9.327896671883257,30.21989234502465,8.645609575295268,4.622064729260771,29.22196268621974,67.12249906306292,44.49937888971778,17.992631693526484,23.74130001046057,37.42668605362135,61.181318108390705,5.986935419903659,27.738450384255835,66.04942671800545,11.672634561154126,36.25685078081419,4.537170226221714,63.45529165715698,154.30129464528537,121.35226300043921,7.058295980626186,93.6931049905553,206.64876133357745,196.69597497356304,239.57917061500999,267.80447261576046,302.7010010285965,210.54166100087625,130.62038732780704,45.98243738781183,36.204268124670506,79.99397290204003,82.65783133008922,20.94480196520153,20.57550995963595,68.2968414768171,125.92235626716182,30.878465411686243,20.968963281836192,196.5982325973779,250.46736431624961,369.20477430683457,20.80925138052149,1858.350677797582,14.16700586918224,22.848156026093676,18.68466653044758,261.43587846829905,42.91495753146247,33.0520137438084,52.036658071586096,38.32182077492405,8.55429084566197,20.254102427436198,8.012088155306259,1.1212116334190503,1.001432705684601,632.1059885408404,19.784405049648505,15.803969904887317,940.1340120810861,2583.0829226428086,1702.7717052389999,5742.795330880805,9108.848185360423,12386.755297367652,1203.6363452134037,7331.2480812410495,7250.948199227202,2391.317035877497,0,649.9967827050685,0.1270845425496905,11.900193386017401,36.37600232196996,14.830350666564645,28.71029250802253,44.59282512524342,64.55858192224358,20.71615546129141,12.606933844024972,35.152033543903705,36.887060172806095,75.29666122525683,152.50603613081375,49.73606091051709,188.68284908586637,42.27178137606133,38.09561619845668,32.26714378092874,51.407437144825394,35.44362669708605,38.44439514450794,33.68385965066737,40.296703930112336,37.34946037654242,32.21910248168633,39.67220252911906,43.91180424746772,80.43446187894564,37.46735554105263,40.29757716286352,44.61159289543401,47.41176383852762,48.81262363289836,233.02396720098247,4746.987409077506,210.99164668870324,22.064556575443827,14.159562608807194,47.992180661177855,275.2436293093279,67.190644126083,73.1122685578306,714.5639678705026,2125.106680024405,14214.020879005806,649.613608605766,8015.668197626814,133.90901827723758,43.48530101375499,124.12513629984988,44.89653701891494,48.45237277229873,55.07789320668568,204.76995664052637,27.90569586511069,35.429391850966546,49.133936671388085,46.474537035550696,46.42594581307792,48.76871883921947,68.52522021424775,58.87871401753771,212.5433893578209,3221.718236789064,835.5567937537943,91.41343526881793,30.599009634118996,51.24874986969002,28.42199218417027,19.431239847452954,93.90847010296002,124.87904247249706,706.0467621211186,391.10269795429974,17.440324177101353,75.01310837178191,16.31382937532483,270.9454399124563,46.658535043085706,63.51205238063509,2.223755853412788,3.0934974333804544,2.305575251432759,1.5179361080132927,525.8261489452173,24642.479010931733,143.7741950574825,9.173518134837707,535.3048655333278,385.96232391841824,0.3993756313562002,90.6100102928511,404.200513131987,373.873392409172,281.9915781506367,174.13905536532428,42.90358493108516,0,1.0366122545837222,1.9085034226224358,3.9132735399285337,6.226958084515745,2.9560880816216253,138.22094812460978,29.79115996607916,14.455769040576259,10.337400447795106,9.780670292245622,13.88417741884066,10.55570521978173,182.19603146573778,14.368495590239508,14.794147190339261,15.516022315534265,14.899420221549786,6.985898846366525,6.671608905166062,5.865518283028548,48.33192262947038,69.14549752718689,143.39882630086825,261.6016561666171,1666.6033117385907,46.45312789135778,174.18216723201726,46.51026413278068,170.50606921849223,337.17681269512116,552.0112946576028,299.39279450486197,313.03968869655,219.99418987306314,281.40274729850347,178.21492746460504,83.30581077610186,186.2801482479581,926.3902084505211,81.51401723486215,892.4790652816869,512.3860965593813,788.6803251978795,52.773790998303625,1240.524790385544,181.8566676627556,582.1752890268032,3328.1789160388375,1140.548445732346,1644.7096173466748,8299.282890176797,6623.941967713801,2510.38367074194,1114.8553644348572,1032.2690583953897,421.47027058994644,280.93029366585796,484.9045475935777,16023.483686010344,33707.78300450337,974.8259755167725,2174.6274274550015,31710.15157879184,601.5322356415497,206.0163676072077,143.08567235524234,322.5211338389853,79.17449297144336,67.49828791243712,134.799605806124,2104.2642289750993,403.1520488897055,1407.0582831640925,62.87031066069235,44.53235238729336,34.95914909546242,211.27618591186314,293.2571899121248,273.1610665458829,407.8354046711647,722.2581427698369,440.4634208516904,3150.8921537849546,721.8724735962737,655.1065264273503,222.32953252475963,649.1109610686129,275.64354243313517,1532.1716871311792,2145.834391860191,1458.6047985494984,721.8995726279328,3108.3281999679903,1671.6789469221098,2182.4872165521633,5265.225232279311,3503.42959576927,11312.638052545997,7507.108583735693,1516.2435691686258,1446.411947233062,1076.0202979866676,2084.9286940903703,1397.6391645171143,3613.998817167191,692.5904659374588,3423.8122732314023,2832.1398979282953,2502.575247923186,6993.256695104607,2463.703607127323,6513.811197593106,3861.721610958493,977.8890001105121,2094.7837277859758,1020.7143359396503,1844.9505318504387,3916.927233913569,2902.9439987601645,4146.261495266675,2164.5505739349683,760.985471658688,1242.494698996742,2168.967913878977,2764.644487314799,4655.786451062178,107.20751123163086,401.80794436945314,456.6077585015148,600.3465928675721,153.4097565952052,482.60478086760855,122.22805685180901,363.08273695063895,3745.1249678796607,1052.5953165235492,1475.588624781942,775.9461044913616,2143.7725816921325,948.6835989271807,2119.5969520795074,1975.02721784361,3672.8530659375274,1641.1166743934014,3476.066519373064,734.6320280967794,2098.5321980135996,1986.292083416009,26377.753424401264,2128.164957509341,200.13547722262544,646.5480265054665,78.17259366850381,197.056843537218,2239.878504084236,151.67749536905728,95.63363749322308,145.9158647290992,107.12606018578327,941.5228037516729,354.2910177262294,72.2329015797528,580.244855209562,413.41198980705775,1840.0019845187203,320.8056897344273,240.5552715373477,588.1804070295855,1383.4950731313381,438.74424195500757,66.61283193103296,612.125362060993,347.9149621260362,933.8945062277578,703.7679729487634,335.999919252784,1766.6147919178138,2704.2074557412607,676.10595372926,2093.6922796558324,749.3603641572699,3013.590414063307,6557.101947365571,1598.2538320903882,773.1103240040784,315.86177348859513,1209.5042138021163,6437.180909409488,11940.6136927441,9411.614751932888,1334.5557088867558,849.0983514361383,584.2708460186227,481.3635229650431,2102.6636017908377,296.3543555508731,1920.5464026968896,1858.7985555079395,1225.8379357862666,427.7686617964134,208.77283071403804,622.6841320184393,86.27963529691182,161.4238888243268,605.0764667592063,91.03115621683455,195.91724387950936,75.02160038185805,353.2553709257568,355.8995672568873,265.6698030004914,385.4315765695712,177.15083733223696,135.44692151346882,391.18285345416155,2396.6741873601454,694.3170942055542,256.5571852862219,1091.6426268507091,806.8663055646159,2289.72172369988,995.3479027930497,1666.9541994402412,2227.7117335342336,2880.3275027130726,435.6113154301063,156.28978082750487,250.84559065315435,920.8012356191006,310.2194881151259,144.45274481860295,251.08480833919126,96.85732010880002,85.30243965016555,69.77761467589312,289.9876524860537,7.659872686941005,0.9418877376017134,0,164.19808094767671,0,422.6503786088513,660.2110808564122,107.78623024062665,400.56940267755624,0,49.597617612076505,0,0,0,367.37004931249885,454.9563857282615,0,31.237824680356535,0,493.5591363378887,0,390.95025887549025,0,662.9197092078442,38.22752303380675,273.8845023187889,173.59214126797602,61.65914882890181,55.110316179234445,14.396908307931689,58.93973033157642,78.1958864513744,21.16824056092162,98.07831385505163,92.58411975767689,14.255849626483883,888.7003628115582,12.331933700704042,3.7943895260626452,34.1343937386616,19.439760638727996,6.462725153681867,26.684249030999407,19.33082847974261,307.6327738060484,11.38943282974795,13.533760748305028,20.6074061829827,42.80682704099251,84.59077720792214,11.658535534858434,23.755206627606793,16.121645943845095,49.531979374210884,28.59677932899328,98.57353266656845,664.4828174309804,25.935749890855778,79.04369205559128,83.10957084886343,145.27001591007442,1369.6711502155358,119.61065033966113,21.537523503702616,9.051608900292084,54.65704912209098,9.64501918885742,2.098795496103445,53.75386117518538,61.00446585446743,55.408192452271734,33.26567645999154,54.177019822004425,1.1885384441088065,4.077964984380536,0.8513040854405066,4.570799888238919,2.0790144386537044,5.783330609919091,5.217304918219683,7.27810716094228,3.3317205179428795,8.076177847960302,43.134151793820976,59.20177545394138,16.080369787116638,7.81440000455784,1143.9061407654426,44.730909841138576,10.677901624350996,2470.2922059006755,7.061737869263555,0,78.90950952956554,14.89677250676284,11.123393550871087,8.473017909472583,7.1683024296682225,17.34889777513841,33.19956290490436,18.895302588781707,3.2211291111016744,23.918951876803824,13.94724547064724,23.674956685502917,6.231520389001295,0,142.85436013697802,192.91714115760772,1269.7197011881947,12.28012507296131,1292.478666252451,6520.575802976762,67.52711739054665,22398.231870477433,105.0212872458598,7278.104290925962,1290.4178535771437,2730.1695241296334,544.6923086824663,918.3344919104774,1200.632805912845,647.7037153164038,1668.2438763700177,2354.6554641756034,142.49828366705825,2615.7492624657543,3787.830917575576,1057.7771045560967,613.678113504858,318.72878953902745,1264.793720079427,1121.895358250482,4351.67109032345,1253.3036239235175,703.0551233620022,883.1858852211116,396.60289461886333,377.17532839643184,7460.948436771322,596.7405993041931,892.3997120646703,120.73959055179019,130.79470098482977,189.03735436201003,114.93376717904707,140.25119017177863,2710.882998145908,6211.407584445604,9153.38269063092,4995.8669323741,143.73235945618964,618.8599442945356,1034.9004750876513,471.98905999800496,2777.450214720908,2365.5979972087002,773.1280095928946,923.5511114381235,1912.8209658348737,774.0600053011619,508.34611245966965,402.98420737502437,683.6762322370862,394.36377231733036,7.524441813846804,2.9175978957680453,43.46841669556715,141.83320189832025,49.242150993678045,166.6838422006464,6.808390570532961,18.323691681923933,3.580186989133199,2.3657054368192236,2.7610156306287332,1.4227398988248339,1.3072114912854895,0.7580657132469084,9.505733451316004,15.018063943971512,9.359918352296425,2.1783338281409232,7.741519094871079,4.432123341480811,557.6822123655312,13.924544277327914,23.098508887759806,4.95948822254462,7.963240083272612,45.92811672814169,143.38688241192997,347.3381805134203,351.1916355092833,17.86479161338665,30.340073722430382,18.856999024500897,88.21082263359142,5.056499243296205,132.09550467446232,41.749221336585,0.30839752301732853,1.5814083857457173,0.7452521585686929,1.6946099888055637,3.545084412074029,22.886246743982134,40.179305996847454,7.5742969029519625,3.470515766594185,4.247540486701543,0,354.8507617960924,909.4763637501909,4152.542425063249,91.6060303922804,0.041745267698161455,459.7216057439116,253.371662210774,11.09442941013374,1227.2926101261248,48.75034428057333,46.41205439573326,6.660009182889896,3161.785690793609,383.9810507888574,346.75459935009917,1627.6371277931707,60.75833999234559,931.606548569162,4590.4363072156775,63.14416191070848,1215.3681704798835,167.74360908465528,1237.5306694812768,43.28442412545363,2.5413880258966395,7.147521223379762,14.78667600254106,1.0926148507162672,15.266528376861524,1.1981099430896676,25.73387649538859,24.20424360930534,2.964394136420918,15.847525519510539,9.905073156161906,49.14758846298739,12.546818929885307,29.68289187744974,11.143752815937997,17.435251295633755,33.06128452189986,56.698315397580494,50.00704485617941,12.456755500639128,64.13376775881841,63.498811154094284,63.74322516408739,41.671846030823836,19.799722585509613,60.1829895443776,58.926484978285316,95.95691802361108,3.2469284433877874,5.600425192789532,3.2714560006795654,46.45844940481507,66.10704349232888,33.911484498698066,56.75887967008903,13.990050806918367,16.797802422076888,16.38700127337033,20.690335559418696,12.8191268456022,8.216286270305527,16.24491304257043,15.391049686868879,16.328198428217945,12.803919437718934,15.810773376276114,15.73782757968746,16.835653447153003,14.32473839011877,12.341025447869672,0,16.29372395105659,15.710625683544972,16.863489732121284,18.225911608854663,17.695061148394515,8.063639566527144,7.009608744951943,25.94482659342882,14.253723573798261,27.733299738048164,10.725899513464586,20.804350383347437,14.79900714847443,18.092634567100443,15.138086148996166,22.128540793839004,19.947492493862033,25.70441855629177,23.844478229859078,39.13279758292536,18.584784976798517,25.420184794017853,0,19.395857243986672,28.291257024145406,27.69534741227207,21.6716194959547,26.704985724428305,43.428968346249114,26.280329190139383,17.92803691148692,25.641077232346852,29.198659688404266,20.808645099003243,8.474157123652928,25.2116587550311,13.461504765175196,5.3775494043380085,11.69480341382726,228.0110900205888,24.946958049895592,32.06092575276978,34.814751833977155,27.957906880023266,41.010618984287206,32.38755643581483,14.03258285175168,23.35874450833532,18.302141805677945,4.143286942415329,10.269953188908353,5.190395273469502,3.771029979303504,9.29178931962997,5.461376317968534,3.093879814482366,1.6708429698540586,2.7062137328531786,3.522612647469861,0.46763146380182496,15.659292692259083,16.570202553146963,4.222921204919583,420.5662904411713,38.23551894105984,6.057983119251801,12.173508378015025,65.92274804967363,1.9997582350279937,5.668569470659258,0.7366931896471993,0.6870171556045219,0.75628853447271,0.6756924899599858,0.6254701437644686,0.7091946957139389,1.2448443285322381,7.325756594487094,0.8782733803696315,1.1768289133066003,7.859638783782324,2.3355787304255644,1.1260258823940434,16.370188199062323,0.6920666292728631,0.4462224021271691,2.583795827375993,0.8890734572900566,0.6285150700220057,0.0512382649320855,0.07406528119149428,0.3350251799914949,0,6.094702848413561,0.6722483657849757,8.534817002079016,0.8529001446736344,0.2905398334230066,0.41170907231161713,1.5662353712454802,0.3978572125369922,0.34966500750622753,0.8086708665659943,0.3133745412400364,0.6279080199175592,62.30864128940037,0,0,0.36396560504435815,0.2919522224783808,0.2808921481753492,0.059999236087878084,0.18768409830886026,4.554192320702537,0.5501213409129497,6.140815905661562,5.335357881217486,9.531250111608845,0,1.8926485308309786,4.5078523613475925,5.94602405557766,8.80752851405412,4.190376564986807,4.143724425587255,14.165305689102581,8.377681705171533,2.6951377820452493,13.457136145035449,24.08015153469688,24.051750294233727,0,7.997757653280295,1.497960307276142,2.027304051835836,103.96479992403872,6.123708643428201,125.79187850954561,1.6813696240270313,0.011004548611631684,2.3101584067196757,5.172130683494543,0.018852021866160786,6.880690716912878,0.09436715357479535,0.07788183363182345,0,0,0,0.21018822523933878,0,4.497718984843863,8.570397454040922,51.737751385255336,11.02962454194912,8.13181378117393,8.125719158178144,42.99081459647674,90.4001096259253,229.91834341399712,287.21986177359605,42.09502651676019,41.28478828135832,51.70939728261437,58.02021018848475,38.20081615851685,69.3304908499118,396.585966565042,766.1262766509172,8419.587638332392,1136.7712467981332,116.98975332252083,51.913320301657905,115.52486192528585,96.55515848665303,23.831147418220954,27.137199567216452,108.19415111357436,37.37870438745656,27.98668600113176,8.284814947270343,7.781129564799915,11.520064084025167,12.23356159634465,11.97878107691454,103.86156668176241,8.41643942005882,4.049561603605385,3.885985846108919,3.000658292864613,16.5062344661184,11.56715945320809,25.488684175715306,13.447996054666177,65.65815026373669,192.84002590015734,49.062510872423324,433.34385598706973,106.89143078899255,0,0,9.83412417281806,13.657806932733985,5.283623785633222,61.39185770341123,36.589610194317096,190.4408875950934,4.811689743753802,4.913306124582151,4.732412370640035,6.538249733011668,3.0969406805831876,5.276971139688496,24.135591718901846,148.95137526031584,34.12531168182529,8.830707065869493,5.5804245345833055,2.2585247412842056,2.0674503414670755,2.9260649948839124,2.8513486034277356,2.5732866118148596,2.2418489343973964,1.4570590693279473,2.253992836736152,15.078203801996342,21.93784358367408,57.550168624069975,366.50835262454837,12.532425678200683,4.28793315106706,28.711426363537576,56.629486819216325,33.19278010211777,43.91147067813445,57.92897227282835,23.711776809526192,36.03824062213236,108.17800935081931,704.7132838632108,356.9922286114437,58.947849480261446,91.42658729652162,40.80486942261359,94.88532347790137,169.11067667403535,161.5788550820307,27.000005175657524,249.5316513580602,2295.088337952544,1073.8863589435616,263.3934200457651,45.20505543966573,143.95931639150717,96.41319883604434,17.64468426494795,13.374117501308788,8.792874541615584,65.84740091616906,280.45046883095074,373.18020549289247,820.3873470554794,2428.682691696625,2010.71757793046,1190.7435186732096,1526.163256224677,2044.3816008044266,3995.2817014742427,8191.42528620524,4717.803024017536,3436.433378118075,1194.122499462581,428.2997309987712,131.77848544507316,164.64723365761125,324.90013878592015,218.25549261396282,333.0388283373991,390.65586748776053,272.14979948313476,483.0658957761671,445.10179122958886,200.10967838802858,48.27689378742539,94.96576672099229,45.02327022591016,7.831346665138893,13.581294901401446,14.810327724336538,229.8702432778175,1438.2676501641981,194.70823622765832,166.42083525784076,183.97169131436553,98.56749047061496,196.14934154597833,845.1118856975424,2318.090111824737,1946.4910052076618,1726.2839122675293,998.2898501239704,314.07480269264033,111.90604186329661,55.5629441489395,28.01431383875014,154.53026545024593,90.24104309255411,194.97749011937262,156.52987342709957,191.14753477780027,79.14224266026736,128.7826749955415,31.370872072926428,32.33768324511006,23.73041994638513,80.15458568804581,98.42488981037553,267.33551644335455,338.38380347138343,305.2177090796611,254.35874752565243,370.63114995964,231.44564720680395,578.7762150778109,334.7436602266078,181.8990458859281,396.5924929267524,109.4574477898302,100.41376666600587,97.49355951890266,68.49257804646888,250.90220155407732,310.8537750606281,271.34607163606904,278.9291953175769,225.02304862117748,298.4392115806496,63.12077103400258,383.614854938709,62.794087509014176,102.27359206307278,238.986515295697,169.87978955955887,192.1747046874476,292.79101607612813,198.51447720109465,435.13551845861326,314.10861582338504,957.077736618797,928.570620467032,425.85770032635844,685.5524261094035,79.48706716664583,38.21660083693172,306.4650517454962,57.53411090339736,68.54310374647382,87.42280935875856,500.616860674708,412.7829495458349,34.60110950227696,22.194975661236793,142.6747214582044,977.5206655041274,208.32736893916294,275.68031763901286,388.0830899915749,220.581584518888,132.16837712106516,227.55604508055026,183.0416731948363,277.3379356651314,158.11168438204768,778.2668542879616,186.30027886958783,168.00331608444256,370.5771623740181,464.9539627392143,208.33050249405917,146.00630527857294,105.18013980378538,174.0214150558948,155.94846159651664,194.9560881781522,67.04931868937864,52.50729682267189,35.0073134541683,47.03443763995499,108.23352461768194,474.66439015389057,465.6337152738294,565.4796760044518,399.9732239814947,441.81203644638236,458.4683438606596,381.8187619326256,668.0222762838192,562.3457032495061,122.61672150959473,44.696155586801225,1079.3324607713398,539.0305696869405,866.8133712975002,426.14065588449193,3.7836090743974533,136.03918613871514,233.8468310304114,47.60461232544253,0,60.02156956487955,54.32476335257427,58.31741294243331,21.90413223831055,3.2176037886571476,24.948845622182603,23.981191351742552,17.770139269534248,0,39.04457002215288,826.0452634958965,26.489274309863596,31.322288784784533,52.93428435223683,16.625524371361188,55.64187647243756,115.02298802904566,62.066927583802034,72.228720570918,91.84452370410584,42.92381367655313,2.4800113955576317,8.10869924946441,24.056283795037384,23.790097966646236,21.252336388478614,19.957585890918818,27.1199161963949,68.75198611903492,59.79631573511371,6.36537175533255,2.5338770365030734,6.740274552949793,5.172046798760198,0,2.6769085682423297,2.355295358612726,2.6763178911480834,75.9067347037422,9.015154403147728,9.983232521995406,106.91803313439269,147.64738374922004,491.2922565346856,160.26757335321759,159.64219663874206,35.00214290677456,65.92637713144268,128.109404999263,15.354644620601853,25.41707566769787,17.33051912466635,19.897524544967926,30.1634890140168,29.191139098691703,38.77817577552626,250.784327132097,135.0999383463055,30.89606934342666,67.63290136225018,154.23758336488072,76.42116834009084,389.0091821801679,135.4722936822141,84.12042803338076,102.14673704016502,252.61716946979502,348.78053282028384,220.11484026299433,315.5134943636562,114.04567672204266,21.835800581218173,31.704919186103034,119.10097578446833,432.43097193729386,251.7443297819241,30.50918547498893,99.64573210424878,570.0954237939856,95.2733061822854,119.23648098591944,1511.857225638349,3174.312490690771,3550.4482478741606,660.0253432026911,231.2474923642969,115.41711621919468,90.55865123348254,262.2231983375014,46.52731587898598,613.0606196919215,505.80887715833387,1006.9686953573392,1828.727961804263,742.2180553635628,518.5431451432055,137.65961822965758,74.76421144415343,95.34007712792278,601.0033756440373,345.5477912152655,181.54721225708133,529.4275951195438,634.2570234195989,1201.3069843006342,621.8837811218534,5405.586825487818,370.32775400716395,144.4656677909762,75.21226106517935,112.10319091332839,92.25931132737661,2752.8908318767553,1183.0062375309562,330.42608491301235,732.7916300370251,639.2847480230637,410.06107324499743,380.6400263202732,218.58599822207256,112.93886690045835,146.59847264293677,32.823053142319644,10.755528496667052,44.76396589166857,9.603622318133787,58.885361933099574,196.44935626954228,92.17194919597591,15.815147917382484,21.438602468035498,9.83523120258164,24.913087676782997,310.42160062184007,12.738384933948037,1012.6925520609129,7.305274017073063,8.266041631158732,16.260383375354508,11.538037732753182,3.317084997585896,6.17916170985536,33.165481594071395,44.77029259152613,39.33542635421183,18.071791327594312,0,5.489315046347539,1.4724712586562982,15.30880831813913,47.4967302781054,49.57537723175216,12.325884644229939,45.658821947911434,161.09568337009756,240.13129306677334,339.3892375717079,2527.672832537188,264.9783590388119,180.73465757530417,242.50291942138233,45.91531757362723,11.507354371087024,1.4190987086327438,66.80150484512058,582.9562205352302,1062.0488607397565,1198.893599288178,162.60458395684142,109.71097537622522,291.55519077524053,64.15530335870264,284.6751804005454,503.891675022934,935.8615926653093,941.2648583110093,141.13964006163835,7.0957620048798695,0,23.374411750522043,15.811735714794736,140.80647626063273,81.06528035397093,8.044040006636205,2.26877458898753,22.12674366165546,30.246260138348255,0,0,127.88129492903205,105.63312012593653,95.03902624210286,7.867443010280768,3337.948588954934,3895.0130415077197,883.0777156928254,0,504.660983579975,26.526302616576498,20.41847381974232,37.57208656643573,198.09209276739367,39.089456152451874,37.9121273280515,1448.1775911900654,1107.9725134074872,980.5551487849116,22.625196189981537,25.088458384327758,522.308545990497,176.46440953134433,84.16742110921354,110.13722579179571,1090.6678303968113,224.60076553082126,84.99907161212978,365.15511003406147,193.54123520651828,210.1377461243395,28.495220995435467,29.96791057907207,246.02316748533408,53.77133961401259,407.25318144617773,12.14860425829998,4.066864441355442,2315.845422728335,1384.689465447625,4825.3558660307945,6127.117479019657,2857.17937290962,405.1116160988609,180.58131702710995,157.856864579638,296.9588138485299,262.3251054715126,131.73930027017335,366.6236652774282,428.68490302494786,2639.0768971740727,4581.336586120911,1103.0482821241064,534.868059982232,1368.9719228774663,153.20956376653066,86.48527565024514,275.3384322670129,5682.132616394141,1658.8709095624604,222.8884177293807,319.74771370209874,839.5856968264467,952.1404685382444,3.451186386931673,1.8678140515293762,1.0193208256498278,3.584004198254634,8.66195899223363,367.8471680970534,23.140817571497436,57.146386829631815,66.91423333045744,63.60260040337298,76.58334683659595,200.87808519221096,1397.4555170713136,242.41527341980503,208.17493870626285,963.8474003254044,1403.7292464336047,4785.015808380551,3077.8868131032445,609.2004400869868,434.4705230232116,278.89638723644185,41.29512042969928,452.26866974425815,18.424676416939874,21.338241251673768,2207.5575380251394,8305.45694855674,596.7612492611213,60.569245912333265,485.4586067351382,6815.89892314462,6083.020701859652,168.3119142353435,0.4332097378684052,1.1815886961708657,3.6251699150848102,2373.6646094925363,16.059504258495487,8.66004762321442,15.44889305199102,338.3905205410743,108.943497514879,14.96057883927888,480.8593693655535,8.039047475546612,41.52284060578418,47.985526234243906,131.2592453105239,0.050043014557198,218.08966469596555,56.82569251368004,305.8974241026326,36.4608267470479,0,15.124103555231608,0,0.08205085164060501,238.19162560149138,366.3309878988586,99.09005964563447,195.91902957680654,12.81993339034986,184.68194011371662,45.77527389489132,1055.034317460357,788.1095323680129,526.6312335818701,311.67572244519835,293.95753245087127,126.15694779436645,52.34782044599725,2.762860725978117,186.63132152016058,357.74225210448503,625.4605689289108,380.3891123431261,138.9787836992608,21.085843287280916,187.33451780329378,210.81934629152573,381.804911613581,298.75621117514504,4.241580593789128,3364.3051152003127,4794.547648154884,15388.369934362509,16960.541884876777,12839.351429029979,2.357913977520817,1.8797340297031,5.39335915978363,399.37236441090005,25.937619272004266,773.6924868982547,284.5740611833338,590.1139437840127,2427.706772759108,256.22855607525526,28.684764707579046,6.018114458478099,515.0041730270394,62.05451329431808,45.963887109225006,22.82674224658938,4.600801473312341,5.231625639267251,5.204208388621604,5.241432889812467,6.756164798120551,4.732729229944638,7.998390814818145,8.212268387575088,14.324439744216662,6.954638224236978,107.94666100267608,43.02975059214843,20.845881145723833,24.640689247004754,80.31875098821459,505.1923239503441,27.178725074544104,16.648539167911196,19.820339919394247,46.89579639081964,579.5574754421593,34.20085886253516,156.61296621771234,77.94446717132544,160.08882712869186,35.23978866581945,33.63051259980123,44.66283993985909,15.39512020262691,22.907787723134202,51.105588601624916,23.56679824395873,644.0858396824934,22.061250094199792,133.62359801663817,18.775360239941428,28.93978776267084,815.6953119098278,13.755413484758655,60.7226399533063,87.90392377724352,7.720527741905269,43.93011882839951,18.127317121373842,102.42698527940453,41.92663913610594,1350.6120211367465,219.92574172712298,5352.474604730757,5431.188269577469,3569.9583181505564,1250.0810324026302,2341.6665321742016,6.698546987219093,5.214426257842656,3.335046701759075,9.438433662865213,507.68428585227963,548.6413673257174,28.318716802251227,19.159232417555156,2.200603451749796,8.95469511235633,168.30074373868231,492.8906635546475,113.47311690847701,57.372094854756334,6.95907265170678,12.039177855630907,78.19911476945433,96.3460771753084,769.2311140015942,28.53505940242146,122.33981530854574,112.80458833399163,33.1904998193858,129.96320247554482,6.12367858839763,5.483370272981363,9.265688159156522,2.268667729210603,166.61380285675233,11.083754820337449,453.64632103078395,170.68584377463722,302.15919187927625,166.50406840149006,626.2846654045441,2613.7291932759254,1724.65247833536,1042.2553391646873,371.30266470220454,174.53127882039846,569.647573199148,234.9382832195773,467.4574675467443,1284.5415508719059,933.4867524265885,2814.940040618676,1703.5661118318421,508.6457254269632,378.75756915219637,392.1258853009331,245.68676834483207,39.20460911564169,218.69003820298883,119.15937764805194,65.35621832722444,434.90152016459535,2742.5931080216315,1066.0813259704014,144.62221057597722,1882.017382532259,943.7600954406014,217.6622907098199,30.241672750355704,498.9666518481544,998.6622383566059,2029.216214853408,344.62351618498303,197.0324830059772,267.4272674781298,265.6813220785353,802.9078451426791,299.0557775901853,32.718365085328905,161.84735238069896,438.94270720227337,1109.2970667758455,1028.5508642454884,1222.5636000028067,2552.647327163187,3092.233749700035,5293.518963907694,3136.231993786683,1120.0785843550184,1003.1645268414015,8383.892586253707,3347.2197621770647,774.1506549351229,38.56308779691715,46.828579188528714,67.38597564717624,605.9190649243001,71.62653150602401,420.8054639475561,718.1380693891673,44.00890318543531,315.5495491323836,89.53897379582199,436.8847664859547,1307.7661597864792,1286.5067480038517,69.40274171536271,16.7347564320958,12.034036323846893,53.990596906738205,69.11884898597019,78.11913331238675,100.11591902993567,99.24579526069262,529.4810062797128,2624.9489770078476,1717.2494317086755,616.5742371226975,323.2818461868681,53.870176777646506,476.0835999887608,0,0,1415.7891158936063,0,541.6775754676746,0,634.8205683704297,511.7130850321002,2018.8090451539692,531.1945748826449,0,368.82689804561466,298.38224636019277,1559.9615642657352,861.7722442672871,906.3558188095931,1474.051634782642,343.5175669169049,5679.4144876222645,1620.1536119905284,382.4630282586574,1073.3039642194544,1022.3059290472769,1169.7182290213223,723.57475341767,3500.7232133541993,1137.5986263303291,1740.3453291387148,0,1961.784112277844,1839.2481057932882,595.164790291,865.73077329357,610.887265337936,799.7637017481594,834.2769903918897,0,918.5448172063817,730.6814041579781,0,532.7588052074306,4643.246899376848,955.68138548441,1486.494568667817,347.49141050416,825.2176278437597,274.0939025957971,0,1089.9173918093509,2348.005756038133,1277.1320463499958,2015.3627274159116,0,1941.1007045364652,1797.4433048710373,726.09283026525,14.56536753405792,1556.934374406912,0,1505.8465406268863,1553.1610459884375,804.528544850205,691.3438260879982,702.1272352145223,1406.0421989022332,1682.9687811028323,890.3943730563236,936.1509060699846,0,708.1008853802115,744.0354075621789,1585.8897144213697,482.96989616974093,1218.2305329659148,955.15782677747,647.9061878025234,1026.783929379122,1093.2740961020563,0,731.1819428806604,0,2113.495155399734,22.98020432816095,1826.315208464786,1.8590116881613,1317.85642307016,31.043564901685098,1518.4528651017033,1173.0459896712778,1515.166488488571,1107.8611381195647,334.5232574489823,1499.751595544157,952.6223260624283,926.7036127960603,0,852.4347283671152,1052.4250370633044,642.5260339274698,0,0,733.4278412081416,933.5826408747673,984.3288241858763,576.3000035794605,1448.9106049779164,900.9970008806254,1275.2812102935363,861.391420538238,778.345110832889,903.0426456524622,769.4508211401064,737.1463099298875,1043.850198216071,1031.9459590573035,1178.7407436127078,1028.5246507195316,765.2252492678949,728.517046660759,1719.460660016223,2020.1549488853875,1184.0502496076872,1199.5373516955985,1112.868755854832,568.4216254866772,701.0969291818817,1227.4916939092584,1525.7126574948693,1054.9758441451183,1074.637609828664,1567.881721762019,1073.827775637525,1074.8192163406502,1296.2139545176797,694.3351243252755,1612.3744467466806,1592.638679846493,0,1461.1683698846684,1389.1128779257895,0,1357.9895351047103,1701.9841686825941,2150.057171334831,2516.1490871841916,1647.3161970404105,2065.335191119209,2035.6602452195716,1883.2566194583476,1630.8589242500732,3814.046149818309,1766.4329917330722,1614.117367004808,1700.0916434572148,0,2548.6992492764366,3327.226541826006,0,34.42832075695359,0,806.8200799578293,2124.693448938614,1395.2158858443704,1291.811267750564,1366.3479098515886,2265.6675038319036,1328.833453596327,878.999995444924,752.3887242060005,721.6137410940411,1817.651315523408,1074.3280024649612,1355.3351786396079,1087.6767225636472,1280.687087724636,1231.3378635964555,1183.3523837953237,947.3010036205948,1507.5871384183315,4527.995977514013,7657.217840428978,1552.260948740604,1025.3034673702014,952.8440424022839,786.9184543792763,11837.12496515936,834.0928414974345,1860.7584899668723,840.1411587842621,843.6801520871295,885.856140274887,723.9351276856677,909.2602320938653,412.363292758729,1092.113280131088,902.1798898964569,0,1822.9019485061406,885.6319698990492,863.809911654468,0,435.7547284232082,0,696.9642661481774,662.7505828608115,999.8022651932056,784.3045790047869,783.4643138230739,1082.3046223090412,737.1102620498853,1080.9379146205006,1169.2980090037154,906.8424578103314,1254.1286297936379,1067.9413894786442,925.4553409533605,0,714.4019825434287,0,1705.3984636773762,893.2560954636756,1054.1738077739565,1091.160651151164,916.9357576427205,555.9366130465601,0,0,605.4676182427633,589.4706330482588,594.3984640658061,0,603.3576676137927,545.1337665653489,576.4907234273343,591.5855720424457,573.5357188723053,588.9656095053458,607.8750602061838,0,625.1848521636318,622.3736645493154,665.713900490802,0,97.5117286725624,0,0,204.15109432733158,1498.7179311298808,0,1392.8948160009693,720.8792769161057,257.96429673964843,652.5841508142498,928.8209303996873,2810.0590050660935,1121.307970891961,7.4725808137652106,653.3737430970947,73.91481764978849,1130.300240575843,656.1646904474268,1106.929514190858,519.2094319381943,0,987.0627484367385,608.7946592737502,715.5196517237836,869.7037589704992,529.4771661061092,1005.1242717675702,564.8055680404501,943.630620098349,784.2866944813434,1019.3006293234969,738.5419135960079,738.5419135960079,734.2542896908196,574.0312552673183,793.1931585061682,600.5091545969137,617.090611217267,558.9491025378919,793.334982426357,524.964185522671,666.3808910368163,530.1917641798669,826.5028028134881,748.0159635621872,630.8648055021772,623.0611780115408,822.7779091407501,532.5299674983039,591.0824391227268,887.7053536749095,0,637.504424862504,614.141121920505,529.1104546300348,662.1607664619423,788.0595875537363,680.6079950407519,581.7299929815814,917.8439212901231,800.7599465562257,572.7214617165613,1356.3864808767696,595.7206612715798,508.85370388496676,516.8613635771825,889.1245078704243,837.8566474211983,519.7879477672582,509.2952536302932,529.1496241086795,506.00662457291116,777.7113030490883,0,0,0,0,0,761.8361821190368,745.4928727758256,740.0473461365109,387.46887384612944,310.09197102936423,0,0,1219.7403740339957,1049.7854038567368,757.179117454081,0,840.2449270295987,850.3988373880591,622.6334082284142,1155.529745661435,940.8467258990022,969.1607004866376,726.2338534597683,350.0605851530947,0,1030.7144554842882,365.0890315839863,2280.1640364871305,913.1611152839544,2677.533564813457,1394.0845412039491,1641.8608068057804,1495.2616329147554,417.4601042137591,0,399.3118658779595,881.9717788663843,402.12031839869843,333.0868063473196,380.40029978691285,869.1792023037412,518.7902350789475,474.81350842505657,442.5802390586489,573.2418109404238,1692.1503850261336,512.0278662345142,378.9970565328439,0,455.6323403856843,730.2514600636651,1759.2122523414353,1066.8615525784319,3162.9218950173745,1757.4308491585025,689.6416176963761,2147.873598693325,477.88579349854353,564.0212837739377,2773.6546352507116,626.9221129823054,494.26159252862044,517.7068077996081,578.8777978838383,458.46020613775653,418.1759210811019,398.7974841431616,363.405241081045,68.97726250573625,0,2448.5074153807655,2677.6390948200287,0,1130.5963607959939,2370.4852662876765,2024.412897381925,1177.383891003353,2213.1425840027073,1462.9055516548988,0,1.573271311338678,0,0,0,0,0,0,0,0,0,0,0,0,0,0,45.44519415241495,0,0,0,0,0,0,0,0,0,0,79.52813691727559,178.51413490255047,32.939979256580855,28.211833066926935,9.137390845672023,210.1257571110687,1188.4396112977095,1379.3453652108901,150.99648288989414,768.4233925411619,0,185.53260604573939,55.806187707826595,49.25359084956794,55.07099177272012,457.8658291286757,25.347229756798566,146.05400280926386,27.112128081724862,77.21850003867388,57.965173472828056,140.31792210162058,139.03584201975875,199.5794509422134,0,0,298.34552249941635,50.14813889143287,2515.9597341500335,149.08525506095359,207.569884165167,50.77266674125177,1100.5475759810204,50.52217631809206,50.74703990665252,99.487112233699,0,0,30.539869737612452,47.74750413490138,82.72935046590905,23.559469004487468,212.31184015251532,37.45830326788878,11.768250012131318,36.69545683816179,39.04804594868103,36.76179727526407,18.30620123829842,36.02826744417819,19.719692345069475,30.50979003608808,20.462230013347842,21.718802402636555,31.562960430922654,27.4452281438625,28.836234926278152,50.61225022340264,33.22652688786314,34.61275252196629,23.62648118438618,27.937851799388373,27.419731243956726,168.27586865818813,54.06218343005439,40.52160405222763,24.196874640332627,247.47066219605279,204.0115589832704,53.15888983830888,688.5120619149386,314.88738708928986,139.57762462593732,387.01684231154223,391.3640693238318,200.87269838651886,78.3778506477818,174.46251652336812,53.86548946250392,323.827850465529,0,24.066849627287638,1.9260239984177527,0,0,0,0,0,21.82093282471875,1182.4234004270725,131.5810853002023,3.3158597229128564,85.53524897209049,650.4092298847811,470.39008903107054,3681.3746934010173,3772.3110170241325,1536.0632884071658,59.40566832882024,0,0,0,0,0,0,0,0,0,12.176088739044207,0,0,0,0,3.9937898439814306,15.994953653180051,0.004175940991396709,0.9499891544423469,1.7546434901693522,1.1414341726691943,3.8566360348456747,0,0,0,68.68100473401547,2.440640802141725,67.97053979304408,47.68059326794718,48.9044624736536,2.5673926163912664,138.12509685110243,70.71237065745005,269.51960224653715,48.09937465082847,51.19500624947193,100.63501921445418,184.97000796284655,368.65615402585155,176.42518466176898,7.985755989620987,1.0594748712913697,7.979878349840702,103.84191607692664,4.757047318996007,1.31645503742956,1.0849227238922945,83.73696101320786,47.353815012593834,0,51.22771229288255,613.669786501186,135.35308830059176,23.135837750829495,15.515664508474984,7.626649106396552,34.80569062871081,10.559743730185334,32.446681449169354,10.479316534554608,0.9418431831033437,1.9821540712060925,278.54190677109307,86.01354522381098,114.1787454961632,9.498045722777848,46.82552787567604,117.83931653302399,1.9023206129528805,64.35064965721766,24.008207745600668,72.50693797238596,1628.7918731176037,5198.528206678819,7169.744987615858,220.59576684484833,148.86375799564556,14.723687639111095,202.89693627641665,118.29953693455386,993.5706813119583,235.85687536678836,79.80084840770466,4.36853963811062,671.6920157322268,370.3274086850545,415.66301322543137,139.078607028866,0.8485079107342973,6.196072455058931,1.0678335001703516,68.61805061830498,0.3906059642820521,1.0405928387943897,71.97039625694556,73.642099184,18.226481697163262,0,0,0,0,0,0,0,0,0,0,0,0,0,4.227110075870402,4.50678777169189,0,190.62833894730946,3.990289738553421,3.8763694466988654,3.8497003451919434,3.8183990290616183,0,67.96865933220012,68.32050222492575,67.77473068337206,67.84889199093527,68.2446548293591,63.575319171941544,0,0,0,0,0,0,79.00617282235699,68.1179992846478,0,192.22903067462667,80.26487247049035,0,64.75077707661264,67.46402478024565,74.26272823545128,2.026358873114029,3.504198896077727,2.666514087506691,70.67556038125875,101.75881045025439,25.965119102353245,80.64928400997522,54.26365378132078,69.34289564383404,76.29526080254071,85.01633871328794,84.31757652639146,57.40572846498905,80.38882374403501,80.38882374403501,4.160671251954354,4.160671251954354,70.81749875889089,66.24770854045967,65.9314309611887,68.35028728245612,16.750690235094588,48.926418345659,4.331231084820857,0.915201707572781,48.47908488550915,38.419367595709964,0,0,34.34903775946178,0,54.52453111405472,0,94.3660864823743,0,54.36632962258043,499.1886865421832,67.84840147791569,94.7303007044463,45.647280212933204,101.10999979024066,49.25746241182073,112.73483514172128,68.0338795704388,5.302808530113514,67.31480559355246,7.94469920887197,61.930669182217216,69.14498223604646,47.55106014046939,42.1163531785614,51.253925064552895,63.78743256709056,40.13040207758841,59.50362866267622,115.14420652532043,86.95556403394514,0,32.97193069224042,60.412535121746515,38.35114863738354,72.3929966557216,65.58996453078403,80.02674327520756,0,107.40804053322725,69.31636792777954,60.58159177757511,77.23965593910755,127.82722334990079,67.01696944043917,182.42531180936686,72.46593367889221,82.76982372347328,3.200432436546438,583.1727466150201,172.9861817222055,113.25650250460873,159.3492277556814,74.8235073549767,297.3118292385689,189.41672438698308,613.4062090943139,568.7420196817862,498.9414196736155,129.52814249752927,19.0660150605916,194.57616977914122,298.692080852029,547.7660277428749,1486.580189275275,3952.1633533416275,658.4805571888446,4041.575344089894,74.62633714539375,3965.4203505700043,513.9402030496158,535.1204321468522,141.42778016735582,124.6084287011657,357.18051757923297,57.92965167838318,25.9406804141039,18.85033371137964,439.59493307000906,134.12784496525154,1.9104069112705464,49.46113576601806,0,0,0,0,25.987267266862233,479.68690532313167,7571.741328785188,14738.749871204209,8511.60129393497,152.3827670805131,4.968941761459043,238.87082860210438,130.34748286412122,1477.87742665296,217.5072626815159,672.3344667613925,2091.816445164482,114.32446908664816,417.70446425107804,212.64615226837216,92.6686510071343,31.95394054500134,3.0019345931849752,590.5958108752229,946.7655603291901,1382.714859145068,562.460800414283,4.086667111566753,36.52153250791906,37.00638872848712,504.5256240596097,43.72486590100914,42.871574907941465,558.1440796266073,4742.63978993141,379.32415512520845,38.68327722896495,109.81572831660903,48.32634312849248,451.5022453758942,348.3513444348578,47.373393810573546,1992.03439503179,511.8881780691481,101.47397238338151,19.53422692076699,177.59955658255137,278.134573391398,9.745431027663454,7.289801286898333,87.43581228963276,8.93542853963313,4.299337277783703,20.207078444478995,208.41750803921894,64.72461970387285,47.45081304190343,11.52223978082352,25.311445675965924,38.073295151228415,23.599751944247004,12.350422251349823,83.36226442297313,9.836062792135717,10.488034251060276,10.240254128018954,10.678677499768897,9.974792620228815,10.35170131849867,2.1310308582373847,4.345727708538441,79.92962081200922,65.61917615361901,454.39056184812443,556.4316451873669,44.20032522146628,44.366543173683205,35.96485471777239,135.1798445661937,1644.4880245639984,24.238881830763436,774.0363942244146,35.96676019983961,125.05943179599717,232.01398830480792,9.150906874622118,10.156858798501055,12.180184328920376,145.76840173084082,5.358662563078325,21.46905754920637,29.340452032017488,42.665838982027246,35.162901122754135,70.30845392737218,32.73153912275773,47.789453419385886,34.75663242596531,734.5813308798697,8733.479516389567,402.6471242961556,1530.8259885517386,14927.23827682167,2887.699903463686,92.22569117568496,42.58641220136141,33.26358995742385,81.37488091397226,108.15712140654915,280.9438686423203,236.58003828585265,1185.9191822525183,1743.818390898793,255.91281241464307,34.333888019943124,456.6475198388991,384.00593754013215,69.47327255174433,100.84476753612581,10.795750309559859,6.885186509253751,74.95581325018745,66.00742167231256,4.239645093304128,3.9299210801145334,26.640003009172585,0,0,0,0,0,0,0,0,0.5029996669497772,0,63.923663953898135,82.82966894748435,0,1.5090343212744055,0,2.6583606814296354,570.9446230930776,190.5410929061519,0.3192828240171184,113.31747028988833,529.9461252375412,274.9059291988862,893.5492326761085,502.7599681784446,378.41112907621874,319.68417402230494,438.50358389339993,593.8255786941452,515.4005555135188,597.840138548549,95.06358703079405,862.3665000538049,1523.6142898501093,985.3568547431228,3302.484375521235,2467.2612065458366,1054.4201768672324,563.2258598864636,536.3193537936438,866.2912956854443,378.3312352090801,989.8624807157546,881.8996408936665,254.71055774534884,157.00804464835147,1.1564254973429462,176.99134910632154,87.29928779563068,151.06953233926015,444.2059447088523,155.05125515693769,153.50396915909573,225.03427705966433,291.16180066588515,641.8323681099835,493.6576951577798,617.6380778281749,313.81694308548146,121.51889517845048,628.2019498586509,612.2145162480693,116.48851751506052,81.95734761282098,436.8691129657086,295.2868270915539,358.902359407117,837.7570918831456,1088.5825086267778,1559.152739306567,1831.2949545608033,1307.2960642297166,858.1776717614183,1037.733995106118,1479.085318157013,2523.7230857252025,2554.746722187591,5634.697231600819,2288.0260951793366,1035.6086493316052,619.590710155969,526.268280211017,889.9599699487496,535.8626268230753,236.73603226726883,169.2522207419937,632.1823438403663,263.9954689795642,291.10471177633474,164.7313824001817,468.7265841706464,1891.2717575864863,328.8173578079912,220.97043308391943,226.61202857996292,310.53363763855623,231.28876288396484,903.6713898077393,157.69490620600754,100.85716460896853,157.0401257323675,424.0368668518198,248.9740884490463,341.88005756925287,63.564263103715604,253.3238580019593,681.0627411231811,118.56599964558383,168.2595802742211,310.13969515263256,492.50624549316456,361.6863010060976,471.3982311061513,308.5347896406334,329.1984550685963,497.03368303451634,460.8138372431925,42.736938480464694,409.08925626997933,68.69926197243866,592.1768252117807,14.87681233480617,1094.6750012984037,1858.4218415591492,1383.0115671125313,3861.458690509276,2603.299399025135,1281.2909012996301,462.3159074254288,484.30641330724063,889.7396821812149,540.9118871094814,94.18830866546396,319.08232492168287,1369.5311799475055,935.6239386535148,583.6936097049805,1165.287195925121,1622.640053852847,251.0180199195302,119.68500969261302,283.10523410697056,402.9853066019059,357.82489641339356,348.61938814647726,521.656193847914,303.3651563387172,40.21731487569135,50.90328117921681,16.944375701954147,15.88582776224088,17.528747812109053,21.15293611624803,0,0,19.11394075446138,2.1527954100224354,0,0,69.0414544275237,569.3867916868461,178.94661418344506,29.123519827675615,290.73789083910333,209.23472559393045,34.96668586308281,67.97771701599491,0.6664378442693449,22.227760866213572,2.420592271042132,91.41417683754462,5.359714857613746,396.8944750581142,1652.5574144681414,340.77052126935024,222.17622135970782,14.82136993697116,0.8203393278956524,0.46345968618871153,31.499551891530608,110.66082137553306,0,0,0,0,0,3.732569301913568,175.5602410288803,105.8704030348134,929.3715459891406,1107.151201503197,229.94446709795602,752.7084937286502,16.84993240733368,96.51983291927033,38.37170534972988,131.6682667911066,35.72516308660238,162.86383377719199,11.058458775362425,21.979757311188575,10.759455384215087,151.6776399450062,6.504960147054415,0.7603473613867412,1.703443169942664,201.72039521705995,26.032389300016856,39.006406960976385,206.61964226809306,686.0580931635672,445.2118944412718,655.0350380629992,430.48106007967505,196.96380427779613,114.36822338040201,8.226407671367996,135.45238248182704,1125.4239082418908,2200.749068196462,2792.90918036608,2502.612026877498,1568.2453077551238,168.11938276998913,7.357235185217934,0.014712624133369484,1.4228017307712373,88.10039192972418,422.56065161233005,15.952922422996181,150.0781851514786,11.136350344679428,4.917564810540009,16.058778840457524,60.085231035608004,8.110515876955281,0.010201264259724634,0.4456843511023396,190.60656587090742,14.295485207809014,172.94382909578894,227.4477305401969,3.3290420352199863,162.54310829906387,0,28.86584518131907,0,0.9125714985097533,0,0,6.3599895701519635,0,4.98998183818276,107.58197918227837,52.09953725608254,115.5893722074784,74.59894760705426,118.14392668214349,0,71.8397351074717,102.33416596636373,0,99.74682281355132,0,0,53.616723483327355,97.29783587085626,100.44601074519059,0,0,0,10.5896498425116,27.016175186105656,34.76819958393197,178.74124053977008,17.968879179117756,0,46.118581937790076,11.321642205606679,20.502083328012912,469.4415490518141,654.8386876981617,643.642796913547,597.0958569549592,438.304700349189,364.463022642686,105.04125102988081,196.16838424690158,336.77848358123185,82.62362114273074,219.6798383447403,155.2131170671614,56.935671285899694,2.179039642515724,13.138353159450606,0.0760758431709038,0.025522187951801608,7.2579209720202025,0.06619781098183547,0.06749957674635451,0.05336939408794304,0.04633671899640694,0.06736322721970413,0,0.059792917952020984,0.08306459591751186,0,0,0,0,0,0,0,0,0.1248158071105716,0,0,0,0.12180045884328967,0,0,0.105490512818732,0.10158431100680945,0,0,0,0.11306385007835237,0.11082227863099411,0.1037380727000637,0,0,0,0.08071334624987321,0.050163739983472934,0.05023064044459065,0,0.027084000025886127,0,0,0,0,0,10411.771509709111,44773.42680508765,26136.121185952536,77.50999976538488,1489.7493151355563,122.70814810577745,42470.69021432319,62.7285872994478,366.940123911004,61.7650189054748,74.73768205836775,100.71487906476945,119.34889710830284,128.5774877169348,83.29447501016624,551.3382961556881,6644.349468478343,1237.7896119452423,8001.016052252905,997.442683230639,2229.197826550207,1723.329411502553,3372.878813271941,754.1835988527876,350.0394633596058,153.33492859824136,119.27159142964658,1441.8280218542557,2186.2692176140204,197.9708856759551,231.97148940390218,432.0195970456684,196.87542542361368,421.5364284073335,348.34359481007453,319.92364241086557,197.95128989876878,238.88178315196114,354.2378304323451,418.63257007716976,368.9360316779105,6897.969997725771,3721.1146902766245,151.1808747260136,127.91288905273849,143.14908547265276,1320.5802818719626,1392.9966477601483,241.04120749471343,352.5470793260863,299.60369214858207,0.6146129740908696,0.995493300488201,0.03713818293986614,6.178706416952851,5.271365272819887,8.876992609769987,0,0.2596146073751629,1.732797689700214,8.983637175115984,219.524014041633,88.16315688129362,41.29729953868862,172.29391571952706,349.54630459514556,373.05196085015695,56.196997876862,64.90649187435865,15.475498208366332,326.8803949684941,122.12090400401043,0.14546423258147476,0.20226139213280062,11.048435785577778,11.124405503984208,65.79264820850287,11.081880242913437,4.077805235419155,89.66224988948818,11.526634528462838,1.508894730231785,3.6955474972598488,176.38666623953281,52.05976056820338,146.39559982492491,382.254310031919,521.677185019051,862.8982712282133,799.305671067765,450.3200047053394,400.72431457803805,1152.53835672818,756.9419700201275,832.1024824294434,840.1667563469069,467.88808996923774,495.7213232230051,847.950497974984,263.8361146049769,1008.8264749418937,70.02003219313949,125.93555651832283,2.368958147884636,121.91286587381232,32.36512953689413,8.896244404218788,374.14107773791477,83.55998956845035,86.65275346585281,277.4349266913853,401.5796419895165,698.0547140617656,739.068297649563,63.25308159604964,1541.730064725484,241.9460431625439,16.577920222135187,8.177525553397087,88.62012922030611,369.1267794600365,585.4053667434889,129.78603929652752,43.82603009206532,116.38739938846975,933.2616617767209,374.10172700367633,429.4305422593332,232.45795810806158,451.7567237250649,259.84491090909523,339.2385435113983,562.5170251383786,1353.1195953260194,632.5957896523355,1525.0487712740628,1625.6777291189971,1914.0613102228087,1191.5657933784912,677.0899727765991,1365.5358525084946,770.2721221473447,596.70145840341,592.6973375912909,510.22183375238376,713.3735793654502,294.0114332245073,179.86448774606407,0,0,0,277.02443326284146,19.420974259372286,581.7148560760979,175.91507159058625,124.31039467121529,435.9624332926458,76.01416528971939,128.40326338238782,719.8311872809111,956.0095467783772,809.0918447640084,815.7617260404542,760.9685738525117,466.4036120302023,85.24097339437547,85.78959583421268,241.50772269510395,0.1768279021606053,189.28805033929098,12.467077491256592,2.4613607237757598,2.6324237791530525,27.08100460033137,226.51988988049766,8.521409434403585,0,0.8658032585020538,2.1037936802937067,0,0,0,0,0,0.07696610442447605,0.9071158276457358,0,0.17146076652123482,0,0,0,0,0,0,0,0,0,0,0,0,0,0,0,0,0,0,0,0,0,0.19786378560974613,0,0,0,0,0,0,0,0,0,1.268669790290781,0,0.7341222222088012,70.11262309581096,0,0,60.54029352631474,0.8502029241945711,36.790064983951865,0,3.149957736449403,10.54870565574842,17.713599839419782,0.7014764860842467,0,0.8765859502281537,0,0.014269333064103155,2.3886353098911286,0,5.074417480189931,0,0,0,57.80456435733915,0,0,306.367026593126,0,0,0,0,0,0,0,0,0,0,0,0,0,0,0,0,0,0,0,0,0,0,0,0.6431940146982433,0,0,0,0,0,0,0,0,0,0,0,0,0,0,0,0,0,0,0,0,0,0,0,0,0,0,0,0,0,0,0,0,0,0,0,0,0,0,0,0,0,0,0,0,0,0,0,0,0,1.5371549244277787,0,0,0,0,0,0,0,0,0,0,0,1.2142984632489595,69.36685096891588,3.778235977984638,0.0837358583291272,0,0,0,0,0,2.209966638376623,4.6621115682983945,10.564549884823375,46.24741368468926,501.9682654307373,429.72743764403054,536.3383269587171,958.050750925524,81.73584001951707,339.41680290522044,485.1921155157667,95.01375742245263,162.22215057101806,125.01592842982019,189.91323342467487,12.412678540621853,5.754397063062214,5.887196776282065,9.742469424209963,5.827784879375927,4.752048907244959,4.645168004756956,3.7607981950674096,4.997456248810681,299.0748890147637,7445.206846243904,3656.899564263584,6.943410135443302,1230.9686279620335,35655.69231695611,21684.579225687292,10526.596661889469,6.046151061858285,18.288174075272426,3.896992872392375,17.923832930697444,6.739503389811566,15.49288637192713,14.567397795624313,12.67368512712658,624.0743307230516,10.251275087399296,69.55475382998837,66.17942377181276,9.765609374188655,22.551804594272586,3.036865478556851,1.2099965581486132,4.580463693026485,207.27238842379333,30.6961040442573,395.8153800206807,27.7400265282663,171.71455636082646,56.34351455808575,12.899654823275638,1185.0549422217177,135.68973607823446,3018.6044313429966,2327.3087774108653,678.2820071896041,72.40780099961326,1.207118241229032,1.1091326632685197,1.1874720886097792,0.6761327165609952,2.334590543517014,43.25983594472424,2.785138431505384,2.424643439027458,3.041081089279988,1.3896401712645374,1.232145746777424,103.7405873857246,9.430737493719194,6.662119694839406,1.6038180429279956,14.786790150161204,1.1456994115458277,1.1374839436609148,5.041541465288399,5.322916933877037,52.62362685465179,5.383249300375217,8.107733880221337,8.139042727517486,101.23141429065907,37.79737963253432,73.66443532108691,1.180743698249646,5.302269919773559,3.520558151427467,8.148014679191325,3.5194516556568267,79.09218679097593,3.52155424215716,3.4998541532856184,3.4145566748931047,3.539615414408233,6.683132305651937,3.5247238843454682,10.312173596040452,9.521582790715234,10.021169640143729,30.479764871002335,1.2168028358104641,2.384570630885383,3.5077119449694885,2.176373735520287,2.2545344130448997,2.9101430659296583,3.8724095131954304,1085.809874897922,3624.7929135030927,2149.150203266291,48.574223113693854,2918.037913346791,616.7099933068031,3.510858855664286,3.5288462563225838,0.9516242443088352,1.0827599133682175,1.1526975667173414,16.29272750003809,8.164152682986233,7.421013077677443,9.265233655151855,7.809360608892545,5.268839171448195,4.77077186596358,8.0073188899009,5.819041104665318,5.819450697104633,15.132094276345677,6.979355842909978,10.953423189721649,11.47927353545999,39.350355337850985,7.731396578734564,8.15676067744408,8.038701326915826,144.84665458246022,7.903873089082296,8.065821482099915,10.718476162543352,10.635177147799505,7.917110893174625,10.700643400623994,10.178406247997236,10.560274631043665,7.8566605034914145,7.625894259657944,10.247498175926037,10.736418826274422,15.76755126586784,10.59213047622025,16.17135543528648,44.61644275324318,16.538168837023335,10.541259353308336,59.997433871937176,0.23834960055081672,6.275519045042498,6.129431081239839,4.124246460468719,7.632460143897389,0,0,0,0,0,0.15074608378197807,293.91300286086704,203.46893933172407,742.865277219592,13.019622955050194,8.569780865531913,140.17005726628182,120.18921513898009,103.56173389081277,557.6244604532378,10334.467181854727,10999.617082448287,666.4643906831596,25.2605889788923,113.68160092929284,196.78900235532265,200.73373615556534,29.563975414557046,9.295866445831168,16.312072915162997,0,45.1658327627626,25.26571882796815,20.85407241495813,14.804221677073503,13.688551697005023,38.5444075316274,83.08229793255272,44.87619000533718,33.47580232573813,56.411415502513194,365.0122983684801,2127.6840628266327,909.8059971677175,97.1777035961118,102.69775112887957,110.16563158924922,58.76198254632744,1221.3528348477719,3139.649965309427,166.20416454971067,47.85810467334542,881.9373127443653,78.49073339159192,63.28464134828792,113.82154297934564,68.7942185323583,26.926882351348052,55.816733911027654,36.52783584321713,157.7496011917857,668.5453035824846,205.67872846571808,942.2554761853414,29.45905301390782,196.75916588282388,2395.1229361208516,1331.7292037206773,1885.0215134296775,2741.358986508922,5109.233432438252,11368.20065449884,32.804752308195624,28.307460534144383,46190.428766402416,44602.14311337097,324.0047296400366,11081.575158811182,42.633867203534635,13.326641602024097,115.15262955486244,120.5119097871525,466.52836763361074,1385.4331664626006,574.7179960276605,234.45251473110594,122.29563154943428,258.8435587702795,717.083782983807,1954.7492207335044,84.0520993876874,697.120568476754,79.0071037563408,84.92163687703376,68.21726712054765,70.48150340646912,54.82062327878032,18.46552681421528,40.79949850287914,329.90347096588476,80.14699475598313,58.26140323033442,44.3431806588725,60.873871327234156,124.13708283665706,77.72650404178786,48.4490752880945,233.00798585972314,75.34813775832214,353.4955269166188,114.22189743299295,65.72518162676066,104.56249057450081,429.89614980864445,132.43794537661452,192.3495884096433,465.5533289760176,44.627094661047224,173.33382829308866,94.8713121271728,773.1830893849695,482.83798847984093,114.0632671490287,80.64139545938224,125.35559708972703,278.1630667340028,302.0380791083328,212.86985270601068,95.74248584199576,91.01422175615345,107.69066763020442,95.58494772105087,114.15430285178614,104.31470437366764,121.47603163669186,101.60555707559162,353.34223475857357,224.65473861134245,201.7089059184126,389.42629605818536,241.9178151126579,11.253594632303377,44.7764448937055,21.744352175897554,9.347058798440061,14.818860988541784,25.923696739591378,590.3088492282056,303.0267282986762,58.83495485134909,15.700422776115635,50.49719976182016,52.79595659012016,52.27832460353575,16.596491615140735,25.66579559341485,42.72556908382363,70.86122245950594,170.27811473429912,187.7778401035886,37.78676102756198,84.97017041856502,58.184822196762674,226.52914365309155,10.613840674379162,25.9304983902984,73.69641164396411,77.78991275187643,47.26705136236189,33.465236373986826,61.55457398289553,71.59758072286049,79.893932825366,76.03254926728177,41.892789024907806,87.77822038496035,25.912197414596562,65.47585927459832,79.27172757398279,84.88066353223294,88.50200274345733,69.92026139536055,63.12422719085349,942.4921808371814,229.60163432355915,182.49282285050137,110.23880607012603,86.82794551383572,90.63367342894293,76.49329764882985,106.15625646957903,88.79494630101591,60.09801734881332,75.19400720874947,68.63014997212166,91.16803098001226,160.19431540123907,66.57648190812391,1874.4348681858182,1059.4474820187213,1127.6301655652383,223.3337688444281,652.6218020167439,55.86786146057353,75.17291898860816,110.4184478499703,81.58251875048705,76.25907690419415,98.1531011513385,1993.8679079016363,86.2855228514745,107.45585482919967,90.42773949830742,37.75954663036467,79.6224740849461,371.51844217707736,1400.1360461876304,649.7569177195509,112.00760539773835,135.30862332500988,98.93865865030432,1116.5337456972381,9257.813083046603,4087.656527077044,2451.6049053953866,1912.6327552420048,2066.9051368225128,168.85910785979632,116.37610472474864,105.38499270492387,111.90176163739224,118.0151014802443,154.35433647812349,212.13297995671408,360.1409026186927,3234.6506780255863,457.29181788203067,137.08826616839363,176.0304701582746,113.17194093503565,110.33814177825761,78.42621384639696,1484.24551610636,1430.3892565078331,84.9097803723197,60.228197717228504,53.9946122011147,56.56254241648845,58.162978714038736,63.57783089762892,94.58184471276337,89.56569304748562,91.86206796751178,130.9674005156509,86.66863242528562,65.32654650283074,827.330328973961,311.2677856350194,141.90924848447116,74.06810309446809,62.683274715092466,97.169577892138,61.34472855084281,220.6644703560872,780.2200190349093,114.55667612238217,88.829857198034,141.77110374504,32.43443396448247,215.8116146236864,44.303556808468905,47.296448296445575,46.48049922583911,154.5498243457978,103.20931274580309,195.5811403742707,65.18907361365886,71.22279291388692,77.92056808437103,83.1573971028487,80.72591399688626,115.20345053487937,94.93135324343172,184.404314803826,78.71027625213411,420.83771582349857,515.0497468758216,141.58504556043798,88.16793264480509,69.02964079006217,85.92506098809966,102.55283282320188,822.6454472271121,728.3997715906667,428.22764350388917,61.585156714011944,59.61779433114041,446.5788270609523,31.375635441870834,57.98129103139129,72.69928578552852,297.5040232506122,46.16853549202213,401.4782214765824,37.22049062857832,56.83459242683875,67.07389881758327,63.638169453576204,89.80033716359253,63.55600004474987,69.76973290307893,67.30387493404787,144.94372820969514,125.55608538469603,35.408658674834314,45.33191638741614,33.82743050271465,89.6647122498713,79.46721841571572,68.05253414193479,325.83944797506564,776.2461364833265,69.14635538866801,71.3015842769945,461.09083956165097,1542.1027533194685,122.54179819308064,29.360763143894616,49.46511209935712,39.589218206560346,41.14207372117491,43.23757853102241,45.57668181777149,37.46404917312908,620.8165398111557,95.44273002832736,96.80429500969504,303.2421592023398,91.17019018595157,413.7372983527862,123.44154099078558,181.19638742367428,171.85090194121472,104.2067828088379,96.09593082101574,68.43378649744629,558.6104591994568,74.23506818781773,133.03922398151005,74.14908215873646,73.1966165032369,171.16341603881844,47.42875964518643,48.452983548867465,65.265766364310835,535.4366648913821,289.9973648775691,162.3264247108463,64.38555508671023,81.3827675976586,119.0282225349898,91.02939476858629,1226.625684763462,2039.0271295987934,156.44486535081862,76.93414738608443,568.873471639188,5196.87250323651,546.7376731390625,76.46204560477855,72.84870452879834,94.18623292033534,106.88062075253106,58.218493813937485,65.63146089667943,62.86408164279735,88.76368809856861,76.05378585778067,67.50433070534268,71.9198066164612,62.13613465561007,134.4768715182588,67.36133069795697,80.83857859427219,66.72073283600889,85.53639483887765,1705.610293227324,321.3570963992184,87.65119847353995,76.73436623195651,92.65470120983663,72.63261313122128,94.93522980880988,84.06979456956404,85.77857531162157,78.38855056653051,228.2609300004266,1389.4857900306808,756.4076426287174,79.86729650819525,106.85172621971489,147.38964052445306,81.43522496533811,75.1982695123756,75.98781010078193,55.53951672707117,53.084951949818176,84.24547038845992,176.6709164319353,341.68602144968554,73.62161799009948,412.3554716226954,341.6804382355101,97.70538454314018,60.37800472679663,67.98014861029631,53.900236493628384,62.407845881055486,84.0372888696852,70.81255875055254,109.60411823478081,76.05715837877088,93.57189531330701,82.59533540995571,159.24799302977863,88.72927688578223,197.8666650996484,70.90618922134736,104.86254080626696,54.947317205179864,106.46290487525866,62.38004619002111,179.946759724743,85.04815592250347,123.02820518921355,81.078642765519,63.590496581188134,78.37795909828418,193.97667003071288,202.9731940429517,112.1248484946805,52.02069905050345,67.34602324386498,46.69323600892341,82.02102005459867,54.05381754932815,73.02704000895062,33.52434519496765,72.31012538839397,244.2282049240327,42.74048583923772,42.61220845713652,55.38035886779835,70.68358315238734,43.38023622948779,90.2176199163456,35.33633065088144,50.00859894266284,72.82760749388723,37.831797444051325,48.30162045162386,51.06753416830484,293.10585482833943,491.1377259746963,439.5308492659716,92.6102547711298,132.45681862507237,790.3920432776321,516.7388128484196,85.443931470308,106.3634494615779,114.45120343655356,8.92730370131738,7.96006854474183,11.52707775319031,14.877367839600886,516.4775240000162,335.3433110508643,192.2717195285293,59.650384847049054,62.68550329074234,381.33395440254515,241.89369607275404,210.22683036027962,527.3150992447534,724.9947766670617,940.1251273238413,3516.2551219049774,2704.5600182721932,813.9496227099175,954.6327867993681,721.4579551900893,463.10485725788897,208.17355788352037,439.1812521007776,278.04244195852533,49.968911083941144,46.803359381306,43.62554225404344,151.94671025354302,120.60134918173424,80.33519816659954,37.33723535000338,181.2482850174131,146.27025914092232,105.44538819233085,417.64792777078554,266.60174885419246,97.46273185874229,52.51959481758017,151.40307536818906,103.2638949803426,174.87826761795458,2289.2965788394454,3535.8267152732615,2011.666197255799,438.57918869103986,326.1254968103139,155.22309141478718,76.07969331322053,2828.7476024125076,956.6399613745111,876.2715029024333,459.09367543992715,1655.3860364586244,4241.718707958189,2411.7793960224176,3731.4762855907707,1031.1489487941137,3555.492101954194,1867.1763502763345,1410.183224635644,488.5197066513082,75.51817587457813,8.189985735574217,5.728486982142528,5.405007397444575,46.77603159691747,81.32421763845839,23.657036948065763,36.98730238480648,178.8201628663034,101.08884368250739,106.85666749709584,92.83154712289141,135.87380390709166,251.5978894337484,209.12895801885776,168.04721447151866,40.149731988490124,288.6751613535855,134.94103095101372,0,231.30768696493922,17.47815142789125,193.47967457813075,9.314498929063777,11.84276618962127,187.2432602159849,153.15920632480086,343.29600324797894,189.22975542129387,155.59655218435591,233.88504982576856,225.96984669931717,200.1109066596146,564.1803299040856,867.539584729077,361.8405980439779,485.37157260282675,57.837209989153166,17.137990483267952,713.5184833847127,223.21580993000717,373.8137201704544,354.41433514289844,898.0976598876499,265.8206290794747,121.06013782252529,201.8522499587982,181.9996772199722,136.65450676385208,133.7558365359715,158.2012689712855,196.50814490872412,549.5778847069064,242.36439039737235,224.47833870237918,119.08382316445709,160.63863794648134,655.8240918745438,204.83695120682665,276.21280033169666,226.7871257751719,278.97015927587074,702.6297425986198,520.4073339573165,582.1854337679423,552.3993387692931,493.28001939161817,552.2977335327962,279.14192677347233,155.68201889515916,346.615778628169,36.414578005232876,0,227.61379843314933,2187.1293515241246,542.0558560235834,92.23529876433311,4.554562978454223,4.253969214992685,7.681869793888411,0,402.3149380222496,200.2976047058361,21.346532619106434,6.236234072019439,8.53640119225768,29.720632638323806,3.8662623101083295,0,0,0,0,0,0,0,0,0,0,0,0,0,0,0,0,0,0,0,0,0,0,0,0,0,0,0,0,0,0,0,0,0,0,0,0,0,0,0,0,0,0,0,0,0,0,0,0,0,0,0,0,0,0,0,0,0,0,0,0,0,0,0,0,0,0,0,0,0,0,0,0,0,0,0,0,0,0,0,0,0,0,0,0,0,0,0,0,0,0,0,0,0,0,0,0,0,0,0,0,0,0,0,0,0,0,0,0,0,0,0,0,0,0,0,0,0,0,0,0,0,0,0,0,0,0,0,0,0,0,0,0,0,0,0,0,0,177.05802855656907,0,0,0,0,0,0,0,0,0,0,0,0,0,0,0,0,0,0,0,0,0,0,0,0,0,0,0,0,0,0,0,0,0,0,4.3894597090943686,0,3.704519793330234,7.7059825757284175,0,0,2.5228832890998563,96.88459613167086,16.36434046822962,153.251160711593,12.179129511841463,49.49008967748914,0.10684052752391993,0,0,0.8588491444646147,2.746438698612512,7.4718856605154915,25.07771109592414,26.62575098512479,20.83015950676849,99.52084252416573,7.72519039881367,2.5619575970690196,2.1238364467393627,0.38176564793385837,1.2274778612549035,0,0,0,0,0,0,0,0,0,1.5255059918775484,0,0,0,1.5264787353144942,0,0,0,0,0,0,0,0,0,0,0,0,0,0,0,0,0,0,0,0,0,0,0,0,0,0,0,0,0,0,0,0,0,2.923230641589287,9.598481448366387,42.74947443210148,75.74272782130168,72.1559001540655,226.06531008415274,78.32168877135541,175.6645628024126,319.9199299791791,43.0747402265084,124.77904555774909,126.42158920363029,60.25357176791788,143.19066509481073,44.319550778488924,103.9651507924947,8.413799210170568,9.39026864959072,96.98686372641023,4.514166674228246,0,0,0,0,0,4.516340152041793,3.87896505670939,0,0,0,0,0,0,0,0,58.01886713202738,60.08037882017345,0,0,0,0,0,0,0,0,0,0,0,0,0,0,0,0,0,0,0,30.05287089370024,669.4318994009149,15.469677328904512,0,0,0,0,0,0,0,0,0,0,0,0,0,0,0,0,0,0,0,0,0,0,0,0,0,0,0,0,0,0,0,0,0,0,0,0,0,0,0,0,0,0,0,0,0,0,0,0,0,0,0,0,0,0,0,0,0,0,0,0,0,0,0,0,0,0,0,0,0,0,0,0,0,0,0,0,0,0,0,0,0,0,0,0,0,0,0,0,0,0,0,0,0,0,0,0,0,0,0,0,0,0,0,0,0,0,0,0,0,0,0,0,0,0,0,0,0,0,0,0,0,0,0,0,0,0,0,0,0,0,0,0,0,0,0,0,0,0,0,0,0,0,0,0,0,0,0,0,0,0,0,0,0,0,0,0,0,0,0,0,0,0,0,0,0,0,0,0,0,0,0,0,0,0,0,0,0,0,0,0,102.65705606777566,0.13331541201900393,2.301879949551738,0,0,0,0,0,5.260746378498173,0,0,0,0,67.09444728791037,467.78276856900396,86.17489718815511,286.605844386138,129.20516193268506,548.4662827831822,35.635626780728096,20.055283700733636,1109.0846174797248,48.9291053920777,141.2426433549341,1645.3640183303066,9.909979970649585,215.27918296539366,246.2699998670784,49.00810568317744,378.2552360163386,386.9139586416328,163.12873363062852,140.70246261797604,79.7038901309794,1932.1151115950347,27.83805604934157,183.2423664635555,26.070281824225923,434.5113799329684,83.47728517203375,40.86993652312543,72.43992834826976,77.4692905214945,0,0,0,0,0,0,0,0,0,0,0,0,0,0,0,0,0,0,0,189.16630789579045,249.02685692888616,970.7348344732695,1174.1481189110325,1129.4090285529205,512.8757020984796,80.34805202865148,32.695235014652496,0.3213508729304028,226.61895389273587,2.626652710784003,155.77090843229115,5.601529607577619,325.94388668530075,27.596612846001147,132.80041402285713,24.20871233897607,8.004620128364454,30.48960252817104,14.440950967664394,54.39512091901565,171.92476703458962,4.449834070220796,91.15563533892201,83.2717959458545,41.680869662156375,248.29402247415132,271.4559674115859,135.4130881662511,50.41652554390835,15.862512898871662,15.682119235235726,130.71673620483358,0,0,0,0,0,0,0,0,0,0,0,0,0,0,0,0,0,0,0,0,0,0,0,0,0,0,0,0,0,0,0,0,0,0,0,0,0,0,0,0,0,0,0,0,0,0,0,0,0,0,0,0,0,0,0,0,0,0,0,0,0,0,0,0,0,0,0,0,0,0,0,0,0,0,0,0,0,0,0,0,0,0,0,0,0,0,0,0,0,0,0,0,0,0,0,0,0,0,0,0,0,0,0,0,0,0,0,0,0,0,0,0,0,0,0,0,0,0,0,0,0,0,0,0,0,0,0,0,0,0,0,0,0,0,0,0,0,0,0,0,0,0,0,0,0,0,0,0,0,0,0,0,0,0,0,0,0,0,0,0,0,0,0,0,0,0,0,0,0,0,0,0,0,0,17.421280971400247,66.16287092049144,148.47416836311098,151.86559551752848,0.481622575379129,0.8156864630126305,0.2285666140594108,0.3180665960410443,64.69140062298402,5.050451356750016,1.5906392976615924,160.6139200178202,1.9567207101898312,4.659541718148591,55.05256317624484,9.19728648988178,1331.3319978883483,3269.2862393697933,272.0096675742669,3.9954728722524706,4.4143677396016745,10.206881724966863,7.5311036642227185,3.9596930073104595,33.6542052099947,175.15314097732053,0,0,0.9157427059878636,392.8299716088095,1.3646521833414738,65.34737741108228,60.18454989226242,18.794889563795834,20.345345871191157,202.87841329909776,24.63182343767192,71.01225751702215,103.30434578865838,30.035986556875244,22.866564515581565,613.7465728574413,781.9721830746132,212.7912876453214,132.3061488042587,25.792061977153686,28.55850326923838,39.6056843873671,34.23619118242915,677.3369358316501,23.111467199230415,23.42700413049271,73.28395985572551,325.8889611892529,2548.198608361342,735.994640029189,1597.6571788161848,25801.265246732208,2161.660322911218,578.1508406993257,64.60038545542434,255.7214154093026,66.20597439709887,423.60931010281104,90.82778274531661,45.40229350978544,33.53576659230022,0,396.3626546086589,85.48316867880573,1344.8362796098295,1595.9053020192016,12992.144607142345,1166.2831268701427,66.56426384859175,34.32087009657984,26.36568532522572,94.17511883029803,3725.517478478251,5145.712880479364,2558.9109862598216,147.2358635173945,190.23018539637275,1071.3173273194627,23.653055847149638,23.374167750706086,23.87047078155085,24.091589265330732,12.565574407391107,24.46541761089015,23.628284433803667,24.341136216523896,24.39215128983524,7.571739584218668,68.59824623647211,9.59095323982829,10.546533848284817,69.94950627469835,81.76607712963428,34.01834830764508,6.9694580565231,62.46069055913943,55.54930797303285,19.160123267172633,59.31543372780484,44.962375553311176,39.484535796431885,60.38998566731495,43.93962381925191,22.514465494656474,50.78692129762048,13.034318086717837,48.45597515313573,37.64027027568917,38.80246196635863,33.890704440433765,40.020111438906234,6.714848197595919,42.86647457410344,0,34.99519417901451,33.62372861212065,32.15296354080897,31.002223122495543,38.65529570699012,33.830511239833214,0,38.733329758968146,37.439435922422035,159.19579969689516,9.712751536210021,10.853822916500613,167.22269087497824,20.18077357354337,20.13323008364954,3323.708033346335,897.3891169915967,101.70323979553712,3.9624819340008,1.345124263757082,0.016548171620454643,0,1.3129697444866142,1.1715911373420762,0.04294683556040015,0,6.741005634344416e-4,0.27550656936092305,2.502078617070735,3.22078966731238,0.8364250542512615,0.002882686164119296,2.0520846402929545,4.91545967845936,5.188527810343984,1.0341725796068917,0.0609761822661648,0.09202363551611778,0,0,992.9957057383335,2009.4637383363379,0,0,0.7985420377649323,5.817481011506063,8.841245946425406,11.853198922741287,8.876618675819481,0.7727840277245118,0.15608336974894782,0.046408595996961365,2.0350367964393863,2.381241052445732,0.7497788205624799,37.350386929470694,202.311838516892,3541.6966176507194,5523.463130896598,2802.9001131151185,5569.42677678821,512.0247828109767,174.51525905722494,26.75762052286651,5.886297110886529,98.16302631428661,77.10451469245098,3.7164799596944214,20.372401261982237,891.8060069551782,3.2090364142133567,2.2717419917177,13.160096125253412,24.101849572324184,18.64898910149448,287.96881832032875,258.2020255056335,29.192959118426362,30.995055909114747,163.18956253540424,149.1892969397561,936.9820820796973,3307.5750819054065,192.73560180624068,141.51095379611093,86.11698840452122,0,203.16247179202054,193.43087646235594,2627.1261767366204,1915.203161859765,1300.2404219014322,277.5015872193498,287.1547355626729,167.4667460189195,381.09011366019075,289.6045467580344,858.3928083782922,354.7856949801471,298.3015673996164,247.90856242848722,276.10409923920497,829.8977829073114,988.7132456462001,157.70845205301913,736.4210230492587,208.13722488934457,672.7262814832744,719.3396309550654,64.10356238719368,93.72228678785315,222.13248098808046,246.49430551715167,56.03546600800305,100.23916159898168,26.607518284479365,14.697777910271647,65.91332440599211,124.70663224242871,629.0892063495154,1602.4536914434052,748.878462791928,1427.3193842213118,1212.055013374032,22.626559029324152,155.00810290794422,302.0499712491114,109.28365612059255,159.977643722568,1054.2173807818904,436.46644604008117,435.331415611465,384.8169151474349,24.643944068851543,395.8637123591253,453.1509045878668,629.2989219561039,786.6758980826372,445.81375804994667,186.4108357132405,371.20461050005764,178.9711667456588,119.04764974396451,68.40452184910349,477.4276296403611,2156.3142221113435,269.35772977643455,537.1961715672176,649.9285432097354,777.5009881157139,446.949666937173,61.491463078718624,178.37000812278012,89.01683029267608,21.470007577683475,129.34073163711082,90.68537214542248,70.64306041071725,250.24698704280883,204.2676510230489,23.02566216462501,159.6358040127686,26.058135928989838,94.10921973945753,250.37285674875076,736.7842509569772,382.1773323467399,271.07482269435644,138.95530922772565,77.44747255255862,475.45703195571656,64.76703229409007,502.77802502852774,102.68445962286445,1141.0251894299602,400.75996837003396,110.93947254036317,50.48158463132984,71.67786283686331,72.34322318910021,199.41569107845106,256.81155980429855,324.43919162949436,660.6248779113047,195.19222533817472,51.25855907598298,137.92766399825928,72.61408587680202,166.64193929460757,79.1128305940448,81.15332474780661,97.43584636230305,35.54470649826934,66.55429264287721,43.1379613955329,256.74057096147527,426.68281790660893,367.1105969799122,293.83674850864946,398.2923575193085,495.28906141510123,718.8405293715251,260.64752192093715,198.15325433961326,595.1290928262013,491.5493972743097,281.9758015337714,530.3874425484136,255.7759783583021,491.5137260315887,110.74223440567047,300.41190898369587,333.236444464717,775.7937573695785,753.5949703741285,1410.8758426063523,321.92480837421135,203.3738028928361,351.9612379812852,2576.587474013445,596.7471096392334,837.8214369296218,843.7579448372396,260.005266034506,139.7856748280629,25.451715657605533,123.06075345150352,188.3682447513486,12.436815945505536,51.23567769051461,93.92419010999014,26.770062400935736,465.922898233961,617.9399141015667,387.6907521375315,140.42846392446174,57.79962491042777,96.78098875702511,311.9723624189622,907.9620780796214,366.9996795210035,6553.522453182049,1333.2003592268022,1033.8530839360358,884.8589926606785,288.07169436392485,323.67903624213005,237.21051109332467,362.6948834791557,281.03695638910597,400.7040803773802,409.9105989014656,560.5272714657664,686.2475795763049,587.6009217637801,149.07799521927618,108.50635929567238,232.10951719564977,140.63349362904802,136.83175704669407,85.17352240247087,126.22375533506084,131.19150605884258,10.173945451001844,284.6437388567308,140.0139890458652,7.336740521185486,11.062587095072903,319.71367043877024,188.84850555941364,255.9247663942362,244.44502587347114,636.6353563672782,1703.4287412925185,1487.4743585335093,1840.6346510447809,1319.6509338719034,267.8101704163484,370.49869494100426,559.7160812539166,886.6246069341388,1565.6199242102628,604.4440225036461,316.6430800623227,20.476404459561277,140.3640997943422,542.2341661930253,108.16377519706778,235.71257151985938,984.8708146554844,241.4318695826537,15.290901097275022,206.70624539638797,1625.0666878027585,468.2265310552132,79.11352599810434,50.15722781311314,648.8386733984992,222.31075641823514,99.35774497229919,122.36570642303806,371.4450981452763,86.47063041759611,131.1203131377968,421.9768255794519,356.9764095080166,769.4709932739735,1391.9281703508118,1323.5447315516335,23.345976734857715,31.637920140949163,24.455772782510355,85.77319956321229,22.040981953548066,20.881468682870576,89.7240571499334,478.2215939650992,1050.4000511330562,1879.7259719297049,4345.388028873077,1153.1370002308206,23.75518400948741,636.5685461754325,41.494662485162394,770.2078591177483,76.53392113187974,510.4904731853619,155.7504772058149,116.59766293688769,182.54143477290455,43.65425878905758,47.25046100953147,184.56778389066704,84.69257973473464,292.93734655861687,198.6809605215853,212.67870096076393,227.35445902619492,18.795340617308963,16.53058055938059,121.03700943593935,0,0,0,0,0,13.838045068319893,2.5522590566845,5.891013115299347,3.1677394434885606,20.120924094451972,658.5414156105619,63.229966087876946,116.86851388635391,11.257871705429253,121.23746382908506,35.131973721058294,288.73737364752293,2212.8480472265514,1073.243281210186,1158.5035944237497,765.9467678828371,695.9077992287889,248.725292173419,231.1337774733066,403.8859368133167,372.7363052172328,278.7401266712106,582.2535231874004,533.3252392141721,90.73392372495447,463.8026160773824,1253.555137441619,745.1760411195655,96.97828179296596,69.03299517848767,67.7083202692028,74.92814448155266,36.05199063297958,73.12793212168661,33.01583320350516,75.14726905044203,68.99286539199001,102.58589691846527,92.65830876056265,220.1299482612591,1604.2440058602795,2097.892014512095,2635.0202447437155,803.6980027153772,718.8675313791905,295.46030647873386,261.15021633680414,1579.7480949063113,1153.4515888927567,1559.3915969848338,213.1097249448144,148.46749790078243,145.88456189592318,87.49925995033188,871.9511243935426,222.33299780537453,113.75393945620618,172.60142577235948,554.739485117722,167.53181762746866,689.8100385091957,333.82229987178357,139.7834081267137,2273.700581846805,1073.5493473245097,1261.26763234637,1215.1862956586708,867.9369334134462,1927.1741608793586,876.3847287917272,437.66723837749845,865.3619677545175,3727.0741913910842,834.6430893182879,540.5699796099741,11.971445639796626,43.55041832389973,53.699346977347304,35.009164839747605,40.27709719084926,35.27471209052441,20.85108906058882,11.52995709516174,136.91414849866752,6.181307574428095,37.49122181211379,5.803736707790364,212.54958975346509,624.299312405329,3124.6548946029106,5.806295182298607,22.286015900449712,2.9320813355623665,112.6153522748335,886.5407569974922,1133.0322058754207,1027.7634586779093,507.8411552398429,472.9103434544065,70.13304319612342,556.9582513855328,1183.4170745625972,756.0162947799142,2574.166112841082,1253.5771015404684,2077.8239050307193,655.1577517236402,1019.4065209162985,1043.0349625633303,1737.2411391107498,2728.932779269132,574.304056922288,592.094339485218,2952.4602897581103,1794.297594747491,599.6367102458706,1682.98375765488,1819.2410394302651,1045.8294346802165,1976.081805541907,3098.3790592515434,468.14712348495715,5001.696790703973,3990.6294506329937,58.52187167212592,2038.791420183274,829.0968028238632,37.588138756135315,1581.2504345587975,1755.1171909812201,1330.3565461148744,455.36985730790315,53.964441735800456,180.0595099690607,151.23802822927604,24.06235860050377,71.32757173436096,516.7098930078358,1134.9623849817858,791.6911418771181,47.406428959706005,385.7148279122214,16.163068089997083,13.052813978061158,11.415180926592924,11.486961913649026,12.386512623133275,11.296136345030025,18.836791363422076,38.84615827690961,45.48341331507529,32.18032742143589,10760.392337453079,611.0472126254233,2908.7981754316847,532.1514985652616,12.743656508677248,128.87319576579887,247.60176091429025,274.31327364088565,29.298802230734783,655.5706159661452,3328.4272256461645,4653.063566656262,471.3549117349481,161.27495280218173,215.6907252296524,2317.885238315113,11147.815373425365,170.27050298677366,2367.848651265221,758.3854550016222,822.8729146300475,861.6555287792703,69.28956397785984,604.3750735866438,92.94389491687514,245.8695378820805,26.69915446545835,414.8772673222176,23.924939146767365,12.3960550347003,12.339078150772044,24.611436015422274,4.3101879212247765,18.585498961134867,66.90641011193517,37.13858881089646,108.83736976586243,37.806283001272966,97.61921059049781,792.5481792376183,130.4677834639516,104.02600155925846,777.7375129982386,51.29538025062253,54.63172211686159,508.2932775860064,981.9005675394952,290.32644611653984,56.19154295751998,188.53293645920417,226.31930813689706,68.53274066604905,92.85716242029592,608.9452537299711,123.23342311827773,274.954930637739,58.52941402654299,91.3189159370568,210.5412584236092,373.20864124451924,60.93333527052579,65.50955956645666,63.925436876016484,73.78252762864363,227.9092465903985,398.0558797482664,308.1117073408945,51.30731776752867,365.83496440296784,60.25757677088566,96.8795536027416,130.80485928547796,627.7217600818169,463.1432319982076,18.09047836922672,50.320297859017906,134.60743516602352,52.4491291745111,15.105838685949829,40.12933360734986,164.30863953222945,372.973583475285,116.02894472513381,254.67991160857392,457.784599895576,1553.5950321680305,6922.0058630897065,20098.285666200645,5848.125463897926,643.5099212082907,709.6172859691264,636.1238967965655,202.7454558336696,268.197802930393,280.1860097164445,337.2977009557255,184.05529048976956,101.15298379969508,76.99773333031158,302.1712502427856,270.6414347838112,136.55983530309643,35.77471293554018,61.737817673083434,6.695281663284703,3751.079559300929,22.079136498104095,13.051588991383724,667.234262220871,68.3052700745762,50.956676113239105,51.582615196813265,2.9222548606442724,26.557873485101425,0,45.532807080947904,6.582795487112643,28.388216689826315,30.00075302158975,27.251234283518894,28.696998850350493,27.0656542953311,29.91419735260428,0,0,0,190.7185778084682,76.19592195020638,277.1797344186927,332.60247726809894,187.09764335177493,86.93126863410913,95.77038441043402,400.9011331313727,364.2117778613233,497.04846507728564,420.7821854683815,301.3168954241549,155.2265705897389,121.75911110051395,131.87760423919696,157.66428878136935,199.60992368515497,105.7194506489143,182.9910702010364,177.3847405399389,611.2919807299864,976.1566811219776,183.71688620739735,534.8515639779461,38.17290870509945,154.07460015894688,764.8665032649832,176.3570639234385,219.77302676748454,1026.6831133138032,185.55210122327844,914.2981851464504,1049.3231399656768,1059.6494781004772,1385.1510014485953,3639.306297595483,1634.18181350935,4489.614226967849,965.1463736120055,644.3180178522852,378.81663427965225,1105.3439612569432,482.50603581734396,1895.2622383948885,0,20.66763490647391,20.936982908792857,64.90563791417917,40.90978178290409,789.4505199722953,52.338768422447494,45.134069891863135,28.910717644695374,198.4211266058309,830.2077053086242,653.3094904450273,955.2699448118452,2988.8702656635214,3165.3001144691893,19.500635537377985,80.9379237178826,162.25139476744963,24.625078972669645,116.98346443153005,215.55544216392244,86.63689903115156,174.50351786327863,220.08144264557978,233.17366020239032,135.94916026426142,384.91542310782654,92.17247260197281,141.6228678482128,29.705683135606368,16.44129874201922,6.441396822952,62.874577702765016,19.03552953389258,6.608310835449655,161.43763058212002,10.72637246273934,294.6148588037853,32.025727384544574,82.68524491690634,7.3974997837018535,1.5572930516127816,2780.7663533054474,2800.4750858258435,607.211773410016,671.0440593095202,137.53680884844354,1497.0942897615419,1339.4491735099612,779.897826040056,405.944083440499,141.30585227264075,136.7886272406144,138.4749039382317,39.67823814253133,46.9928473594,58.164753650718794,35.661066159777086,36.62460925911236,79.52244453776594,79.76877108683992,112.32707599674495,507.26080234290106,1353.723646200736,447.19998543009103,141.729940097542,35.38869330154655,28.11927073768818,71.08548243478428,67.53280588748291,31.633035949717893,654.2325000063967,260.11052755862477,95.439660481998,63.626219207216785,45.08761146944381,411.60035072763446,355.71760195239307,752.1916956419797,783.6586981525886,228.6773560550192,187.30340847148713,360.899564777483,383.5898207319461,646.99058028292,231.96441582966466,7.962926252176553,9.842372340636892,240.65121442884623,132.28979217165207,0,44.966012511214494,4.91535142101174,6.5501051659662135,77.26132993901683,624.0974230438942,1527.3082166260087,1652.6633533987474,95.05078737655482,98.92853476072185,33.535489247004385,120.50995974672824,474.6699533381848,155.1385236910997,571.3325033118922,83.20565876098877,83.4633329772283,253.37424326430252,532.5702609298583,89.56938210317028,74.94182595760066,6.581573656894787,3.825605076152441,4.259775919939799,13.310600033159373,4.3179037947279975,188.9582428969237,133.81807200336092,6.772481118157491,8.929059276533398,26.816101342310123,14.248687336154712,29.763757644613044,248.4387569907561,604.1354927215026,18.319194148646986,152.6660133802665,128.79161685078833,10.498905921954643,127.8674406186457,0,0,29.713121620347767,265.1358403267945,162.47833468287826,11.030582167714348,598.4920261277674,348.0486371097409,66.07874880766369,10.706307954075731,6.3082731634524585,40.86448475663501,4.953498293257079,54.34437976190115,6.8472086308665014,3.5794553171603436,5.632554324595452,3.4306732632207764,5.104202310522887,2.520019972967242,15.403244971062197,295.7589770626378,3.390126691748483,1.1517848402411517,145.75825436913684,706.4710041796885,522.9602376197021,26.420336281443127,198.49409258211503,273.3010981925044,226.80126125665743,422.1075789198555,208.02913206914124,273.83651845668544,39.8479893776057,75.87785007909893,1596.2208191096179,1150.6779555415403,4387.534692235524,3269.1434338445843,2662.418777650347,3003.725966681812,1528.2038617903302,949.8969300009095,5.080748919175321,0,0,0,0,998.8050285017152,0,0,0,0,0,455.53281483424377,0,0,0,0,0,0,0,0,0,0,0,0,44.276664011985766,68.87672444733535,0,0,0,0,0,0,0,0,0,0,0,0,0,0,0,0,0,0,0,0,0,0,0,0,0,0,0,0,0,0,0,0,0,0,0,0,0,0,0,0,0,0,0,0,0,0,0,36.63665363482088,72.21480311426959,38.558531991002894,56.30347129116037,0,0,109.33547840545052,0,0,0,1.2942731067415376,0,0,16.59756545170698,0,0,0,39.91461051819134,49.35791903236882,0,0,0,0,0,182.78964782692438,3.1394175921083023,37.024923659387625,7.8437280397410625,0,18.76914455274412,20.909814656346636,13.667975657497122,12.56394991918757,80.42316997141955,23.000491279525658,329.1836942762402,262.0718963146862,104.95907257752731,78.22521638593206,127.03131003796312,173.7616548374744,0,471.79771165240857,21.811436546482142,216.59590477512543,296.9556876668528,1514.6353241009958,117.79735340826016,0.7604473165496773,92.41808751978908,139.0247225046854,149.1517652352899,98.97880899513132,118.58051464118518,86.66858367914243,86.31987900112098,180.00356736864586,7.503742433471463,115.95585930262874,120.1269909640125,113.32461384175704,4.124593363794145,151.4179079142429,57.047784115846184,5.926684971899607,4.241827686607997,116.96554002015401,12.617525211340315,614.3416276928448,442.298373441727,18.76798130795777,413.97477587747795,320.1705956538219,581.4012812146673,133.4803149647939,568.7265366915304,160.40112237046807,520.715780026681,118.21867087250325,274.07548743999496,427.018739283716,41.74111518129408,690.286079250011,367.7880484376693,37.406672127789484,191.66514699215455,29.40907401086832,17.157716749166624,60.07402006940847,377.1276324448467,391.2913956895659,835.9821277006379,421.8873287696832,480.66251852856647,589.188001727131,40.139719501192594,1.8068403641544957,1.5305866399478636,0,0.3654846546098042,0.7436335963246109,0,0,0,0,0,0,0.12784820232816507,0,18.010911685762377,98.24826060692475,121.21040796790679,276.8548867871769,0.39084898548434177,673.3688937863537,368.72053820118117,176.9890014818127,2.543987403522923,1.2112982605844518,0.5144870011010128,49.453738400485534,41.103848067058756,70.58711699752828,72.05268034262183,398.9292392548568,310.4575864087599,116.41244311874323,375.0901557936919,217.6785907949398,555.2425170332496,753.6670704827427,1708.079024232898,1891.4782072338044,1324.6403114500529,2066.266435151611,1308.1191232673518,239.26624938808132,1302.572265246745,1458.4868916424175,1477.753846886021,797.8062656221128,1689.697528125522,1.0739656402738158,37.67491020182073,356.38465183782904,350.3483390514283,791.9611774293099,880.6648617091762,632.8886522717607,7.5311133958061065,36.572981271632884,39.82804372928295,24.80779234085123,8.263499686351185,52.941114738636074,6.112367146386966,8.011954505470447,18.087096029071652,173.2609523547892,334.6243178491143,56.779128460922585,134.0731186576277,965.6127422624224,123.04115948137223,591.5294405250423,1157.7028845679356,43.38767103110266,4.9003790503328,714.0596221010915,258.87428861544055,568.6424831316222,238.03013934275657,273.9467523805943,345.70812564452194,207.58937948878406,108.56635559489695,834.8215718237343,668.3831518906625,773.3295380549612,1205.2411364229708,375.17353424487186,140.85042072401717,303.546295172138,59.756500587958534,170.85012452370924,704.9686771940786,650.4097910340535,597.6595781801606,460.99588032692617,658.9774709057922,362.85991267001583,352.73805090490964,243.05466856891772,416.2824618781172,847.7708957487783,1192.3305488854646,1075.5111101703849,741.2959654634847,414.6918207527526,193.02416370875974,331.5760734564617,128.31702532091654,549.9902010379645,388.8065115767685,964.0984518043488,164.46839711979302,4.141150822982383,3.0543061991165064,8.76449242222605,27.775903250276123,40.864433222084514,1192.3112187922407,3150.682128147884,2723.5057090555765,166.18977010733914,442.7596736288584,1560.5706598450506,1421.0069500980449,187.026907595504,477.5007514081441,498.5097075504492,418.66499219006937,196.455722253089,1459.3740459511992,933.3031851432149,136.89728881165763,105.14547405608666,1220.416419326504,311.6192073100271,414.11003490935167,379.1372280694196,769.7905958926705,264.10062708668517,204.87813981959627,225.99263351495168,193.00555327724877,782.9093733683067,393.4756847386451,311.84572470899155,323.59073546272873,321.4881422188947,156.43075227633426,164.80993248545525,480.29626063137624,98.70051534630275,262.0385317702808,408.3535302953154,163.06846917966226,208.03093446536678,550.9709957144483,1091.9800922248758,136.3253092408227,649.6154506032714,48.92748983901163,1286.7719168004655,1072.053700787181,173.31171543067256,272.60457303561145,267.8127945253899,1037.2542142075001,1155.3943827763449,1086.323771412314,705.4515403603274,69.28019387506409,129.90829309883327,902.5251160821448,294.88404915469613,60.93660086822676,252.60420414173154,809.6297380614366,13.367972356053277,1245.6405673852964,265.41766070484925,188.34645514547398,696.6937128927299,681.8120374824744,119.70080359122463,333.3307839322466,482.7802523650535,252.31590157402164,706.0435172485861,314.7967260460457,11.124898402038154,201.41445951909301,138.32259351943364,144.41160867917117,178.30751616292073,397.6816161468114,365.4972829562955,736.026937471542,335.50225767484807,587.9622342317039,379.7255002005971,171.6898752229971,25.647978343712307,555.6423617796456,229.94433211822098,912.3692777776912,1224.8512765390324,1272.485811225726,509.6308365562562,350.1649854723443,426.97664962468866,830.0523087006884,466.44595276168144,460.3844912293048,1.9844384771715613,6.7027997252534535,114.41119622182786,55.390745189738446,0,1.906474334544963,25.93898852235923,0,7.0075020400784584,0,0,0,0,667.5504070075572,0.01402370579063585,0,734.0619384686881,1040.4047593208522,1669.4524183235744,1280.6758139832968,1152.7157844988783,1533.91264452413,682.2022605213115,1170.814848451774,0.34910942764569564,656.4545178735129,0,36.44711601509064,0,391.6484655201398,36.87370398211978,649.9177159713431,0,0,0,0,0,0,0,0,0.559977852701411,0,0.03262056665145807,0.019253013479298406,0.08802265457176699,0,0.11249194587346395,0.17694051584937515,0.007867281891078732,0.03753511343070893,0.056883685776201356,0.0708351154711608,0.07228661296312254,0,0.08777074735441812,0.1624100136997667,0,0.04569588851028884,0,0.10365646644181352,0,0.330645785617947,0.07925583476932618,0.35963603590837523,0.033198845140878015,0.1585090608416418,0.11646047754680075,0.066444810982173,0.5878286827566599,0.07052454065131046,0.1675373911085302,0.028022772430436334,8.608873220816701e-4,0.009655422969607873,0.022702587930549727,0.058238103967079256,0.024184233373472877,75.46549981681571,224.71622292374028,649.0795479875235,152.3221129832572,983.0852794449357,35.410591691307445,51.98854427909987,3.5201894516860306,0.4602015594019596,0,0,0.16997674711264185,0.06701178638157916,0.6542686465571569,0.08197395056777601,1498.6863704752363,743.749767149436,227.59284066160845,140.83579665117156,485.2076623108783,66.27457131519859,56.536206308435816,273.16164041015196,51.78512001195737,139.13317495082578,190.00208868147308,70.89330428160143,402.66184610631854,179.0754670245631,574.8235595004996,1375.2078700011755,273.4438550930646,156.60568378850078,761.4089068346366,637.8681791673132,225.0427490415842,549.0865487591576,1683.4596669015284,1846.2362519360488,1086.8703947709657,669.2165793553031,388.28700236047894,261.69569717467476,192.34095619668983,151.81018885146028,805.6726403799847,1052.5451466305274,713.5718413760663,1732.9431435081742,724.4052548967101,1026.4762520889221,1100.2039689032524,1068.9398657904958,1350.8383408678746,1947.366472005699,925.5700854120244,2905.809612596063,1793.754172706009,276.32464527041947,988.5973448785401,259.67484167358555,192.44018124783543,165.66370196751282,1.4130702668577166,33.81827553812942,25.066233603867854,36.49570469585668,19.592658552929652,7.070390184174488,77.27573596566543,31.72599046499875,80.31336399651667,3.733314304561639,16.824701851212353,292.26239299028947,22.609816008189405,95.225991800986435,22.549561499849528,199.85651761838002,15.427134990112172,24.49088775609786,39.397910160007044,160.03415275395835,82.75710709979245,102.806784587156,3387.776920101337,658.5847166843196,668.027693200481,882.3108551230217,533.9077130495333,300.5596544251263,1832.0143677355861,1196.4791284013963,449.8117261879226,291.4147152691076,767.3500720588792,1305.604736546451,1279.709350874833,4156.18716204224,3424.3443111550396,1130.7557837518555,2285.2836655942224,1956.8911077869157,5480.782385506446,5975.064792158329,2409.8176597608353,1642.944760537355,1550.5604316439424,1828.133462114007,2154.8953883824547,1134.6388698377575,1548.8292734227994,877.6323482308821,1665.5771942608712,1495.2275164253454,1582.4521814760797,1472.1581371634647,1850.667386024311,3982.572269669001,4064.24572071954,2662.3691107745526,3782.7274850925182,2270.6841305088897,1832.877045052111,1008.40803543757,288.19984998113625,864.2785922451517,704.304282268407,961.9200134604107,184.3048369215497,314.9120852029023,442.92827410318296,453.093358554392,106.84803285179984,254.66425946634192,184.78295374020678,212.86756369953576,270.78563728810644,536.6555107270927,102.51714833273435,4.449053593717848,15.770458470742593,240.59872969549434,226.12025225509873,215.84383272408587,98.3824906084452,361.32481411217185,140.90863138487717,59.70860243709424,266.41597436641763,383.39991048095237,229.64389176265485,577.2687526317648,128.56799022100688,0,20.81854790289541,157.52471610469468,27.03020126805764,98.07234060722915,134.91539968123362,327.0395534423929,410.74477474336317,785.6867743039743,273.08147417952836,1266.0745141282523,483.797349747447,2042.5254888701747,326.24777666661595,508.733638273382,858.5712956089984,3424.3264559510467,6305.278783309396,8142.492479275431,6609.712258327271,6316.23630363208,7625.228366944004,5611.448847039896,8447.010566353514,6701.291512979505,4652.5831238410465,2491.145618464956,316.3048055258492,587.7510536823282,1945.8690265764922,2148.496084825399,1510.7641651589279,368.64217469286785,197.93211002209807,435.29684998436755,172.08179411485224,118.51583840401287,1567.586322802051,841.4665340077156,1215.2472417326564,1373.704564320679,3251.4248994657937,3537.508868970189,4708.653164357935,3497.773000846006,3546.585710757718,1940.6142834698771,3579.0741855786205,3979.9318089623775,2420.1248635670604,1919.5664916909525,4054.11370790633,2805.3736935218985,2593.4768638632972,3050.054018541686,4302.236659942363,2233.4757274107915,1918.6911309688,856.0516712513491,10.011248057524847,238.99172278459636,74.91926032966693,45.43494868122236,99.26436198486196,233.1411403468092,339.1299804404258,282.6830208498103,230.92348421780528,181.00857168760874,327.0116711778865,340.3787654039869,306.8673773110251,989.830954362213,258.1194258530793,235.4521885757322,647.2943109493749,587.2584456154751,765.0256700032539,893.1125246374394,372.28956392740463,1653.2513192477747,410.1110629888613,1933.061752317927,1125.7021633562906,552.1315623727036,353.86607547759127,600.0413641221611,415.8883180973913,317.78694006294506,166.3062968398535,850.8436771346713,398.9627609500155,230.82579320623498,168.5094752712183,405.6845614667072,352.0220928708326,331.1048878104789,571.9012616252113,374.21421004760225,237.00657691079675,245.91765240515676,184.42163920340408,236.45792475865719,3245.292395010583,1065.8683425646782,496.5275260140837,657.9228944640678,1300.9944384107198,1300.2559265552159,890.2867182216107,1218.0152139143624,473.758747118832,255.71547005768036,355.74938644765814,105.26251050494139,127.52064914783469,329.3890456515054,88.4735874586282,300.56084916929694,331.3820906496744,232.34114786936703,286.65163575058483,1030.1654561541252,429.47805435704157,331.9120439246721,1147.3969084644573,600.296318752214,818.273986554063,1025.1978471968696,1096.8274281720417,1065.7195600017174,620.2334300651486,1025.8046124966531,1436.1197375656711,966.5096843816955,714.2391764898757,967.2978865579609,989.3211938990689,302.145805049237,314.6843424945439,173.96820599330493,163.60358847886133,163.29927409697015,106.93049155148562,116.23233597926537,158.52519829775116,875.8578752029243,398.1189062557381,60.13370373878267,328.8127808857777,406.2247389963812,971.8762413976883,1608.1635302392503,1234.1900472287293,1172.2613262773127,2023.2002202098524,1744.2132686009813,7495.228151087473,1095.3043525616588,1219.7836383035792,500.3278418079781,325.05539436380377,1048.6108128539468,2522.1774599630703,3266.500875165182,4940.003619151785,8890.432940486828,4485.623296681407,3413.971848078042,2682.760544770523,1872.7611866536208,3713.982906548751,1554.888182981222,2305.5440533347496,3556.6669050382156,14896.994183447316,787.2254216165378,1061.7137544575983,925.4881201446194,1014.8698506528018,1262.7638289737647,554.5345487663385,257.2213520311412,416.31105032218335,1058.171019102747,1271.9745651698852,1167.9404247208731,958.9256623937175,832.0773454907956,627.5944157118081,170.44291405534764,20.869175737610618,261.63528157765666,293.2626412066873,251.49024682893793,35.976139167374754,48.13476744409104,0.8775035557082579,223.8020833757583,155.36877007695543,2961.3397030555543,2467.0575211089645,3045.424698994811,3697.338953558233,1407.7085535261967,2333.488644342092,1912.5992242684777,1202.04740567362,992.4622408519036,665.5875772067105,746.718688539978,500.23796937355115,746.3924923188561,663.6401528034967,754.1076865146009,608.7842301651575,209.40041262492443,668.7255181544979,224.2525786333924,290.687843790701,200.5264261593149,359.2478384790299,540.9785092777292,328.0985937930693,79.45437358811792,75.39176166425385,56.19086228107048,613.130078559398,74.28449802219492,459.9027741064246,371.6477607198462,258.28687651609215,507.9215801084076,302.2727187265557,375.5552754044688,661.2250027603036,903.488329576078,1817.6952770732275,1674.417676747031,1725.4966450775196,3231.3479072524474,573.4723369521238,817.4868630605174,642.8962125995848,721.0133513470788,676.0048656683249,139.05182003347113,75.06705284641475,130.99938628545715,91.5732597302503,80.85766180052495,67.74273315162556,135.12165951810462,2.231734631420676,1154.574141317128,183.06354115563693,140.0579548650493,45.98947761677752,55.67901358869442,1914.262651222004,897.7353860797239,1586.205402372229,733.5826182323729,197.10815845704604,190.6359193340223,586.6339469915096,421.02193199711803,754.7313765066116,990.214346821049,280.46670649047365,931.3689766438625,1347.0817722040701,1719.937852324268,1057.3875119255335,985.1060880349189,907.4588611211042,463.31962436082506,907.3883700975089,1078.1474968230077,2267.945285770468,723.5550488959987,317.3934923707457,92.70675312017997,71.37248707656053,58.76051382413236,225.5151241307742,76.94484775304502,72.39750896647016,2526.409982443604,3070.8548769679414,1752.9648756380761,693.5859617074736,1423.952133678056,1092.4195932144085,86.58845888180353,130.95481451893883,918.0389345908901,772.5984828194752,1802.5293794803465,2492.0081572532717,1528.7598601751306,735.1429110601805,728.5784454267882,462.2018784064439,266.3364191052229,64.2610814363578,249.06683038913405,707.6094953561585,964.5095813892402,985.4458047608197,1473.2978125211264,1648.617994542364,1148.9444488250028,100.08376177351352,1548.987316360908,2917.58117600606,738.528929296848,27.995625908252133,25.198941612645488,88.4322817776404,22.493538767072828,21.58117493311001,30.544871445175758,25.28207573783729,805.1042752264144,7.253026402772785,539.4066015956003,36.95795801629754,626.7181223547028,40.85122011836796,50.36188851165005,26.402453382420752,220.48290460992243,34.300433062693394,164.54568013149952,76.32649975843098,88.63753827856182,121.7351420001831,379.4493833449268,115.07997793450673,192.6852837793433,56.63313353807116,190.0852575650241,443.7383628845742,271.7938511642378,328.41693263858235,295.2016631929541,523.4638403491101,111.59037944055079,189.44487183756874,55.28955145291244,213.90228574195632,20.359414396791678,38.401419158933486,67.18001865642722,85.10940759402891,71.5298777327079,419.37922674733204,226.45511974665064,138.21188129580702,110.3696739145956,65.31497098477239,67.36129587046103,58.19184007217168,58.59831417232285,63.997589909734735,158.36500737083244,50.53668070891794,54.642099680300866,223.08836409334137,53.90439572407017,149.94102724018367,228.5462429912317,531.3898509768635,1708.4695275620413,2043.3773257852886,1642.90145463355,1210.6091131488158,172.91634683550654,205.70511009851302,66.56146737529392,198.4542517970001,462.7013789582582,378.3706155444177,160.79441567620015,549.8880619731889,177.62406430677652,512.4530781307363,556.1538294633863,206.86051949005076,494.1358433675256,514.910904127891,144.97217790382587,526.8842468124896,191.89534748217196,169.80018117970587,22.047198950997625,257.1469679389749,180.9329102158321,382.77689246767386,671.2237644915634,517.0988215981353,110.68984391177086,361.2507026963649,111.62117395740134,90.44325401402608,313.1244879904745,248.07527729682258,489.9045385362198,486.8312903684975,260.6111782534346,263.55485440876225,109.67322568295685,134.8893864825975,60.94951947121741,475.8032322001457,825.8398243689334,1379.3818817033034,852.2609362832702,1135.797601066949,1667.9457620134178,2070.508436223917,3715.953093731118,2131.335359960115,82.85406374094404,179.18529968834835,284.3715970494842,597.3207395006351,255.6093395971561,271.75234124104674,276.95597006517505,366.1084187126027,655.9797921314208,295.00190632709683,297.75527475139313,293.7746115784965,1308.231075196338,322.0739867933576,128.3089330719735,372.59010376077634,709.1155788491965,406.1166398224781,82.11994811824832,180.20780340582277,23.328995976700092,239.1914543298672,642.9017766066195,927.0491082639185,626.6088228499007,631.1552557252543,545.0995248543915,929.00452007201,347.1558241680029,80.60112695546944,276.02761546551193,301.5283548627273,106.14547756420289,186.33868844040057,110.53677732056143,305.82294949002517,369.5230946866014,645.1967203936284,393.81643078777574,340.2976679992842,261.74765477119814,55.090451125587805,1410.1534530619363,2034.742709395217,1431.1162749632458,1178.981899123118,1930.939730498796,1689.5231709321647,1275.699144692127,1899.288984231002,1374.9801285624114,2055.1464569888954,772.0140191518286,574.5693474307719,225.9926136307864,853.8196841438165,44.80498849747906,460.8660179776561,665.4755153016479,617.971646951416,971.0671855176759,762.3874899945936,37.25255121111212,257.7141363157071,54.314703204455185,131.26614553408953,337.8937155216745,287.346309496854,330.6369133971374,79.80313298526534,7.995574473959552,29.410470642959062,42.014109955014796,125.58559781254479,628.3816824364931,117.93367841146964,707.7444461036238,756.2074761553121,220.38026901123374,125.78850878903705,649.8881810989395,174.52804117155617,58.46132297331394,40.794542401562424,296.98961181924494,588.4620195355658,251.00479626032921,161.20990121174913,99.1978550223911,164.56218917519925,70.99691540404585,78.2967909542728,121.6320947051341,198.42399323225524,315.027247632215,296.3133313138155,196.01197195233257,686.4563176604731,653.3834742411525,44.29849329184433,79.24969760614155,204.73751584650745,330.3707042516274,105.45743029891202,239.39340982835427,210.71584539124788,81.08462063414497,89.96509956143849,82.44525228999309,253.2654404158116,487.4068275525153,80.29373237235927,152.91976176400854,573.3770455535204,1643.798824618217,135.05519854792055,234.43292048834547,479.573818719108,330.15641298751575,47.56630016631482,52.76410839476006,235.2032287397463,388.79084665087294,77.8514429139933,192.88332057187506,378.8303739356243,179.89043679174867,739.3156678749831,1060.423933036605,1008.3940922334057,1380.8533931426812,307.39370446358845,489.51034478793446,333.76172019575023,139.36124244258255,155.17171855779836,627.7622273353956,689.7956599632738,126.1230829908266,25.95811275642528,39.14773210243649,95.77947488691491,29.47910353838361,67.28446805811811,10.774503781406848,41.36754561406532,113.71793093383916,134.67851194694737,440.904216346839,168.3475107722102,247.61144490740648,555.4768477366372,204.0859100811092,12.133909362922878,217.29707783611298,0,0,0.12578872376737285,0,0,0.0167186344609586,0.19875712879523655,0.3895441055919071,0,0,0.04539763583361816,0,0,0,0,0.11577130128919101,0,0,0,0,0.007112384850753126,0.16150718151159987,1.1364727087031814,0,0,0.004561252410821547,0,0,0,0,0,0,5.175377860854964,0,0,0,0,0,0,0,0,0,0,0,0,0.7129547207744559,353.298245268441,2.888240186779172,111.99473510119807,3.9927012459573654,0,0,0,0,0,0,0,0,0.24446096266191716,0,0,0,0,0,0,0,0,0.11722347671729151,0,0,14.633002520863311,0.009379283612097465,1.3564219011147958,1.9718480838710486,0.7705517965492089,0,0,0.6322931708010157,0.017700704851358672,0,0,0.0038650578842693265,0.6288214210922523,1.8774611569028226,2.0727781728506827,0,0.013353480136254819,1.066881741021143,0.022769267367082527,0,0,0,0,0,1.932861497523973,0.13780649526033645,0.23976100737864642,0,0,0,0,0.1252062445640282,7.170535387812211,17.903407825285385,4.515984290425702,0.6644936418222925,2.1807146255870373,14.735026964161154,1.0535328937048372,0,0,62.90232325834477,80.38379863782818,50.41401220826433,37.64948229753101,51.47632444324988,1287.6644615918385,1105.7003207174203,1536.207396310995,361.41647296927965,1315.2382083659634,1175.7471416238404,531.9831715183062,347.5945449869634,586.5211949230533,2630.5570018978656,1444.5878689700194,1407.2207671073234,4.835539968596282,25.534541331712155,5.342238205352602,14.951681047363094,14.888999694184331,96.40238441169711,106.4438379704653,400.81684754592135,63.15670049869092,0,139.9062660752869,508.53971776562645,164.766419633562,98.51779550780554,134.11897070263723,501.7664337378846,414.996607612043,1316.3609183269452,864.0702431265005,1560.6360870212843,7.669086437168141,93.61405973127275,19.896056446942115,0,0,28.483834844983505,102.37523055952012,1.9512998867954345,0,0,0,0,413.0601863227658,0,0,16.898160338784585,0.1339375398490442,291.5362959243443,1282.0079262424622,67.48224578033992,1238.9654065725824,301.44220991187336,1257.8959280505542,1320.7654613489306,613.4474291695857,212.10632038499548,0,929.9489361955434,496.39601606515464,179.039902270753,51.15680251527745,34.02722171888198,271.9726721794752,162.2869461421963,343.4223851642904,35.058043073981615,50.7810725947908,188.25918716824108,509.78534456917913,1123.8341009939804,61.56377358394796,12.10284711852249,243.73794160471382,315.0938067782204,165.67477299068284,416.46945015963604,149.5822344832056,1961.0320308255489,2828.577604406492,2648.1215457911912,9447.601713697792,2244.34609569323,9529.370239824868,3177.7331361086476,3117.9050986832435,1407.6462401260867,2733.4133936949665,1689.608235429173,1888.6561982041667,2505.5302929580876,998.5231037042142,1389.4474097990255,2182.511225073883,1494.1236869951379,810.6737476670024,333.6448610615747,292.05263038776667,262.5580283367794,399.7180807589236,1225.9824237760456,810.1643699552387,2003.4305970588089,1025.1906959641344,2084.0639572934356,2041.9626219672318,2430.557908190146,1739.0295903256717,5992.503526204449,2770.6593625975192,12440.574405464005,5618.471721582044,13000.634580327738,457.79274511351446,30.26422293073601,398.7242782613083,79.87407355615319,1847.2570249489888,304.86201013809597,2.519001511187671,526.9272467712782,208.99371253295118,518.1453913930857,2.9583406393079255,372.6816276884175,364.34215620151303,203.00455646339972,347.64156717505534,252.44881704704906,362.89340700776523,215.74041889062522,464.0599098756922,437.1885744743747,75.83410183529948,579.2379827153627,326.50684029191183,281.4366168560577,273.6682104639563,2.9858013341302776,0,0,88.24238654243142,26.874283408700705,58.741588545971354,0,1.8138971073127872,12.925734801266593,8.986190546447522,760.0851034360294,366.8990450920291,347.1915551274163,28.850781780584217,73.1729646011301,102.84344535167799,13.137428883092648,84.26657419791749,58.599931503072476,105.4174749588567,422.05000198521924,93.51303520723447,44.222466509489465,161.22761766964533,280.38646701727333,746.02150513312165,581.4923210832154,873.3000370856031,743.1991637651992,1232.0179584930677,292.8023087629107,251.75083613875083,1278.9102099232236,887.9411871323202,551.265237608735,102.12606062673783,164.73601427539452,372.84051395292437,137.21127401810372,16.423822889930364,33.90827314518774,154.7601935399802,26.104320377399237,5.945059186706799,17.292908362876645,8.05817594142697,17.77851186588323,200.62354191514189,1052.417644600079,466.09928784084093,155.72680182346693,44.8701353012269,8.297301386842586,16.997071519491485,29.73728997356028,32.28111928442646,15.012820253089915,32.63560243842602,32.851056573763486,30.50880568711535,0,0,0,31.891550811106605,49.49356945514536,74.23243229706597,50.97256863881654,51.64896643436571,49.2640277532554,0.9931531643527846,0.9681456142063405,2.342246240831172,193.87032036605044,1702.9395077692138,2153.8522512917616,96.61211113924898,8.220997839459624,59.099823874751735,27.84421382558936,28.947608647617958,1358.145142934896,4676.177762412282,209.13254171812716,750.7680791021228,206.22041421853334,6.39596208423546,368.79815362633974,11.367335203627047,93.53113753981363,26.01766355144308,0.21529995927849563,0.3189315460044492,48.68602888280658,132.07160922452343,1656.0868178174976,1868.8298190456287,1470.9717664184468,603.5545736291195,1023.9311765956979,431.8322751656159,301.67275648219743,270.23736624955984,2468.822605255259,44.843075011198614,49.18796195410887,48.6767782406156,11.667488731849035,115.71689268884458,963.147659591442,773.0915070747226,1026.936101760203,159.74653800280856,138.71003343559605,261.884076658675,52.84906050814452,17.411304386991695,99.27800820708404,2.854639275845151,3.308622643446154,0,0,752.4797090920578,1373.5556621289036,1513.7372784736556,819.7822496930748,358.1960166253194,0,0,0,0,0,0,0,26.52969701724094,1456.4459574498785,4897.781381051044,574.3705023350988,29.006694049779547,81.21737965468706,156.10906293215209,145.50747096603789,310.3701729960479,11939.53098961434,11352.742563026248,6429.657068274779,37.734309336028716,73.14335188044087,879.7870781770995,313.0922613594525,41.05308993639014,53.17470030198965,54.18634661260316,44.389723553555704,64.7835664588033,92.74383390956523,55.25562158832041,156.53837663760206,999.2253337558745,75.06601952948054,202.98442598142518,1470.3148822079345,133.9600807602118,590.1758463257254,570.9341458943403,308.60826186016203,79.61809950990435,130.0709521601243,1218.7138166617094,506.21967220133365,718.8436503671174,423.7774295323844,278.6883977316983,376.6602934701469,243.33084895679224,3046.235405695737,120.5719898783499,5433.611238570927,4488.535997602365,8646.379159554137,2042.6696724352873,219.70652961328778,789.8407544956955,818.139034392431,427.61491044659226,2608.879935256519,615.0806368820233,491.5143197352519,63.711839627380755,45.438413375441165,34.61842405225366,391.21991816688006,16.768634851413086,29.12245623709479,466.7504050774139,172.44347506671244,465.07861491026495,59.86352644426374,12.400993490166092,2066.9707080148796,32.52099471623559,62.40266825045663,649.1720955335858,40.83915199122761,569.4774259310758,703.9259586337894,28.110486306258974,629.0323171440598,33.78992752364975,28.59423048923283,54.86041928864869,66.40902493896729,556.6114266421059,1183.7331404551019,226.30165344896204,975.8879340229465,116.35135075957648,1075.5525372943703,353.9703610826529,97.40363306119824,65.2436657238755,86.20699218753666,57.16256883403402,39.37764576663513,126.88282520508908,714.4559523373864,62.70490815524996,434.34189686320894,38.24005114305792,68.97480410574374,690.4872493317998,4089.344066450612,328.54569610490756,1531.0960811113325,252.6726194892352,56.33765254185469,30.495198113569188,41.79845161997605,226.6045795092882,1094.564956915023,21.16658324794517,79.03481134521688,2675.746962482728,3543.9053248126083,187.86379759459842,1382.9254461878004,64.55191085083597,51.74362094331795,51.75385099137345,46.66138659895764,105.69553280536962,123.96391871634299,46.30878978385556,42.644265911180455,45.220048507609214,112.90975374448041,43.2384814204496,268.18826917242797,935.0352999311128,135.19812145380817,120.52184114887271,82.69468936322247,212.54979841628713,248.45760670806322,2371.4518518294763,1778.0912317297787,209.5789794314594,737.6657684083591,456.3669841974988,251.26377081396907,275.0202034228955,953.5522648447312,952.6375036433061,1298.027507631397,189.63019167348867,3330.8114176058407,1228.822911013967,5090.1162329121635,1142.2371612858628,458.8524872139808,4899.16923208191,163.6887399595434,31.319791653891507,42.18021348645917,15.56622868500837,1190.5502152118754,927.5250015315751,805.0926836870167,453.17098499000446,444.706773397221,364.44236612825966,390.90170693180494,216.50403180641993,23.649219862066463,194.3560707353394,304.38569701111993,24.370106123296534,228.989636968398,0,228.989636968398,133.9778512753556,333.5469431485687,115.45158090388155,126.96580649743795,285.11697186183983,415.9215884888542,127.95979342504913,522.5322975608265,137.08463108194258,134.00245369452568,549.140202267266,24.13839622215821,208.66204573828966,137.42024466266813,221.19947290058064,1829.7971133973092,87.85619916484255,0,0,0,0,0,0,0,17.224553912798807,0,0,0,0,21.701007876824256,46.710756577747006,61.741934290275836,120.25907688347797,335.18509640388805,5514.3424163803365,2798.3668905399327,248.9037733228047,30.195563603297348,10.588016669312335,7.520825362618312,12.85349163683037,12.117897619688796,38.221397347256016,60.97025743604574,2028.1649247411003,4885.375113037623,2556.0109964472326,731.3902420754649,466.5385649594798,421.8658512425973,20.932710936176132,16.96555043128293,10.92389946420458,7.338507456034092,7.336500349495175,4.873638542425812,4.902943197820586,4.949161335051639,4.872098653263371,5.311354888002611,528.5268588774011,626.3463795133675,3.7058015133568505,3.5949280604555693,1.6049914458887338,1.2195808114261906,1.2385300580179612,1.242940435628964,0.3618546210493936,0,0.9196792686400372,11.914186343686378,79.10284467997514,7.183171743218157,8.38833014582938,8.367837237837962,8.391681443624876,8.368490001920517,8.346155938684504,62.480245040835904
8,284.85132428668464,24.599692595012268,164.0310361715106,326.20930889774394,324.0084379441842,13.786554443287137,520.1716083764114,373.7738601215605,362.63464774392486,262.33179302212517,160.82497507577858,277.54356705065607,203.09785038865547,122.96929858274152,7.1557493055345756,82.37131170575402,96.3118612914198,1266.4789868173957,221.35906193364823,1090.714767237136,34.273333774260806,792.1714004331361,227.47660299327603,313.6802759793148,107.74297078744446,252.73885104327647,61.8261464021934,202.37042319098106,388.3938528688254,919.666412611382,2493.8002386473077,1578.2882922311835,2692.5656769871457,3448.00344921985,3338.3238863827387,3697.748909304829,1592.114351504728,183.73793460808503,91.54773944767211,69.30489816350577,410.5941983603809,101.74632749406777,240.25421973347312,1402.366567281854,877.225558251653,404.4413894021964,31.51019926727855,53.71831060769491,223.804021854218,50.636144606262945,275.1447568515962,174.12314968219255,1.2218128678862976,192.83425048748148,1.915046296588877,439.62912654188625,254.4264305497082,9.179156161331004,1.1972319777940332,10.65889908489758,1.1866210562668558,212.25443646783953,11468.645057842401,0.8203086539909896,1.3523372563394709,1.3525195369663683,3.9344803928441294,1.2206581524097095,5.90455197741658,1.5374344850159374,0.003738830510310829,2484.387317039377,4622.234498639993,363.1894030892547,0.02114771766813876,3.5280836093815164,0.06712791395072981,16.687300335492385,0,0,8.717824303756299,261.12668479847395,0,13.761351457330283,0,0,1.0670911018975442,1.5005163326629698,0,0,0,2.0554648718490625,0,32.15728713937815,0,48.52416259144409,12.056827156162734,4.42088192539014,54.334659981564336,33.5425103370162,3.261969139451758,0.11548648900201137,50.192730871168315,41.25052853958942,636.0175276255493,44.94836437506219,0.5853858566639596,27.31549902912957,15.39397019079427,2175.36638273288,491.79048301209644,7.340169372107407,5487.537422183596,8954.1591347616,11.839904006082723,557.7517466048732,4188.612303888367,16.156729860835835,19.05935933852011,94.72675174694423,0,31.668170331127143,5.56266771427455,0,0,0,0,0,36.97166709210287,0,753.0012001246369,0,40.10542825691794,10.524557514561971,0,0,0.05101475206568017,0,0,1.1150900173349036,0.7255558094161562,0,4.079496279949216,0,0,0.8219348784524304,209.43120698291162,8.527686799852168,0,0,0,0,8.546659924958199,302.62298292524855,2316.771887628376,1346.8603699578389,95.53023362755474,0,45.75105445209704,333.24115636016114,11.826567255019615,8.602840812185132,0,0,0,35.40755043142858,66.62783548028571,0.11762040241453013,0,0,0,0,0,2.6245259376823094,0,0,0,0,0,0,0,0,0.10629737751561037,0,0,0,35.15448560827802,319.3929688225191,40.48123975252541,39.76279425189183,831.5256363261848,763.3500287207276,595.561235554632,57.26980134263225,1194.6193313591696,603.0965891181711,74.99501607498063,0,0,0,0,0,0,0,14.819175209801426,187.482816326829,10.237021162320787,0,0,0,0,0,0.09951631572611187,0,13.130321410277602,11.21605352352593,0.763963919555003,2.728299876070045,0.32448619062976053,0,79.12655740355711,1733.0343897339733,1807.6835954003843,552.4338261777539,136.10274785272912,0,0,14.110766671122457,0,0,7.8670410963709365,10.77218350410262,0,0.4737987448626825,0,0,0,0,59.49888239740296,0,12.301478281001012,0,22.454300088949008,0.7688030465713379,0.013825703814581985,1.8133567265726993,45.703647550579305,375.25303106544595,221.42913080769418,249.84425350497182,453.0844725429803,172.67452238153322,50.64395869028971,40.616028217292424,525.0117030357605,0,0.2259561206782049,298.6568044676826,251.51253767789493,1526.4870910986244,3033.1415534350617,4097.850978678194,1201.4482528409437,244.1778248533467,492.18552064015444,12.005505108837186,1.7261455501338971,1.461852071285887,13.480846937545559,0,0,0,0,0.36182599126807424,1.0783965446299484,245.3005823719383,205.8173443337228,270.3887695992425,512.5317562200565,45.94520828472243,930.5454086234888,1076.010010651935,30.60321040710759,10.344817557523958,14.259492046714218,21.108239385456258,27.59172020622132,8.21581069753159,50.62480283984303,31.28954230218978,314.42727767581465,104.69324915784244,256.0409896560036,998.4775288489533,980.9669843113066,1497.780522984486,2933.0116917928613,2659.5523987841566,2445.945640454215,1285.9473034303587,2150.000363499158,1243.0618609495752,306.8340671964734,789.6954635814125,585.6310077369096,487.35651059273073,171.00978374792805,53.77889411663997,43.4724617664982,39.44110260644363,18.39814240860671,68.78757719696954,52.567775895395755,3.0135931822579343,447.24260589946056,89.46715332591306,787.1188688494824,452.17724699623494,1130.2324479091485,6415.000472862462,1960.427106755676,37.85548321742119,0.9136458397435959,0,0,0,0,0,0,0.1231924199684435,0.20662981900096505,0,0,0,0,0.12944496982590664,0,0,0,0,2.3001398791951844,2.2436493474561923,0,1.2256483877542534,0,0,0,0,24.21860825520793,0,0,38.620257123261744,265.26274245234066,20.25778920768839,0,0.2676517239640141,1.2563069263091897,3.627468046485118,45.07709006681616,0,0,1.4724191022087574,1.5447796893117207,1.0996769405521847,7.519130235438086,0,31.37477217703207,0,14.80619693008204,14.191297404359347,5.770188032267513,13.778703689001873,57.620778021260875,0,4.959272629672407,20.82405016185176,32.47627007039321,0,0,29.820871340582052,0,0,0,40.594892538114586,30.992602821178174,0,0,12.195455393518449,3.4811520686784676,39.54928365300749,19.693072582156297,33.122684977894885,21.78893198776127,6.6851811861307295,851.1360782501046,0,1.8253919445693803,0,2.8135731200260454,4.48532371689315,0,49.5604641072408,13.141065268004024,4.452883412906333,44.24437724844133,34.56546216686349,97.80099706287193,23.917231885287848,0,0,0,39.040934885268904,15.031897993273942,24.339180355032507,0.8722873388417822,5.335487670450025,0,0,2.04586258706398,3.16492206548137,0,0,3.007160263443827,0,0,0,25.716695799222016,26.946833016824034,0,0,0,0,0,0,0,0,3090.2337225338256,3651.7380033890554,5501.23676784476,5801.134596266552,4742.225957237326,1062.1205217055913,4141.690691660108,20175.640565850063,0,810.6313764381027,50.56156838168141,210.46161471490117,973.1579360640002,214.5847603465006,134.8106889766026,1030.3673054948488,184.1981837455722,210.73322860623497,503.05954275935676,143.23473280084926,87.51929601551915,394.95331509968946,223.05171611486767,663.5472407349492,1128.1939424619786,222.48779503695204,601.8295618932476,270.6495381691682,473.49308770776753,906.2703469628327,1368.5788336255473,1259.2633836636844,457.3908996202306,7088.35433983206,3430.5413638134555,480.69083285196564,932.2729292270564,177.6417696778503,972.3024285516127,554.5195631272428,127.3009907948874,70.10499879197968,1040.0130423765445,1043.598449162321,132.36631460655533,1303.476144247901,225.09822514878164,1192.382065988588,7966.918055466507,21896.00489754271,1429.7756836681513,1249.1485411494446,151.98520566793843,503.90232167993196,855.4197343863917,1388.502190366494,515.5554471510735,125.35471220618916,57.37040099802819,441.8961323080573,0,1157.4355116109878,599.0510757509597,788.4417366270661,135.57993862072155,105.57018787402919,168.41614961785916,561.8755932830873,616.5195905492366,242.0639360402662,67.18769754113302,30.796673282158093,28.11213285444245,18.587165073361394,8.180358062759495,7.8243303487277425,58.52189508484513,8.362998243864817,629.562471062872,712.7162050315521,391.2222759156471,2176.6904106155603,9629.074659620117,3470.9845638573397,4477.736764919872,975.8850929156312,11.836130820974855,77.39306067127596,11.557027010932863,0.25057131856986964,139.1089423088348,3.2598807185969263,1411.0420740026223,1116.6669552677724,182.12684134593613,61.20123835137267,34.63170024454135,215.52380756310816,141.67763411858175,874.8278863227164,167.6721382254257,7.176535611812645,83.35795515183823,236.11357667559588,625.8629631457422,583.9234292973822,600.6392042513996,302.2458969895937,14.187751538111241,187.59540377607806,716.4708096148127,178.53414158975957,25.817972370326988,6.460927477048306,23.722198793028667,74.1244954802182,1270.0725737339756,1510.082627707862,3432.1318442379616,2607.135814201679,1901.8103866413956,1427.0396641279913,97.9716419835638,294.19657703537433,993.9037681972301,1888.1101064965324,677.9041676426547,389.94341980191854,120.33818098344258,51.30973864035043,32.14042548766604,317.1580647286471,5472.645709079705,1659.1740119549063,339.6407179160267,4006.0266718547778,4731.76507664708,1219.5110467972627,4578.5334077332855,404.07399357336755,216.67432054919496,221.3632386187399,0.14269296194135736,84.4793139362285,61.55078462096318,0.19009231223897188,0.10534863905711578,3.0689582545288583,5.463770654473353,31.917127530307013,11.411067840036432,34.28143119455941,213.9158895252186,371.081822284662,1048.8784508329438,1298.762886098524,107.51209405265807,675.6080489333601,3961.8882060181945,3560.882884753692,795.136310132583,236.9673048852651,22.649966697388898,18.07663307421801,2.6013249974945873,64.87975055800352,18.886534726148493,927.6084167770697,1153.9280179365644,661.5030384472727,509.34499688297757,294.9881096409442,1305.9308520074192,473.7537697367612,134.15825196784175,1653.6274639283522,232.5358179471834,3.1758848705453357,52.47667604168016,86.42878061447027,22.087717579337923,6.046503475104898,28.278835959396165,36.18643637631061,5306.158359512094,121.7783141652629,30.401447532459837,6.460573011295162,27.324277362584933,1194.9424060402537,1894.2223140982046,199.68858614008994,45.7017024023354,39.17286585254304,206.29022797768954,138.98500433647953,832.2241140309803,93.2764068831256,1273.2419566756344,77.3750094791822,1391.5269092042695,3537.4500195675914,4046.2254699377418,3071.185632797805,401.4107540419051,128.4601984079917,49.37110009368009,51.54134372021453,1320.7708313232918,94.64269956814665,135.63290143396296,96.63466420044851,1106.2286638752907,360.51368764497806,783.0899577851434,53.39798309037159,752.8479346037668,1074.39005288991,285.93116907190614,45.886729913550425,76.80155476123298,1809.9223075635675,704.6112165619442,771.3811978550888,325.28814192257875,256.61787332247656,134.4532149536377,146.4577146148377,10.27151722755753,16.46467433382271,41.00527085492875,3.913256328448511,25.358765949367346,677.6708623670489,1439.7756456127843,137.79522118755122,1048.824341654913,69.89768971907469,6.893216868797664,126.78558340040478,0,0,0,0.00877843503227256,0.17514447704153616,0.0176894709061373,0.4848760371899719,0.03572555806044534,0.025271079148089775,0.06143692870267804,0.0660982560898225,0.24468537829086554,0.09478485856415997,0.12109832966975224,0.0399763761949049,0,1.030882336307402,0.2479443654147612,0,1.0769897507548265,1.0193390912431362,0,0,0,2.3731875092578965,5.078401562808404,7.373456217083208,1563.3118199250193,1679.6714951402873,110.99404065729767,20.32311243637773,106.19580018505475,63.391615823614416,85.50255865192248,3.0579370820763345,2.1688078116921177,3.1989296842184034,2.6482656031948157,2.728278820481312,607.5768212728507,975.9568536350336,1688.0544342016688,9.858349129118125,98.35037700705234,1529.2608547091766,1371.2601318144962,2412.9074746973743,860.082838222524,3120.970019634291,1048.1381217601033,84.23574639485079,4.016206959202491,43.39255910316917,45.61707558967535,55.74621017403666,86.11951345515581,182.0701661320104,243.6501832360793,68.89236442159984,44.74488351810339,1.609612650565876,55.19968102184428,131.84864877084448,2.627132419695674,6.017188283951693,5.5589095436395555,10.571727301950483,1.5978765423231376,7.0184808174305395,2.8887729996237304,1.9345624844848652,1.6468040838667612,98.98136910411453,22.91003909736539,1000.0906907309749,112.39359393986153,384.657955269932,41.13088527618517,60.25591867420869,557.5206175746908,184.49693368585912,3258.30201427095,205.80054132974178,1752.6028298404783,10051.497549468491,1658.7887500891195,46.71507143016961,1.4980599950952302,120.45576233325593,1.3297215879867548,0,0,0,0.02353130273922663,0,0,0.011943209176576383,0,0.06092521664105475,0,0,0,0,0,0,0,0,0,0,0,0,0,0,0,0,0,0.09679734946559236,0.0327152632100352,0,0,0,0,0,0,0.040930718473117904,2.579173800795962,70.41058625129524,0.9489937706622187,177.7865947405395,1.2175686266960895,0,0,0,0,0,0.31341665753871945,0,0,0,0,0,0,2.5562994595480317,61.10429907853174,18.264762556280512,111.61122678571019,59.13145521540442,624.018765014064,2599.60170001425,1874.1235305877055,1300.034597139236,472.5120841307611,252.05863695349422,1249.1422857604762,2192.5421078640857,1978.0427174880224,6229.992905746139,0,0,2802.2121655000537,3338.39436003624,617.4768835472643,1786.9547133755702,2494.138896380356,2089.1656892827586,1942.25268910304,1908.7654130579187,0,0,0.09504560854843641,0,0.2618133251864068,0.031045180974685088,0.0206086230788572,0.08843959536067432,0,0,0,0.13045615336343755,0.44419999056052495,0,0.23707807078582185,0,0.44619026839482756,0.056198978266136505,0,0.598474995202792,0.05422084154755292,0,0.06152964056772188,0.043776078757106554,0.06113647932445737,0.044955851780752544,0.03080404055593377,0.3768287139425759,0.1453086692250828,0.113649206932552,0.18115820505914845,1.592179720832226,0.5938522079752997,0.01428146137975949,0.10131325435816531,0.12085430309887576,0.11320887288797771,4.72459835251933,7.952173298501837,9.303776095359192,83.20773348260713,51.982559972404715,176.17081220555033,9.525400133809413,16.385418768347837,30.23253428205417,1157.2121778424637,0,1105.0912384138746,309.7258915782438,36.13845641379383,1053.1511563665254,463.4084431964068,1263.9525357788552,755.6583696597033,686.0860991421462,361.6737283646715,35.508978433045336,18.635883344890953,208.0669019644473,27.863688132431268,11.493232471433297,85.53899722286837,10.360607844533511,136.32517266796583,29.885758874297746,60.604179473054096,97.32531271304438,122.11917177580452,7.184581757184102,5.682429721680723,15.864815019918376,17.280409904470844,26.23776382069056,25.4823659209783,34.67389594824195,117.24460345026603,39.0353957445292,19.7921098265058,15.363243831598853,66.9627096529441,364.70071464926104,488.3536605813111,816.8153199793178,364.1734004437035,181.77267051340147,571.8906291270364,523.4854082097627,699.5871256167305,408.4829112934779,11.542060922459276,16.203062316387012,6.5233033275408205,9.013833485729737,26.60500149542786,72.47819134420787,42.21557193492678,21.5981107527669,16.919830308063293,10.378464983270305,32.06396053508296,20.591517683895496,172.00044681999555,54.07680800633836,382.8636357935271,23.479398838642854,131.32161641587697,151.92429479954293,81.06036838423655,49.81734109948232,0,0,0,0,0.13225188592772208,0,0,0,0,0,0,0,0,0,0,0,0,0,0,0,0,0,0,0,0,0,0,0,0,0,0,0,0.8265052165907446,0,0,0,0,3.0930700009362875,0,0,0,0,0,0,14.414332301058637,4.17405006745292,3.22716572346972,0,0,0,0,0,0,0.15655017336367286,0,0,0,0,0,0,0,0,0,0,0,0,0,0,0,0,0.035313664058444286,0,0,0,0,0,0,0,0,0,0,0,0,0,0,0,0,0,0,0,0,0,0,0,1.697115488978214,0,2.5796443815122694,0,5.876020708887564,0.4158702409284546,0,0,0,0,0,0,0,0,0,0,3.552120523462406,0,47.16003762905753,0,0,21.00745499608072,44.81846966157572,1.2959419898841635,6.412720887825502,16.99236576327387,181.4221768221907,45.476305129076195,86.68331559695574,68.0848993545678,83.54254737956131,46.04076860130159,319.8823840264317,275.1339801681517,380.1853069496106,351.5353239669908,233.67275473174357,327.9743501060036,1106.6946635745094,489.78296602690443,562.4444245576897,1505.0739626443858,347.79913106225047,135.77591459368665,0,0,0,0,0,0,0,0,0,0,0,0,0,0,0,0,0,0,0,0,0,0,0,0,0,0,0,0,0,0,0,0,0,0,0,0,0,0,0,0,0,0,0,0,0,0,0,0,0,0,0,0,0,0,0,0,0,0,0,0,0,0,0,0,0,0,0,0,0,0,0,0,0,0,0,0,0,0,0,0,0,0,0,0,0,0,0,0,0,0,0,0,0,0,0.23068700595446767,0,0,0,0,0,0,0,0,0,0,0,0,0,0,0,0,0,0,0,0,0,0,0,0,0,0,0,0,0,0,0,0,0,0,0,0,0,0,0,0,0,0,0,0,0,0,0,0,0,0,0,0,0,0,0,0,0,0,0,0,0,0,0,0,0,0,0,0,0,0,0,0,0,0,0,0,0,0,0,0,0,0,0,0,0,0,0,0,0,0,0,0,0.02144333409138821,0,0,0,0,0,0.013970772688856065,0,0.1833383098089343,0.20022514635303995,0,0.01577080293793291,0,0,0,0.01639097417918329,0.02603192662434986,0.1473832051818843,0,0,0,0.08437125939037164,0,0,0,0,0,0,0.022968495849805225,0,0,0,0,0,0,0,0,0,0,0,0,0,0,0,0,0,0,0,0,0,0,0,0,0,0,0,0,0,0,0,0,0,0,0,0,0,0,0.18515870978914192,0,0,0,0,0,0,0,0,0,0,0,0,0,0,0,0,0,0,0,0,0,0,0,0,0,0,0,0,0,0,0,0,0,0,0,0,435.6192773021985,1875.4268833002889,71.5731216228441,0,0,0,0,0,0,0,0,0,0,0,0,0,0,2.801191321847858,0,0,0,0,0,0,0,0,0,0,0,0,0,0,0,0,11.141514466227928,19.874998499997396,0,0,0,0,0,0,0,0,0,0,0,0,63.581327256328805,151.96348442766046,35.31734791697652,116.50708352699932,46.575815475358375,125.27586434068583,19.788068975686244,409.94155798944325,45.30011605584858,69.40573100946962,157.63325554184001,86.13683034564272,9.101659490382715,27.642121046367965,10.56028846752279,18.014688141177437,0,8.435418949421173,4.465646762284698,15.868099168613893,192.5608985875403,46.74569371495239,5.419469122101457,0,0,3.152860389077702,13.19150989798161,6.91535233585389,0,2.702000927415528,94.65365478913856,89.75523177014647,38.79327514152697,104.15900083618784,24.551239361352636,220.75746590086118,8.244990537644824,30.247009371747826,71.31804383907348,8.310199960071746,0,295.53816117751165,200.899106150012,13.762651962151503,0,52.53876758884988,61.797316974945744,733.1747575939804,1682.2711100017914,32.64785654687761,0.43570338164586697,21.679331471349965,0.9906747709078154,122.7993879138485,1518.7185271295089,609.5699505417941,1.357186962132282,23.263186809736286,0.004752516909150851,0.36758342258596016,142.58085690674574,0.22183369224144492,10.9835709656043,232.25680061865924,222.42310466894858,11.385926880620842,0,0,0,0,0.011938342774284409,0,11.265992767442638,2.778926254820083,10.542790031364959,0,0,0,0,0,14.84352175328751,11.875257850437027,0,1.1455800375909144,0,0,0,0,0,0,0,0,0,0,0,0,0,0,0,0,0,0,0,0,0,0,0,0,0,0,0,0,0,0,0,0,0,0,0,0,0,0,0,0,0,0,0,0,0,0,0,0,0,0,0,0,0,0,0,0,0,0,0,0,0,0,0,0,0,0,0,0,0,0,0,0,0,0,0,0,0,0,0,0,0,0,0,0,0,0,0,0,0,0,0,0,0,0,0,0,0,0,0,0,0,94.29348205803667,0,0,0,0,0,0,0,0,0,0,0,0,0,0,0,10.922998458720517,0,0,0,0,0,0,0,0,0,12.723151510293743,110.67406485832863,285.7054325412772,383.72927967322534,1957.4324335155018,599.3238516315441,155.262123917373,18.433137199706632,87.53388808245126,24.104431819739723,42.670366114706404,19.217337144375193,57.66871129924431,43.23431654405705,71.33625314414135,111.63066982130336,35.310200217854685,22.23044067213347,371.32668427578017,67.46724521411586,1878.7053723860197,3599.879014866618,45.33181810192524,693.7039135628589,112.06623480927355,640.9338289473397,917.9558770953728,22.070420889084435,1896.8281532183576,1720.7043752459117,690.5129360427064,831.73923066130385,1782.5359046133874,4474.791430872665,3873.388915358076,6306.866900386768,2355.2115020765686,1856.4798443578438,1136.998784688213,411.8104207692507,58.20186955167903,1411.063260552162,21.227274832767566,52.42485870112838,20.893853150024928,12.083420459264897,33.403576193606646,28.54192845592231,78.77554486086368,21.017589643428042,712.84986737476,374.2018011849821,475.2425436444183,256.82278735877924,647.1364872885704,1117.3025237833383,460.8610617760676,1264.7951273990245,269.74995663970856,569.2418119786229,2497.07690987168,568.3890343306331,880.8081976980205,1967.9587088688816,4205.984180991422,1826.2930373622212,2981.259750796114,3196.212297464447,4159.000133134966,2328.7115544294093,5269.880381228244,3337.6138248285833,13679.300157447384,14508.769659731412,11369.733970994723,6535.841885858676,3149.304271619095,1605.170770068618,708.7724358573126,0,478.28724037106105,537.2321966925472,3580.82901169343,1892.9819789764417,3518.3918449461307,2872.927923977068,465.18601117797624,1458.5245593013888,713.9921452127742,304.61014923219614,819.257270354173,1346.369825413409,1172.8421488553806,1893.9029470918092,3427.4382865646926,4948.3721633847645,5019.418256041589,2113.2323745588137,1130.5408119501976,2125.791805655917,1189.5876143840692,4509.935176564729,1873.4612452744868,1209.001998320097,1350.3890852858067,1837.715743565163,418.7324508874173,96.10945136724673,219.7689862715504,216.91827899598925,684.284955636813,231.54810653403723,724.7578299854333,108.43543682350725,583.1650157388855,2085.843926575789,881.0852751041125,2058.3455267292616,633.3400679198337,312.182675233405,1459.4728615020601,612.9514309950833,2483.908136485601,2577.5075773080757,2918.322428493719,2199.13471437599,1628.821750093852,1730.0368115678905,120.72355150850282,1857.2636153395922,156.7189011014925,1763.0348350799063,2409.961289538956,1070.3722059878246,634.875184007976,970.7282503146731,2478.57671636877,571.9545719260292,3024.8150238813446,3689.1069248376866,997.5026681885329,814.1517692336399,675.7303137125916,266.31632330637314,6719.143889088867,2335.358667418563,292.031179103508,11.895869651044709,254.59381886513353,65.20265443659504,246.46751029351535,68.73524178182274,57.3591407570811,74.61711541960287,820.9921369065166,1459.505160174245,116.8105725444658,904.380028996091,171.44653452694615,49.12999142184982,1073.6994243378683,76.46392656088834,1171.7791940982327,942.7773954528286,111.9843863987175,999.8163792410407,938.9627499264533,1589.1578867757037,1557.5155459735947,784.4591343669306,207.2966354954441,58.526445492000896,17.06972701101361,1010.961208855624,2446.0299043215387,2494.3109789271816,121.00523280673771,46.906902834753055,44.05157311089052,32.08903983450579,40.45097051961071,33.595934897002024,1057.761478503927,256.99812517648814,92.03858485879232,33.36907124215575,55.78868436602679,23.82885972913984,33.359476337518394,120.67407949399563,588.1091378300305,32.29655942960424,120.85994698606515,344.712316938027,560.8700025983688,1311.843265738854,1168.7794964952195,800.4748730081321,442.55166072909714,15.257755499140977,470.7093324251062,82.01546715151852,84.77382088186805,85.91275253370026,130.9845044731749,63.705089836733215,1415.0836690306833,86.44528632252566,22.370161984439537,19.325539243063993,1023.6269965069222,4023.1050184625406,3649.22074263986,3998.9167281175546,588.6794122367791,22.047089957854457,7.102728897274409,1188.698944178333,1042.9598001163436,454.74047062087317,577.8520543138799,640.3000644572661,412.442855783082,587.8586186133441,841.6046016982323,0.9878634585704296,1.306409516830931,0.7541866786077316,41.83906193669284,133.49058710577188,1.0777663464409297,5.445930774366942,21.673596446293704,1.9576331334593626,1.576761439334224,90.43715808974703,9.519823469959382,13.78716181045957,137.0085129917119,193.01884305568296,4.266803583597808,58.44470890172143,59.24938486264194,91.75188968088042,631.7277263181114,15.61967856065161,133.88894584622776,264.54136472117835,130.1468070563233,125.56196640257615,7694.033674175584,1777.987231910542,1022.3977779579347,202.4256534686094,249.02625654887186,10.82481156164561,47.998482265821956,15.316439199148572,1.211247795952032,1.2287381318803665,1.1860190702173794,0,431.5619693945081,8433.221874744468,0,1.2000697545364198,473.9858771121672,312.7083566854509,898.3825848078675,330.5829410678908,496.8064415505234,211.73177364094644,3.027777072889612,21.085435130206097,50.401031959288936,6.616752343937879,8.095741171716972,57.99352177887773,29.096740868583773,3.085646863536453,4.862392245627397,3.432106058181513,20.092227038065726,27.321527740752053,122.18828092098035,10.86151729775274,41.53670583113383,164.17868674832906,12.376655829107738,38.33494454462178,98.46328015828239,7.3734643986768695,5.0803763337940655,7.368746318461738,13.614927284851913,9.327061562987144,9.781587253042927,9.38219101092171,16.904931177877533,209.03110317969052,10065.63319156281,168.42017877375264,27.301333892978228,188.2732215923287,10621.360984616915,2653.46183304962,360.63902670758785,253.67474287649952,313.6118872419024,213.94578513095288,1765.0040471088796,9015.212727573504,698.9368460014437,282.8042803899978,8109.733518819847,352.8404847151244,240.39276943846153,61.33303594402289,60.38804646241825,324.28812537070826,59.22686447838451,38.48628854892065,1.5770240806467644,10.926608126654198,15.09131094641696,2.971397163446965,1.2104143853343357,4.110382469243725,3.669036412339599,46.963550598210965,4.2916660096999,3.303975487351157,45.09478474380763,15.683046506196794,93.97552074082087,174.48636941978393,2364.5710559145277,530.2826989302844,36.52780158236608,6.231954721493782,32.383135865580925,74.29905635382939,48.43631734514059,8.361380239813684,95.23336777470533,74.91185556143652,69.46056173781422,58.031587344322894,33.50851460847227,17.88031542759101,16.382248339422116,67.24323608728601,12.043559649867934,4.4636818272660905,1.5289503657343446,19.65479992102269,3.8516686053256675,62.198929038416445,21.334637139951962,63.8167362490291,21.947115886214135,61.12260193395436,48.66346491350982,35.054396398624675,10.763793172693818,32.7745350303767,16.509035034317446,25.17138895113227,28.240298449773164,18.649882694436354,10.157351807530178,37.956714669802004,59.95631055388169,109.40344513580399,74.59191945652039,18.711295965994765,14.859914415706353,182.22514280222882,2.4738984035325324,2.0650371561570804,2.844572946755212,22.690770185325842,0,1.4542985611782713,0,0,0.05156320375056902,1.6465116930101444,1.0128768290841208,4.0771563363219006,87.14835430794093,32.952525163780926,26.608100746694035,265.6577945475522,2.7769606328683354,3.8514382010110713,8.73569169344344,323.0608076763266,14.775001248143585,134.78356147282923,77.00583141849849,143.96951094186778,174.71732423442393,357.54426162370044,171.57574640081904,278.25864313145934,298.0564070282724,332.67444630207933,256.1731940354646,207.20876645160615,220.62151280404333,220.8974578708608,190.9788076653104,226.85653885134352,478.7690897546727,381.1694007743395,181.5317534679023,28.056137349539476,86.19053982426188,39.23926329836292,68.91326585953432,102.34975625221757,224.2010307747067,165.3956358156545,145.39010090368538,92.54278727218296,63.420941697673584,56.84876127029187,34.952714160115505,72.01537867764941,9.735650422969874,99.95143642880053,230.7623784239643,300.9283062593954,330.89528106912917,81.34890774796854,196.22133393082734,114.5386249781504,48.31402145038079,63.26048963299047,0,0,0,0,0,0,0,0,0,0,0,0,0,0,0,0,0,0,0,0.20674309874060823,0,0.09744269197909586,0,0,0,0,0,0,0,0,0,0,0,0,0,0,0,0,0,0,0,0,0,0,0,0,0,0,0,0,0,0,0,0,0,0,0,0,0,0,0,0,0,0,0,0,0,0,0,0,0,0,0,0,0,0,0,0,0,0,0,0,0,0,0,0,0,0,0,0,0,0,0,0.4860861653504329,0,0,0,0,0,0,0,0,0,0,0,0,0,0,0,0,0,0,0,1.5011151530268858,93.14549432581543,0.5481460463711824,0,0,0,0,0,0,0,0,0,0,0,0,0.32356428120516717,3.6490226448733964,50.615571708915894,0.15113143799547898,0,0,0,0,0,0,0,0,0,1.0773077810034195,109.43596745440249,24.06783151312231,169.33530773285548,0,0,0,0,0,0,0,0,0,0,0,0,0,0,0,0,0,0,0,0,0,0,0.9899524512866026,0,0,0,0,0,0,0,0,0,0,0,0,0,0,0,0,0,0,0,0.6174989838547613,0,0,0,0,0,0,0,0,0,0,0,0,0,0,0,0,0,0,0,0,0,0,0,0,0,0,0,0,0,0,0.010184962304818931,0,0,0,0,0,0,0,0,0,0,0,0,0,0,0,0,0,0,0,0,0,0,0,0,0,0,0,0,0,0,0,0,0,12.88544887990648,0,0,0,0,0,0,0.1314411981460466,0,0,0,0,0,0,0,0,0,0,73.840856269094,0,0,0,0,0,0,0,0,0,0,0,0,0,0,0,0,0,0,0,0,0,0,0,0,0,0.2084799786925043,0,0,0,0,0,0,0,0,0,0,0,0,0,0,0,0,0,0,0,0,0,0,0,0,0,0,0,0,0,0,0,0,0,0,0,0,0,0,0,0,0,0,5.982352212485024,0,0,0,0,0,0,0,0,0,0,0,0,0,0,0,0,0,0,0,0,0,0,0,0,0,0,0,0,0,0,0,0,0,0,0,0,0,0,0,0,0,0,0,0,0,0,0,0,0,0,0,0,0,0,0,0,0,0,0,0,0,0,0,0,0,0,0,0,0,0,0,0,0,0,0,0,0,0,0,0,0,0,0,0,0,14.950516634965071,55.001606068107854,34.67971615892879,10.052626125864895,29.127929800361777,41.43097582083307,23.06967401546114,40.41233691717578,80.51800637358613,44.730660306445614,84.13034827758972,44.62381036953464,225.02747012941296,142.45683962196946,107.33377507307729,46.94180927954361,53.65170001986761,22.153761461804876,124.1651011502284,274.0072806247299,117.11344314231083,153.92232631038394,14.725516193339308,11.2585709900965,145.41838284127888,226.84409155046598,105.35319694452974,290.1519002616468,180.44060473681438,468.53109456308925,174.18853580799154,101.55460174560537,4.673941369667454,41.528755287538964,184.83180820040027,126.12771663705726,339.68160288024194,116.54274357400418,441.6354215447456,183.26407505909293,739.2761438500222,742.3438118062506,457.2021731515477,278.4874016229654,151.54537265071974,150.97371405440035,303.03051749215155,662.6854328228179,1562.6167560392512,1902.375119763785,4568.619936323359,103.38892473799791,356.36872284338887,457.5713247064542,534.2479835864527,910.857643129106,1681.0666719828462,60.34618739011975,67.44107189650319,14.179601214008706,47.643622973655745,260.0212013076285,101.11324554647558,1233.172874134137,45.87775675422307,17.67525027983339,25.566776312391177,18.57943804078879,189.6109805596626,96.42502757562617,8.02599181401655,3.004125480595693,13.966877444398765,84.07255648380317,14.395514185875358,63.81711477937464,65.0697855180254,150.9916468162985,217.08179584781158,526.194205419313,1011.6049232604993,2110.302804140305,3115.942553419815,4056.327591126182,2319.1756901636368,1288.9658116626802,325.53057192817687,225.36359012691304,48.86457493114463,40.69334695357597,15.946225539346072,424.85864444968996,403.1090327680606,29.172444897254827,107.06876456115033,235.3512305321281,6.290924475584063,83.18943612578148,123.27465273913185,43.54763486492688,20.176020491156784,53.43281302470416,53.03726159379187,33.30096235794278,27.604210519965495,16.47922582650566,109.49187636226837,47.2855003981704,22.622091507039052,23.281868949659113,488.7918342488183,19.763683427191683,13.936608870429898,16.998562299916102,33.072817796941294,4.843703721089447,4.890761866319186,113.28698011551982,3.456831250421624,3.741946248419127,5.068818475049061,18.515171525325734,35.70924818396004,438.1854526224377,256.04146908383245,206.37849949340057,34.538367919827195,22.928857839359956,7.65261703302468,125.2575913372055,822.0963828181947,307.08908927609826,17.382819352761675,18.7537605184327,890.6240360853775,26.994212651792807,1882.1156687541004,513.0325373515924,2106.5925851470142,26.24361103937206,41.09048767808082,5.171221762647816,2.5344157719284817,193.3708830374179,4.059745760024397,27.047108083464313,13.977799112080469,11.768223485551136,151.20587792649613,617.922860205359,1381.938908867293,1226.4212153312474,182.21730433830356,583.2093983619569,0,1.1718968650506243,0,1.1651734731145473,1.2128517691848826,1.1962667667944478,2.3961835771087494,0,0.03485791264014102,0.4913228497733497,15.07318530856611,34.903165840186745,10.356821871460308,3.1670953094006085,2.1179298668195727,0.7041694377014681,0.048615618924984616,251.85777037415053,4.495455784842524,72.00282554823914,747.3767959721633,4.446255241559895,8.693486166932718,6.697926561819341,447.84256486956093,727.2354170821296,848.2196218255835,300.53145294779927,131.16997413489506,337.21625929695995,1054.859985489671,71.90134421419356,871.3878013027157,242.95022576427715,1082.1078196132428,1350.107751289848,1027.2883741483633,1542.5590756272247,722.3960457454215,738.8243515480832,331.78367750426315,2202.5750251681293,7938.221292140739,25181.787031445172,1915.7919366125025,72.08581578107726,117.37095291951587,9.709328827741308,13.701053320803759,96.7227332069884,62.56062796078383,216.32753872148658,319.79834229832517,328.2275863518049,46.0226361464499,140.89625989690347,1922.7183919711144,31.332933641149953,56.22231033176727,11.936964577436521,57.20370194010671,244.54312200452407,266.19754370401745,125.49689828830728,44.344919026314,26.931924370847977,134.6980670300916,57.0737312001854,127.97852561469628,37.300275399946074,16.604871897287758,201.68315816172668,13.742354205520638,26.31587389690224,59.25685285638393,55.52803469873466,17.068948150460965,25.387760491687377,60.615903536297026,34.08032186281413,412.52412645410175,81.49438190064075,33.20828628521841,76.13482909286407,132.02982383010615,28.334507745496804,4.669523943897112,4.764414309694533,4.743370225939355,4.743815033870296,14.353691893301335,43.64000305415326,21.766975854765647,90.21542211375629,26.128435617473286,19.22656286002751,19.108965823173307,19.128501548828773,18.120129698283517,13.184772696379206,65.05544007760224,61.03034865687385,7.0465960499821705,1.9968804618545384,0,2.136824562327881,13.619269154263584,67.8426988008395,47.973117113540404,17.742884257000146,10.827200966996495,18.167208421643117,37.687726694831255,32.499700025269874,10.935967567361757,10.675431936315034,11.929336474784066,9.924125080779927,10.447791052658449,0,0,10.33319178536923,10.491003939445877,10.757954750597174,10.729164306206773,10.772497369534257,10.614383138815061,16.626212255011204,0,0,0,0,0,0,0,0,15.068897543064743,0,0,0,15.317216924114382,11.369899363420563,15.528534895187189,15.725715241727725,17.554079150038024,12.71621006943441,14.902459281335679,15.420762985301367,8.159377027248775,8.02925456029511,8.775450750467746,12.151433075955124,5.920040830308387,9.754821214102563,9.680887950516569,3.576502844783972,8.425962668967028,0,10.410666710729787,11.119069580827828,0,16.401608352531255,9.58363477379742,0,15.19782641083778,16.23880136694121,15.657213715732633,15.628980673864966,17.745660758326157,17.82180931476526,16.117952456999603,16.480109541975224,16.486207296831513,16.48888450004451,12.858123605324378,13.844778387624595,16.492897947864854,0,21.391571802020927,0,0,19.08879248257493,18.419571382081685,19.89913551322735,0,0,15.580130105716066,11.699185845959507,0,16.18763549459661,15.451108963715441,15.360912065873357,0,16.37135672305833,15.300802596285578,14.959134123645677,14.896768404108768,15.34850771127975,15.34850771127975,0,0,15.265290546688018,15.24656869510194,15.388588654227489,19.560854522343355,0,1106.255104008862,14.799265497087143,38.952356858095044,108.74972504720458,15.943096085777418,16.67743453458874,16.76893085823827,16.21715083863589,14.031221982181178,14.257999784935452,14.433338688657004,14.3602837186557,14.436867271321383,0,13.954550359917887,14.39115367610828,13.783407276445011,14.436864602535719,14.092334812685033,13.625813803402966,0,28.208572528962772,13.670857104863297,13.693931948799268,13.929270690867927,13.721973517099213,14.078112483684944,12.87448820220914,14.433738713889342,15.193888457896476,14.19446317165277,14.379345371342366,14.62018021404432,14.182629937083718,13.91576193824651,14.487475731758083,16.477966979529437,43.92602594457578,83.0154055623497,18.409687495723066,25.19264193211112,347.5922304139454,72.81532157119712,1.3976884941439642,5.001104453397618,147.52389159381735,81.7638951704529,170.36837772623616,47.15660270878334,68.75724473236892,45.81698767293237,338.50073846030193,69.54924629186189,84.78985927992197,1134.6249169602925,1577.091020904188,23.23108751874398,109.08391072687182,203.89106986195173,12.687613419171788,6.784446993490593,59.15862113056004,19.219650840223988,36.790635752991236,13.68336104821859,2.2877650921467443,1.9986245812617602,4.3552462520917,12.688362118314384,84.71098404210245,2.4526634547236386,1.8361984123669153,10.243579568723195,0,63.240627619439834,916.227696152407,95.20897369814662,0,0,214.06654367481997,88.34758449077438,774.159186228209,733.869081900587,328.42454527245883,1224.1270719019071,763.835324929748,300.34039613605825,113.81764223349937,83.39954579559846,228.04414008761785,2073.171016559338,1353.903275370872,295.5358705957979,0,1203.9103933448146,188.72710791174566,110.04164840248721,52.075598092829594,180.70423433764364,10.563603491390285,332.312124391907,308.5929882922063,354.13249984955587,121.58085390979795,103.96058067100846,87.00761841208174,109.284706741559,487.2655283430298,126.49558099369483,86.58146368663279,126.28851095962175,366.30341751216747,839.200047991107,1233.366359090123,206.52707901175674,119.9610741330312,338.3345660724834,793.0879054680389,244.4949300422545,107.60689861148587,163.54633281051727,1124.0018608571968,162.20455985430127,299.62314744376886,24.975778329128328,142.0026513879286,108.04201858794951,43.764823245860256,271.95757782698513,32.67826225986853,113.98104031593377,66.09338282509997,174.9332264239989,361.86744910653584,1195.035062311149,17.256741033463232,113.3389227253515,136.20524302303616,171.50770358223795,313.09329708599034,142.3498366432167,136.41379637002046,123.98826190950258,161.29581343452267,366.6895354512842,392.25704123647876,1043.3674085962098,336.72433679908306,168.2915741981255,217.85646193992966,147.22256346752965,680.6768551233129,752.0629786319126,82.94737323682087,770.7722309486755,1626.5127468358305,662.1662751612598,1591.5785608077988,1875.4806181088477,677.3326836455066,163.6169538266343,939.7010892541433,841.6483698890852,745.8798247288584,32.06666944709656,787.3276323309673,213.79682721967478,331.6635579277051,1461.742710659411,482.412822720585,588.2093675268218,1510.2310167656933,333.3035784872204,212.6309726587756,110.21169701700056,388.6415706520551,229.13237029624688,53.241920032649446,53.87432809942154,288.88186390268777,318.3096571014043,151.0464860766921,117.2509336731718,551.480359081243,956.6481434873231,87.01553025631851,70.37720103148698,319.7305118657313,457.57099802671866,378.4722815314199,277.88140230273274,855.2236254154556,150.2814146575885,681.3127972135328,213.10348697776806,29.454283966896313,0,306.7582519136398,291.3734469995577,217.59342566902478,126.86588741715083,66.79646998467437,181.7256112279226,194.16140826715653,110.0009685968314,55.13736225284972,305.8636640939409,1101.5494816544685,214.27931273312163,666.0371060882508,149.25743058631073,180.89594869393042,363.82570474555075,204.53625079794736,322.8026419668296,439.3534255668739,109.18886055963797,386.03531366313564,169.70354476899644,126.70930336944116,38.140593118663766,35.846952039117795,178.70912633176363,2.2076909580861237,126.31496623121727,137.79925537656644,239.96021691537237,359.7017918566989,50.88833788880425,601.7299104070278,646.5825841074575,193.34105545697702,112.52047334227917,152.20018802355852,64.70857485112344,20.913955318327957,13.988890091769695,42.008305151781414,25.533296554130036,125.69976093065296,52.66337353799922,101.73127536638098,64.52134257768292,305.4478372755507,494.21091731980556,73.33185571721589,94.0485227276922,221.36402169802034,31.823838444628038,218.87373410164525,145.91616670922363,12.819679918593865,2.6110928851622583,29.340964726951544,39.19972508301655,623.809856993706,2311.177396629384,0,918.4618188747994,245.74100112251813,29.313962547865763,840.6592069306364,0,634.3345903792479,73.54167863829302,54.351846236680984,0,0,107.52825227626984,60.61426476308224,12.24300394073469,6.564736110501142,54.93516583663097,140.27774377760187,1.1503365112868293,0,0,0,0,0,0,0,0,0,0,0,0,4.229876000321878,6.567120025249349,6.703776332916913,6.581673644727962,6.567120025249349,5.120270828802014,6.996229085353351,7.434176878261573,7.112812231443762,7.4339354218499905,8.061456592302115,0,54.56647175730363,17.223553664284182,0,4.61968159566847,0,10.90682489413881,26.769912719755272,31.968191243443332,26.661211466698024,26.995773782073723,0,0,7.414405097550997,7.344033174204011,8.774015235673893,11.113095981088543,9.357224142443236,4.158666851997427,0,24.196853189500555,23.524325229348513,0,0,28.923054985687923,21.645093971070086,0,7.230163018621819,0,10.001302801782558,5.928700803346351,11.914006931518147,8.368682280278957,5.19588050297667,4.774149760327766,4.069532926471039,4.412368212267814,6.866303750028063,4.068278089371344,4.012264733100322,4.834112102588228,3.7772224666406915,4.701650159400294,70.7106460311386,0,0,0,0.0710317675109976,3.525933091438276,3.5286055260329157,0,11.45498485398143,5.870943134356393,10.434452125341615,5.705825728536926,6.318807484765096,0,32.157657799096924,0,0,0,0,0,0,0,0,0,0,6.707878754208924,4.604735623675738,0,6.763374744931072,7.74052733210213,0,0,5.914748236286559,0,5.3627448047543576,0,4.351343086678929,14.712971195900762,6.134878693995936,6.578893565945657,6.34620362575345,4.809274133193887,4.782331938787649,28.84347676115184,6.405683732947275,7.214101274202347,0,2.6946160026489356,0,3.896259381961415,0,0,3.894960304048997,4.090499176213805,37.487112230433254,0,45.305152800865756,0,0,6.381529945481127,11.805969065581095,0,81.92086471500984,0,14.927378997979368,6.46877728080517,6.795344912975051,0,8.485759463747598,0.5838125463540943,0,0,5.935394532920147,0.5491678400767303,0,15.891660303267985,0,0,0,0,10.864172566163612,68.19021762971933,0,3.857939923224201,15.830006301385623,0,0,8.560855201354242,112.76421072167904,0,0,8.06467897004297,11.215441610937916,52.607253668302945,45.74229828491636,42.177668249746795,1.5221569158496653,30.428185606701746,14.31498402880493,0,0,0,8.063177673127248,0,28.583244785604467,8.087480598425186,14.072612500202357,91.64045004162527,63.38004804070868,115.87272182774497,15.242496604364286,14.291593995609016,16.389109720766086,6.915955642378162,16.81105451549877,0,10.62715715993217,0,8.098978841237244,6.041498056908554,7.422461497404574,7.170994938453377,7.485143785610173,12.914132226434406,69.56105310216468,69.15910577996299,150.04894927418505,83.89872442269699,232.94523383176076,0,150.27558375150005,91.13972065963682,5.736512703543341,13.042702130409214,132.37644137232223,11.20207589762845,57.073438282685224,10.071353280607886,0,10.551159755416217,135.2241673888506,9.653860675595897,11.2681608331033,0,12.417429000863454,11.144594688806164,127.4151263322754,12.075002488210393,0,200.24095611268743,8.259265714580225,321.3291870047447,12.385803868214449,122.35907046946254,11.508942152567764,113.53055513940375,113.7730552664402,321.6284178398055,62.6646385943845,42.35183678886023,13.293931210321434,11.264592933572787,12.572675402870589,9.776031199725296,8.733528168224744,0,0,0,0.9029327742186385,0,0,12.770150585609084,0,10.75162027118483,10.160269870440873,10.479136195488788,0,24.471906632196504,0,5.066958372167333,113.99255358465219,132.46137823433133,0,122.27953097328331,142.83633696425335,0,137.9253429760838,127.58890872374165,10.268856988330732,113.04492777399146,125.54778550804319,114.80853660378065,0,123.01512875497521,13.597789224519731,115.38992126846142,10.50670171708391,13.915794638230263,23.097685117828515,0,10.44273453430835,18.300356248006665,21.1416404843755,10.458217244792024,17.127644658429464,122.95837961274381,0,12.556886534686644,0,0,0,0,10.377591145194932,0,10.899424255519163,0,6.668693244407969,14.144609404366113,11.741919163465475,11.137646863949525,0,0,11.309100404897581,12.344779640605761,0,9.451738776890242,14.653878435103872,0,6.056719274057746,11.722986368167785,0,8.338007798367393,11.498737459909727,0,86.40556702255041,82.93616680431028,7.224573157494682,0,0,0,0,9.392251779906921,0,0,0,0,0,55.26912940400404,0,0,0,68.63579375203321,0,0,0,0,71.92236790213377,0,0,0,0,0,0,0,0,0,0,1.680476458939192,0,0,24.107446116422228,0,7.261310450277501,0,5.070042102063314,4.706167286778907,4.8415698269128375,0,0,4.600830267821676,54.2881672347397,4.021992253961823,12.527193053757355,2.8215466125238664,0,3.584873659244159,0,0,3.905933498651589,3.346910368566289,3.49799642244478,0,3.264833179430877,0.7528152042420686,3.5128775269564647,0.6069168541071432,0,19.950105319869795,0,3.3152878358284408,0,120.31820591844858,28.556127773444448,88.63352534898881,27.331316984605472,69.394975324442,14.471561064580929,0,22.17958563437693,0,0,0,25.526958718310137,25.798302478253003,20.622584593389703,43.298200409080984,0,0,0,80.12803912114012,0,0,0,0,0,0,0,0,101.72060219055031,0,0,0,0,0,0,0,21.317469040385344,0,0,0,15.215385944116067,0,0,0,0,0,0,20.968418354785644,0,0,0,0,0,16.162167260842544,0,0,0,0,16.777080942515994,0,0,135.50964435021675,0,0,0,0,0,0,0,0,0,0,0,0,0,0,0,0,0,0,0,0,4.262586387493747,0,4.449549749227789,2.984494738910496,4.266600544687792,0,0,4.571732424252326,4.999341900559975,0,0,0,0,4.135509837892662,7.53579449986332,4.053183577670659,2.993923078315729,4.468082480711637,3.9806279235997986,4.264500796501769,3.753781621761909,5.233356587381914,0,0,5.586637131591916,0,14.736100598886777,13.62056939608998,0,7.342119883460262,9.205034302105595,6.697576990049538,8.705723481161247,4.225281141937508,0,0,2.138946169430286,2.6382142090583987,3.44617892709714,4.223335621763196,3.6528537683602895,4.245888981206478,0,0,4.63887085192086,3.982199368315001,4.248867017489891,9.92258458995,4.536628115751953,4.025431555773105,0,2.8991728785371813,0,3.738524654651899,5.01289661747773,2.8453177681880706,0,0,0,0,3.9593999172844243,0,7.85831330176996,44.787643179729564,19.845160641184762,5.974585183157719,0.9760470423368698,6.946390893439913,16.708417216261726,2.4213182368867936,0,13.300814941562827,5.147769989355777,31.592835847099572,17.002262192951452,6.264138711552627,0,12.166246882056607,11.146077966513767,8.680416150878854,147.49833014821513,8.83561256253487,8.581615734703927,6.679220437714727,8.157810055113673,6.4335438187140666,5.015520059383194,7.250420394001403,7.43108435469559,0,6.586232549724325,7.720078374264189,3.510624261966965,8.541336146827362,0,6.959071243072421,5.903768846612309,3.476002117983754,6.75235294401259,0,2.7370325839232197,20.851398954742667,18.91606935022711,0,0,4.655783220122228,7.592875415720077,17.176099506886477,16.92901051252971,15.852554751325936,25.864157092286373,39.59130902665121,0,43.85598316570928,5.25307096316791,9.814899755596684,5.890389247080919,5.965307569363737,4.579379358029185,0,5.656336415226525,7.223778817494069,6.069650499917938,4.795200054559995,6.021443891402031,5.513924722615614,0.477658029275936,13.448056195372674,0.015540988998044682,16.55239007111487,17.509870126007552,17.746437886354133,17.53086723730747,17.53086723730747,0,0,17.557880505231758,17.61406828749302,148.517837267626,0,16.411113180039024,0.7740628410540348,16.657199824217308,10.327785247927748,16.307629729687722,5.287098464715478,4.766331150388399,13.280669668968114,4.779493250370066,3.6989709356148923,5.208784002259112,19.290987622724256,4.4476217178574835,0,4.5634735070036365,3.9811624450736782,1.4492296811129906,16.254432827366173,11.203902115872113,3.7881653953507772,3.7580347901790594,12.484303178662616,3.8316798234496794,2.5712286888557756,3.5483662830547367,3.5409377403767515,3.0211589651702817,3.426307446712708,3.3057029973478524,3.113735765936145,3.1161028178482546,3.14195114483786,0,3.487554467677293,3.4745142265878326,0,0,3.3964572502517574,11.273847508366723,3.519225055439486,2.022180422706863,2.1930613849209695,3.5791100370669113,16.65112805288067,20.78190882161248,0,16.52780248110244,10.688711580335722,2.909097321535008,12.767217051762158,2.691366657352973,16.90581927174318,3.232142419078386,2.682125175024213,2.670898289751389,14.81720192245812,2.656184606145672,2.9323382167747516,11.750565350157945,0.9869803455369173,2.6849648661919128,2.3592895444453674,2.499591106708304,2.3832142993673138,2.0038621403594603,2.3667934313642487,0,2.551061453952,2.4972833422232323,3.178076784073746,0,205.2396644066143,0,0,0,0,2.484856557342879,2.6432985022910405,2.648850044812683,0,2.636740550527422,3.0797668057105563,2.2110668916300096,0,2.9613229205211122,0,3.0131805421203754,0,2.2460859993398223,0,0,2.621337684142213,0,0,0,0,0,2.23062288489837,0,0,0,3.2536206762301485,0,0,1.790081184152206,2.0534831866290126,0,0,0,0,0,0,0,0,0,0,0,1.361588974498991,0,0,0,0.30555774601670904,0,5.307506830963262,1.8764125676048002,2.7655674536710713,1.4135557266996006,0,5.817899442710357,6.781931128032171,0,0,0,10.414199768320428,4.231305829452578,7.019188841310662,2.2411104037132734,7.4114610863907835,2.5293324307357854,7.305129959814399,4.6807874460390835,4.360175049548074,0,5.6319247522370635,0,1.9032051929136513,4.785275168590051,5.162057925660838,6.623500489753582,2.0354765827068073,0,6.333722706966161,6.53237761556705,0,2.3177330557638873,8.463850703134419,6.997321496144544,6.974515346419232,0,7.3978323445390695,0,0,6.649278526267718,7.332145345637951,7.406287075625421,1.130430777072936,6.602634862331478,4.61109454369672,4.703699604721997,2.0973585146461913,0,2.065484975348466,0,0,2.0442935141350973,6.462029558480927,4.637240536439247,5.1728622636852535,0,0,5.021558815814012,5.106765409151307,1.1904592634911082,5.205619919678956,5.35373686941559,5.612335111320861,3.933219255561574,0.24967365398732316,0,0.2572022251345971,4.980020878956858,5.844936742620637,2.6757884396919867,4.351790717090916,4.811091540169503,0.353967039429371,8.084555263306587,0,0,5.046045570260009,0.6470618947350635,0.316283395044916,0,1.1168335625867885,0,0,0,6.01703667988854,5.470840227543864,0.946565013778533,0,8.173846797865986,4.792647731166685,0,0,0,4.900452134978558,0,0,0,0.6090651632389367,0,0,8.27397266577528,4.889598825608279,0.2917397322699766,0,6.75215833878319,0.6274965446780361,0.36626428855364673,6.082589364830068,0,0,2.450698415380079,6.32408139634584,2.895988062194153,0,1.0134697259316168,16.849434360613024,0.9578637775310745,11.673689309011023,0.9547339046578494,30.834552559556375,1.23172449314814,0,6.379452197882333,10.347056443714061,0,0,0,0.9327184539041734,0.9668208103721011,0,9.253566978342056,0,1.0076075162041749,0,1.3020120468425878,0,10.421363495995994,0,0,0,1.2211414852584737,9.434990969539585,0,0,10.306077206677147,8.154496483215135,0,0,1.336621082602008,0,8.43945815596968,0.7527939737593716,0,0,0,0.9573244911345645,0,0,0.7846329630115096,0,10.038525113013701,0,0,0,3.1630776663364375,0,11.97812580224282,0,12.787320150025138,10.470488793698983,0,0,0,10.545074167034837,0.6235201360435794,0,0,0,0,0,0,0,12.387828404262864,3.1927718148722084,0,11.142067315012879,10.418353257535635,1.7273305232728888,10.040664461151113,3.150686392710528,0,11.153624299389207,3.2769626711503124,23.734517651229154,11.442312836144922,9.073697190267623,10.051432129344553,10.99721760397678,1.944980638928267,3.378796275273846,19.992852809371065,22.125407427469312,23.22941068246072,21.14817305770581,15.470063181539814,15.269395230106841,6.738160487233772,15.269395230106841,17.33519539977997,0,15.49001073503473,11.245464452929255,0,30.195452846829347,5.877318984509294,6.265808033506511,4.934785727300529,15.234882512908028,2.1621063538792216,15.234882512908028,38.92343876494134,0,1.971084996668057,5.520702212944829,0,0,0.3615842936539337,33.413482296620984,32.20059265030137,0.3572650315570811,12.684340484254006,0,0,0,0,0,0,0,11.379408767368018,0,0,8.771730933806818,0,0,0,0,0,0,0,0,0,8.67759793926728,8.43516348556579,6.60672210892028,12.72752309584331,13.561166454497322,14.532454986454884,9.204515078724828,7.66414487846247,9.204515078724828,7.475527328762088,9.204515078724828,9.452024916904604,8.287765718782095,10.24074333026612,0,10.24074333026612,10.904913821283387,14.292386007136832,10.254393061796014,2.2095598776236995,0,1.6305372600230077,0,1.029666666795456,2.6046386576016003,0,2.1517060512426727,0,0,0,0,0,0,0,0,0,0,0,0,0,0,0,0,0,0,0,0,0,0,0,0,0,0,0,0,0,0,0,16.786280280494424,0,6.302116085627733,10.398666752306267,0,0,0,0,0,0,0,0,0,0,0,0,9.594112954925675,22.30609669470538,29.794254117901115,16.565397465337732,4.4400544761889,0,18.34399181488067,21.750686573235427,14.75682964590189,11.808224917148793,20.436131867334577,21.17671695457025,19.760940667259263,20.13656716575672,20.826811343610938,26.389493073674583,23.15865369804148,28.342187219626446,0,0,0,0,0,0,0,0,0.7556670481968258,0.9659842825299133,1.8150802474791636,0.7798799889845559,0,0.7245778398621291,0,0,0.9338527543418402,0.08756275646657156,1.6721765979063747,1.9566654502705174,0.10250311844161926,1.1356425010898916,2.0883428716221273,0.3270087148863598,0,1.8397380190367996,0.8445210101053726,0.9246043262791155,0.8991582330170603,0,0.8208363571205963,0.8509639876327673,1.0377025725200186,1.6254275148724366,1.2516296003546057,0.9527263136283073,0.9531261917695903,0.9369418780824326,0.9036877259442148,0,1.120166575412525,0.6621752477629337,0.6553000620103985,0,0.6980413802308862,0,0.564112424926772,0,0,0,0,0,0,0,0,0,0,0,0,0,40.35446049257434,0,0,38.07786658104086,42.45394340181207,36.510042623874895,36.37771374658527,28.922843273183947,30.878123405944432,0,0,49.460777515465416,43.60521099691498,0,41.44388608317869,39.39355333139278,0,0,40.717464687504524,0,0,37.76206576563523,36.683737848383,0,0,0,0,0,1.6151573832847932,1.3596349512676908,0,1.4934313542162336,0,0,0,0,1.2898931068336914,14.371916905347128,0,0,0,0,0,0,0,0,0,0,0,0,0,0,16.6065087701636,17.111483761867802,16.908337004500265,0,0,0,16.11634496780039,15.16100820543537,15.299523269506269,0,0,16.803213074660764,0,16.300334749644588,0,15.271680853296656,0,14.880548350412267,0,0,17.151375619704325,11.53799735597951,0,15.824647644610428,13.822568680044226,10.639891304461068,12.10761158779928,13.470260131217294,10.894160014083168,12.333348642306067,15.361839097051305,9.043540235214092,42.81723399263348,11.54510557622423,0,11.244809893957074,13.448190051096793,10.671253447272097,19.74557486816815,11.383280528666651,12.263007089509982,17.13228069804883,14.333720300779042,0,0,11.59690389211304,14.486001962058845,13.247345206619247,10.720205938341532,13.821822143203795,12.12187146306857,0,2.8343830953165328,16.43399657667891,11.543781395264567,7.011156089560261,11.282957414849276,0,7.011156089560261,18.080239662822393,0,10.761240698339984,7.011156089560261,7.011156089560261,7.011156089560261,9.623268148329876,0,7.011156089560261,13.014079239625191,7.011156089560261,7.011156089560261,7.2179154926530416,7.1333844363413785,11.832990435620587,7.011156089560261,0,7.1410286594713686,6.5279502287158255,7.148356970143203,10.596251060614971,18.015271617669875,0,10.774729760427178,0,11.800304517979457,10.59520534544505,0,0,0,9.598011549011014,0,0,0,10.532826891368071,0,0,0,5.945053881124344,0,0,0,0,0,0,0,0,0,0,0,0,20.08577054264485,26.695706359610906,0,0,20.08577054264485,22.44477869501079,24.656514698240176,27.62119346279744,0,0,0,0,0,0,0,0,0,0,0,13.128704586633747,0,15.556802038567271,0,29.685308571316536,31.562988213565596,49.789864828435604,66.44877496271886,59.08059422854479,29.680123928783875,0.7614457352314753,9.773117458546027,0,9.231584275116429,0,0,45.17252127024193,0,0,0,0,230.57781272762688,1036.0638645497716,198.56298322171403,5.563210708171227,1.344376871703861,0,260.77570895274295,37.58387657866697,315.09891285237387,1040.313534821399,85.3836925667852,3513.1302675294774,245.53232081877118,4066.2959093564914,155.98094246972488,1162.2102233410683,981.1460816455194,27.615514102617244,18.246881787935404,9.63301039753896,68.3055358537509,13.555388046791379,40.27606436288163,45.77406674413477,127.97559830823698,3.1507339333771673,16.331453500621073,43.79630811912763,233.93662174625334,14.926311903559396,8.876496601909805,19.08860199752586,15.786206530565584,19.444430328180744,144.32201443043806,133.91240523101902,67.39845201333262,32.14111248535266,71.90977837525105,229.06758577691957,145.73948288086163,67.2922220796121,35.28004631774333,72.71764896237748,403.43223484890274,129.46066418969713,118.71017664159079,288.738104455402,237.71883299758048,139.10559431198362,123.2069483484809,85.82763495177515,267.4610231216294,35.963329725254226,180.136112519215,138.63278940269373,380.0878474911438,58.525112709968866,78.21221684291622,289.12728779616384,15.54531699146657,136.04340867689234,185.2825274257578,39.15826377424728,133.8990186808113,280.32219332764896,153.45397449913085,136.10464127446892,249.53906024588167,339.9755162426145,500.5024100814769,669.4081873446573,1432.0498645996395,62.33657841553404,240.91131929517115,287.69891442755767,539.9743577042932,800.4505375625513,21.30827033091953,97.6594456005951,300.70305734541665,178.69834042772058,188.48649502930473,113.07831848040779,169.8384040575159,307.9263926576676,260.31605515416885,14.022576063514368,12.199813464388686,59.52569516936275,256.31216523801174,86.29534295498107,20.276398243043012,93.14664624001077,1772.5928347535328,537.2653790271819,98.88431995223301,203.27284624652606,567.7472757644734,544.4178465106718,857.7718658045491,225.3539504421647,3668.2939916141054,9188.85843438583,13376.155410603711,2326.336234566779,320.5855028969419,49.488433975193,168.10149625730656,100.29283539088657,548.5131222367359,341.62371434949847,452.9565053761706,2053.954379375779,18.24847379071397,30.628723087955265,8.510479045607985,6.680121548442767,31.410492753019014,81.0142149624284,69.70633390206753,72.57246499678294,39.720426931080844,16.119091424129977,92.85687824079582,24.313869081698844,15.08477082649162,14.263119998424584,25.79553932283525,75.83908927436272,14.255422546351232,56.659723418761736,937.3607076614085,12.015798334136766,17.97491296760733,48.2255966445441,8.942827678758347,62.99505913675765,73.56579324972242,422.90905440105894,3050.120621387119,220.22807959390198,15.369265783158477,13.253379293866823,34.82207180227348,17.110125304063057,68.54409967808958,33.63196919460796,80.22441139002416,64.86344254522625,49.96939231999068,36.26993360287682,200.1011385846134,31.475096199038376,7.391140256144052,27.812306329519352,87.29534656118419,2.883655000331195,12.604865155657308,429.63423899829485,8.816054440059837,1.4678806748309456,2.8128707199952805,40.028882415037366,4.051525032683389,7.230267061902483,27.702330187649338,6.078511536762688,3.1198936922510203,25.849169235019133,63.25692540353672,37.46429602617532,14.082348537621247,20.706486074320285,35.583666300224316,58.451052653649185,4.125372687777365,25.146357881025,63.56644744484712,8.373413950449466,32.09392737073505,3.073566927440516,59.63626394017462,148.64608388158962,117.64258326885124,4.9832175485536805,90.837831477790985,188.29771302982346,181.86458008170578,221.97627484660967,249.28779803466614,282.15731080354857,197.7295694593898,129.50671837004825,34.324318585264116,26.99588297466041,69.78721311823762,77.5776498942881,15.642065347663879,15.527815668865127,65.09799940823841,120.11132984788259,24.327687462928168,16.37297088100294,195.64284161823298,251.01215786126932,375.0679211950798,15.7736793317094,1923.9599722440246,10.831691274384099,19.765463599399293,16.603772409185297,267.69532417902286,40.7638130708955,31.534437648972975,49.51609170433038,36.84621347766592,6.41134477491843,14.741315061846821,5.965204320009039,1.1062621449734629,0.9292573755451703,652.6009141818985,16.910013935194826,13.547470933251827,960.4751109935181,2644.390219318654,1743.1447775037225,5883.176130184804,9330.353769146002,12690.773985453803,1230.4102547760851,7509.138295180691,7427.409017487478,2448.584798310402,0,659.9378933917811,0.1123714261908262,10.531572023403193,32.879961425650166,13.448706236771338,26.059460636723298,40.186881839739975,57.62243480117107,18.180560393846086,12.072500394670561,28.92346548215295,30.497446158390073,66.0814824414199,137.29498545724317,41.101095840982126,173.4352612300306,34.95602867102738,31.502901138504264,26.939404279012834,44.37017999759848,29.169237036961594,31.56487180285915,27.663765585441716,33.412653030571335,30.79658830024879,26.55337519885755,32.821450934342714,35.94804939734627,70.65101372745212,30.970912896102387,33.366996659222394,36.93462867215536,39.39273465863647,40.415998228559054,217.4264435545706,4554.574083121512,195.06221466314577,17.778358069652242,11.631943868051628,39.80679029145994,252.63383290766347,57.802309958209705,60.69890734614088,673.3866966555936,2025.1028517997415,13678.702807130569,621.1085367131614,7708.182856183769,121.31086017962357,35.659416727371784,113.76694562118067,37.14197648113602,40.10906195874817,45.42521196609389,191.6741539915435,22.99332169676551,29.257665434993836,40.5500240582453,38.09362358579164,38.01271603882979,39.9978086421425,56.8804570432537,48.30764977421989,191.48266556204499,3088.6482492574555,796.0961257730402,81.35236314164423,25.38398335150734,42.385562877716666,23.54208747224956,15.8188081307729,87.38670983208807,119.13552581270487,696.2757981872558,382.4247648221509,13.385365439174919,71.19935741245573,13.86091898163262,266.2512148089251,41.09031186007057,60.05492177097899,1.8077111086785098,2.6150830095310407,1.8331498319882356,1.1211065096431045,515.7119434585503,22967.313080097625,141.7618035247961,10.085295407880862,603.49118630086,422.56799905678974,0.3993756313562002,95.0706158702735,394.39687150913073,413.10996121934807,273.7682782145418,175.33462603320262,42.93972902316042,0,1.1260406442661777,2.2313080613807257,4.318885958535568,6.3001846103689925,3.069623189928149,93.24538691345028,21.21016874618365,10.762545682890076,7.854192243061599,7.473088653700012,11.61776738987242,8.113578805863677,132.23632356477682,10.05265139882236,10.278111565926718,10.77287121520787,10.321722571709424,5.586039921255687,5.4442846254421164,4.773133560802515,42.38366513536065,60.568412876215035,120.28588289743813,247.20734355911907,1637.3421946514527,33.85984812970533,158.22274673125781,34.05314968773769,146.86854198308674,321.74883312355126,524.3776941296777,275.6574616524501,292.81228647284183,199.93495199661143,253.34741863329978,154.70119073598968,60.6435019005988,155.56909489738848,902.1407931954186,62.51514861892374,870.7109731506699,492.09358543727745,768.5698503969933,40.97073067554676,1193.8108044605158,163.20694631830403,554.0173668292889,3293.5498207721994,1129.6078943096331,1622.1416984191487,8222.389113267871,6559.278419057802,2458.5961894756583,1061.1431598269317,979.0527325274983,370.48562654592143,244.86388443256627,451.33706901587624,15874.933997866856,33420.216973988725,950.036436601738,2152.736852078192,31426.48346104786,575.7832586454531,184.09418773534787,119.13478686661844,298.16643935870695,57.68110756840999,49.19406030753791,116.55903525964396,2077.411090978763,382.0258921576392,1385.0931815971842,46.173963667578704,32.58485339762068,25.353301361276046,192.49895680407238,265.7633394997852,258.5880494548925,382.92260948722316,677.5233233040998,404.6334962529371,3087.639866022867,655.752960024744,599.7862006539222,162.96229445311508,591.1456811934112,199.33155205594352,1457.1803869758362,2073.7557544203655,1355.135594469666,620.9953627884724,2987.474247246043,1540.950072117137,2069.4860892876445,5164.262984927543,3414.0182628864977,11187.926205290187,7432.309897539766,1436.3575964304719,1368.8689807251963,983.2061504291798,1978.7888441780503,1294.3917598906094,3509.7892921329812,595.9284763452074,3279.6145266917965,2733.814630284448,2428.2848687385567,6798.612640599079,2374.4493327196114,6406.599313642708,3737.4272029666313,833.0259921009897,1981.3892221857895,943.6529086126267,1709.7453262254896,3822.4111284946976,2791.4269919579415,4054.727826557013,2045.9461734988622,638.9335371049533,1173.5561990839765,2105.1856702514374,2670.6241889607736,4575.711002292145,77.98867762027298,375.3994262930645,414.89358929021694,567.526061294715,131.4427473855972,455.5271858598382,105.09209395685833,349.7245147973329,3703.0874789294558,1019.9986107441011,1422.9063753132175,716.6318337350824,2070.354908580425,889.54037921304,2041.0378073698691,1884.428178071777,3586.5042772080683,1564.960070944263,3390.961816749465,695.4735024245816,2026.1781727454556,1959.0155466608146,26166.559228697857,2087.031337901678,164.3428598973424,627.8034626472102,63.81220044523433,180.29962318252925,2210.7947527309593,135.48335202360036,68.93956806306572,121.06223435761211,79.02460103557792,909.3443141876937,332.2003299227218,52.80588018311163,559.9826614027895,393.1233084647782,1808.0684204233416,303.4622010918881,226.13580911380816,557.9822656276988,1350.5887631672974,411.2857622167635,50.33587642898278,585.308173165934,330.08960681475486,901.0047759181369,663.9054785569468,270.822690012431,1693.6729256663903,2666.964301545318,632.3622967917432,2040.5069815545658,696.6123091447021,2937.7341787632727,6459.173097499416,1540.6650301997204,719.9226518133278,275.64154433492314,1173.0872075982854,6384.522788124506,11846.395595627897,9327.088434510988,1275.711064189252,814.4463320625912,539.0172473363348,437.65908750450154,2035.9265272782168,261.03333405845984,1866.3081427126035,1789.90849582341,1189.5670922706113,401.03793143011876,179.72969005205437,595.0161883588928,60.10833016360769,127.85962938243604,580.0308793208247,65.3191762462501,165.05553664474945,52.63891828773275,311.4953059533485,302.3986907275818,226.7692644326283,343.1858163326735,135.05070136779358,100.0727488965648,345.6118774580063,2312.553627409048,629.1172957996595,182.8110511653363,1017.2909118998147,724.075731666094,2168.5900622759586,903.6749103887371,1553.8473160929452,2144.3808706838263,2760.434087200229,371.63767713218584,105.49667545470638,196.33102670331687,863.6159086260488,252.28850351794358,97.48753189298658,204.60792947762707,65.48815308675424,57.69237571517109,48.18647076063371,193.32510165736912,5.106581791294004,0.6295028598041602,0,111.20293312858529,0,282.7188343397046,452.90126777750305,72.59072648858529,274.1602059309504,0,33.29155154783217,0,0,0,260.43262901757345,331.29684072301393,0,21.373248465507103,0,333.40361152991244,0,264.09039695784196,0,625.2394033394685,30.28056728757472,250.70800042423355,154.55164732260238,47.474075604018495,42.449838138058965,11.071857423139278,45.415207146087,66.27393272708709,16.746540918798804,78.10126211812317,80.10819754852969,10.966794599147494,836.143347645741,9.514310451283698,3.0268349165688826,28.934213606562196,16.918459114421566,5.186249234691647,20.489038496222257,14.776458362428487,285.73933245918397,8.69956725632903,10.398824307225777,15.870791857196105,32.97572565013611,73.35267547926153,9.003594909067699,18.33750570432539,12.677542117050715,44.76608312082215,22.02449596061639,75.94179737542177,618.1728087256371,19.850646102668033,60.774569215115626,64.01229854942383,123.54890525457695,1291.1692451833717,96.90697713648441,16.575250199286707,6.937314788709654,42.07121051273298,7.411396014635345,1.7860961671385378,41.35693131415764,49.65138156576194,42.629185119087985,25.6349432770297,41.7217493205284,0.9836180227107365,3.2766288873895446,0.7717106140375324,3.547338174133248,1.421602820451594,4.479791950247789,4.1773105823619385,5.380474382784434,2.4650229507753063,6.361385926176371,35.62428285466779,54.31063173372575,12.317524427182386,5.992069568712336,1084.230410462484,34.43199264154985,8.467862913736933,2346.6704850959904,5.794993138076072,0,63.65175156662786,11.465335302351672,8.65152831734418,6.52864052221794,5.30802532215012,14.831720911237344,28.499202593755136,16.223309457937635,2.5813007347668027,18.451492330617548,10.788971350144763,18.439295302611697,4.559837247090093,0,116.26069539563369,167.6581384215997,1183.6047504558403,9.462987720504215,1190.7525825474063,6192.660438436697,52.01277262923843,21364.557181842607,83.00864017031417,6918.460030958468,1191.530250043435,2563.315915830006,425.546715147985,815.4389563271011,1078.38280421371,558.3903541697556,1536.6819105001557,2216.618098183353,112.25035392129436,2473.096063441041,3593.422529102268,994.4959197948116,555.281252999965,265.67256324230067,1168.5229681483381,1044.0600177551048,4127.5339039552,1153.4402995144853,633.8716207334735,801.8337689496444,353.56556613773745,318.47824275202333,7087.853458937397,544.2689093172561,831.2697525232763,92.89608702724757,101.38127537251748,156.5180069676747,88.5503673351949,108.03863750460806,2554.7245709518843,5909.551152926793,8721.253610712562,4744.631996592248,110.83917657778704,559.1688694294807,965.8182961221919,424.64911692017546,2625.849843377873,2244.665552585149,697.5037845253831,851.9735659353904,1805.4943171067691,718.9373277757348,460.4628509708091,380.9959377269409,621.3968972701775,361.6307733524238,5.963816845048948,2.3517607281039394,36.44870495147764,131.0971787536487,38.09441138251795,155.3131950304036,5.064759848931845,14.075232322014065,3.5287743822396416,1.736750818676924,1.8760208866667478,0.389240160999247,0.5140364284829323,0.5791314205261915,7.451888809244043,12.999963247263736,7.848178962062982,1.6463633394566448,5.987890748769759,3.3809084705564163,525.5895244530914,10.7820621468837,20.125241093745384,3.664473928129457,6.010905929838024,41.99316043755859,134.3795182292965,328.84578543963306,329.29911550408144,14.804715035569917,28.19882238336821,16.497718458611583,77.45954915495751,4.13916940570776,125.20585002554135,38.66270092140993,0.24598373859715492,1.3894208569006887,0.6647401525183354,1.3374200656611832,2.753143475250538,20.043082489843524,36.77360058047572,5.923261279467216,2.342444034290924,3.2548686951378367,0,301.08751468916927,835.5549660382262,3937.478199719664,70.65509250578467,0,449.6651956182635,247.03848490419296,8.970679821879468,1169.0689370510158,44.88867833379428,35.70802717856934,5.198565161566094,3005.6956279523224,348.4934103421008,315.0687514155237,1535.5397116571262,46.80262757511084,870.349021333799,4372.948653358383,48.51433010415841,1130.6459686627973,134.88063792212517,1155.200000790513,37.16802007053026,1.6911669710042114,5.893154915965433,11.404261820440293,0,11.774141133128158,1.0649866160797046,19.849859492848708,18.66676761175795,1.8600120071660664,12.227361833293246,7.55168915645895,41.619010360655494,9.677393090012579,22.86582572024492,8.583197409684123,13.380773933798995,25.47315026003567,49.468424392434656,42.95119678697481,9.604227652497707,49.34870825907205,48.86504746087977,49.04886459810592,32.0552661775568,15.047789164987305,46.11035019817985,45.35921867744299,73.8794990540119,2.4798835464052265,4.359948072193418,2.683122501435471,35.80031956765762,50.92906330682296,26.08271143010789,43.67748888954263,10.827385012042688,12.964684394995373,12.64571305245059,15.867378275199064,9.323001342256145,6.162214702729146,12.542975348903605,11.860992419238402,12.591007415887654,10.177474424853513,12.21126967633947,12.161805117102485,12.962463653265578,11.090525206904754,9.783876030743524,0,12.541879620221192,12.100421259186419,12.993494826661335,14.065594495820491,13.596357286222762,6.3766856823164435,5.782927214585353,19.91387822303178,11.049630249436047,21.283879633061563,8.342366288250235,15.99681482137203,11.43145472654092,13.939642518766009,11.237642330425983,17.02265581462605,15.273663960628667,19.733440180975126,18.293365379379136,30.036936798350666,14.213969695395786,19.503556339587433,0,14.857136773240905,21.68359407893974,21.202571527148617,16.58248365207707,20.43948125685914,33.30183484285377,20.14871271067439,13.831536619290171,19.677015014062423,22.3998969853217,16.034138190163745,6.515218841198588,19.435488263754916,10.456797263619128,4.230548362653058,9.292315951366847,213.79746340635148,19.169398258180337,24.749506127647344,28.536150361801862,21.489122361882977,31.582002723050632,24.9431119305924,10.842306275651685,17.94889909292004,14.02874825183927,3.2243659192519063,7.867947535838479,3.9500043319201006,2.8661460427150462,7.301881033436814,4.215370053112706,2.3967082059828333,0.543023965202569,2.1043717217125177,3.0028253375740093,0.1762643573821593,12.0759950852016,13.178290326949233,3.25045218862875,391.58199439317616,29.345903860467512,4.261568211594882,9.313727488644568,50.7774490820273,1.3457019701880106,4.4014115078808285,0.1828289667737575,0.09499345148858243,0.17439330053310464,0.459082935762287,0.40114739295570806,0.46407154153450764,0.518909190943244,5.845643847096194,0.5761920903061915,0.8097558533011219,6.118171339310039,1.6646882106588619,0.6174731456622264,14.813327503255412,0.4250368493592498,0.13922490302589824,1.939507925279587,0.6572411910493253,0.3849886167236181,0.03040137052637073,0.04394540017361993,0.21674568096223953,0,4.578486992917775,0.4246212142624331,6.402511290504327,0.5626327790950512,0.13318663375722556,0.2483831648669504,1.1036385092087835,0.004381687362742205,0.11655500250207584,0.43014407796063525,0.25214043548048903,0.3797155406141915,56.92940790774372,0,0,0.3088869654261935,0.2073283898759516,0.24778318774403427,0.03891842340835335,0.1314869402739616,3.440688889071593,0.5501213409129497,4.853858807626147,4.068957463756235,7.161899801378397,0,1.387057840741395,3.5548981042143937,4.430628548996478,6.8659464046090495,3.4125222325641063,3.231074640910843,11.084980339549208,6.367038095930365,1.8215715959883407,10.457653992226343,18.587113897640485,18.587144718513024,0,6.234067031953292,1.014716497597004,1.1184063386267606,97.71405538118576,4.744571281924212,118.92126900673728,1.1393148357225567,0.008253411458723763,1.6216806931085284,3.910068855037042,0,5.283735678694285,0.0771004825268023,0.028051663481371062,0,0,0,0.16821276605692645,0,3.5583581894847147,6.520691259772607,45.68371100285571,8.378467083242084,6.338670298395543,6.169491336804247,36.58550165627894,77.71516544792115,203.43416403358108,265.5611436569737,33.64878432869264,31.75274019528388,39.82697405573792,44.790601917058694,29.370586307988674,53.53609908233434,367.9302435237012,725.660401996997,8025.938632166635,1060.0235105102004,90.16009625327281,39.97626898371795,94.14455887700495,84.07691016739514,18.4277477346344,20.922504049245013,95.90820704161665,28.83457352050248,21.57737940048271,6.219996235014917,5.986271682452851,8.897322423797112,9.43794062556248,9.241009422058058,95.87020579113384,6.428075384366783,3.081900590107521,2.947514496507589,2.255003727102665,12.738416589956183,9.486416306265069,21.585977756272598,10.266825113111848,50.55902750758665,177.83308345176255,37.75540436579324,404.6969809772715,96.20261069190292,0,0,7.631960854926077,10.478071077447668,4.086517278742118,58.74523133017413,34.4444264744475,179.60292392292882,4.342600015154363,5.060917969452055,3.8624098541403984,5.589113934099222,2.6120876441832688,5.011316088209693,22.192226078040775,138.503818644007,31.282137056610836,7.920618092897436,4.975672919129665,2.213847694438607,2.0674503414670755,2.9260649948839124,2.8513486034277356,2.5724550439971785,2.2418489343973964,1.455539716805186,2.253992836736152,14.237171358175166,20.13107889257748,57.58600310017462,357.93343185625724,11.777277500146358,3.183475313060488,28.534412727790784,57.039176105229735,32.978052610852764,43.92710278999898,57.6449645347503,23.31242056852365,36.18326372322746,110.20820944983467,728.5344054675547,370.18734366492055,59.324145200423565,93.09074237465576,40.51680029074574,96.7092583792797,172.57487168916026,164.87424145295503,23.93498910824542,257.19513466418096,2385.3600943039537,1113.1382748867245,270.6228615623926,44.57367892127061,147.4428596394956,97.84483104250134,15.207358297416567,11.472824040311918,7.416285166657734,66.49366481125358,303.4519677828914,406.0938932550105,893.5442857217075,2643.834669658953,2190.3559927903943,1281.756412333079,1605.008901850263,2173.9555515728516,4310.103654102207,8911.816839027199,5123.193609258531,3729.9767420365183,1297.971544003976,467.9757257465622,127.35896785213544,157.96102743206004,312.07703435580703,208.62637850545414,319.2580025997485,372.288393186952,258.61665348250796,464.513595701186,428.2067557854389,191.48738921514237,45.054539498576155,90.8581857246308,42.26588282825733,6.248951006931935,11.090358025177618,11.735754123410093,215.72133939007213,1389.2339774801826,184.89471220181773,156.99010564471982,172.4297410988255,91.25184223508195,185.36176769103253,819.3679909441665,2245.6935898664483,1887.590612589882,1673.6610052438632,966.0265119217898,297.54997333327475,103.14943494746849,49.65926700517294,22.379595036276584,146.36316216861678,81.54785155922038,182.56633230637783,148.03669414468075,181.64773598704187,73.65730360798808,121.51696562143948,29.07189350728525,29.25296517875254,20.224370343108944,75.69768896031454,93.16472559193829,258.35438288165477,326.3469563544304,291.962815275694,243.3828909304832,358.2814062343684,221.00610700351478,560.4483306681154,324.0768675693432,173.8424381519181,382.3979672043405,102.82023802340437,96.06380735318484,92.56645433836748,63.55467446486739,239.8119689699665,297.5223022064693,257.60760397699494,268.10175733820336,215.42368081521533,287.55816749420603,57.46932372967593,364.6874168219925,56.258855920488664,92.89999595456567,227.40099364736253,159.41954670036014,184.30581223281666,281.93738062290726,189.4151331622195,422.2888582763055,305.1559476017418,943.5318657623104,917.7749393968936,417.6987798513837,665.9884327401664,74.26173154017243,35.43159126237061,296.2058940303692,53.75628156282265,64.18119194233022,82.79010294056165,484.33653011049313,398.91249995002744,32.23534348163011,19.683694391411237,137.21078537039114,919.2464937440917,198.5407129269792,265.14932764676377,374.78028956074985,211.63987274882086,126.05373734137096,219.3376325561121,176.31296203036854,266.8580120103158,152.1061969926922,750.4823421475545,178.33801942406572,161.54694015208594,357.13888519278026,448.98447462425173,200.03336979800437,134.01673139581118,92.62703621925839,155.63123987507953,138.2817412346778,176.24689607557025,55.17540335449868,42.96196889995564,27.76840080584251,38.72694455102943,97.29465752951054,445.85718679136454,431.82002586057627,531.4808214691883,373.42023152947655,415.5396960034265,426.4319253805185,354.55630566300937,621.8581695802394,524.8086370884091,111.1017249188184,37.71756292238802,1007.5072430178313,494.8956348757594,809.1427473699995,395.3102640082456,2.5776318439632346,122.50303590752888,219.13179376829794,37.29393592315775,0,47.068159090702025,42.595017054160266,45.73324231487024,17.52330579064844,3.2176037886571476,19.09664726636199,18.68879050170282,13.935918348306942,0,30.61568530283631,772.7201295221325,20.968228223107104,24.742913114383338,41.50504777126162,12.905938664303779,43.4882598195108,90.40632581828399,48.590287685450946,56.66135241574023,72.19850095365925,33.68942798781592,2.314677302520456,8.10869924946441,18.909914624954762,18.701003451315948,16.70629617839589,15.704329881378742,21.364891726549597,57.14746574300396,53.254010777299506,5.080056304736554,2.495484960192421,5.281039855919426,5.172046798760198,0,2.583528036792016,2.2860219657123517,2.491744243482698,63.30284481811165,6.6800816233160205,7.359595427633893,94.1284532773969,133.33774887669773,452.62234285955213,143.4616544595948,146.70056995810234,29.02474244242251,51.75585510964734,100.47988497218832,12.030815667436276,19.836369923268556,13.3546941490076,15.737133049201903,24.082966879820887,23.07562686513548,33.218755255063066,229.55031774411586,123.49689313298074,24.5099822302293,58.53192586006047,134.11263772750067,66.79040276219763,358.11582265721165,120.5286775307991,74.25555907424229,90.22880638897539,230.5768547485576,321.4855855062222,201.04185603101234,292.6412665962561,103.03930083741409,18.094576099427908,26.411939223307687,106.94306737899595,401.32238601711157,233.19077414768506,26.628552153969164,83.46855543110102,528.9600277652545,86.21937736518494,107.63672325459969,1406.8054967741862,2964.845339516349,3318.962403696108,611.6885498357748,213.21610807920115,105.15710442705989,81.00338881368656,241.2041793220911,40.315110165147864,573.948810352576,472.8201887246038,942.9696897757141,1713.3212682822455,693.6642246571682,483.89340183148255,126.52170244987494,66.54507709110683,82.43182207840302,558.040556351867,314.66448653259965,161.8618578970888,496.2645527622243,594.5915278100275,1121.7297180376968,576.6518602648289,5061.584249890386,345.6215765251153,130.47953037314088,64.65764605791273,98.33613238011263,77.41519963883518,2577.7733727233563,1099.141993082833,303.545577541858,686.7134545174556,595.697311370714,381.7260532506018,344.07024281672716,196.04042713453302,97.5285821532114,126.54325684141787,25.493851411178674,7.749091460561657,34.94477337349611,7.673484892690987,52.13656185171058,180.68645180364354,82.46957821952869,13.29893685487367,19.171288709730558,7.814084194662225,22.29673176781044,287.57941623329685,10.645587684279528,948.6343425613817,5.5197321456821395,6.842295700754505,13.87339692501295,9.859215078200252,2.6735518975079593,4.843849246739809,28.501737626101953,35.14174713243153,30.884675920050025,14.673565436742644,0,4.1036627045510725,1.1139565174182429,11.40726276386591,37.171354130691185,38.65928907556946,9.350671109415815,36.038245076513796,161.28488290715003,240.54125397023572,280.0174888090376,2521.4237174339924,262.0795676080709,171.49987798510867,221.1543327785925,38.05895823166725,9.671767294181413,1.363665165326777,56.274852284951706,582.9562205352302,1062.0488607397565,1198.893599288178,162.60458395684142,109.71097537622522,291.55519077524053,64.15530335870264,284.6751804005454,503.891675022934,935.8615926653093,941.2648583110093,141.13964006163835,7.0957620048798695,0,23.374411750522043,15.811735714794736,140.80647626063273,81.06528035397093,8.044040006636205,2.26877458898753,22.12674366165546,30.246260138348255,0,0,127.88129492903205,105.63312012593653,95.03902624210286,7.867443010280768,3078.290253062929,3606.5971146216866,809.9549519701965,0,452.50080807608254,17.28582137541743,12.877957369911474,23.90990912373998,172.90553432978706,24.823693773226626,24.489284277365986,1335.574090713628,1022.3566397070932,905.4999960887632,14.68777419067713,16.521667716508524,475.8069761009435,156.1425442115099,69.79044778969448,96.11973695752869,1006.1240815135994,204.5201768841488,71.43782615175222,334.05762323900484,177.42195807699503,194.02078799892166,21.010865894418014,22.122996328753626,223.83246602631223,39.167009332437495,370.6711433971543,8.740003063525165,3.026503770311026,2141.0526480482613,1269.4789219615625,4463.851267757599,5654.848790197406,2642.035889087379,366.9695847363978,159.12170119349074,140.87834039967788,268.42860553960287,238.3340250020622,115.31339207503348,335.0333188610703,390.1495100439625,2432.8745458072117,4216.959160644707,1020.585513968816,493.45681615918176,1265.5083899876804,137.30222667478932,76.79782032236861,267.69878068339335,5511.093119939558,1610.2753077180707,216.49694244624146,310.5569640451389,814.8319519630492,926.4109871791437,1.3748628695906664,0.14857611773529128,0.2912345216142365,1.9294198766769766,6.652384506035428,338.34496381838494,20.698682058191906,51.93725412337446,61.09564137964013,54.06723147495071,67.16937294639976,186.2774920182991,1297.6355120460573,223.54021796530304,193.0179555470484,893.814510968381,1302.6847348835065,4443.616118697064,2857.725937190446,564.8389248033693,402.7530696583739,273.1018418307912,33.28727413137759,437.81440558430523,17.877185766447138,18.46890133797179,2284.6343377395274,8693.318937045244,610.7388875754336,47.82761018859606,501.59716634307534,7135.584508818697,6368.65675281953,173.76466725782015,0,0,2.3555451892020343,2473.686206936786,13.71475687140977,7.142055663563462,12.463914142740128,310.06572513172324,110.80214530178812,12.053436185171226,501.344215266462,6.657475912730203,40.27946226468513,46.53498661753873,127.45980268425576,0.050043014557198,211.68201629016002,55.13283444320998,296.15813414579026,35.34839658116237,0,14.654351446364574,0,0.07624194178994272,230.84216684056173,355.091748057094,94.99182631162265,188.34554144579718,8.622761434043781,177.431012656318,31.549309743266946,1023.4385724547657,753.8222604276173,510.81146557554854,302.2823926708303,285.28529535417823,122.31166279184255,46.78622790138978,2.375090799525048,170.79918928480546,328.2683963643717,574.5641392692345,349.7508297501318,128.526733130629,18.8862504742501,172.20934055086016,192.78815856038003,350.6190689189969,275.06793800029766,3.4892405630631655,3139.8967711931396,4380.785105933012,14026.394155103615,15451.446342432653,11940.28609553555,1.1357573655879751,1.457804033872603,3.6833358730882666,414.6900827496405,26.437014596727266,804.5969761583144,298.03885870387865,620.1470547886229,2547.6951743748987,237.20957029475872,24.3710682155135,4.544422130266717,530.5042111312507,62.48775788085228,34.89549703801488,17.206463246151277,3.377490786137977,3.8958914334968893,3.99411913367176,3.862439350629499,5.627546868077931,3.3009301715491146,6.002635473206305,6.206649876755331,11.131648221732851,5.660501936118654,109.59176629870828,33.653445729932066,16.16213547179263,18.944457779567315,81.2502359760979,524.2821914538221,22.47010397028263,14.140220410437163,15.292037244967464,38.18468441335192,599.0968503789637,25.835585361431374,117.98208344055287,71.30163006403112,141.88593087308976,26.99771512575471,27.841470829891534,34.106276602356346,11.627120488071133,17.286184202520094,50.11402834239403,17.7126679730703,671.0352319616754,17.372984262196994,132.21033661693167,14.429885562570623,21.996520986243794,835.6667958188779,10.775606638976958,49.553469721050746,84.94844700001734,5.601629423156953,40.2448605971334,13.742594341230014,78.89688522337893,32.9329345417166,1419.0450355707353,213.75055521990052,5255.562236822777,5332.812786187832,3505.271996440864,1226.9794029145182,2295.707538602922,6.518829872927848,4.296377423456203,3.133324439236093,8.498408580279715,493.17383389505767,533.1846210414342,26.710067515636986,18.25165526430113,1.742080288121325,7.724741350291301,164.60291707554205,483.3562759546641,93.2253423212267,54.320436573874666,6.115532443558921,10.077684824577906,76.52351007140797,91.80284791605492,750.1498556990344,27.153602159864672,118.91469251963022,110.34442210414004,32.0777264086543,126.38680603906512,5.033198016504003,4.838267887924732,8.23480038998855,1.5930456781917712,162.3721216039517,9.753704241896955,441.9047935242255,162.50851842026051,292.744700438264,157.73552624937307,611.3226169259808,2567.5598693729366,1692.0628325266896,1020.4472401766252,360.12143236758305,166.42013263587748,555.488222678811,222.08648417686922,452.46548055564875,1255.3946960182525,910.0715513538582,2761.284085343466,1669.3372531047335,496.0745038041096,369.03134212291604,379.6734440639266,236.8726004663967,34.07423496746611,212.25600003593476,114.7006156296955,60.6407122683378,419.36768929952154,2688.2653970936603,1042.9991500840727,137.03654033844404,1845.2055584898221,924.5218941290201,211.5344932401093,26.35911738415283,487.37572575546443,980.5868100381244,1992.7372354905272,334.1423072663219,190.37866580472516,260.56535554678595,256.67708324511744,786.2559670209419,292.0143477485451,28.51775797975104,155.32832540174292,425.7472420316642,1084.9735893307723,995.8957606346451,1134.2849528638208,2383.317563552274,2930.512531094986,4954.730148534412,3018.656909951703,1092.1114924238307,956.4791264160509,7780.964789391286,3106.40234334067,733.639772376187,36.841111844583,45.135351418693126,65.57583855623345,592.9386062906337,69.58931221074614,412.8423493024176,703.3358829655112,41.401326223135136,307.2700029440693,86.82438968766694,427.37405037364084,1281.7386689642174,1261.6004960450778,60.25158164022821,14.678595257688228,10.548639361983438,46.99699627115036,60.14635888127862,67.90202529137738,82.32619022695098,85.41773381543523,509.6052879600721,2572.7421179873986,1682.045538128649,594.3563336577967,306.3770731071742,46.991985776439996,437.3547553765885,0,0,1326.8195891434198,0,508.34357082351,0,596.1119971283302,479.7155145187018,1892.050233767183,498.755211531033,0,345.81592029821314,279.70046550342585,1461.2650995586441,807.8437977172608,849.5654592682139,1380.4009670524806,321.8975801878689,5323.416203412706,1517.368098029104,359.095586382505,1005.311988417448,957.5592023446242,1095.5382903985064,677.7633092374955,3272.4151777006646,1065.533420842146,1628.651524432797,0,1837.0463941561313,1721.955485749483,551.0785095287036,811.379962414153,572.1421529311006,749.0187031530805,783.2224875028172,0,859.5557005050545,684.4716565792573,0,499.43119182636735,4349.938348212288,895.071227148115,1403.9115370751604,325.5906913547381,772.7272469277333,256.0138298652036,0,1021.0260111798231,2198.9899533393145,1196.6315624097492,1887.937081166715,0,1818.5473739470206,1683.952459613395,678.4801856576926,14.56536753405792,1458.6808099336442,0,1410.859864511905,1455.2763844174985,753.4507315443833,647.5488870826147,657.9745532837746,1317.4561715212483,1514.671902992549,834.0983287923209,877.0550075422142,0,663.1537948409889,696.783049895463,1485.3624455114955,452.4790200318939,1141.3421020690942,894.8589644182681,606.828329031393,962.005578304866,1024.3887410433426,0,684.9368933244767,0,1979.8719093421994,21.530599734550453,1710.787082902746,1.7446109688898352,1234.31482961511,29.05359279260272,1422.6857525603502,1098.6795825529011,1419.6058149235598,1037.8496910695417,306.64631932823374,1405.2501362298713,892.086283249339,867.7464528807341,0,798.6615325058417,985.5078381748863,601.9928495441949,0,0,687.4075025778376,874.5596048502715,922.337770563432,539.9358337914027,1377.8855753221362,844.9705376278962,1195.2250109689421,807.0584393703407,729.3515846160899,846.0384913205129,721.1200915260648,690.6377830053842,977.9196072565869,966.8843780037039,1104.3305963806272,963.6114928890571,716.9955627388358,682.660972052749,1611.0617628000387,1891.5515878687645,1109.2103728484246,1123.8529164800702,1042.6105356056837,532.591356433037,657.0201084867537,1150.1469336951513,1429.6260499209857,987.5702552918641,1006.0360779178101,1468.5662648279763,1005.171083571535,1006.1938418804868,1213.889765662784,650.0158610704707,1510.4051449470182,1491.716671921213,0,1368.1016773267904,1301.518664622039,0,1272.2905563926338,1594.6072604918238,2013.2516441784885,2356.072894485012,1542.504204434543,1933.8825368591054,1906.3385097000723,1763.301603073996,1527.8559873465183,3571.6029061864474,1655.0025727922432,1512.3154924906855,1592.4626913147652,0,2387.850834043609,3117.0610611854704,0,32.70690471910591,0,755.9993832787236,1990.780434344886,1307.3494813391396,1210.315273551259,1280.2995216702575,2122.8693200954494,1245.6379221751408,823.7000761820174,704.9827708440248,676.138543761032,1705.0154014583338,1006.6078295069742,1270.047080050855,1018.9215924112573,1199.7581432712507,1153.719662628805,1108.5372613331497,887.6472880273584,1412.0032591232482,4241.727076767183,7173.412052896009,1454.0631576228902,960.7786787519473,892.8391250379597,737.1422828048688,11089.05277267946,781.1493092420294,1742.7804859967907,786.7175485131373,790.0315013011012,829.4575821480614,679.5559627700712,851.2763193258229,384.74087123422083,1022.7372315981705,844.7889293734848,0,1706.9717807283378,829.1785323574235,811.1603405928837,0,409.9651628634673,0,654.961312417082,622.8095364984132,936.3451397578118,734.53248655394475,734.6419547182994,1014.2512666837159,691.0928481723821,1012.8788607369877,1095.7271365086938,849.8218454933966,1175.0756499241672,1000.791167935525,867.0355272827096,0,669.3190774788197,0,1598.2587933556756,836.970546406922,987.9638750874349,1022.7045905880414,859.3387862171436,520.7631190752487,0,0,567.1637814712994,552.1788172193917,556.792291040311,0,565.1873131327981,510.6409050995241,539.8795917971137,554.1205000642725,537.2419908870905,551.70574309668,569.2766547439113,0,585.61367354386,582.9784964502825,623.6068548691892,0,91.03792095986114,0,0,191.19846541543166,1404.1239808782334,0,1304.9482692843637,675.267111704706,241.7255370528001,611.3039351047971,870.1536154426581,2632.7325103854996,1050.5092553587392,6.227150678137675,612.0894084949012,69.15635299422271,1058.87957131314,614.6391164492295,1037.0386458255987,486.37625242656145,0,924.7840273230978,570.2526029679266,670.324295506444,814.788782222502,495.9109398929555,941.8139304658279,528.9932267990199,884.1665652448197,734.8154608301471,955.1855603665015,692.0407437179887,692.0407437179887,687.5213618492594,537.7166254900377,742.8687186177516,562.1745127092097,577.3025304453507,523.1865259870751,742.9745413108459,491.1777837828997,623.9902491133546,496.3430990351093,774.4028479423746,700.3867450967734,590.7626111822059,583.3955250712578,770.9183772684661,498.57627546739235,553.7132294564404,831.7622699173055,0,597.2684898506902,575.2115602821792,495.78692616436103,620.3990016070604,738.3572370828479,637.6650117981773,544.8687599406096,859.9765920291377,750.2744136551137,536.3820296936437,1270.7923086611465,558.0875757378823,476.66075750799877,484.0489806396166,833.0678522043613,785.101983112044,486.83470553014666,477.0945480331803,495.5999175121836,473.96345428733173,728.694800833429,0,0,0,0,0,713.8569576142305,698.3750876041358,693.440347679562,362.7618505138358,290.39753022331206,0,0,1142.4871629820261,983.4372203281613,709.241026190359,0,788.3779562253025,797.1880745755288,583.5004442993556,1082.4828519971793,881.4346916141449,907.9607120296129,680.4725301184681,327.78010727309356,0,965.702016180695,342.1938501065076,2135.5753214277056,855.6300344478827,2507.850986592196,1306.5371312663315,1537.9038644744742,1400.8080198320097,391.24136599105054,0,374.2471962174223,825.9723480160908,376.8300158626368,312.354050721376,356.60946267449117,814.1866050542906,486.21654932681605,445.05366458927665,414.86749077406716,536.9872876087196,1585.3533950133583,479.90574430231624,355.3168903081838,0,426.9608716507437,684.0732744942254,1648.1400848793728,999.2542419148939,2963.8568806456515,1646.4677967047955,646.0172503259399,2012.293266137499,447.5179733909175,528.2914286932358,2598.2395538393907,587.019590043143,462.89451928195814,484.92711502172983,542.1594980325154,429.3651781526108,391.56262228512696,373.35409403139266,340.2794530122512,64.17884424446764,0,2294.0519083946438,2508.5354563068345,0,1059.6350941451874,2220.731959788763,1896.509804437696,1103.087560260778,2073.522945418308,1348.499205195392,0,1.573271311338678,0,0,0,0,0,0,0,0,0,0,0,0,0,0,45.44519415241495,0,0,0,0,0,0,0,0,0,0,79.52813691727559,178.51413490255047,32.939979256580855,28.211833066926935,9.137390845672023,210.1257571110687,1188.4396112977095,1379.3453652108901,150.99648288989414,768.4233925411619,0,185.53260604573939,55.806187707826595,49.25359084956794,55.07099177272012,457.8658291286757,25.347229756798566,146.05400280926386,27.112128081724862,77.21850003867388,57.965173472828056,140.31792210162058,139.03584201975875,199.5794509422134,0,0,298.34552249941635,50.14813889143287,2515.9597341500335,149.08525506095359,207.569884165167,50.77266674125177,1100.5475759810204,50.52217631809206,50.74703990665252,99.487112233699,0,0,30.539869737612452,47.74750413490138,82.72935046590905,23.559469004487468,212.31184015251532,37.45830326788878,11.768250012131318,36.69545683816179,39.04804594868103,36.76179727526407,18.30620123829842,36.02826744417819,19.719692345069475,30.50979003608808,20.462230013347842,21.718802402636555,31.562960430922654,27.4452281438625,28.836234926278152,50.61225022340264,33.22652688786314,34.61275252196629,23.62648118438618,27.937851799388373,27.419731243956726,168.27586865818813,54.06218343005439,40.52160405222763,24.196874640332627,247.47066219605279,204.0115589832704,53.15888983830888,688.5120619149386,314.88738708928986,139.57762462593732,387.01684231154223,391.3640693238318,200.87269838651886,78.3778506477818,174.46251652336812,53.86548946250392,301.71831136973543,0,20.410229843459234,1.6253559536677147,0,0,0,0,0,18.65494755726772,1173.9115973313696,111.72311463899655,2.9034742111456877,84.34090490332497,613.2388405424832,360.94117865197643,3522.7715881091026,3609.804996851718,1469.5566767086482,56.68921984415074,0,0,0,0,0,0,0,0,0,11.637852989282921,0,0,0,0,3.8297471630855418,15.304095325464427,0.003455951165293828,0.9080176508516828,0.5889560437663965,0.06230535877015253,3.1852084675101624,0,0,0,65.56241113822303,1.4825149558152309,64.81208211683348,44.912635347825095,46.689525110620075,1.7224856647999411,131.57558570625457,67.08964441182032,257.2572402110933,45.7221901397983,48.35055393111051,95.7829648309612,176.92137962091635,352.02116501291374,167.17705867864868,7.636083141865745,0.2476010334564914,6.698802482072499,98.840613843748,3.0434872632286285,0.7877324451611025,0.11629191114260022,78.80219546264698,44.64314609230257,0,48.58793472435758,584.4683710932319,125.3414967413748,20.717791408791406,14.443176449851999,6.80959764116971,33.384641730126305,9.662176173066815,30.56543861279599,9.16801581475452,0.5970825571063741,1.6530457424552703,266.14538392484513,81.69997263933364,108.51166917087453,8.467853699608844,43.97959651415374,112.03350056403664,1.1740619167598279,60.24394658424039,23.505252344280954,69.32747795613808,1557.941135704661,4971.673855323383,6858.601348922177,210.3606014696708,140.3632759316075,12.594636642359868,193.06453978129244,112.60019300708433,948.384806453588,225.02039460409728,75.13019437481886,3.132630006316033,641.4615444617882,354.139660440161,396.64387804709025,131.23607936521756,0.17011650044061707,4.152686858177795,0.11246518487806227,65.16904553103524,0.16353120514200745,0.2246418081964695,68.43687182033331,68.94604126963712,17.252881770350207,0,0,0,0,0,0,0,0,0,0,0,0,0,2.8083222649381216,2.9848233766615144,0,181.1288934450096,3.5016828317917774,3.4017119634296167,3.4312546554971672,3.350839964278563,0,61.80105566502316,62.12984147980776,61.631303123143915,61.700353137538436,62.06046100396409,57.816111389854854,0,0,0,0,0,0,71.864086336718,61.94443279956807,0,171.55924243004316,73.13546729736913,0,57.87458836051218,61.354929188071374,67.57214566458282,2.026358873114029,3.504198896077727,2.666514087506691,64.3227965758559,92.57686350936346,23.33385464265014,73.41282670390042,49.29029157349622,63.04261050175764,69.46814550190408,77.38863827232665,76.7212852203714,52.17854018199818,73.1479378896458,73.1479378896458,3.7148850463878156,3.7148850463878156,64.39211656715736,60.23456353654148,59.953885799619485,62.15715643111371,12.563017676320941,44.47371433272982,4.331231084820857,0.915201707572781,44.06789318052549,34.99585959213184,0,0,31.34831006961317,0,49.58727042262456,0,85.93337237118341,0,49.4183827692894,446.1774985908009,61.694473023148404,86.26089028985724,41.550729424593044,92.06817257566212,44.73471186133563,102.69137101908642,61.871191560608466,5.061771778744718,61.20302438814895,6.875220469216128,56.24032749260655,62.885646230470385,43.115066936000474,38.22812010375283,46.64650913189348,58.03123320128576,36.44548130880308,54.11809826257415,102.66552404474383,79.26623158696135,0,29.78201908667407,54.92078722721176,34.79059980715172,65.850586574615,59.13849260972331,72.82894431715502,0,97.47737011896292,63.035469750071115,55.169858445192915,70.28136250336846,116.37830052411478,60.89233028312403,166.31127635619933,65.86530892564465,75.37397217225495,3.0319886240966256,586.5999195619787,160.07632033417795,103.60042999912339,147.9316818417229,67.43447515717179,279.42188731801576,176.3019306059393,575.23476385224,544.483957988112,457.67380362198486,109.77827017095447,12.122857099284829,178.34123428510253,275.54348374126926,512.4405699097795,1391.4725895693925,3739.5030800284976,624.43886304271,3831.784539783274,66.03730558325071,3758.1199694433462,487.35700704883345,507.5051782151915,128.63974964239114,114.4500571187771,335.370575407238,52.39701657411096,22.205784676841986,12.47936022555795,411.6092556430362,123.61402524072726,0.4139626877591417,46.6255101338817,0,0,0,0,20.98612050867112,488.2247170132175,7792.9548427149175,15170.836818530199,8728.216536890577,123.16630938155028,3.9217929526251236,238.18082396095,128.36173882546626,1510.8659173166948,215.15279209287402,682.7301125118648,2149.779216622376,112.45425620868583,420.5047887530279,210.76888320616192,89.35601753671118,31.070149933738243,2.604418140206143,606.4817845921779,972.9335824326386,1421.7436527506006,578.5626471415247,2.5247030831174424,34.338076366161445,27.69939276084365,514.0403571186755,33.51190474913076,32.5755099300503,567.3795438880949,4877.189394566183,381.8405033753716,37.11193414409631,108.2921673973318,45.12882191147958,453.75402561898863,353.79796665693016,40.36633847397021,2047.7933269287214,520.8850678613991,98.4444777680722,16.05552897597287,179.44571671123708,284.07052820486734,8.003528357629689,6.094697016406643,88.42189638523027,7.191103288721297,3.1317507581825454,15.485579264415044,189.82269405880763,46.43331109777684,33.92733132496095,8.180863681222053,18.237285437489817,27.625650484199394,17.293388838594318,8.663364600195566,60.487656788662605,7.452956839691236,8.064736133902171,7.873079912513903,8.191686581455373,7.589051393444554,7.960915375943906,1.1245381496821185,3.237123701258227,59.0228655516126,48.350971902666636,436.3626482699194,535.9492149237744,32.21513211176406,32.36011335580067,26.4750463759731,120.91636961913055,1535.552996141025,17.63499806528265,717.3541421346374,29.39268530766212,112.08928164381031,214.00423060653748,6.798625053352807,7.208532317827523,8.959226149608876,135.70751888136977,4.036658454887959,16.01463652142601,22.777625674638788,36.70434982261094,28.29385429393687,58.64782258841979,23.401249482866195,34.382229654607336,25.06617337829414,683.0230478815953,8199.05625339235,373.35439503323136,1432.1554538867774,14016.558223197833,2705.646108382778,79.28448700606022,33.261042246581944,23.639358634362612,70.11048903253204,96.89638637283991,258.9297605255805,210.73330930347439,1097.7288698892296,1618.2825168145876,233.33250598319594,24.681250763863464,412.8312729176908,354.20896238685947,61.922748447442544,91.83730783076503,7.862470842333437,4.628716193499122,67.21490320515062,60.646298326058634,2.9969677039352844,2.655764770789732,23.01115025216522,0,0,0,0,0,0,0,0,0.3896263385613976,0,63.35559544746808,83.44287556615828,0,1.2736992834833218,0,2.3341605438547703,570.9446230930776,188.62238170652824,0.2618836646432544,109.57424509647475,535.871646792222,275.5938483765175,906.8197126830096,510.11968716982653,380.4951668047573,320.3956409575686,444.3358142312921,601.3837306935893,519.3606760994069,605.5533744075285,96.19786126613015,873.7917758923332,1541.806256209221,988.3461326683033,3352.020797262712,2500.804916650972,1068.4660708744805,568.7636680898592,537.4670785935632,865.3885688697975,380.36436640312513,1003.661984566397,895.640286856599,255.26756054750587,159.12296317271858,1.027933775415952,174.8568255944148,83.46192444510264,146.40604959166706,445.801281938865,152.6589479615801,149.19197438899468,223.86243675025324,291.5934543965852,639.3891539184723,490.03811431745976,621.5666990222842,314.9943659248688,117.85718803137058,630.1778160268715,616.5386307021851,104.47771494106499,69.26367521864893,439.10639604589,295.6944472370846,354.87240350433416,838.3230423219034,1104.688079378941,1578.409110461824,1850.6218755645618,1319.2515479599858,862.6257538155852,1053.0361520412089,1501.7149161861812,2563.304817741502,2594.751727180874,5722.733323108438,2320.226067792653,1047.2889421146988,624.1408335098744,523.0634828455186,897.4494389797829,537.6422393320148,233.81658203323823,162.57222065663456,634.0497116682978,261.0946055786404,289.43757269698034,158.64971753821217,471.0131101676243,1901.4723337000246,324.8582778966273,218.19104044507273,225.06054735986513,310.96637829226796,228.72517270054487,908.0582485165602,156.17304839664635,98.86400038068498,151.71156377380808,426.6198371794745,248.39270795891179,340.8813386382934,58.3661067294987,248.43103661355855,686.5460961581422,117.9020226700466,166.02534755642816,310.6966105043091,493.2938281907786,358.8072818931986,471.29723455826735,308.60939475747625,329.8649900535015,500.05184256806683,460.62650249223816,34.30104151796233,414.1664799719355,64.11607617459524,600.321040729368,12.67820378621092,1099.6637545595293,1878.2298683744768,1394.2822901656746,3915.8333607434715,2637.641817296407,1298.9889013412221,469.74941008631487,485.39049178412773,887.8252719126164,545.801262545499,92.92601069564266,319.24717831295516,1381.6175225575735,941.6127592856977,582.9829087042813,1173.2125529692942,1637.4055036278592,250.003183105821,118.10054054119968,280.59028722940417,406.0983576335128,355.2488216279118,348.9710468707406,524.430901741033,303.3651563387172,40.21731487569135,50.18555595651636,16.52763624370759,15.861955867557128,17.383099720608353,21.125197770523236,0,0,19.289695619658147,2.0482874187305566,0,0,70.65063057338976,582.1708340564267,182.99371453233786,29.74979175804155,297.6751062409658,213.9766251070025,35.714950467076626,69.44779672048485,0.6664378442693449,22.53835640369836,2.4260407087301745,93.36460600063398,5.4704573212630425,406.29625864802,1691.570199019512,347.9665970727407,226.76681169997494,15.028143635796875,0.7637440826567632,0.46345968618871153,31.897061299112348,112.82165398227423,0,0,0,0,0,3.6656595410940804,178.93893074313442,105.99077300368144,949.680700451657,1132.711566976795,234.7844078946846,769.2954662402688,16.93592903527,98.81341839404865,39.200836873147566,134.42473399899632,36.47523227885508,166.54382105269718,11.368873224946277,22.489063780383386,10.854018316046929,154.7834094225343,6.546199241730191,0.7603473613867412,1.7286420334033545,206.1895103824024,26.334313920961197,38.6578447737668,211.03007964430435,701.4374375959245,455.09426000025434,669.7864182693497,440.3312111941298,201.3754743606541,116.92125284022713,8.138969854719933,136.49757746704523,1150.7461620391691,2251.2643279343647,2857.602262722378,2559.595322907564,1603.4474176079627,171.59220905857185,7.113111602455789,0.014712624133369484,1.4338011074984365,88.97895995555967,432.38049929457196,15.65942014821815,152.4434109602845,10.552935996884205,4.871748989323797,16.21624123883372,61.257472162911526,8.298840549020806,0.010201264259724634,0.44626429170234266,194.8978956841361,14.629283213583038,176.74566884378245,232.5199826519072,3.3986192676875895,166.33346240176868,0,26.91385155225446,0,0.9125714985097533,0,0,6.3599895701519635,0,4.98998183818276,107.58197918227837,52.09953725608254,115.5893722074784,74.59894760705426,118.14392668214349,0,71.8397351074717,102.33416596636373,0,99.74682281355132,0,0,53.616723483327355,97.29783587085626,100.44601074519059,0,0,0,10.5896498425116,27.016175186105656,34.76819958393197,178.74124053977008,17.968879179117756,0,42.459331799987616,8.5972292093111,17.903023189405044,448.7850048926776,626.8731956210167,615.985958051655,570.4856847072355,417.5594965165516,347.55859395770466,98.18621882687606,186.03668380329674,320.7069147282648,77.14249608793011,195.19883912199307,138.4478173431297,52.52871741583955,1.397699609065807,12.43795182993507,0.05018892431413792,0.022397022080152432,6.004583338637857,0,0,0,0,0,0,0,0,0,0,0,0,0,0,0,0,0,0,0,0,0,0,0,0,0,0,0,0,0,0,0,0,0,0,0,0,0,0,0,0,0,0,0,0,11299.730969074559,48660.40058777051,28394.838610794995,64.35994126598365,1600.9649418107697,102.00452664123438,46151.32727171457,52.11671247564067,386.5698829067108,51.112809429700384,61.91798702450552,83.6006322819641,102.75506008033162,112.98014339561585,69.30711637820885,557.6878872532722,7076.124241103987,1257.7577638053851,8519.730903497342,1038.4643453994222,2349.2982045126514,1759.6513102399963,3594.925042157964,751.8722983746852,290.5859883988534,127.28016513030119,99.3140019944396,1521.2283183817988,2274.0602225168013,164.43860384973073,192.7711695176565,358.89354352159023,163.56794504090263,350.5829809225684,289.11595445301083,265.65373436633814,164.14231562777331,197.92497097608975,317.5851873492346,414.60658744091893,359.0938068162307,7452.772151614164,4001.65713305261,125.53075069017699,106.28650118855457,119.07574999224659,1418.9784981209389,1444.4466800790551,200.17052462653194,292.9565735559018,249.43498305832202,0.6146129740908696,1.0219712272994281,0.02492836937059508,6.326120168733651,5.328384630806858,9.110775331699843,0,0.2294268623315393,1.7695585822744992,9.266433171045314,228.9906842718831,91.8371547574227,42.97038583100101,179.62917727116636,364.793608121053,389.4424172569117,58.23614236277179,67.09706032443383,16.078138677788488,341.229766143985,127.65247095764312,0.11499537305427397,0.10742513773028414,11.047947478506906,9.18660583554825,66.02309531256067,7.155160747401794,2.327393517026514,90.52284737726676,11.486119313269933,1.4832163824730542,3.7931892517248738,184.10894525108574,54.44720798728799,153.00151480974685,399.2233445883028,544.964375579551,901.6069318478943,835.0968434666995,470.24532296297133,418.21103282165336,1204.6014520873068,791.0034330877977,869.7467257082915,877.2509396573206,487.9865811773257,517.2844317360103,885.8333999941677,274.50194253277766,1053.909691815097,72.95336415488188,130.96339470022187,0.46223573617261193,126.55640590505047,31.479419811214875,8.823720672662656,389.65369761776117,87.00510966144185,88.27161573554712,289.46352591046144,417.4191088543443,727.6944391316283,772.0254496177819,66.14682570811776,1599.6610774376077,252.73484405889985,17.057788646104736,7.995406853103568,92.339485843149,385.5853166845719,611.9738102910113,135.34387463221188,45.20103119990241,120.5188805946707,975.9142329871755,390.634144377635,447.87197582741874,242.83601188504377,470.86584161803785,270.37314740191425,354.45720468959723,587.4036094896119,1414.764102474278,660.573493534194,1593.802332866063,1698.7876505537783,2001.4848520653334,1244.657334591,707.0768887115266,1426.5943850651388,803.5416280060053,622.980147051408,618.4685493787226,531.6391772944603,744.5976182086578,306.3929239446097,187.02799455458475,0,0,0,288.96883717298186,18.788738870294225,608.5949396739093,184.54748009687626,129.17929449586353,455.68909943884984,79.21071708884611,133.29141963891857,752.2623306003765,998.9331343096542,845.4157906614349,852.640576524257,795.2147711954577,486.68538485107507,88.97929124114998,89.66409624032164,252.10632817525388,0.04715410724282808,198.68666257063612,7.5220355813168265,0.17477117565271666,1.6204618741017534,27.051500003879646,234.67302960701267,8.562099360077505,0,0.7477391777972282,1.639319750878213,0,0,0,0,0,0,0.6901968253826251,0,0.007793671205510674,0,0,0,0,0,0,0,0,0,0,0,0,0,0,0,0,0,0,0,0,0,0.19786378560974613,0,0,0,0,0,0,0,0,0,1.1505755278966925,0,0.7018531135402825,73.06034565085301,0,0,63.43807306010587,0.1700405848389142,38.49877786451385,0,2.994870531568093,10.949308283364541,18.35415893690917,0.1418426718185058,0,0.7444373145153667,0,0,2.0848176608260287,0,5.074417480189931,0,0,0,60.800949791325536,0,0,321.9690510955537,0,0,0,0,0,0,0,0,0,0,0,0,0,0,0,0,0,0,0,0,0,0,0,0.42879600979882887,0,0,0,0,0,0,0,0,0,0,0,0,0,0,0,0,0,0,0,0,0,0,0,0,0,0,0,0,0,0,0,0,0,0,0,0,0,0,0,0,0,0,0,0,0,0,0,0,0,1.4890185489237773,0,0,0,0,0,0,0,0,0,0,0,1.2096754995563872,67.39183257761032,2.6034154625138277,0,0,0,0,0,0,2.209667590117032,4.513980643087264,9.859645503798589,44.881812354915574,485.7556444949775,417.19042496808913,522.0777830004968,932.6739978761559,79.32293073735862,329.3402654500555,471.1326752492867,91.16269591710216,157.9137404542977,120.5886669362986,179.9140056966337,11.470681029780554,4.837846962621317,4.725989352752411,8.42129799249396,4.681790497210338,3.8743962082755847,3.796785802749637,3.126064322482193,4.042115005124365,301.9917628678465,7553.441085922543,3709.2315421845483,5.554728108354642,1247.4335832206195,36170.62238457058,21995.9530299271,10674.49468694596,4.736074917837963,14.342470511371063,3.071273452402259,14.055949271036399,5.299103874495369,12.1844922002974,11.432240443957342,10.004254830596436,624.0743307230516,10.251275087399296,64.9789803695631,62.76316996855938,9.237943881627151,21.46861008325016,2.6154608751024835,1.167597756919686,4.1583030349686725,199.06090068040402,29.005085409927332,381.0294789664279,26.04367760062931,164.39473382702297,53.28799512620065,10.851913593766886,1141.4651919868193,129.6125978880449,2908.936695417729,2242.1932509870835,652.3026658790326,69.35796161080756,0.2018314970447076,0.15999346883834395,0.2578140531497357,0.0041756414799491385,2.2986737659244447,41.709225578105254,2.5442157851808584,2.3822393609458117,3.0085659999655157,1.3624287037364378,1.2271874137924041,99.66183656342763,8.191428700022227,6.111652729894243,1.2672202525739373,13.249449450554842,1.084007904770283,1.0552561886974752,3.476656888443124,3.5478565867228062,53.77975096390673,3.4648696152108194,5.794490366729188,5.816820067235421,105.8782937035537,37.61169324453579,76.25184944319996,1.1804130503363863,3.7824106431228808,2.3511291105385244,8.666759491097665,2.368423743130126,83.73179979656977,2.3515587454667477,2.341948708994708,2.3206428320878882,2.367053311020083,4.9895919683568115,2.34159978330643,7.994072591256152,7.329385794338291,7.75287012043845,29.689322776139736,1.126115931142694,1.3886634380572422,2.357686062101585,1.1682006080366245,1.4253518710655253,1.8785136981759423,2.6226630880494985,1160.8833770306733,3899.30684466536,2294.8532692467356,35.62109695004216,3136.449603967008,662.2402954398627,2.3597600361904454,2.360084452419704,0.9516242443088352,1.0827599133682175,1.1526975667173414,12.16402722160401,5.841662504053255,5.325277974473126,6.943530359457549,5.604923987157738,3.829265627336666,3.4155960895449398,5.721649189142962,3.514313478036906,3.5108548283763947,13.263528899192982,4.445058993023531,7.61863519661361,8.051080202246627,37.89875275260367,5.528536695996916,5.836273312754361,5.750575274403172,153.07014944422133,5.665154441147635,5.745128985495729,8.290999090252296,8.25089685432454,5.67756117568639,7.636368244990759,7.806080707398546,8.181578394496213,5.6273933360897095,5.461124276271173,7.9336565785103765,8.270242456621459,11.295364640010705,8.206438330949453,11.585830245027752,42.21078882350733,11.854026698131177,8.0921523897852,56.25193800344436,0.19011218139172287,5.095746028963507,5.0304281340559065,3.3677776642143487,6.232596130347029,0,0,0,0,0,0.08424045858404657,274.43553670504394,189.94827839976105,695.7693999234573,11.998506655527098,7.964961268737343,131.08333445735997,112.32230627900941,94.87498521895523,519.5303726155383,9680.233031253196,10303.375484765675,623.7774569030299,23.16300850514154,105.91407425186776,183.62311464269845,187.83995978719412,27.568064845814952,8.592378940108748,15.280022559188112,0,41.943069626727585,23.645971532248105,15.15923168864768,11.408806410723741,10.226597103702467,29.369640043181995,62.81401385969724,34.11345719900807,25.6609093375219,42.47395649789305,334.2032811312324,2083.4130380910533,861.6427180744292,73.28207467724455,77.39065733551492,83.066196683668,44.37951816642853,1206.760546908333,3145.950529417271,125.65498089115134,43.377332135386,869.4932700289211,59.338232210398786,47.85973957981109,85.63034320578504,51.87625198074603,20.674640254177397,42.04250851216386,27.203431924697362,145.31860534749407,625.2078456460991,178.46653588223393,909.3808178797193,21.907520575798483,148.3422729089929,2365.2005848138874,1275.4383845727223,1870.210512904954,2678.8167083169787,5099.471980549779,11398.69417459673,24.548378893219766,21.296487999617003,46460.98646794829,44856.27597792042,278.347376479014,11116.201749775784,32.076171361495696,10.278144452965208,87.01139705128651,91.059736149788165,430.3816908571513,1355.5326850791348,549.4533257360708,207.0740858968983,92.67358370186119,219.00336697625997,667.112226348567,1927.6104893071624,63.679305070829905,675.9316168184337,59.699788439647584,63.988023979400886,51.435104145463036,53.17345845522904,41.12113875652592,14.009450574606877,30.65834754503764,309.8163792111465,60.44546298317927,43.83844957489905,33.244028546459916,45.651463541034325,93.36154340235974,58.52917612792738,36.46942254806383,214.79688039008983,56.95453997426858,330.027672987246,86.08666461616124,49.41481300371334,78.72446002246608,400.8963559986479,100.03495702475942,145.3716016177133,429.29001502980043,33.572221433710155,148.48700811300745,71.4829748997055,744.5400898538878,458.41033080051517,86.32033801123954,60.87160294230795,98.07003723101718,252.41753245377902,273.32084340012744,185.81923550322043,72.29166027797174,68.60070664178048,81.32682354626208,72.09760631334052,86.15775335867711,78.72331315037762,91.61927205369771,76.77626636968488,311.8730177009009,183.79769605163068,175.68594803217852,360.3092810578193,205.84299499152178,8.73538598758109,34.20229044146385,16.274796571406174,7.025855240003919,11.036272115014986,19.650939284401172,581.382061898885,280.50535970639567,45.013869122970036,11.873522106620104,37.99973766824013,39.57832187637952,39.2354320868338,12.371043507198031,20.525870486889218,32.112917697465164,56.52767350820604,164.0225443701263,170.3278830817275,28.560162686204336,74.14406558132598,43.91817256450578,216.00347643487908,8.229394900757116,19.64743334124215,55.24971745517005,58.30824915089983,35.39990641683529,25.268330011971766,46.50455589416802,53.990067167044074,60.15046403275185,57.271898470405716,31.60236041461184,65.95039164561516,19.495015638766944,49.37693933336901,60.086645096364464,64.22278482457652,67.12966587131383,52.88580546258972,47.727523881364924,915.9688574985616,205.27109380413677,137.63931854642854,82.96755903500926,65.1114966304167,67.91437422579712,57.57468666700959,88.58973884682875,69.1926999874905,45.3679126692866,56.53120067015292,51.83584386125849,68.59226891920923,120.45779473022877,50.260859425215045,1864.6416012001723,1037.4764618863455,1109.1984097895784,203.8860534429887,644.3503863633824,42.30489254819953,56.46269209643066,82.81243627220812,61.58552279418546,57.397069063424006,76.88065913982996,1981.3770239702883,65.19417366720278,80.99334099328215,68.10263111977214,28.122191797921268,59.98836975184889,334.38752605876186,1347.8733750281058,626.1345444677407,84.34555507142407,102.21704735246185,74.58438062100508,1094.1075054961507,9303.150071700113,4095.050686071988,2443.521422428939,1895.656212799866,2048.698426337679,145.59118111556543,93.22967124189141,79.73769751225291,94.00039043147623,100.7387140494412,126.49437079881311,175.09609934055314,335.16599756352053,3230.599320900573,437.13387788954475,117.21938309843102,151.46571589850817,96.73520650593026,95.14619068328732,63.000713184483125,1478.6783301514258,1416.8409531019029,64.02194600122617,45.33309613066001,40.50430870070773,42.68651499643713,43.897261944268145,47.892229261517535,71.16958108959422,67.28051615933603,68.89260025879368,112.51050617099817,65.76622992165002,49.29636245327618,811.3250619220584,292.77710090542996,122.50219990794619,55.833253467079565,47.16143485163036,76.50854382920967,46.23953558177734,203.96446527842653,776.5093975112811,90.68247911004198,69.89812968289414,120.66254908684742,24.637742750753862,198.49414766226036,33.686250408268215,35.50157441086197,34.91843144747478,134.85151552527228,78.12735412800957,174.46339697056297,49.02796404130916,53.592614769169764,58.5976392417317,62.664428621299045,62.60745721020315,96.2425331335524,71.65787627498791,167.8291360783671,59.49705987188722,398.74496034965733,496.9488950664521,121.112870306166,67.90602537091993,52.179031775830126,64.97046741682254,84.69011181739712,810.6235609669176,704.6501050906484,415.8013544361747,48.0491931549644,49.03189515642075,431.02153779605453,23.646008697251,43.64138631597929,54.785366602477524,279.7302092557533,34.78843091508735,385.0133408531539,28.26600074423654,42.7385732127539,50.73701983532458,48.70820298847677,67.65235467465718,48.21366853108953,52.659923935558886,51.86304828225644,125.02827947982331,95.04713005757363,26.755561332786517,35.50097458291397,25.983711347328256,69.28975616464703,62.51929055320593,51.57424871786936,311.82381697034725,753.3612136284205,58.93471032542661,53.84383557447162,429.6330894887695,1526.5477212873486,112.30489698182055,21.943678386252323,37.07575483151254,29.73497902114964,30.79484218029942,32.369754738089746,34.249766179683796,28.221441094343565,605.6881089670052,84.6748367715782,72.70115175298164,286.6329274326,72.91740865207096,387.34219811219316,93.48305968801182,137.13334974850005,130.29995972105488,88.4131615507696,72.51754981008871,51.87116068286556,538.6269002281165,57.8403032485456,113.85457162755198,56.01811439408913,55.26932561135639,149.18517312821166,35.63283214235515,36.508432991512024,48.96903445991526,519.9834037237359,271.98476573604313,146.59252686641184,48.65228714750495,61.223034224744445,94.28782854850238,69.05908819893031,1200.3206182029494,2013.3515857044,117.88753771524834,58.07802197519594,519.3376663153506,5169.173470488936,517.4663744907856,57.65730759685354,54.98221405744969,71.04958584911257,80.50463994806631,43.40822508230043,49.114430582165475,46.9634925837046,66.82174362253436,57.522399018134614,50.79578028588658,54.14728125629908,48.58979986904386,114.82265888717797,50.80412745848805,61.413096108403096,50.309584840055095,64.50769536621571,1692.8322287248172,303.8625022471799,66.11312559350873,57.95294239625355,70.12868460676737,54.882384360537266,71.7231361719012,63.47438304850618,64.69274108201088,58.99790559447856,214.57312916171986,1374.7555328004448,731.7931742090921,60.31294525804577,80.64281224129425,128.3478612446178,61.38913229359265,56.720089138069,57.010208115245405,41.6870066607001,40.18401102166933,63.52711901079693,154.83755541616776,329.13939671092874,55.32458172467379,396.1408640450721,336.40325321997864,76.84069293108388,45.45435665886671,51.09541559463679,40.63276153721056,47.039452584770906,68.92332537842651,53.39286019872266,92.18383462065482,57.38061821233422,70.7726126467407,62.46976060648053,137.2205589878272,67.57026809260394,177.19103776261946,53.40923748890198,86.03460501099867,41.1087336127642,80.32370189281538,47.16373018032637,143.7639132069939,63.974111586865234,92.61979616539357,61.175339962124234,48.21381153217767,59.40687480000953,176.82768560364588,192.7874107193024,84.46201981809295,39.30048085233366,50.628925275529696,36.15517295727354,61.93871410925208,43.557824868376954,54.988357538258015,25.32352941903529,55.08738139221205,227.02041820520407,32.59739744862903,32.46136530777275,42.151767485414815,53.664811994727835,32.82258046936503,67.99277173905564,26.35947087251047,37.64653691096794,55.050955174774124,28.51066118700283,36.19747292845213,38.530248102896884,276.59661719330245,464.23486050796924,429.64856919005587,87.53118393643011,126.30070249797328,763.3675399530857,498.35181710465645,81.42833233351655,101.33110277575491,109.84437482920522,6.667743479612313,5.408764523991244,8.233998855768057,11.744157231291307,498.1502756598514,321.25946339362264,179.36652103353103,52.33959948821396,54.1044643061837,371.37788143496726,226.31243043400644,198.45795853182176,512.5642822920978,711.720182099052,933.6334143741026,3488.99903777381,2685.7907342509134,804.1181828676731,947.2432893866201,715.7942116080945,455.194446570148,195.02303998253828,429.52947586973653,265.49465260883267,37.48631494577852,33.032695881030044,35.453973836192894,143.2272776153322,109.64700717961408,72.09772190831326,30.04996428064798,173.8865920498506,139.42322222344782,98.5020262830277,413.15159925649317,262.13999855386976,89.31016926422221,44.02563312570571,142.50412837408106,94.10631581909556,165.84664849839135,2274.035283119475,3513.436752087377,1996.4316552309153,434.772050252307,318.761319556582,148.57078449110432,69.60524450306804,2807.447779573494,946.8420796426567,868.1187464333734,453.681975821741,1643.423480939295,4210.265541034867,2394.1012922198843,3703.349992480354,1022.5721155685094,3528.8725223966576,1848.0467101540669,1398.2451350621122,483.1183774103093,73.42110577155245,5.666183484732615,4.040522431484366,3.9271668369114496,44.88182577433545,79.76790966360304,21.37434040044538,34.038120631939805,174.06514617361552,98.92375609745342,105.0336534846782,91.10678645333986,133.68842786952516,245.12237601446662,199.92353928891754,164.91013347960214,38.94741937349397,282.9992294251669,130.64868711094624,0,227.83161610028793,14.611625957092869,188.67180886263654,6.434754740980034,8.548819922190757,182.09745595758372,149.9632874847966,337.87500170696904,184.35194448942514,151.09127703591233,229.28614534550735,221.96161694776418,195.83842950650467,559.803794276784,860.9174898124211,354.4550776315508,481.64604972203404,52.37951386964214,12.016043768848654,704.797885609332,215.34800514435543,365.0565492559201,345.6340523582944,886.6882927973569,229.8527273533171,104.2182728703259,173.64640190211506,156.5216676182079,117.28862603915739,115.00863478014938,136.32278237403622,169.48067382398327,473.416737297591,209.26691074393975,193.49389908442427,102.53324326182161,138.24282462131762,564.2061250180269,176.23649490044858,237.81370685545716,195.03537930096616,240.08560219131047,604.7158583109854,448.23654708429814,501.2835857826797,474.94396515717193,424.8475350745287,475.40276778036906,240.26363518266785,133.75307224184715,298.36281604786035,30.87809214353336,0,213.23226919247378,2053.195753496465,508.7033596577621,85.9522500371034,3.533122923059468,3.259943221023207,6.543389090901955,0,390.9085322640662,179.02766341919337,18.18147561924983,3.7171916354130627,5.4171434828301885,25.051707942922796,2.6828434746049035,0,0,0,0,0,0,0,0,0,0,0,0,0,0,0,0,0,0,0,0,0,0,0,0,0,0,0,0,0,0,0,0,0,0,0,0,0,0,0,0,0,0,0,0,0,0,0,0,0,0,0,0,0,0,0,0,0,0,0,0,0,0,0,0,0,0,0,0,0,0,0,0,0,0,0,0,0,0,0,0,0,0,0,0,0,0,0,0,0,0,0,0,0,0,0,0,0,0,0,0,0,0,0,0,0,0,0,0,0,0,0,0,0,0,0,0,0,0,0,0,0,0,0,0,0,0,0,0,0,0,0,0,0,0,0,0,0,146.8848393659393,0,0,0,0,0,0,0,0,0,0,0,0,0,0,0,0,0,0,0,0,0,0,0,0,0,0,0,0,0,0,0,0,0,0,4.1266516938538835,0,3.478289576943655,7.2383596693423335,0,0,1.9670438169153432,89.94890639749465,14.072353952674861,142.96497405380552,10.353638146327357,46.432177285265006,0.10016299455367493,0,0,0,2.4084617618104613,5.719960565765366,21.931150217675157,23.50349278474437,17.27828464246939,92.1042286932477,7.264445962675066,0.9311576489489275,0.4726982286128076,0.36116242248980884,1.104029659802021,0,0,0,0,0,0,0,0,0,1.5090796633133239,0,0,0,1.4497031776211617,0,0,0,0,0,0,0,0,0,0,0,0,0,0,0,0,0,0,0,0,0,0,0,0,0,0,0,0,0,0,0,0,0,2.2499525633454414,8.208450155602632,35.59014216005872,65.64328463322589,67.02792744408725,211.97936790548286,72.22230061924985,164.64065058999861,299.2953545188419,40.49311208235398,116.92075150041974,118.90075811786193,56.412584558087104,134.63220438849302,41.548350998383675,97.49654686853282,7.693426867895808,8.86150885516206,91.45980986269284,4.254438372834243,0,0,0,0,0,4.246454827351927,3.663151273061981,0,0,0,0,0,0,0,0,54.62033887048472,56.50866417632666,0,0,0,0,0,0,0,0,0,0,0,0,0,0,0,0,0,0,0,28.28273979550221,629.9997175128092,14.558595619253861,0,0,0,0,0,0,0,0,0,0,0,0,0,0,0,0,0,0,0,0,0,0,0,0,0,0,0,0,0,0,0,0,0,0,0,0,0,0,0,0,0,0,0,0,0,0,0,0,0,0,0,0,0,0,0,0,0,0,0,0,0,0,0,0,0,0,0,0,0,0,0,0,0,0,0,0,0,0,0,0,0,0,0,0,0,0,0,0,0,0,0,0,0,0,0,0,0,0,0,0,0,0,0,0,0,0,0,0,0,0,0,0,0,0,0,0,0,0,0,0,0,0,0,0,0,0,0,0,0,0,0,0,0,0,0,0,0,0,0,0,0,0,0,0,0,0,0,0,0,0,0,0,0,0,0,0,0,0,0,0,0,0,0,0,0,0,0,0,0,0,0,0,0,0,0,0,0,0,0,0,95.65077311781039,0.1291627300119673,2.2735073671081745,0,0,0,0,0,4.682010754871643,0,0,0,0,62.98683033267342,439.43763279948587,80.74642961424914,268.81955592564583,121.18228244615055,515.432658736012,33.37511767451292,18.767343818643646,1042.9131586081166,46.944999510061386,132.87787879899253,1547.198322360193,8.085786716079813,202.1846774979038,231.52204734290675,46.17029644024911,348.519832847236,363.84818602736624,153.59241159943764,132.4258471698598,73.72498062804696,1818.1079832167795,24.034607732587144,172.4729006138705,24.517246767183074,408.53172099082053,78.32964555339777,38.446880353645376,67.95637299545615,71.62591212646491,0,0,0,0,0,0,0,0,0,0,0,0,0,0,0,0,0,0,0,177.58820343800662,234.10832390677834,913.3536129870722,1104.7677739726155,1062.5977001883944,482.60571930232743,75.0400848609556,30.35233296328339,0.3213508729304028,212.91572219507628,2.3071949486616243,146.34756611831702,4.255321533452494,305.6534987536672,24.818664406860414,123.70812524753265,21.879445537143457,6.859027430076883,28.670422859612657,13.41603785348124,50.04756595996398,160.79126655253015,3.281752626787837,84.42460663674333,76.35650676238082,35.62422052855614,232.73580835039806,255.4482430481271,127.20075497040881,46.85663447911766,13.702100070889797,12.482492892530201,121.70653456192888,0,0,0,0,0,0,0,0,0,0,0,0,0,0,0,0,0,0,0,0,0,0,0,0,0,0,0,0,0,0,0,0,0,0,0,0,0,0,0,0,0,0,0,0,0,0,0,0,0,0,0,0,0,0,0,0,0,0,0,0,0,0,0,0,0,0,0,0,0,0,0,0,0,0,0,0,0,0,0,0,0,0,0,0,0,0,0,0,0,0,0,0,0,0,0,0,0,0,0,0,0,0,0,0,0,0,0,0,0,0,0,0,0,0,0,0,0,0,0,0,0,0,0,0,0,0,0,0,0,0,0,0,0,0,0,0,0,0,0,0,0,0,0,0,0,0,0,0,0,0,0,0,0,0,0,0,0,0,0,0,0,0,0,0,0,0,0,0,0,0,0,0,0,0,16.170082858064266,59.52920183124464,135.1666984086126,145.30136221627154,0.481622575379129,0.6877490806584353,0.2285666140594108,0.3180665960410443,64.29254168360939,5.0232112184446995,1.5906392976615924,159.560485575491,1.9567207101898312,4.311122841278045,54.40192050282275,8.933485711582062,1322.7033222389045,3249.3501903585857,270.11639443530447,3.804010762103671,4.112540291080894,8.631264698720917,6.388976131058558,3.626221928613371,26.816985933136582,169.05631786377623,0,0,0.6904521275758518,388.52102655684206,1.3265467122534047,60.07868656630438,54.52717867901672,14.909765212176758,15.782983272518367,201.90422140284457,19.25887611557351,61.86774470344287,98.55456633127586,23.79625257538245,17.925481033172982,623.3787564713674,793.2460684808146,215.2703571716605,123.45823955452728,20.138137060979602,22.26518154642292,34.18570002232909,27.06970337299401,684.9570778050319,18.148614356070734,18.372160053045064,69.50463108707609,321.8785006217085,2597.2330947011446,736.6226415453385,1627.7387960292695,26389.974234397723,2201.773338991863,574.8202652706636,51.630435496766225,251.00689306955226,57.41923235412459,413.96032873923934,83.92267860621104,37.987276751810924,26.786185313997517,0,396.3626546086589,74.97868785860949,1387.1604397111082,1640.4785465066664,13482.903010522043,1201.6111214959053,58.96103438810633,29.33852436977906,20.69667864086596,94.55904328321766,3512.8333548550618,4801.4988137262035,2421.082871480963,143.48982802183784,186.12361775524866,1049.7712189430529,22.585416888107183,22.329669916435403,22.761019030704137,22.955597956556243,12.545846510371216,23.33441290381737,22.587353565122488,23.20399554989988,23.267275185653023,7.3490413611534136,66.29985138834289,9.481279675050379,10.512701695817006,67.70350138806698,79.33553873700758,31.943336833969166,6.8994339507542515,61.23647944664083,54.33384886309981,19.147949938782585,57.77810067222458,43.768256583289244,38.47613391740837,58.861125270674066,42.77994786676842,21.791921672620003,49.51838903160624,12.413636273064606,47.22937661855272,36.691945254971465,37.8289234940844,33.04674553196182,39.01849964220296,6.5055778608144745,41.797615661444894,0,34.11900378334905,32.786036495058546,31.285323930204424,30.232272948810635,37.687365277433074,32.98422172262335,0,37.75594392025283,36.49193525935898,157.43435752266822,7.383640454332757,8.248256123848849,155.8388885463333,15.68544054155831,16.77076191847147,3345.407945382129,859.3110703301237,95.52661680351214,3.3560725937597096,1.3425949702696756,0.016548171620454643,0,1.3073804769984745,1.1713647866586638,0.04294683556040015,0,6.741005634344416e-4,0.2743255859037727,2.4903447311424034,3.212805253568089,0.8266708262133459,0.002882686164119296,1.5616902422523493,3.741922411203932,4.0128425157892496,0.5963713132288289,0.0609761822661648,0.09202363551611778,0,0,1011.602894904845,2047.0663677928326,0,0,0.793479235220025,5.324318325013111,7.672679627686802,10.667879030467159,7.695823981804297,0.6347492955821625,0.11731756549757515,0.02963910332579045,1.4894896112559521,1.4632884081487212,0.44868135044204643,35.1156555048585,195.85024902683358,3442.6409954063884,5367.811048708626,2722.7434930087984,5414.440436782106,496.98872120164077,168.29456283350055,24.853912804278963,5.345875556941547,94.88833016393298,73.94139656438176,2.66490549913756,19.0729233404025,866.3035386486068,2.1055316737628367,1.981170341614273,11.188274391369639,21.643760508333035,13.195415546375957,275.3633267914982,247.51779733592096,20.732801149162366,23.438913683897326,150.93299098702698,135.84983090795117,903.0517356078286,3210.90619520565,178.09013095383239,128.80587220697507,79.94924481880358,0,197.80083737240233,188.64040193447855,2561.1160699967404,1867.6849930362218,1268.0596521487023,269.14159833442073,279.23521487547157,161.3439829397261,366.1585357549688,280.926124004309,835.9128613463486,344.99534627527134,289.67187820412215,241.275667052541,267.72700160282983,807.2941977387093,971.5231302677926,153.48234423192488,717.4992745013847,202.45991988300173,655.2105608728838,700.234444616445,61.972190618478685,91.06539547670586,216.14138119448543,239.49105247145198,53.912175978286,96.5748882767179,25.440048981507083,13.389965334779346,62.91190452736505,119.61671551329253,612.6600237331946,1562.4625892178208,730.2846945418835,1391.86275824807,1181.8671397593032,21.50082191773062,145.8642959134353,290.95969378017656,101.15746960589901,149.21627192556346,1024.99006514258,422.116948850014,422.33130205884686,373.67942133048376,22.55428183258379,384.61070647971167,439.9499944750825,613.7587390492308,764.5597462915297,432.64692991616494,179.60783187014204,359.81032627020915,172.40106366752957,113.92695922551502,64.66341753217341,463.5206451821283,2099.5885409789043,261.93809456415795,522.8492923653482,633.1477732495041,757.2558998976757,434.9046807852694,59.17870869212591,173.62082138105856,86.24856229824529,19.786184903714577,126.95808241756517,87.59670390291237,68.16483845680023,243.21064970042138,198.14639934888245,22.660175463599217,155.18562791805954,24.90378437057771,89.02319715727799,240.97152705738134,715.2217153579338,369.5813696836416,263.21276503139944,132.94508064543504,73.70930248528299,449.7980795625397,60.217051440335865,483.1425247812145,99.05017754209598,1112.6328392350936,389.65573792132454,108.03181107934529,48.52160842338812,68.75838591621793,69.99206843545446,193.17799372671817,247.82903199494018,315.04446686259644,639.0705822381523,187.27787808776696,48.5587823125466,133.52931573399286,69.86839499091796,161.13405431269766,75.54930002542002,78.55095822984927,94.60478060843468,33.344926263528514,63.543926910590216,40.366388103585955,244.95532543002557,415.0968015719497,351.3691277300199,279.4106390366514,385.5172859407065,482.9408073490442,700.3837402049955,250.75760429187793,182.31563652149427,576.7824673051731,479.2947031594377,274.19588776978276,517.0074471554348,248.3254330675241,478.97683816773156,107.25748778728011,289.7802112536823,322.8032818927742,751.0893603389812,734.0228011936858,1374.447792606856,310.9573593199036,197.2492143791437,342.2863191242977,2512.2661807000113,581.880270219912,817.0105259834606,822.524941020355,253.45471197327853,136.0721026486663,24.3801807536178,118.88673869555478,182.8686926530503,11.311277750641604,49.16431516631402,90.5708887536711,25.623709159218564,454.0501640027239,601.6697239112518,377.33613425953837,136.2955434143951,56.25267631185184,94.12207792002113,303.8112552893833,884.7981399329041,357.49365720587355,6390.116064997594,1299.5496523633342,1008.1294517935775,862.2497564732452,280.2478293771573,314.08899165474395,229.14258088713666,352.05882861907975,273.4562021843409,390.5337211872527,399.3044863262839,546.0538343797881,668.5010743668671,572.2696789354598,145.13133431963922,104.26290343504377,225.43098783974136,136.7342285561539,133.50226103032,82.00317462415667,122.34752661470846,130.57324447739762,8.359986184544152,276.502799418097,135.28047973839008,6.070234751951219,9.143009893542983,312.028367611087,181.64031992842868,245.27164467780403,236.36310120988935,620.0913744933058,1659.8224121049786,1449.874844908133,1791.0163314912402,1286.4103015744072,258.9655120546047,360.6423362340194,545.0436628994513,863.4648491223497,1525.573313370209,588.8277107327074,308.11502523752847,18.89315457780756,136.22530628484446,528.2377727358709,105.03226976221377,229.07119296530098,958.9763484053476,234.5770659259564,13.220403967909327,200.9465900964615,1584.6632623193793,455.99423641031507,75.5060255251008,46.70613768809956,632.2157048057257,216.0824735122426,95.53465944536164,118.65221130204851,362.21078417402674,84.76606403114835,127.26214111650361,397.04417732030424,336.90477506181963,730.1476971639081,1347.7585032651498,1247.484510887795,13.595201474570464,22.118838212558263,16.46766046948927,70.61954598327125,15.379847450359987,14.715327236706997,74.76290166264826,434.4658463104462,1013.0902970084634,1879.2400986396058,4442.402888200919,1108.377389140501,16.666197351354047,605.1561602654527,29.77011673527296,736.87603291949,63.66596557513198,445.08076441803837,109.4070552405594,100.03873956197484,171.16709458825625,30.820899459694537,36.88734503561077,184.56778389066704,84.69257973473464,272.52298842549527,180.9570493881194,193.44476438738923,204.73132654722986,16.426697037058897,14.153042752390165,111.36125803905178,0,0,0,0,0,13.569433631919221,2.5522590566845,5.904405404925467,3.1677394434885606,19.714142552475604,607.587313956318,58.41153116730951,107.86362847683304,10.580599079936366,125.92268485984205,36.091162726570914,301.3152758566396,2313.4840845528024,1116.2293465813952,1211.7185630937474,801.3824819573799,728.6518359281202,259.42096567720216,239.7835491760474,419.84955594814147,386.73932270308666,286.6951928460031,600.4617566501126,553.535806888992,91.29361026864758,484.09614638939314,1309.7962702131558,778.988564309439,98.75277703930746,71.37595425168482,69.42487339501417,77.67920666409312,37.156584291823144,75.99021872501754,34.326646847552325,77.7575096394148,70.56452859116854,105.56483231904481,95.00536423087304,228.74670481401557,1677.94732709595,2195.5316533813075,2757.3765168659343,839.209479260452,749.964609983796,306.5501213858489,270.99949944328296,1652.1316712557605,1205.0167961968407,1630.2504637207933,221.16224708858985,154.80384081198721,152.1720941703034,90.73272764560674,911.9682595872713,232.040142085417,117.64305719257817,179.97196428035014,579.8583922834805,174.35613557881055,721.3532884910705,348.87308494958074,145.071007896807,2379.1618026771353,1121.8030837160527,1319.7642936153597,1272.1582978549566,906.8521967720673,2016.031288674106,916.1399370311718,456.2509920602367,904.18227958814,3901.051877665695,872.7139984858012,564.5000403365794,12.102957708063302,45.21033607102305,55.16148896457172,36.4368427630009,42.176475817938105,36.8431593565002,21.67701316310828,10.833808742246314,142.6502555800108,5.492256990838001,35.54951768147672,5.5944673553460005,220.66170011290112,653.5476714902733,3270.432819343657,5.426302042095818,23.04546800573083,2.9320813355623665,82.65637498237217,868.7851458296993,1118.9233196744144,1012.2814783035972,482.4761344394978,446.7360947789137,49.24941557031397,556.9582513855328,1183.4170745625972,756.0162947799142,2574.166112841082,1253.5771015404684,2077.8239050307193,655.1577517236402,1019.4065209162985,1043.0349625633303,1737.2411391107498,2728.932779269132,574.304056922288,592.094339485218,2952.4602897581103,1794.297594747491,599.6367102458706,1682.98375765488,1819.2410394302651,1045.8294346802165,1976.081805541907,3098.3790592515434,468.14712348495715,5001.696790703973,3990.6294506329937,58.52187167212592,2038.791420183274,829.0968028238632,37.588138756135315,1581.2504345587975,1755.1171909812201,1330.3565461148744,455.36985730790315,53.964441735800456,180.0595099690607,151.23802822927604,24.06235860050377,71.32757173436096,546.6632980830241,1211.4918482941728,844.2628764120557,38.55283992856254,411.9412486937412,13.845692385582387,10.697124621176608,9.070485401219326,9.140626539517292,9.822586707522992,8.962714420227435,15.000751519270592,31.289782283318974,36.5511731643683,25.837089804710548,11579.800192160765,651.2681551745097,3127.20017350568,568.4709684443583,10.410413071892803,103.20540925889003,196.83453991504305,218.82669454577527,23.582029073262593,647.3728792691783,3553.31154851018,4991.928150213403,483.34824391259394,129.73918562785877,173.48615727307734,2435.379484381763,11970.162025398726,150.2554958189448,2514.2910215811626,757.9576741090324,831.3988813112531,866.068801869504,55.72864012869485,540.7025545608175,79.62229116451523,214.2798475639946,19.669323901414796,393.647025506482,16.96233387936474,9.762548144884985,9.733020009920113,21.25252597697153,3.4750890114874764,16.014772335179437,57.374781378598726,30.986400128043588,94.41478735861612,31.808862135116623,88.34186309067363,775.4528747388706,113.14371659579733,87.30351107269883,723.5632307830668,37.991569109319116,40.91264497152028,468.23332033087775,914.9216893688302,261.03350865123423,41.415930678198336,171.46054084130608,203.38206385003363,58.47510278415977,77.56317239754394,566.6025656069639,107.68132788369194,251.89495673055907,44.38176622806409,77.78289839455803,190.86296613611472,343.10447550938807,46.17874529570236,49.67105374852937,48.59220312360435,56.2454071952008,207.3394190491606,365.1299127028464,283.17049315003675,38.29334042133173,337.42590239220914,51.23117926615998,88.26345848243233,121.81383084704369,588.3005308461554,427.1023548442623,13.197668455921626,43.88855941612689,122.48038692962743,46.56081262271655,11.332028514887721,35.75036524879102,153.46096124480064,343.4489754867509,106.29974409475096,232.79072787003912,413.5328535922669,1458.7594832447671,6533.301352989301,19064.01089371244,5540.431476819503,589.3851922866683,659.2879615395615,589.9325773080257,181.1806462724991,245.64063485833825,254.78646715946542,309.4718629088294,167.247420644365,90.26294768968317,67.39281563965444,283.69571818119886,252.66927787850364,125.50345880471716,29.62439692210717,55.321433496704095,4.932640134512317,3821.2776295077224,15.410336086431837,9.220525556101935,660.640030011633,64.01365441002099,48.19076049957686,48.7128951367755,2.9222548606442724,24.156363648682678,0,42.41740449119884,6.582795487112643,26.19684557692744,27.726327702263454,25.35732610937472,26.615918781050265,24.962106034035937,27.620775555571285,0,0,0,175.8351146722692,67.1143986871384,256.88247239841553,317.43706360990905,165.0122027982236,75.83174850537932,79.88825170438234,351.61305866114196,326.34714156442527,454.3216493897737,397.14264998113566,270.4827692437071,130.48164493161406,93.71455429392694,111.30416275739721,148.12309781543138,187.8328050423459,98.80391043778941,170.16527573660412,164.463568782016,575.8971776550072,921.7154634686594,169.77281780809295,503.1254265279958,32.47677773580179,143.92644854628853,722.8920817882965,166.5640577345259,207.59478259096332,970.4203623215374,175.40034339495128,858.4964226072759,989.9281206976565,996.8259088772533,1304.812188937233,3434.4621856989634,1541.725766164465,4244.097345536036,910.9547361084893,605.9866232607512,353.75956548434965,1041.1012145478155,452.23901930487847,1788.8629351482878,0,15.07398883090818,16.266366554039212,56.42642779818413,36.31786750114955,746.226993072539,48.948226497670014,41.9217888039321,26.410945448445613,189.09536007712154,795.051150380699,623.5152174939597,890.9598718404491,2837.3357316238744,3006.221317379186,17.68885063411206,76.50131010821084,130.39822843965933,22.294766836345303,110.24842246847757,202.15010417167778,81.09380713238296,166.28823267816688,207.84629017009243,220.16365580749468,127.04087971385042,365.7726435195958,84.5636564604546,132.49456369815277,24.93874578940281,13.155300001922782,4.850576264125301,58.99171436894969,16.960934333575754,4.997766150674271,150.98748395847886,9.055567791051178,281.8200032103295,29.47977278191346,66.3087766870888,5.611696093115304,0.29462300976458033,2645.7711194484737,2662.3618660959446,576.6415359440065,639.3774924734728,129.81379467970768,1432.759977118492,1283.2163119463382,746.1499231138168,387.1137236053387,133.4480146981947,129.58478076788293,131.50914408320403,36.81585370523917,43.903966585211684,54.29434481741276,33.095606108206496,33.44429784836574,75.26090935541208,75.15733502961025,105.92982181991509,484.18216186976315,1296.0271891072864,426.5020741628807,133.82988922011893,30.893708397981694,25.368635003645316,67.06728969694962,64.00365662092878,29.378755986153077,626.7088799983696,248.52236040672804,90.52915320189521,60.049822122693335,43.35559232275932,394.67247713112783,341.15573954224345,720.740542215064,750.1188357070811,216.75466048905778,177.58603171722797,343.8449220399594,364.1228794577303,617.650907331065,215.82097497017298,6.447204611031535,8.330929421782232,240.65121442884623,132.28979217165207,0,44.966012511214494,3.4988215037529056,4.9247086988560795,71.90323589613011,585.6643107082008,1434.1376045176303,1552.1177375660955,89.2556847553171,92.77797734178962,30.805931434519707,112.53603941763643,445.6755222043113,145.6614353438607,536.8320263613629,77.70715279683289,78.25395310141326,236.64981430120721,500.2261435855324,84.0957107600697,70.33272968791628,4.864276822989765,3.217330481817564,3.5107365272968507,11.012246492261673,3.5863135354841593,176.5964569843478,124.6738732834429,5.073233744723525,6.77376910633568,20.67005078621544,10.92457072796309,25.861335969981614,231.8752273795459,566.5209575965298,15.206109688740396,141.56420122518867,118.62464454308737,8.458262422277258,118.49017996788169,0,0,27.834262997448167,248.99171072347778,151.69569616295294,9.408437731285767,561.8739994178973,326.78280370181034,61.75117331900057,9.945196014212527,5.896528382590726,37.502369649006155,4.407586792027833,50.12853178620604,5.871342769433707,3.5041578085164233,4.714224858544978,2.3572598106326175,4.761938015648175,2.2413491051510026,13.906639978767517,276.82368674686586,1.7109711353558557,0.6058089094774889,136.32961104034823,662.8365829469359,491.29573534188233,24.71628925378886,183.68288881907495,253.9915633116066,209.6852331452536,396.7092179030869,196.15880102972287,257.6617810572227,36.5435651806633,71.51517432494725,1512.7996885677771,1089.5184886133966,4167.966599075513,3103.1148617144618,2517.447761700566,2854.01866304628,1435.726834380465,898.613529701325,4.664096613176173,0,0,0,0,947.6956382212073,0,0,0,0,0,439.5955393439044,0,0,0,0,0,0,0,0,0,0,0,0,41.76738323616939,64.97436045598491,0,0,0,0,0,0,0,0,0,0,0,0,0,0,0,0,0,0,0,0,0,0,0,0,0,0,0,0,0,0,0,0,0,0,0,0,0,0,0,0,0,0,0,0,0,0,0,34.99156117791751,68.91869176880499,36.85501146123896,53.94438729851398,0,0,105.56528949491774,0,0,0,1.2361336790026294,0,0,16.044313269983416,0,0,0,38.11506045048278,47.40958012319637,0,0,0,0,0,182.78964782692438,3.1394175921083023,37.024923659387625,7.8437280397410625,0,18.76914455274412,20.909814656346636,13.667975657497122,12.56394991918757,80.42316997141955,23.000491279525658,329.1836942762402,250.09612612905119,103.88980737196978,74.8509465147124,126.66667293700925,173.7616548374744,0,442.20951109853337,21.524443960344218,208.40438974337272,281.11408439265836,1514.6353241009958,117.79735340826016,0.7604473165496773,92.06327553066613,139.0247225046854,145.12532087120144,98.97880899513132,116.68532385127868,84.86597758233907,86.31987900112098,179.9900383519327,7.503742433471463,115.93040433571026,120.1269909640125,113.17655858060093,4.124593363794145,151.4179079142429,57.047784115846184,5.926684971899607,4.241827686607997,116.88866908087793,12.617525211340315,614.3416276928448,442.298373441727,18.76798130795777,413.97477587747795,320.1705956538219,581.4012812146673,133.4803149647939,568.7265366915304,160.40112237046807,520.715780026681,118.21867087250325,274.07548743999496,427.018739283716,41.74111518129408,690.286079250011,367.7880484376693,37.406672127789484,194.4748250036416,29.263859605061114,16.818523183766843,60.2809487803425,385.03111264539143,398.99746568464514,856.0575545636899,430.6873445127518,489.42879266130643,601.1367853257004,38.33626750312277,0,1.3176354552594651,0,0,0.4415324478177377,0,0,0,0,0,0,0.1142885445054809,0,17.797227430258747,97.54870811842608,123.49663117508126,283.61295714876616,0.3176947149124741,689.5247352127233,376.9970781041851,180.8097650853592,1.655880746971733,0.45909871000362534,0.1023724134843852,49.9182815159562,39.97914870879878,70.46282966801924,71.03152039693514,406.5480137609864,315.8840166796757,116.17977334568778,382.717888986306,219.87269860666598,567.7692793329688,771.6918437604373,1749.2568955898357,1937.8842487572526,1356.287415837647,2116.8371185346855,1340.1797183576957,243.8180626546089,1334.2801589107476,1494.103127137401,1513.852448419977,816.771738193634,1731.0380172231967,0.6242295452655351,37.033353313142484,365.0148122710808,358.0976580088594,809.9090933600519,901.8884456171266,648.2680022815747,7.47742777788476,37.02231886563278,40.371435659438475,23.37259203851218,8.425529091965913,53.84023672216583,3.745567001348691,6.031217383857051,17.545302917694023,173.6501209752543,341.0090800173907,57.82761188367826,138.03308418759983,989.169741470325,125.45825949838911,602.8132202434341,1184.3379861422025,42.97668927775889,2.818426101202969,730.4056949660551,262.95582023597916,580.8480313071615,242.61684383997493,278.91916248727557,352.4309118187235,209.05949291448522,110.31874863132425,852.0329945821452,681.3470796605261,786.9557508611432,1230.7207448179865,380.78119249466675,136.80152280285762,304.12369722688203,53.258423337101995,169.93416099837003,718.0046100466088,662.280597916254,607.4623726995374,464.83963521839587,670.6306096105965,365.60521639642474,354.07700225993204,240.76681189177657,419.92075305973344,863.2939498539447,1216.3424633301358,1097.1132073218048,758.0665601093492,421.1005530269873,188.07086794683948,336.639092340652,129.2773478458867,563.1822752357979,397.8322218009112,987.298044560409,166.92595776182014,3.071638730269991,1.7401602694729978,7.732630909172352,28.63828575739983,41.705626889798545,1220.572876145664,3228.182808787468,2789.8136064852306,168.1951642303338,453.33419629134454,1597.947884055688,1454.840448909903,190.8133231835778,488.6096887163208,509.94219684360615,428.1355606051133,198.6489287437001,1494.4828436341681,955.5518107236337,135.29302370839602,105.90747500834799,1249.5976180373668,316.70641367945314,420.4860906270933,385.94038257670246,788.1843950661305,269.8199058051979,209.34118061747304,230.99149340170862,197.2498241531544,801.6263820887788,401.86213364467494,317.110860135408,326.6797419974269,328.0919116391988,158.82977535778687,166.71448479011153,490.41319276506516,99.38887261518563,266.52767911219996,415.98121465039804,165.1111527638661,210.53750124513982,562.6028568060336,1118.454864148556,137.59975549794328,664.0257627698684,48.15971108616385,1317.1594859569082,1097.801555086869,176.19876173042957,278.345775025079,273.5789123010311,1061.9400318451765,1183.302016581742,1111.0737561412714,715.6735764272241,67.65196935052299,127.8625594961493,922.401557731493,301.66223573560103,58.83880735986843,255.67920424723889,828.2642218720786,8.534182168644461,1275.3718717806908,269.7724260692903,190.1862190047107,710.8239701322548,696.3132500575839,119.38270995643593,337.4462338893767,492.13447380406916,255.59885938939544,718.9617630432133,317.187587256522,6.906995669381348,201.4723416727597,136.72098296336858,139.94120027348805,176.03586570063828,402.1942344226221,368.36128217864024,751.8060066959159,340.09971390023225,597.5146520042223,385.2157316607756,172.18280321124067,15.751652294691482,563.1891113073464,231.6453639313156,933.3324295939046,1253.9243536859933,1302.8207971487318,518.7244926681453,351.1444679491901,429.88898411722107,845.8757339817844,473.4943705860225,465.9154386580786,0,4.001534808655409,114.41119622182786,53.006237201351134,0,0,25.6016633887295,0,6.8877770778355325,0,0,0,0,667.5504070075572,0.01402370579063585,0,734.0619384686881,1065.312011527334,1709.6464696478538,1311.678991485585,1180.160150206772,1569.3633126252982,698.6214749085634,1198.623995471375,0.34910942764569564,672.1631272432821,0,36.44711601509064,0,374.0814161760431,36.87370398211978,649.9177159713431,0,0,0,0,0,0,0,0,0.3936962195848348,0,0.025371551840022946,0.014156627558307653,0.06410345495987378,0,0.08753994309191927,0.13822458244902017,0.00570377937103208,0.02809514478346477,0.04257760911392317,0.05972961007949575,0.05356490025324907,0,0.06677296090599273,0.12484072481639998,0,0.03439475479269053,0,0.07819247096355164,0,0.26532308163001117,0.059730896544143715,0.2791137536546761,0.020872986646839294,0.06604544201735074,0.0817701225328601,0.04314941908404064,0.4529571397883039,0.036192107068522404,0.1344518731162904,0.019304576563189475,0,0.007080643511045774,0.01627018801689397,0.044883266887158005,0.01807602758751497,78.59210268226012,234.163290351044,676.7979406323097,158.81753041377448,1025.4470286223122,36.85288824752912,53.41189431004116,3.398236812148783,0.36919292435609574,0,0,0.14149896749167568,0.0531346862044674,0.5383272301067055,0.06852021058909522,1554.2707937529954,768.8912764725135,224.56094893442872,121.13056296083394,477.77671256822885,64.00158439728602,57.51956257496943,281.95312805158505,52.311443389185484,142.67911763855741,192.24369942053733,71.58925516373156,416.5410595319149,183.03861260625425,597.8445776462022,1427.2983461106287,277.5688279836246,159.3277690718065,788.8142174716698,661.3987975785825,229.34354678922745,567.5783593366999,1748.7333753860717,1908.849898389434,1126.9196482516834,694.9590114022444,401.89071298181386,270.845650000455,196.5692311544743,154.54563935398707,837.0254954106647,1094.9477623205619,740.4435059430319,1806.5712594568192,752.8900265770195,1069.510918156101,1145.0056541435854,1114.387811691795,1404.7106221130555,2021.908999761631,963.0798277805783,3029.639729648169,1866.0180637353867,280.37903644064033,1029.3473539071988,267.16039366879426,195.67201547071085,167.84476481457446,1.1451418306982606,33.98949846656177,25.174274974843676,37.48102665511982,19.52332371157518,6.783133899949931,80.54982067249459,31.83735992043287,83.10998280558658,3.167139902846117,16.881994581970808,304.59413952996414,22.78091009326468,98.99031586595116,22.629364469026317,207.57644925398458,15.191309018023238,25.297513335975616,40.918993268709976,166.55736642743142,86.00233790390357,106.431429277122,3531.8678845318786,681.0547070179844,693.1833284072941,919.258283007673,556.1224585748339,312.50736739606305,1910.1012935556087,1247.9429753725976,468.62370506028844,303.07522997910087,800.3404415096836,1361.7486123952378,1334.9037715734346,4335.681759294526,3571.8029286998667,1177.702133773168,2382.662416465653,2038.8349816029122,5716.357994465841,6231.0394813234,2511.9124211358358,1713.858137727659,1617.1603772347419,1906.645078530782,2246.5080123632915,1183.74636528997,1615.450643161805,914.3115684194246,1737.217278331376,1559.435676208578,1650.0602253242303,1535.0208770632714,1928.156705871759,4153.7361311445275,4233.218183250907,2775.824632023333,3945.223892842076,2364.6833571276557,1910.4706911991354,1050.4621207745306,298.0077946665271,898.6625025410774,730.9245157113676,1002.5445107009083,191.53798540808796,327.389662158541,461.53829148094,472.70743927780774,110.66033036816484,265.1497258996461,192.22572519576008,216.02449790694413,281.2875352845182,559.6125981996493,106.02588622789199,4.291252717231959,15.295712778302553,250.6886906829103,235.77926681013716,224.7912172495262,102.14812047335269,376.9325095764792,146.78694959343926,61.923959591816,277.62857746972776,399.6336219741774,239.37164359047046,601.3271184754814,134.11873997845277,0,21.565491626518625,164.027520712594,28.195201848813664,102.14036155092613,140.7544623817933,339.9956568998374,426.76476205240186,819.2446709774417,285.0880678043661,1320.0702275653339,500.40403149995035,2130.474784814992,340.3742662704346,530.4161520806555,895.1597899481886,3572.135881747457,6576.727376820756,8494.424956642864,6895.371434898187,6585.065667014222,7954.230571190456,5846.580703638376,8812.191437272695,6987.792690705806,4852.921268723855,2598.8470036357126,329.83847942944595,612.8887260960373,2029.2510551822668,2240.7589708762557,1575.9810212462614,384.07042222186544,206.29233993781472,453.9913866595619,178.9401264889949,122.12936959554918,1634.4177788988234,876.7850081342461,1267.6268865197544,1433.0290509131878,3391.47936893783,3689.2772278116504,4910.018703496476,3558.289660967191,3611.519112375954,2020.6172725535794,3733.8128873293194,4152.029854755012,2393.34690057001,1979.1776904907,4229.305701382074,2926.6559203719953,2700.0620630174035,3181.9238256092353,4488.21463749818,2329.9010392998375,2001.5550533763633,893.1909834233959,9.139842892372002,246.93856711682454,75.59314618826522,45.222884413716244,100.91234937183988,240.28259133283646,350.52243319457284,291.8149814823539,236.0045609496983,185.93588518045777,338.68784182549257,351.60486883808306,315.2647392844145,1031.1146512843554,266.4414189094196,239.16749536675283,674.9905343028003,612.5384052776916,797.704056532477,927.7085908530297,385.9226172714587,1705.7502270351727,425.43341210106405,2014.627605006831,1169.5879388919466,575.1778395635436,365.9606827708051,625.3181798117844,431.9111401314762,325.9522131698869,169.6776042961539,874.634733648231,409.7312164777684,236.78298379959062,173.11173283507978,419.36842604516454,364.84306459564596,343.4192993465482,595.0176878314153,389.0545274488558,244.3861674356473,254.10643367592334,189.92129047189528,244.46333447081022,3370.412123293829,1103.75011288257,511.601852726033,681.1200274115263,1346.5625414543097,1353.7790959658769,926.2423194952759,1268.0348248715566,491.447470189911,264.3308141193122,368.54991149235406,107.42581109261911,127.71580846953124,339.341310784701,89.94661284815791,307.3683237963695,339.6881477140546,238.0027682527597,293.25864034078813,1071.063085253706,441.1855326742529,339.7988061207253,1191.3169860166483,620.7663756168811,849.0373436932381,1063.263303834315,1139.2874083405623,1104.0368351398104,641.951849376278,1064.3418728706647,1495.9585946598686,1002.5897329177635,737.8785970214875,1004.4926274788139,1030.723758130666,310.7757404092931,320.452109077435,175.18028823659526,164.33910037437627,161.9304170796717,105.9852179856675,116.73822718044127,160.31520124813164,911.8199621057923,411.1913514018025,58.750239521778624,340.95417291606367,418.43422292912754,1007.9370668039061,1676.802954022539,1283.1120593164603,1221.58130460473,2106.1768762719535,1818.6758978384166,7804.509012868763,1137.2955957275851,1269.5136759266884,517.7271088516509,334.4090420676268,1090.9312527532134,2630.9897591475897,3403.0727955664847,5151.034234010251,9256.98391610128,4679.139418122387,3560.182539648501,2797.3385757319443,1953.2860549924146,3871.8160517840893,1620.4094012058918,2403.555470877273,3701.4469157906647,15493.485023155887,820.1475027345296,1104.1212069687583,964.7138217509892,1054.3188887469541,1315.5496378026721,576.722003529635,267.1607367002552,432.9669787763497,1101.9767724478436,1326.4354197080263,1215.7461430588587,998.0901844375124,865.3187107880331,653.1746950621942,177.61121689644528,20.706135302160536,271.6416366833275,304.77357548778406,261.7287825694046,36.7467667256387,49.56008981537305,0.292501185236086,232.45969294449137,160.94689785639815,3089.328783119494,2573.7328942562276,3176.986083808084,3856.0434506554698,1465.776787709087,2433.236675739099,1993.515185268913,1252.849857604665,1034.796239180298,693.4215464581204,777.5402795945031,518.9468915519666,777.0060247764596,691.1141347458295,783.7981391211353,633.0705060617588,215.84272552868592,696.6077592251573,233.11152225379817,300.8048891188189,208.78142562599794,367.9002430666751,563.0078398718398,341.166532094927,79.0285496812969,74.90674822178185,57.04979811639669,633.0066651388074,75.19812621538718,476.6234987214877,383.8767106901819,268.4008628480928,524.604514638932,311.1085312296309,386.9674215986105,689.1179700976728,941.8671128220597,1895.6276254400932,1745.2610703168812,1798.8811690963662,3371.0330546599307,597.0886404016153,851.4971744506655,668.1337756917015,750.1509612098772,701.3770500650867,142.26311813386698,75.96426861748743,135.25250523144027,92.49088154894423,83.31107454702799,68.47895288778668,139.56432754216482,2.3117968603505656,1195.1567121894348,189.14153376973448,144.37523056898513,46.71267391859038,56.289107097892234,1996.990399541894,935.8719726802445,1653.2509900474565,763.667435450797,202.70337471355776,195.78006071248143,609.9780908742853,435.27169412877055,774.2924794926322,1028.9189156530651,288.6139096665728,965.1541158007012,1404.3779982025271,1792.9503640027242,1103.0062263403115,1021.8611453368454,933.8831615641467,479.17473415057367,938.241246867521,1119.3130163581352,2363.8719960039384,751.3631670675893,327.6757447348211,91.58623340546707,67.4031839396445,54.41384567823764,231.6567294208472,78.37606904254228,73.05490219181813,2635.5806174398995,3203.61259410693,1828.6199379567363,722.0404117001954,1484.451878106733,1138.9352562432,87.66112788723193,134.4119466990812,956.8081929809017,803.9284627954302,1879.647757703072,2598.3127782606994,1593.4365059958984,766.426538511816,758.7521541492576,480.8601695319165,276.3616391929917,65.02918606665007,257.97873880588463,737.6940410197736,1004.4999739712187,1027.3728841565721,1535.6891395042837,1718.4564369290902,1197.997247755663,102.93167369389805,1615.7388757618717,3042.412587298251,770.0768082100471,27.61050796279033,24.09357337192629,90.78249593515115,21.08421277687102,20.449449300976433,30.533068944617344,24.674987140016054,839.0668756421309,5.815401930097911,561.8655410004179,36.940532141018736,653.1146144496535,41.052319091038136,50.97909406168821,26.235863664565983,228.96455690370954,34.99263058355496,170.7773323552181,78.63111890540269,91.12381601651374,126.0278313185179,395.0457303046701,118.26698954580722,200.2107935273728,58.15814849564232,197.33294760989506,462.2658045534725,282.2555026052312,341.89278205463467,307.47949624682445,545.561659188509,115.80749568710489,197.48635206339657,56.834097399352146,221.91206738629177,19.215627071129227,37.94162781740354,66.90485986610804,86.32715255926523,73.51885643024782,437.22319967903644,235.212147020941,142.26898152953913,113.47083069645262,66.85956706511617,68.27045650070872,59.738827384272774,60.12747293661479,65.67810575630784,164.4188914956507,52.02488331288286,56.50870863540227,231.6789526812934,55.68697789912022,156.00120988492196,237.50394239641585,553.9867385390173,1781.2338850854421,2130.9886447200693,1711.5883749883012,1262.7385146037072,179.24417047812864,213.2112098869535,68.58023439658336,206.2828616109908,481.5477080393715,394.34021466571687,167.42267299370252,573.2409164257107,185.07107000786127,533.9580129846437,580.0028242150852,215.59313119746554,515.1964201206195,536.8711438066102,151.0310868956333,549.1842626955704,199.5905067768652,176.48144197012,22.906308239891988,268.1808419493596,188.11761051092247,399.18802254637046,699.4719557463826,539.1947537828736,115.30409259059095,376.7818266042103,116.38324111468792,94.16881337227296,326.08113095986704,258.5135503602439,510.6084332152023,506.39836250188995,271.0901276836957,274.4488998897111,114.37570935211832,140.78387112176014,63.500523919366024,496.0542012132977,861.5941542026766,1438.8187754325752,889.0853789387983,1184.887453447793,1739.5626983601114,2159.714786544243,3873.143061102439,2223.4343266316837,86.24948751206642,186.93467453177067,296.6584878678162,623.1394188522136,266.5809895857535,282.8794432898268,287.8893295968577,381.13722590685654,683.9326820147517,306.51513907765286,309.8129264566006,300.8087263767523,1360.9323270407401,335.5740129424918,133.05629856323256,388.1300408957776,739.0329667069702,422.93561423866163,85.21765982770683,186.61997701754524,24.2565981648895,248.16594851003774,668.5213299558749,964.202660493101,653.0381641527616,657.262066890609,566.7160176625114,967.8554427474389,360.8759748170363,83.17350334766527,287.6971561265168,313.7395439207325,109.78109990820751,193.82835250151808,115.29673423867173,317.4514819268166,382.9454145611386,671.6348169576094,409.72290747828055,354.8318132910035,272.42227925232396,56.95459818059434,1471.000178059576,2116.8898018928103,1486.3333597701517,1226.725309976889,2009.5853337521532,1759.064469358356,1326.5716210536364,1979.0934141884736,1426.5504581773216,2142.314694404432,802.9366034988643,597.7412931486829,234.57104983781232,886.2044457440542,45.611585619478824,478.9948771960629,693.6178705161775,644.0725502726084,1010.9627249191861,794.6307993278926,38.151311470194806,267.0967961728519,55.53411087958087,135.9324113742011,349.72270058623957,298.19059052844926,343.5349548753557,81.70038428952128,7.451821838042035,28.858371498469214,42.71247699053774,129.20920195287553,653.7966787860646,121.33717149925903,736.5046552716304,786.2375779088578,228.50822696538026,130.26594221834597,676.3606084916519,180.86726277354603,60.57165622300388,42.15921157833848,309.6343882277308,611.9250344794497,258.81361260358364,166.800205639559,102.55276523986156,170.93521966785028,72.60093529268786,80.38201161257489,125.65842830512186,205.24604695244594,326.16990171344247,307.18790999475294,203.04293874561537,714.7954777117599,680.4323745661356,45.94337247651625,80.75911034179417,211.2602100254358,342.44771532323466,107.75748044432542,246.21446234060508,217.98587168822198,82.58343151683708,91.70285906542985,84.21904602670381,261.8465418723059,507.44654275930526,83.34185272294343,159.29809076790937,597.6564977677015,1714.4708776345674,139.7701004429585,242.69589329020556,499.05441671536215,344.15502299862544,49.30947270158394,54.624480465418586,244.77264468171046,404.0674370214879,80.11233413286543,200.41818977809584,394.11450494242143,187.59922310406319,770.1679154820154,1105.6494444259954,1051.6727683070621,1440.3782067472885,319.77348766409557,508.75349041736774,347.97617366114144,144.5619163325715,161.73507751985244,654.6864787297856,719.5355662013009,130.3971632199071,26.382029416392378,40.60560897232909,99.85252800164837,30.30509435766262,69.51061444795755,10.436521823113777,42.85344883296135,116.65731711029376,138.95872009912588,459.1162574204543,175.0842683694813,258.14823710865164,579.0025845992471,210.5893292377548,12.480447945937353,220.07403729727736,0,0,0.09445507055456157,0,0,0.007621730416025245,0.14354681524100418,0.26781157259443616,0,0,0.03301646242444957,0,0,0,0,0.09198267773661752,0,0,0,0,0.005334288638064845,0.1351874926726725,0.8570636725855484,0,0,0.0035476407639723146,0,0,0,0,0,0,4.09003371785006,0,0,0,0,0,0,0,0,0,0,0,0,0.7189022054107391,366.06956695294673,2.370943436908276,115.96245377470058,4.105060791314545,0,0,0,0,0,0,0,0,0.1725606795260592,0,0,0,0,0,0,0,0,0.09685415026897169,0,0,12.308570350704853,0.0014809395176995997,1.1272417653104119,1.474278941211999,0.6406602579771126,0,0,0.5232902492524378,0.010114688486490669,0,0,0,0.5099452867161551,1.5606541995425083,1.7138452553042913,0,0.007283716437957175,0.8666074492855951,0.007005928420640777,0,0,0,0,0,1.6142579539760655,0.07191541146099524,0.1394085495391677,0,0,0,0,0.08904617138841192,5.906093087149543,14.935238865381598,3.744751524180546,0.5348363458569672,1.793722135547218,12.241200744567001,0.8680633183708317,0,0,64.6034168899978,82.51904745028624,52.37317186307222,38.72946744710162,53.297834021897415,1341.4664053399897,1150.3239488972026,1600.583339272326,377.0131175037806,1372.1667138612522,1224.6057452203388,554.6919769691726,362.3416390224033,610.5872643610104,2739.866546447956,1502.618538655727,1464.3961393469572,3.9976355560485133,21.123483132266884,4.535158132393418,12.115280162305654,12.111541035636185,99.90395635394671,109.74150981347186,417.6290513281651,65.3054660663355,0,140.29254432014935,528.557870565934,168.13804233407288,96.52739641800387,136.04214993566987,520.3204089113337,429.04023193583004,1365.281185727416,886.9904684785555,1625.7395562234808,7.550996012863835,96.4902347174735,19.919442059751514,0,0,26.700769888191203,86.46140161649673,1.4705448422226464,0,0,0,0,413.0601863227658,0,0,13.066755687837766,0.12363465216834849,303.20130610027235,1335.9475943720372,67.11118619344477,1290.2779571313824,311.41816821437953,1304.5439864996674,1373.289505483047,639.276058603135,220.82757561957462,0,969.534200287316,515.8314100238355,185.50907581897528,52.97832351007631,35.30042330126478,282.6744707472246,168.27536867440068,356.8357542651121,36.426493752521765,52.63546747324708,195.05310744518647,527.5861239889483,1170.6149624910872,52.50608334493438,10.291850082632303,253.52114164776737,328.6141713430475,172.56974795517928,434.16524204364606,155.68822368202044,2045.619677193047,2948.1388819564463,2759.2336641379643,9837.6375981543315,2341.3597130840994,9922.952727408214,3309.7055869711903,3250.4986086225945,1463.6842626598363,2846.946443070786,1757.9952174205437,1968.1439581312447,2611.1756828092525,1040.7525148451723,1448.3794900694268,2274.1543106508125,1552.4197198832512,842.6869083929056,344.3074236028409,302.26315574325605,272.95293543028436,414.925372524448,1277.9061628773838,844.8931674678229,2088.8899308642276,1069.0224280505518,2171.467072999257,2128.75784031508,2533.1129441301982,1812.8527801263347,6243.0214006325605,2887.0996912774576,12939.002963392251,5856.310546587238,13531.748692193141,464.2550813888071,23.391265614126596,404.2989987108411,69.44373481507886,1891.7719106958712,305.40173043668153,1.7129210276076163,549.66268635278,217.60036724427283,540.0823974495107,2.5145895434117365,388.3638369175608,379.58673174472824,211.52120583949272,362.5905039658634,263.10492115216067,378.5280274294036,224.78834771633464,483.49954332176196,455.7147908573396,78.53813846274231,604.0122455962268,327.099010288945,281.1027007734129,273.30239120112236,2.0357736369070074,0,0,68.39548299482573,20.82312025707273,45.37899817444505,0,1.2956407909377052,9.524225643038543,6.67665559292129,778.4419597104651,370.13526471837207,347.1915551274163,22.439496940454394,56.626314314442396,79.43192933666187,10.128116355684726,86.85124506057524,60.14922984763271,109.10514161055397,440.1795301995329,96.50423299209379,44.56527632739248,156.36036883433528,285.3493719482584,773.8203748360066,602.2207658396754,908.227218004534,769.1333657036845,1279.5092444248137,299.47769302824497,257.6347746329652,1321.2993018416937,924.295359843638,574.6254628280841,104.14566218796703,170.69192266510484,387.97337382365623,141.02246145898437,13.361754215536566,32.238942774963114,147.29731437904957,24.473936871796734,5.442094898238023,15.600834593859705,6.675651651929026,16.18668258897958,183.74941196134372,965.7677934648561,427.60983041122347,142.79837142677187,41.26729583506609,7.600108348905549,16.653988081852148,29.83027281424194,32.40672675245925,15.048283608018473,32.67463759739866,32.908501221122975,30.55418843692677,0,0,0,31.897791819093122,48.47120861829445,69.51495164385797,50.99413367984269,51.68710385683834,49.2640277532554,0.9885764216599146,0.9628667395378218,2.2837023839399917,185.4314727929983,1626.8595504503292,2057.591388034005,92.26939207812983,7.60593459760302,56.5046355528038,26.418918865483917,27.61129911899822,1297.432585417013,4467.106695021748,199.7104272549225,717.2802765071843,196.61979344754164,5.61998706976479,351.9970717873335,9.718611727883717,88.87971648336406,24.81886389957308,0,0.17421405258624534,46.51668989466412,125.94995709818008,1581.2625521875382,1784.8570012434834,1404.4088440869257,574.964899882913,972.5020318170405,408.55533300146226,284.42373201461294,256.48139691257256,2357.5948782752503,41.956959859209384,46.12078129484981,45.83494808407553,11.14589796363439,110.16671916451666,919.3826586813784,738.4635273184227,980.5602486750028,151.08555987076872,131.94814097187424,250.03568014621314,49.5857064528112,16.560054078069758,94.8445343798241,2.72705026219577,2.8014893611579024,0,0,718.6993947685528,1312.1404204765347,1446.089765644593,783.1108144292314,342.38017938946626,0,0,0,0,0,0,0,18.754355202915608,1377.532238444999,4689.558203596035,542.9345784550035,20.661856076235647,56.29267485231901,108.26235695012308,103.77409301095841,245.89409904954758,11506.46453326491,10934.5418266297,6179.760867855594,26.19059425153189,50.98770211246637,828.56099156674,283.1752482821434,28.621664833294805,38.1987571375964,37.522647264676564,30.998132186183945,44.837774427593956,76.6284956025794,38.05544644897212,130.57837961415223,943.4732459401496,51.94080063670184,168.4280108352142,1378.617993415819,92.92054597526531,525.1677160901683,512.2275134794367,267.9382345884821,55.392010900868726,95.21736762018129,1145.7246603647789,451.14439025530226,651.441457998145,371.52125654747397,229.32056340396477,323.5760649478322,168.72124652897537,2911.4946275585944,84.67455515686135,5230.268476355082,4296.582989696545,8318.045513350351,1946.182359649882,190.26472487138514,734.1454924786503,766.9388111957657,396.97108103078705,2499.859421080001,564.9968907730844,444.32623995837423,45.413264478194485,32.38662194842131,24.676481691824524,368.57483893578734,12.006613379477471,20.57365958288657,442.56109086122535,157.554176170338,437.22382635266536,48.59764560308165,9.021852481600959,1978.8799916970777,23.17576595585688,44.477063763824376,615.4485421846275,28.91477137717675,535.9308266341188,667.2156669650475,19.96249335904629,583.7424442341112,24.025248925476333,20.559730082049963,38.74198526782947,51.17346686623746,515.1410296260032,1126.878598252679,158.70702615327812,928.3162398135252,82.05656615037752,1007.0843367521616,332.3082474820166,69.22015886839931,46.24759980750404,61.20671060452857,40.59326983358981,28.16925515526013,89.85152618190838,657.5183226216534,44.30866380435952,392.7603874944661,27.043228095427505,48.94052420493294,652.745286383552,3884.6302878475067,286.890288232066,1442.8762257567525,208.57484199702054,39.722295482185615,22.84822742495047,31.667041069953406,170.50323308397125,1037.4462664451364,14.86607746885954,59.611382786662226,2564.010003600292,3396.3035209456584,130.22331233732908,1309.7712537223977,45.23946643281178,36.49628436440921,36.452732621443914,33.078284732735796,91.44362788912284,86.68392176315507,32.63976994938938,30.183585464468326,31.84024325453464,78.87975975137581,30.375647616430506,205.90453609463663,856.4214345320142,95.10621731658853,84.44885798659347,58.45447975512277,148.17572007620086,172.97715984864686,2212.859096721754,1653.576937515204,145.90384880829953,670.0795114241648,386.71846945594046,175.68603462353707,192.529554769385,847.3033245659601,855.5901590719988,1212.6766258014063,131.5573249493076,3184.8380167284204,1121.0569293621495,4871.441352866975,1075.4719128633285,428.90564153535547,4685.89773305841,144.4935089468518,23.505472378968477,29.96303451239103,11.074259835905956,1136.6440613923348,893.3769220965969,771.7857261929806,432.94291328826785,425.9128036188418,335.53164598498705,372.9831604775802,204.59866810288128,16.694526346471676,182.16399249732916,288.56360114512137,22.846974490590497,214.85925362208098,0,214.85925362208098,126.70312267458772,315.1087595801011,112.7801031860786,125.10780775689372,271.09223125779226,390.5576252104389,126.26229419805016,490.35450422182953,135.385743538749,132.27501178706737,514.7949387425956,24.13839622215821,208.66204573828966,136.04413909131512,207.32808386579515,1823.383058297893,87.85619916484255,0,0,0,0,0,0,0,17.224553912798807,0,0,0,0,18.40384451891472,36.96551768241151,49.329470894980744,113.3663913726629,316.4129830684321,5792.0232763946115,2941.3959306777706,246.28497228095756,23.867552355586575,8.491304640517809,6.125704239915128,10.279143909259824,9.708214499497235,30.629531016807906,48.37228355779889,2117.8214072426613,5155.1019868711865,2680.125685627524,750.4532986208679,489.60426697164985,442.2136178156544,16.68784230979986,13.700907847582739,8.921784925663522,6.1153534930325515,6.087734332559826,3.6642009954468,3.693117779978305,3.729860683039725,3.6691423362978273,3.9121150842436903,557.0524412900733,661.1486067447767,3.6663897395072653,3.543091607518369,1.5769002994848156,1.2195808114261906,1.2240865587990928,1.1839034005185127,0.3618546210493936,0,0.9196792686400372,9.7965485716358085,62.56569816645787,5.4611239113256795,6.059611099454066,6.0234516496077815,6.030865371926028,6.072709558915773,5.988134186491113,57.44792588005198
9,252.89689983621366,20.188851462142335,144.38935868968395,289.13211741210745,286.5156809628307,9.235012545742581,461.16707852184857,330.11552164689226,318.5127548481728,231.2119924548311,139.30872109635044,244.37281063346526,178.59680252106222,108.00461252846222,5.689086176982603,75.361785559272,88.08631067944863,1189.9096076578073,205.8256884300724,1021.8100952287577,27.890930630077442,739.068268115884,210.94989819790493,292.01904961185267,97.60038917524851,234.16697353877254,50.132276110335845,183.28125576858957,356.73951824845426,858.8301278834309,2340.465266254301,1479.5440804463174,2528.4678572247913,3239.7881289012494,3136.632067658287,3474.98048440935,1493.3536796919607,167.5071230572042,81.26756489793974,59.21546100042763,381.9207531646251,92.67791520321165,224.1695293469429,1316.4152086146064,820.4521807992036,374.30031545700183,25.985807638296105,43.082444427174714,208.05619976968146,40.872852038780316,257.42566445183013,161.8136023941837,1.1918712086732737,180.89771379578647,1.7367221475137993,452.36434598282756,261.2303422874027,9.21251285699491,1.191807419259252,10.716810398971882,1.1866210562668558,213.52431915922713,11552.697247874545,0.7917761790695639,1.3440576404843312,1.337858078571069,3.926717292517442,1.2095130127572729,4.932091339905862,1.481400426336541,0.003738830510310829,2502.07280407114,4656.375464899235,365.9446960626776,0.02114771766813876,2.5772580118853923,0.04561255691523949,12.905955305188792,0,0,8.717824303756299,261.12668479847395,0,12.763290700547572,0,0,0.9926428854860877,1.3901556090527316,0,0,0,1.9057614057412529,0,29.81472183735789,0,45.01289653063734,11.189782754876813,4.0995945739182496,50.426291389027625,31.035663823803354,2.9826577537455137,0.08300591397019567,46.494791023831105,38.24485746316186,589.3144149488389,41.55532453625962,0.43847434823478054,25.246767551318076,14.206510465400756,2015.7239877930954,453.10691007083045,6.784466337175777,5088.7402692390215,8303.478859412633,8.305684591272932,514.1238167766173,3883.935455691165,12.996194029749121,17.33895403433418,86.30480082443913,0,29.44484169687736,5.1719570190650455,0,0,0,0,0,34.27927072006815,0,694.8675282054302,0,40.10542825691794,10.524557514561971,0,0,0.04256644917582231,0,0,1.1129325739625033,0.7221731160752821,0,4.074159958745845,0,0,0.8203522053873743,209.23143568482644,8.522864129528486,0,0,0,0,7.921971521716046,299.56181194302087,2315.0794346503412,1346.310853356338,94.78359440459086,0,45.73867089425373,333.10037167432733,11.822575030048302,8.597265212335662,0,0,0,35.318009413839704,66.50095675470358,0.09815219787695273,0,0,0,0,0,2.616454343753263,0,0,0,0,0,0,0,0,0.0857997603496309,0,0,0,35.093284536344825,318.68485087507065,40.42874593560014,39.75991386403372,831.2184281784123,763.0864906403833,595.2919295576069,57.14866548892653,1193.252344525159,602.6767014332477,74.9880801197367,0,0,0,0,0,0,0,14.787453339974236,187.141215984732,10.194268625784597,0,0,0,0,0,0.08085700652746589,0,13.04168723980426,11.15761176416454,0.5859838445524174,2.71934942407172,0.2866269137825471,0,78.75145001073224,1731.9284968507689,1804.9790663930992,544.9449019907388,131.71505525776325,0,0,13.296592948400866,0,0,7.064970762633207,10.767305350132688,0,0.38516325800627316,0,0,0,0,59.49714205335249,0,12.217804402907968,0,22.399678728254013,0.7688030465713379,0.013825703814581985,1.1415322564452943,43.54774770855792,371.8965638823919,219.30513073334214,246.2073385576639,450.56132705595127,169.33081176270142,47.841526193593836,34.02964526313689,521.4243705507595,0,0.13782626682683927,295.7827403488379,249.65899394571832,1525.936324872146,3031.7168831432705,4096.978813917191,1199.1547798651895,241.59410249740793,489.6577544622558,11.471020746477773,1.7093625876067369,1.456543484554027,13.359390235600141,0,0,0,0,0.36182599126807424,1.0679333365462158,245.0909570879049,205.77084139774735,270.3165117773293,511.8591326666606,45.742365952261785,930.1093620508228,1075.8088233567848,30.590485226753135,10.342539590541845,14.216580212736329,21.075509838590587,27.388128121462675,8.074384102158577,49.88332717998045,30.82913167443494,313.28945060812447,102.51249501835382,254.25146637857637,997.1706210886798,979.0227715790076,1495.7104862551384,2932.4797149632723,2659.232540583336,2444.9710007414096,1285.5084884488092,2149.7119137801615,1242.2499766959825,305.21177787923244,787.4687949183573,583.5224053841313,485.9061755896141,166.99735842530583,51.63886423676101,42.30136943738589,38.63880550914465,17.33272349144257,67.9611725347117,52.539157443756295,2.877920853378616,445.44507115976705,89.43766896919708,784.1959977131436,448.9015778902967,1122.88963395686,6408.113590740112,1955.9000216677323,37.496493857646044,0.9136458397435959,0,0,0,0,0,0,0.10352901447348041,0.17445990706069506,0,0,0,0,0.11017644378311901,0,0,0,0,1.192145669095065,1.1791441826047142,0,1.2256483877542534,0,0,0,0,20.000107872942827,0,0,38.27492104303811,264.28378492306797,20.12155716841683,0,0.21044372189536986,1.2563069263091897,3.5368512656785507,44.85278794200293,0,0,1.4724191022087574,1.5447796893117207,1.0996769405521847,6.221412326783796,0,31.37477217703207,0,14.80619693008204,14.191297404359347,5.770188032267513,13.778703689001873,53.05542175684177,0,4.959272629672407,20.82405016185176,32.47627007039321,0,0,29.820871340582052,0,0,0,40.594892538114586,30.992602821178174,0,0,12.195455393518449,3.4811520686784676,41.346978364507834,19.693072582156297,33.122684977894885,21.273848410364263,6.786902376046254,725.2499314592583,0,1.8253919445693803,0,2.8135731200260454,4.48532371689315,0,49.5604641072408,13.141065268004024,4.452883412906333,44.24437724844133,34.56546216686349,98.80727102955547,24.170324286190365,0,0,0,39.69099802560402,15.641471776016049,24.590531615153324,0.8722873388417822,5.335487670450025,0,0,2.04586258706398,3.16492206548137,0,0,3.007160263443827,0,0,0,26.054946213717606,27.369305887334672,0,0,0,0,0,0,0,0,2966.1195535187067,3472.4393290883945,5211.295142111758,5540.809257615928,4493.712652960573,1006.5731338198143,3995.830930872263,19161.862836422148,0,733.1024343133921,35.168916856880756,169.76138907356494,881.5403581509389,169.05963466590526,93.84801341762291,942.3886509503798,131.20826688812392,148.2242060162315,446.5455408509047,123.81433959443629,61.224955784910804,365.16247684789124,179.52485039300709,594.1791759273094,1026.466576677564,183.1398988740848,562.34426863272,231.04695864855645,408.4252018443275,806.1019404361911,1243.4218908677585,1137.981333490245,391.65399341112834,6681.936229982303,3198.0419747564783,402.4526208464669,821.7020590132909,123.36346690804814,883.6812244780145,492.3786338581217,88.41309196169952,48.93603837244073,953.8808171178084,973.8038199313396,91.87118095585824,1209.240899120868,156.62865695589142,1098.4335438915598,7562.766016104702,20805.419087869137,1309.073303953605,1134.6785829579696,108.9814816388094,446.67773314471316,785.5305049701892,1300.3035348872584,465.92890339233907,107.36088916229517,41.16312693886608,386.55310376963797,0,1143.9198405841876,590.8357222488224,778.5230112229739,133.12838015680148,103.35955108746273,165.51118110698803,554.8098026407557,609.2749930315777,238.63020501040708,63.024540101025494,29.078460249806,26.362667837648765,16.99188131916654,7.144068069588471,6.581314968693665,54.030917247352654,7.259082475674662,611.0529837237448,698.6441744439143,376.7036762350006,2206.903144324536,9763.280116177015,3474.0708577514265,4519.354870195772,975.8850929156312,10.001165981172798,69.74226534988502,10.453369199690135,0.25057131856986964,125.77030872163837,3.1208336737278635,1275.5168034165779,1009.7766912124529,164.65667143404565,55.211891319476756,31.20512768277931,194.71713916207975,127.81374829271077,791.2853223756603,151.47472825614244,5.853606351359571,75.07272378235555,213.36641451755267,565.824177140009,527.0532351264759,542.8356050035032,272.9253730320594,12.44597629100823,169.4998901725724,647.717463917519,161.32163994052718,23.30489776515987,5.8983478688085444,21.379422410139266,66.1410922618867,1145.9356547294735,1363.3877712607266,3102.300667050099,2357.3969699639174,1719.203167685961,1287.695092393514,87.19005632067804,263.4608321013038,896.5233193502496,1706.1812591794442,608.2079078325097,350.44556408023215,107.7300432214743,46.17821329589148,28.777537455648332,286.0386218526191,4949.4843357308955,1499.9819520378155,306.7828025912722,3622.7250745874453,4278.625881819897,1102.4726612954644,4140.613066788709,365.00277228187247,195.6418064858518,200.1089410949455,0.14111200161595455,76.48328744683982,55.56602233382862,0.1791232734006731,0.09886564588437019,2.7664892502961544,4.857053403400159,28.48386922867954,9.960110142584956,30.29500611951352,192.32138123309753,334.9349523516345,948.1167711406677,1173.2913226939422,96.69613838231915,609.588049918809,3582.8056342203354,3220.052748983134,719.7335512471182,214.1476272882022,20.35151563240311,16.255381700072366,2.5571277281196796,58.53724381303682,16.869317260382136,838.9073588494518,1043.826502561422,598.5420172211775,460.9226752595739,266.9825019207589,1181.323354020102,428.41654107677925,121.24240035845271,1496.281291530866,210.38215343695626,2.8545946045969703,47.16198546040754,77.85251352075407,20.00520625633346,5.433361548984183,25.553058256690935,32.30535378591228,4797.877361066078,109.7700175043261,27.331355031098944,5.644207501474063,24.56801910047737,1080.4404953888368,1713.152448324815,179.68957972687852,40.74798853038553,34.918915600997124,186.49223216466484,125.46749853127228,752.3672633898713,84.01610202619187,1151.3867028207258,69.76067629124324,1257.794977038469,3198.7873564027127,3658.8792141614676,2776.911752452237,361.415492069153,115.68624797894648,44.26188536816342,46.076549194263016,1194.1568143788054,85.40007941125667,122.83296443469746,87.37696558755496,1000.3017449545226,325.6222722477381,708.1127817906848,48.17882032518465,680.9316002458476,971.5162164543739,258.2559331540782,41.48009105165205,69.3723813165568,1637.2555212914824,638.0442688324058,699.1104715188536,294.2230591537496,232.30415436485617,121.28498207743945,132.06480968205494,9.246578561754474,14.962752911868868,37.18680400060859,3.70485806243646,22.79407297379637,611.7763507205262,1301.702083655544,124.14642285374283,947.7029918077184,62.82667719329425,5.60507839175246,114.5248376925041,0,0,0,0.00877843503227256,0.17514447704153616,0.0176894709061373,0.4848760371899719,0.03572555806044534,0.025271079148089775,0.06143692870267804,0.0660982560898225,0.24468537829086554,0.09478485856415997,0.12109832966975224,0.0399763761949049,0,1.030882336307402,0.2479443654147612,0,1.0769897507548265,1.0193390912431362,0,0,0,2.2087957436939742,4.4317727923887,6.096566758835172,1412.1988261838912,1518.8106530199457,100.19696428595736,17.877144921911032,95.55825133403066,56.93909921983523,77.28999061710907,3.0354522505904793,2.1688078116921177,3.1989296842184034,2.6482656031948157,2.728278820481312,549.5453480523574,884.0875754567109,1526.5796646281938,8.730508875136852,88.47992779784397,1378.0387820445967,1236.2953762040727,2180.0238525297214,774.9556477379796,2822.3994727525264,947.9824698078385,76.31636491612284,3.923212297339626,39.65329280652161,40.04983181925058,49.23447319453788,71.20144916252622,167.3207613087021,243.06317612160117,63.06755350933536,38.20448677051799,1.0821039190594322,49.831293413848535,119.80923903644656,1.7225159300930375,3.9180153018273436,3.477525818231207,6.945520591245507,0.8123509187293746,4.624012993348799,1.732159634270321,1.0189541858298916,1.1039461570816542,94.85531732074344,15.654635961323836,968.925407496496,105.28944210172284,356.8245286946837,28.22283984166775,40.5923868731587,579.5871179905989,176.6078361725699,3191.6221700474257,196.1898784819026,1717.0107985700197,9858.816413431256,1621.6067333959581,40.31796327441134,1.3035327935902272,118.21969481555602,1.2860307358100471,0,0,0,0.018724433296059193,0,0,0.011943209176576383,0,0.06092521664105475,0,0,0,0,0,0,0,0,0,0,0,0,0,0,0,0,0,0.09679734946559236,0.0327152632100352,0,0,0,0,0,0,0.038958153727425476,2.5518227174897516,70.08086116081166,0.8618606100824542,178.67231341260967,1.1916240584639646,0,0,0,0,0,0.23221020023211333,0,0,0,0,0,0,2.5430178868406617,61.482841107280706,18.197790677554554,111.71951210622301,59.09209897874298,624.6673791163666,2610.7808966768757,1886.2068046247714,1308.2500287203402,473.3963215978343,253.43199839540142,1257.3638195226943,2203.9230238889236,1989.2894866536474,6248.591168459255,0,0,2819.9502963872173,3355.65078374856,621.3280907211557,1798.500643432172,2507.2932751369526,2102.280886547777,1955.2327758180302,1921.1605449489678,0,0,0.05105755831114353,0,0.20421942368046336,0.025469104780202815,0.013970268529417622,0.07285502211529914,0,0,0,0.12173875619943214,0.39644358509525496,0,0.23583029146589646,0,0.3704333645363475,0.03934955882254165,0,0.4974875133013527,0.05422084154755292,0,0.0522286483888802,0.04139046138614707,0.06113647932445737,0.0378785447376629,0.02323355601252632,0.3589793521487216,0.13100411318911373,0.09436943075649407,0.1439560736630733,1.3308370898875423,0.5938522079752997,0.01428146137975949,0.09048588366339955,0.10523829764227946,0.0883823656757019,4.714968052675562,7.745347443811944,9.383020701035008,83.87351640190786,52.22925164067061,177.21697362772426,9.606629723425204,16.285799247625878,30.014258310923005,1163.7643625660467,0,1111.2666195567722,310.04090218727623,34.638275491365,1059.0831618468465,465.6353026429474,1271.1865740008454,759.170671017294,689.7510916408299,362.9423138727903,34.80798909252767,18.52231318406241,208.73865680628023,27.702013060765303,11.199579973937485,85.6274030962716,10.161913309955326,136.70236174941465,29.88946592245643,60.81695014411222,97.93591292724228,122.74774855703113,7.127571789374743,5.38300374776056,15.574168115011101,17.331423149968863,26.138065818751354,25.39037489515801,34.38001031292247,118.04854602776429,39.07587217619747,19.50254461174867,14.654193577522964,66.92696783095538,366.09220517103853,491.2846104497298,821.9858782588076,366.53035170616664,181.86071852323022,575.6779842868181,526.6639363490686,703.9689703861198,410.4374697671991,11.381102490071697,15.582738931263377,6.325377562861959,8.591261076442326,25.921632713836345,71.55293783768606,41.394805499562615,21.495776589176693,16.799406462848992,10.123241137953496,32.13808971847974,20.609906785876962,172.93804324063086,54.39639453077145,385.50779620986015,23.566368280732128,132.06374422629884,152.86436980099288,81.12501009341946,49.71849880986456,0,0,0,0,0.10890371347381558,0,0,0,0,0,0,0,0,0,0,0,0,0,0,0,0,0,0,0,0,0,0,0,0,0,0,0,0.6780552505040575,0,0,0,0,2.5647770531179686,0,0,0,0,0,0,11.893793319452756,3.4339702682591398,3.008585412811212,0,0,0,0,0,0,0.15655017336367286,0,0,0,0,0,0,0,0,0,0,0,0,0,0,0,0,0.035313664058444286,0,0,0,0,0,0,0,0,0,0,0,0,0,0,0,0,0,0,0,0,0,0,0,1.411944443699088,0,2.0853412664919544,0,4.840417680224927,0.36751323616933196,0,0,0,0,0,0,0,0,0,0,2.940200601353336,0,39.05711109267357,0,0,20.918009302329697,45.034879461969616,1.2212814841244521,5.3035779328057435,16.950976490923917,182.1223390058964,45.634711798150526,87.07889960621212,68.30246784029005,83.9590070519581,46.15572234025073,320.71575727357117,275.4260128328948,379.44657423507084,352.7386183779242,234.10364677439847,328.0915854862182,1111.9963880187843,490.1322679702051,562.2149467276189,1511.1564364939127,349.4846089747802,136.7292737783674,0,0,0,0,0,0,0,0,0,0,0,0,0,0,0,0,0,0,0,0,0,0,0,0,0,0,0,0,0,0,0,0,0,0,0,0,0,0,0,0,0,0,0,0,0,0,0,0,0,0,0,0,0,0,0,0,0,0,0,0,0,0,0,0,0,0,0,0,0,0,0,0,0,0,0,0,0,0,0,0,0,0,0,0,0,0,0,0,0,0,0,0,0,0,0.1917033133105942,0,0,0,0,0,0,0,0,0,0,0,0,0,0,0,0,0,0,0,0,0,0,0,0,0,0,0,0,0,0,0,0,0,0,0,0,0,0,0,0,0,0,0,0,0,0,0,0,0,0,0,0,0,0,0,0,0,0,0,0,0,0,0,0,0,0,0,0,0,0,0,0,0,0,0,0,0,0,0,0,0,0,0,0,0,0,0,0,0,0,0,0,0.02144333409138821,0,0,0,0,0,0.013970772688856065,0,0.1536007842404894,0.1677485711335765,0,0.01577080293793291,0,0,0,0.01639097417918329,0.021469959090916,0.12366470182419659,0,0,0,0.061507292150996117,0,0,0,0,0,0,0.022968495849805225,0,0,0,0,0,0,0,0,0,0,0,0,0,0,0,0,0,0,0,0,0,0,0,0,0,0,0,0,0,0,0,0,0,0,0,0,0,0,0.18515870978914192,0,0,0,0,0,0,0,0,0,0,0,0,0,0,0,0,0,0,0,0,0,0,0,0,0,0,0,0,0,0,0,0,0,0,0,0,436.0378675664767,1886.1336960967428,70.9710586834392,0,0,0,0,0,0,0,0,0,0,0,0,0,0,2.801191321847858,0,0,0,0,0,0,0,0,0,0,0,0,0,0,0,0,9.504646090039211,16.091250083590833,0,0,0,0,0,0,0,0,0,0,0,0,63.355671779130255,152.287610148809,34.77496121622208,116.4913996343654,46.185944286092955,125.45083645010384,18.876132518842088,412.2232364198112,44.86681956886483,67.2044138591014,153.22187712182583,83.94940455407435,8.919247853195003,27.040461537435636,10.378053183115187,14.811288871978563,0,8.429634166303016,4.348668682094641,15.713185091576042,191.58791874851374,46.50239735953793,5.063456151373538,0,0,2.6254728330865227,10.94287771844213,5.930516710909524,0,2.545944768241364,88.2714008224129,71.3292950757471,35.51159252015166,96.94672135939082,21.3853220265907,202.00431093333083,8.142994102277488,27.892011075164053,64.48172266870256,7.508145781474775,0,266.85219879871624,181.39991178699165,12.42654772876411,0,47.39964666436146,55.17348044627865,660.8056629024915,1516.8667441173504,29.025124347694238,0,19.439957549692522,0.5563363800520356,109.10502375515178,1370.615928468553,549.3250798332616,0.8606551467180324,20.662558363036887,0,0.0058346575013644465,128.79182877967878,0.20317478354823926,9.842964647457578,209.64324358077778,200.802505239166,10.278157317536788,0,0,0,0,0.008554245609920325,0,10.175266032370077,2.512918008592679,9.510960867771091,0,0,0,0,0,13.364398354503292,10.722435542773296,0,0,0,0,0,0,0,0,0,0,0,0,0,0,0,0,0,0,0,0,0,0,0,0,0,0,0,0,0,0,0,0,0,0,0,0,0,0,0,0,0,0,0,0,0,0,0,0,0,0,0,0,0,0,0,0,0,0,0,0,0,0,0,0,0,0,0,0,0,0,0,0,0,0,0,0,0,0,0,0,0,0,0,0,0,0,0,0,0,0,0,0,0,0,0,0,0,0,0,0,0,0,0,87.75923469235583,0,0,0,0,0,0,0,0,0,0,0,0,0,0,0,10.155788813853997,0,0,0,0,0,0,0,0,0,8.436636867666117,95.03657503790755,249.35047451516584,336.8720568493129,1728.0545148872434,527.9610562777207,133.53421324870806,12.483814271709647,73.99536406769406,16.3246869697594,33.26971356368417,13.360363970508597,45.53029089042701,33.76860102901871,49.21823126767586,75.53830274939475,24.009674694129238,14.97387195532306,284.288782619302,46.63380139544204,1655.4845707107384,3178.56994097694,30.545812039616663,600.3970361329974,82.96630396547286,551.481312039981,796.4526077420352,14.846610436329872,1670.1232746086637,1509.157828921774,593.8976924292755,722.4042492805372,1568.441505763978,3948.051791898567,3411.8607674761042,5563.366666782365,2070.610947163969,1631.617579097626,997.948837213776,355.7883819661534,40.240048565634545,1239.486701014707,14.335924303853274,41.137355031584335,14.32495234907012,8.30558951773084,25.940544065807895,19.69936670550253,65.94103749741652,14.419044057700635,626.2521198317293,326.7059197035572,417.14440883580744,223.4305804243343,569.4186854691224,984.6504711217589,399.19492179926084,1111.2529657103762,234.20708997675658,496.3527501306672,2194.4127157821913,484.051567269018,767.7787294439161,1739.4548691867217,3744.9198839048936,1603.4154975020083,2630.0421916523132,2810.968357766971,3664.0996713110194,2048.227936165167,4653.9551387548545,2936.6827320453167,12081.475640890189,12819.794878799645,10069.956532450022,5784.972113531327,2778.438488392911,1413.8898720660206,618.8271483437261,0,417.76357142348184,464.604238120917,3158.0641854600585,1664.6046069723484,3104.2495466949367,2535.344500463999,406.8675050129033,1287.0343112941707,627.628891542612,264.7033042683942,714.6414153746198,1184.905820188083,1032.2323106118192,1666.5242397562945,3023.963577557979,4366.907018266996,4430.674042987786,1858.7841892055956,996.359291268448,1875.1572922526375,1043.3850431725386,3979.315949684303,1651.4100106204207,1063.3730373101987,1188.8068623309741,1618.0228515666236,367.1327402120894,79.95740225054143,190.60027550544538,188.80790611732922,600.0598757073602,200.21811884979311,636.5937412943343,94.00304853062066,512.1442404004217,1837.967149602025,773.9568222384493,1813.2695443021007,551.2090838028971,270.8399973102858,1278.3576133491101,532.622279674234,2188.5083037053296,2272.6376775737644,2575.4323543618293,1939.0326081832054,1433.282354946429,1521.8570904314633,102.55672570000094,1635.578541379515,131.33924507777778,1553.0969313018056,2123.1158065319087,935.3081279203204,556.1102704819176,847.9326660886251,2188.1308380291284,496.5465055405835,2669.3026471184667,3257.8602930679795,873.9598326920097,713.7905536460779,585.3472185214954,223.13166210523227,5931.2011992327425,2058.1521357584343,253.1023652123157,7.866947581729736,218.08598255880597,44.894908373036245,166.2350543228281,47.83293822966402,38.54471808010489,50.35160394128216,715.0355527192046,1277.5393075400023,87.22324280576301,785.0038862793335,117.28780701095197,33.96745958648583,938.1125955352458,51.48079901017293,1022.8433703989948,817.7716937384627,83.90095674323595,872.0472938577353,820.7339853120263,1399.7150362804882,1370.6594771246432,688.1188860005967,177.63107174836026,40.24109955751098,11.082583954911822,884.9364031362674,2153.136018776066,2199.140058843023,99.72299990867803,34.17096036087755,30.011606493729694,22.53886617120963,28.259094306470352,22.794481612984082,930.6289052104349,217.5410850451391,68.67586094720643,22.939343672953104,38.205630052044555,18.969849572334784,22.239650891678927,102.334871455399,513.63280534465,23.743539553074562,102.68809242697749,301.2471455744455,493.21963034087963,1157.853868293863,1030.5490769081082,704.8380547018063,388.4557967492143,10.829985796106826,413.19950051918136,57.44948059628258,59.000557901389534,61.09257066163924,114.4232184113488,55.129245169218294,1243.3292168522855,59.99958380063452,15.828790104839221,13.161457027320015,898.6457030752579,3553.124637970596,3222.442306963832,3531.421774730449,514.8246308920226,15.232473370660976,5.614092410163044,1049.501790386166,920.1963124521673,401.57450950736353,508.86023267026223,563.6358363861369,360.2935711896927,521.1518395318013,737.4658348002401,0.49506802942523404,1.1263280044858153,0.638754217520826,38.68029639751155,124.44447873377402,0.09451303996055316,4.968602357818094,20.01719571235247,1.7390307668897338,1.3242668096770176,84.55032573819064,8.660474886788121,11.774873742747985,127.36879369325308,180.0022366787171,3.301693249212589,54.048741742687014,54.40208327178886,85.29770718107333,590.8321636224675,12.408410924128594,125.17383726658468,243.00812933833777,121.67416114477992,117.78187898348365,7219.530089826223,1668.4164805730402,959.1128643162958,189.637097028078,232.98350986772311,8.963637811115811,44.103964794903064,14.354434919999996,1.2020716762857289,1.216945148702482,1.176135577965568,0,404.5830779775612,7912.456463597369,0,1.0747877471947058,445.23926946900485,297.55463800321894,842.7454215394151,325.0402322306995,510.42122030821747,216.54537764626917,1.8961337297142669,18.28826511271412,45.49059576628933,4.991376880267701,6.326883707225218,52.31215803118177,25.595739032598637,2.2106126783544737,3.5988528168254916,2.481924118550005,17.525069095221237,23.932368472197982,112.8286563712951,8.655939440015027,37.068743630135444,151.53757679632332,11.322799487012338,34.659408648162525,93.39095246614269,6.394202814956248,4.685135688287529,5.846561576606072,10.9851099722206,6.998157234069495,7.453574403424517,7.044968855248409,13.960625396835685,201.90103099846272,9909.813118415073,161.52837415972388,24.194287411655658,181.36250944318124,10458.683567378699,2611.1055610611497,347.07749974006714,244.65819620992454,305.9275068814398,207.46367688138608,1734.4340123753457,8876.903440996026,685.6041547449584,272.04253612234726,7984.3208578923,342.5922848984919,234.73105134189203,55.215975249781486,52.42033920395651,312.6466700757829,53.57752458922905,33.70684090845555,0.4505783087562184,7.501387706809408,12.985487123273327,2.022416917529348,1.132602031991414,3.119054932543768,2.634582891373045,41.958410697757024,2.6581599160424982,2.7676158303136313,37.421484066949844,12.891598956658555,78.59081382613877,146.2017410693594,1983.2429248756887,443.49308371554616,30.320013963201745,4.905350498601541,26.845881088104143,61.05875699751552,40.32299159985393,6.626976289140257,79.81306867277877,62.93290299193683,58.02835143636256,48.51747366280051,27.751885629507917,14.990162338286968,13.65656514290979,56.015653931196006,9.864472311239544,3.84715118814094,1.1499536915348587,15.861973173926149,2.9698823458936636,51.90976455625963,17.985171923440735,53.01421271942494,18.387846855599125,51.13755979984005,40.24972708156146,28.98909890078737,8.9405061064873,27.4260262194538,13.480625216992651,20.830043855866624,23.1289837248117,15.263730808575005,8.364007285205108,31.462609886099195,50.08607401790317,91.74946141996311,62.36552812644534,15.553886210569896,12.285383448385062,152.2029579164591,1.2369492017662662,1.0851980973682616,1.7861271991253656,19.012518846501546,0,1.3059007488131416,0,0,0,1.7494186738232786,1.0128768290841208,2.9903982950745327,78.96645813688093,28.4526497409267,22.718206186710447,241.77880383729388,2.084213464238815,2.7207407475032337,7.075323107945789,294.4889415681822,11.683451142742825,121.74098260371845,69.02027216448408,130.69357521031603,174.2517422375532,358.6597975887932,168.08674381427159,266.0277519586347,303.3066227474216,338.825284524151,260.7096860472063,210.71140081921547,224.3841009281457,224.6648188171814,194.31618401795112,230.77683545900817,487.3636559108523,387.7346230907678,184.51470225060672,28.025101799374056,87.34941024281352,39.665844168307935,69.91040314689093,104.10878258554227,227.891932226387,167.61024565941972,147.31751221364718,93.86146312135402,64.28530074200667,57.675934768334386,35.4225962978034,73.07658690508859,9.656793359561405,101.04168784656717,234.76809615967016,306.38212051526045,336.6679198262551,82.6991600399434,199.6518632144355,116.20174895194928,49.11721596756573,64.02545707816772,0,0,0,0,0,0,0,0,0,0,0,0,0,0,0,0,0,0,0,0.20674309874060823,0,0.09744269197909586,0,0,0,0,0,0,0,0,0,0,0,0,0,0,0,0,0,0,0,0,0,0,0,0,0,0,0,0,0,0,0,0,0,0,0,0,0,0,0,0,0,0,0,0,0,0,0,0,0,0,0,0,0,0,0,0,0,0,0,0,0,0,0,0,0,0,0,0,0,0,0,0.4860861653504329,0,0,0,0,0,0,0,0,0,0,0,0,0,0,0,0,0,0,0,1.5011151530268858,93.14549432581543,0.5481460463711824,0,0,0,0,0,0,0,0,0,0,0,0,0.32356428120516717,3.6490226448733964,50.615571708915894,0.15113143799547898,0,0,0,0,0,0,0,0,0,1.0773077810034195,109.43596745440249,24.06783151312231,169.33530773285548,0,0,0,0,0,0,0,0,0,0,0,0,0,0,0,0,0,0,0,0,0,0,0.9899524512866026,0,0,0,0,0,0,0,0,0,0,0,0,0,0,0,0,0,0,0,0.6174989838547613,0,0,0,0,0,0,0,0,0,0,0,0,0,0,0,0,0,0,0,0,0,0,0,0,0,0,0,0,0,0,0.010184962304818931,0,0,0,0,0,0,0,0,0,0,0,0,0,0,0,0,0,0,0,0,0,0,0,0,0,0,0,0,0,0,0,0,0,12.88544887990648,0,0,0,0,0,0,0.1314411981460466,0,0,0,0,0,0,0,0,0,0,73.840856269094,0,0,0,0,0,0,0,0,0,0,0,0,0,0,0,0,0,0,0,0,0,0,0,0,0,0.2084799786925043,0,0,0,0,0,0,0,0,0,0,0,0,0,0,0,0,0,0,0,0,0,0,0,0,0,0,0,0,0,0,0,0,0,0,0,0,0,0,0,0,0,0,5.982352212485024,0,0,0,0,0,0,0,0,0,0,0,0,0,0,0,0,0,0,0,0,0,0,0,0,0,0,0,0,0,0,0,0,0,0,0,0,0,0,0,0,0,0,0,0,0,0,0,0,0,0,0,0,0,0,0,0,0,0,0,0,0,0,0,0,0,0,0,0,0,0,0,0,0,0,0,0,0,0,0,0,0,0,0,0,0,14.950516634965071,55.001606068107854,34.67971615892879,10.052626125864895,29.127929800361777,41.43097582083307,23.299389067359773,41.006505574944214,81.7228126030659,45.3047803136173,85.58001084255139,45.19501823803409,228.80026234505038,144.33719409856275,108.87244574343893,47.45719808799178,54.360426002872146,20.938429720169815,123.54106632250611,277.6697064649479,117.7580555229954,154.40100611763646,14.54351543139916,11.2585709900965,147.76006843204453,230.5821708609926,107.00872267407658,295.2637499523693,183.3996062003273,477.2115638892217,177.0249783643149,103.02449271248761,4.673941369667454,41.81707038773563,187.57345387665092,127.93764626336558,345.4754802595795,118.43178846917476,449.36821609851273,186.12178575101194,752.8362924991951,755.8001873301437,464.9206124808488,282.93891494732156,153.29866116508285,153.11457352216547,307.6603039785366,674.0770414294936,1591.9726932550252,1937.4467068054767,4653.17126524996,104.6586915976847,362.2103148434095,465.5152800346785,543.5716172485118,928.0207817461097,1712.3206474640226,61.109192966105205,68.34459658144897,14.025312818910681,48.28342095450161,264.2322302980805,102.84897558498388,1172.016294543055,43.82266824322645,17.243920446449007,24.546113121909592,18.085125584586102,179.73910427377515,96.42502757562617,6.471108155907693,1.7435799960993215,11.472471541269053,77.52124066923331,11.752690304942618,58.612686703926045,59.78281805457208,141.03505166524937,202.61922961191746,490.97395501085674,951.3611905399408,1978.1749365419128,2931.7939607924427,3819.18332156976,2179.2688340483282,1208.1164851215358,299.26094711321764,210.88243359188326,43.740818285371496,33.39701798085025,13.008762939992849,399.1263688695554,378.86801660835965,25.75663117651226,100.79329315302873,219.29517605454174,6.056115474940179,78.58348235521508,113.72806256482552,40.314068359132925,16.42404444082968,47.667350016264066,48.35125173012861,28.399128561076747,24.125526637027672,13.473973403329431,100.63170557998497,41.303072349440754,16.941937126632656,17.656612454635383,494.62279484466177,15.124699400303477,10.64095873947886,12.340104240359468,25.478690726915094,3.80468534939859,3.87120948736446,106.27519813228088,3.065350205927708,3.00898770491435,4.036196718068942,16.191886258211724,31.9473993171738,406.16064023652945,238.74866169965935,186.99082801336866,30.400189295750295,20.71304731007002,6.264493349058738,116.7223020662158,774.0835953515693,288.95788042886323,14.552419920030077,15.242068221590044,837.0423019193854,22.03853405277062,1772.0998793184574,481.30458749378096,1984.6159032804574,21.350872158696315,33.67184233471751,4.319611829513354,1.9224119633662065,181.47060903813878,3.0785893528172905,25.01625577925879,11.587392887115982,9.75108949827925,141.11586918585868,579.7044810039395,1300.6306771629656,1155.107065550741,170.7468265316231,549.240785446278,0,1.1558434833376021,0,1.1525656447309813,1.187318047728359,1.1703414808267663,1.5854447728238341,0,0.033582623153306596,0.49085889996242116,12.972519944387296,32.92777783527961,8.36042560238094,2.1329208216384035,1.4306056677669596,0.5976901789334857,0.048615618924984616,245.43947746780975,3.886552640784413,67.59163623112971,765.4332446230251,3.491354786996696,6.892267286455221,5.2833119670827005,418.70750311844495,643.6760189867952,779.9758545794184,289.5858804071573,114.71502142134457,274.3397943576006,964.747389329424,59.096488648209494,784.3423890218696,187.40379019243056,982.1383998922313,1239.9788561375258,946.6544685746343,1443.4452694483061,622.7290050886506,635.6651439115911,254.99004656437953,2071.2025120431736,7704.502426011002,24584.592349491573,1865.8536265488253,70.338253730682,114.46526729381311,9.503594587372216,12.846259442683552,85.97015378470837,54.676274847917924,195.0407517312768,288.52727431368896,296.4230827831835,39.2298358086137,126.22946794791811,1758.455602534749,24.486495521121647,48.90901550138781,9.595263392389166,50.530952550321416,221.14645386447927,242.3718034545056,112.5093818752423,38.48699413324196,22.72955349601379,120.62574165240154,50.01994097180473,114.82550757913992,31.48263162496599,12.986550297231528,182.12726161120207,10.393173816901548,22.147476116888132,52.45585380379151,48.5300181270082,13.314185477648504,20.97836877190846,60.09970310892161,33.653791178165285,404.47496016744725,80.27578801467929,32.9672972700862,77.3185552749436,134.59024507417476,28.397657025260248,3.5033247287059917,3.5738248037328866,4.097557036600856,4.218803486038246,11.342332572606827,34.71113824929225,17.358520776857755,87.31011463251909,21.1479317823554,15.628348876617261,15.542940605066619,15.549192608034383,14.6657076363059,10.41836327960399,63.85653137024652,59.54265535304454,6.4640660666548975,1.4976603463909037,0,2.136824562327881,12.604653114117873,62.13678101164534,43.65021719916467,16.468749884954157,9.732754659863275,16.49477321030156,34.8830119047918,30.148171257221975,9.73214089880602,9.623073776532738,11.045681921096357,9.366981216595791,9.662980457153589,0,0,9.514244184663976,9.569200246021762,9.631697081262052,9.653539467719401,9.943843725723928,9.719194199396924,15.296115274610308,0,0,0,0,0,0,0,0,14.041005486921172,0,0,0,14.268092477257232,11.369899363420563,14.550667458462554,14.734003469726877,16.34345300175954,12.71621006943441,13.954521782670835,14.430842394233519,8.159377027248775,8.02925456029511,8.775450750467746,11.572793405671547,5.920040830308387,9.754821214102563,9.680887950516569,3.576502844783972,8.425962668967028,0,9.518323849810091,10.516228458975716,0,15.160405558285648,9.215033436343674,0,14.253141454002717,15.072083966677104,14.644153094033006,14.625284667286481,15.527453163535387,16.883819350830247,15.110580428437126,15.731013653703624,15.248504046318635,15.399835368978618,12.452077596735188,12.988784024948881,15.263613628769336,0,19.98805238514625,0,0,17.77945292600842,17.191599956609572,18.69312730030448,0,0,14.490084814845702,11.699185845959507,0,15.235421641973279,14.576517890297588,14.400855061756273,0,15.137898339814209,14.357602436240578,14.083306598842066,14.018643108708671,14.461008966069697,14.461008966069697,0,0,14.295625992905657,14.265795270270822,14.406338314595946,17.960420970515266,0,1106.255104008862,13.910263682774486,37.00473901519029,108.74972504720458,14.814703440437007,15.537375533200839,15.479013099912251,15.009490669801304,13.193179713620868,13.3984749752053,13.560147380090566,13.493941190839177,13.55133452047825,0,13.12363142430106,13.544615224572498,12.977742080191511,13.613208301915614,13.286360724611193,12.774200440690281,0,28.208572528962772,12.857488032262735,12.8842650212353,13.073281989194479,12.916772137122733,13.289955607185208,11.864724421643716,13.517310859039226,13.974625803867747,13.324304509788998,13.766455240760559,13.774384664471508,13.407806923893872,13.151946531687523,13.699041678329072,15.1906258092537,44.565994135425434,84.12169582879496,18.679848162093023,25.260827825234,351.9968999087549,73.68858032728303,1.3105749453399775,4.438438554285344,148.79780947132735,81.96010059732048,171.6510150983896,46.73592125693392,68.80809050149293,46.17764721461829,340.91152724336183,69.49398519363416,84.82619541493652,1149.2783399085395,1596.569647888242,22.560412785073183,109.2181107154636,205.73238448507712,12.655701711160393,6.784446993490593,59.15862113056004,19.219650840223988,36.790635752991236,13.68336104821859,1.7342735375951126,0.6403360308896902,4.261836144808232,10.773977658358179,85.23682315009307,2.0944891977959115,0.08160881832741847,9.080553067470781,0,61.76406346907816,917.9302037806506,94.70079115302168,0,0,214.34356281901256,87.66234766078311,775.7421949111158,735.3110028137526,321.01672281333794,1227.6690838106788,765.1394599869462,300.1178480196616,112.95823659567512,82.62905252987262,228.0287918482796,2078.47777332811,1357.0734016036738,295.2615371447906,0,1207.074191821228,188.6164447859985,109.42753667492693,51.33953616862564,180.24410515224,9.46300210058356,332.0846430071802,308.54596961407793,353.85246232969746,121.235741492418,102.81744325000238,85.79410881420104,108.36147628100963,486.8268623852702,124.90514768484725,84.60457116139501,124.67619891127086,365.95925250851525,840.5355995724284,1234.8882258785202,205.72132394188412,119.17718968598783,337.87628475466744,794.1172246643231,244.29829586979008,106.54712070962294,162.27810433626175,1125.6489564335684,161.21892998599932,299.5102873053625,23.684331519343527,141.38326798402866,107.4708878514475,42.800197580689414,271.743453329376,31.53144707502954,114.37543837931071,65.27876924972442,171.7150385487891,362.7455968990276,1198.6044789472594,16.152104093472285,112.93426473337075,135.5742980640412,170.65985273193718,313.31826879444253,139.39509745643434,134.166598250562,122.8317448920801,160.5788156863251,366.74618672554186,391.964911620961,1046.1560584077813,337.22231551495855,167.69866894327646,217.3470751988639,145.95560454764393,681.1099832602342,753.0067574833641,82.12844063689276,771.5826032273853,1629.9493969423,662.757637526557,1594.804733566193,1880.2790992988466,679.1665696149962,162.8331425446155,941.7899419570305,843.0339411323525,746.5140163606543,30.533508023836944,788.0859415086311,213.733491996613,332.11374539498786,1465.0140141234028,483.58004464829025,589.6535685663567,1514.250176588605,333.7409059847853,212.6945331328665,109.26775424162348,388.56546824350045,229.30898651360488,50.896976387378466,52.45237408102823,288.57241041487964,317.1295218543008,150.1177836296477,116.50553225181588,552.57164986998,959.2118201200534,85.87525949648574,69.32880297991055,319.42333536490526,457.39950090351954,377.8323458903202,276.81791912409943,856.3315801543237,149.55539571189203,682.1700073238886,213.10348697776806,29.454283966896313,0,306.2709280682739,290.7552786358814,215.97785662070336,125.90873087504788,66.38835306245905,181.21499432122215,193.44153651927112,108.97642172842916,54.01984939108307,305.8636640939409,1103.6370069019677,213.1687586924637,666.7459840817736,148.54840250789587,179.89326492223273,364.7937944291988,203.57986450303667,322.203546005413,438.91117790513016,106.33051342456892,385.80844023301574,168.65525017036506,125.38461364596574,36.74769418971016,33.75620808440916,177.63812672715582,2.2076909580861237,126.31496623121727,136.82078581557712,239.20873699797625,359.25474236194856,49.740494364022716,602.4667334783695,644.9379595518185,192.56138456392532,111.37819454686172,151.23097310797,63.13119932640636,18.822559786495162,12.837027117943421,36.99238811873288,22.43701748923266,124.67300801451303,52.53228030938578,101.5694754142987,64.50586211589803,306.3473325489864,495.59772888863745,73.55824884180196,94.21840051761947,221.72986612747295,31.553181469040325,218.0411646912604,145.52163906670052,11.716160568953518,2.3936892283442694,28.441470096639502,38.20540625564839,625.1088864616578,2317.793797863565,0,889.0690025476822,240.33599856154834,28.688726267107345,843.6213325017642,0,635.336597245599,72.56121724359626,53.805926943326725,0,0,107.23316149165423,60.14782896553328,10.999639110617537,6.292583025710181,51.96070912772893,123.22627182626903,1.135002995281182,0,0,0,0,0,0,0,0,0,0,0,0,4.068799229555622,6.499184300850218,6.644450878643312,6.508272079916869,6.499184300850218,4.9953861744409895,6.947304406434796,7.364914360762241,7.043755802012269,7.37198596000124,7.985524505090478,0,51.80890120907849,16.625890918835836,0,4.61968159566847,0,10.479106270839248,25.64186044863244,30.554835467225157,25.558573876877002,25.869767094353158,0,0,7.117963639766132,7.013768960452825,8.310447600759002,10.091892566610136,8.846195279847116,3.8495270152117773,0,22.61879754670704,21.95603688072528,0,0,26.590550551358252,20.15964634560449,0,6.791971320523527,0,9.319395792570111,5.5374667401813635,11.11973980275027,7.850268333713005,4.887650303647546,4.490937486410017,3.8281199562566557,4.150617555607859,6.399661747598971,3.8269395586459254,3.77424902859437,4.547342740570282,3.553149947433193,4.422738709266378,66.29123065419243,0,0,0,0.06556778539476701,3.3167675690648184,3.3192814694038444,0,10.615610963818998,5.429663094845946,9.679619418402009,5.2878165176550995,5.616717764235641,0,30.314225186409836,0,0,0,0,0,0,0,0,0,0,6.239887213217603,4.326597230299352,0,6.315991979702169,7.200490541490353,0,0,5.515440338478183,0,5.008858091750263,0,4.090262501478193,13.800538873674357,5.720709668240936,6.13474885263287,5.917767937938871,4.376439461206438,4.493466251209871,26.221342510138037,6.0187632390108625,6.636973172266159,0,2.1556928021191486,0,3.6609148555342155,0,0,3.6596942454151646,3.8434220447646483,34.80946135683088,0,42.52643676241266,0,0,5.89871682460591,11.01133653232083,0,77.10199032000926,0,14.015416937009567,5.987059823723934,6.317080168366836,0,7.852493832124643,0.5461124741725568,0,0,5.492454642403718,0.5134231877640437,0,14.823313392123918,0,0,0,0,10.06154240296419,63.704019101448324,0,3.857939923224201,14.840630907549022,0,0,7.977550438135716,106.82925226264331,0,0,7.539115621433428,10.307148804418295,52.607253668302945,43.510966661261904,39.76928016520781,1.5221569158496653,28.647023522407007,13.219100084016038,0,0,0,7.531539584789188,0,28.583244785604467,7.553227893745618,13.031093847003214,85.69431397022211,58.89863050247675,110.20310852730485,14.125245544358528,13.281742499759531,15.193010098287816,6.429512279152787,15.584912343543007,0,9.834085730086484,0,7.568940958957319,5.619998192473074,6.9292746869457975,6.687062764692719,6.953204633333308,11.968254081299449,65.62409072172966,65.17472215118495,141.7120176698102,79.09179485365122,217.67013653131744,0,141.93362046063362,86.14859532215185,5.215011548675765,12.390567023888753,123.08686653917682,10.408227999371316,54.0730361779003,9.35833711914892,0,9.801521406896414,127.76443261866643,8.909620315142469,10.434235572891684,0,11.55280801858111,10.387489071360093,120.4670784191859,11.235468291544876,0,187.11040161349482,7.791760108094552,306.96080872404474,11.547380221750702,115.66402268637695,10.705558203606053,107.32489764960798,107.54711590958159,305.41185895712624,58.18859298049989,40.51045258064892,12.396538679640395,10.47336459443089,11.745289038733183,9.013362099037506,8.128234136763623,0,0,0,0.9029327742186385,0,0,11.80496478553398,0,10.031496172024475,9.497643574542554,9.761645789311178,0,22.784188933424332,0,5.066958372167333,108.4993235824046,125.23713067997993,0,116.08759663056894,135.00835628133453,0,130.42747882123527,120.79664251613565,9.608553545622105,107.30568568990816,118.88175917623032,108.7752985887548,0,116.50680556238663,12.626518565625465,109.28662565967865,10.50670171708391,12.912032402030048,21.392159845415016,0,9.719775989625465,17.020611055838366,19.756693447297426,9.690306188356246,15.943876561086606,116.21851359824933,0,11.693600585426937,0,0,0,0,9.629860778838092,0,10.0009054100821,0,6.39083102589097,13.07360764789975,10.935607117905613,10.363873502875137,0,0,10.532509819153542,11.463009666276777,0,8.76880967451378,14.653878435103872,0,5.7771783844858495,10.854617007562764,0,7.665587814628086,10.666249680006759,0,82.21870304418876,78.99338551972481,6.726326732839876,0,0,0,0,8.674020761443451,0,0,0,0,0,52.93325645641361,0,0,0,64.99070636864539,0,0,0,0,68.25545262797148,0,0,0,0,0,0,0,0,0,0,1.5204310818973643,0,0,22.804340920939946,0,6.826873072910471,0,4.766706249803116,4.424601722612647,4.551903256071899,0,0,4.313278376082822,51.17585576046943,3.7706177380892094,11.753909531920481,2.6414478925755343,0,3.360819055541399,0,0,3.6618126549858645,3.1344081229430327,3.288714585204494,0,3.0695012798068073,0.7109921373397314,3.2717976966751388,0.5731992511011909,0,18.573018403984978,0,3.087768082389234,0,113.41194089872963,26.69997946817056,83.44139141655769,25.52455925124814,66.48518782442238,13.667585449881988,0,20.7038402105632,0,0,0,23.849392975595343,24.144060181937544,19.241395325010256,40.9423883793186,0,0,0,74.4336607064398,0,0,0,0,0,0,0,0,94.72731078994998,0,0,0,0,0,0,0,19.879633885168737,0,0,0,14.214373710950536,0,0,0,0,0,0,19.554126207688665,0,0,0,0,0,15.121125891384086,0,0,0,0,15.696431606444111,0,0,127.83928712284599,0,0,0,0,0,0,0,0,0,0,0,0,0,0,0,0,0,0,0,0,3.913194060649997,0,4.084832556668135,2.7979638177285904,3.9168791885658423,0,0,4.197000258330004,4.705262965232918,0,0,0,0,3.877040473024371,6.90781162487471,3.7082317838263474,2.751172558452292,4.101846211800847,3.654346946255553,3.91495155088687,3.4757237238536196,4.835886466821263,0,0,5.128716055231923,0,13.995593031103521,12.868051749897162,0,6.730276559838573,8.752327697084008,6.442431199952413,8.318802437554082,4.145558856240574,0,0,2.077833421732278,2.564930481028999,3.378606791271706,4.131523977811822,3.5797966929930833,4.104359348499595,0,0,4.484241823523498,3.9025553809487015,4.1638896771400935,9.92258458995,4.164773352165727,3.891250503914002,0,2.826693556573752,0,3.5759801044496426,5.01289661747773,2.7315050574605477,0,0,0,0,3.8523891087091697,0,5.89373497632747,41.055339581418764,17.992945648007517,5.6011736092103614,0.9760470423368698,6.684262935196897,16.077910906214115,2.4213182368867936,0,12.834119680455359,5.147769989355777,28.904083860112376,17.002262192951452,5.997579617444004,0,11.648534248777603,10.582512226633858,8.377610936313312,110.62374761116136,8.547494761582646,8.290713506408878,6.081081294038781,7.728451631160323,6.134309222494808,4.55112005388475,6.789030005292223,6.986489564243717,0,6.26754387796347,7.228800659538287,3.325854563968704,8.111196916411595,0,6.5162212548769025,5.613419559073998,3.282890889206879,6.3226577566663344,0,2.7370325839232197,19.468136616221656,17.678569486193563,0,0,4.655783220122228,7.592875415720077,16.115342767743844,15.850201019084189,14.894213909935957,24.162567809899112,39.59130902665121,0,43.85598316570928,4.978997695524367,9.414291602307022,5.551374038615831,5.621980515011867,4.373894386835568,0,5.383741889191512,6.825617780309357,5.822916739758673,4.5480247940156655,5.722859896787054,5.248193410682331,0.44019465443076455,12.878223305738238,0.015540988998044682,15.420960876380438,16.319506148143006,16.539991451097602,16.344280153559584,16.344280153559584,0,0,16.3589943914384,16.411345563016624,140.89385503622356,0,15.304745999362238,0.7740628410540348,15.410403430189065,9.907956579312799,15.222865002657498,5.008830124467295,4.515471616157431,13.280669668968114,4.540518587851562,3.502217162443887,4.928741851600019,19.290987622724256,4.205903146234794,0,4.333382405810176,3.7647949208848916,1.4492296811129906,15.19584581549989,11.203902115872113,3.566958656936133,3.603064283367552,11.536128253700898,3.6679328224475563,2.451636656815972,3.416945309608265,3.4085662360636015,2.8361900489353666,3.2892551488442,3.2023997786807317,3.008778380567511,3.0110656442129202,3.0360426792815276,0,3.3391478945846425,3.326662557371329,0,0,3.2519271544963635,10.46857268634053,3.330695141755228,1.9524500633031778,2.127596865968105,3.4001545352135656,15.441430715705577,19.235348165120385,0,15.325780482476809,9.944224206580996,2.799320064118593,9.575412788821618,2.589805651415125,15.698260752332954,3.1586846368266044,2.5809129042685823,2.5701096750437893,13.742378985077739,2.542348123025143,2.7631648581146697,10.870843880092645,0.9869803455369173,2.5698949433551164,2.321236487276894,2.4586142033196436,2.310995684234971,2.0038621403594603,2.327993539046802,0,2.4417302487826285,2.390256913270808,3.0771854575952142,0,192.83290456471255,0,0,0,0,2.303037784854376,2.445051114619212,2.4501862914517316,0,2.4389850092378653,3.0797668057105563,2.015972754133244,0,2.739223701482029,0,2.73925503829125,0,2.081738243290567,0,0,2.429532487741563,0,0,0,0,0,2.033803218583808,0,0,0,2.957836978391044,0,0,1.6666273093830883,1.8334671309187611,0,0,0,0,0,0,0,0,0,0,0,1.2378081586354464,0,0,0,0.30555774601670904,0,5.042131489415098,1.777654011415074,2.574838663762722,1.2850506606360006,0,5.465299476485487,6.3691179289345605,0,0,0,9.76907234904394,4.055001419892053,6.593783456988803,2.0730271234347777,6.9072800601056965,2.3396324984306016,6.827670485316725,4.431145448916999,4.111022189573899,0,5.290595979374212,0,1.7219475554933035,4.495258491705805,4.8653879299332035,6.190591961011517,1.8504332570061885,0,5.948191759585613,6.134754630271665,0,2.107030050694443,7.91779581906123,6.573241405469116,6.551817446636249,0,6.932234504672974,0,0,6.214685158537802,6.870681652555842,6.9222160249309495,1.036228212316858,6.171090100087591,4.313604573135642,4.400235114094771,1.940056626047727,0,1.9105736021973314,0,0,1.8909715005749652,6.031227587915532,4.342812565871675,4.834766690895368,0,0,4.595487158714642,4.694417891642195,1.1083586246296524,4.766591733681936,4.893906708852287,5.154807792463182,3.6093070815741504,0.24967365398732316,0,0.2572022251345971,4.559629506057902,5.360549719751523,2.5183891197101054,3.9643025025554235,4.404520424098841,0.353967039429371,7.468243875520883,0,0,4.614475883329877,0.5882380861227849,0.316283395044916,0,1.015303238715262,0,0,0,5.500235983456395,5.152768121291313,0.8605136488895754,0,7.639608445064288,4.367264796447748,0,0,0,4.468059299539273,0,0,0,0.5536956029444879,0,0,7.733190138600426,4.491608223523884,0.2917397322699766,0,6.192223257030437,0.5752051659548664,0.36626428855364673,5.619153984652539,0,0,2.304388062223059,5.808531282513298,2.7461955762185934,0,0.921336114483288,16.849434360613024,0.8707852523009768,10.876461746444416,0.9044847517811204,28.03141141777852,1.1197495392255816,0,5.838165344728681,9.635354148643781,0,0,0,0.8836280089618486,0.8789280094291828,0,8.557061936961471,0,0.9160068329128863,0,1.2254231029106708,0,9.610813001862972,0,0,0,1.1101286229622487,8.69436027909791,0,0,9.61284331385133,6.523597186572108,0,0,1.336621082602008,0,7.827269481443382,0.7527939737593716,0,0,0,0.9069389916011664,0,0,0.7846329630115096,0,9.269444560000554,0,0,0,2.372308249752328,0,11.082124265854578,0,11.808386550023213,9.729652322446697,0,0,0,9.7541936045072255,0.6235201360435794,0,0,0,0,0,0,0,11.442572421608268,2.9398789978526274,0,10.275462079400766,9.643434420198274,1.4615873658462906,9.298528392283421,2.62557199392544,0,10.324015880426375,3.0395016080234782,22.152216474480547,10.521109684082406,8.278579395244172,9.175389879539294,10.043121099522175,1.7681642172075154,3.071632977521678,18.88725726230907,20.9085100189585,22.096268697950443,20.266999180301404,15.470063181539814,14.428878061477107,6.239037488179418,14.428878061477107,16.519421498613852,0,14.816532007424524,10.734306977796107,0,28.444991812230544,5.481730206705784,5.839976419578885,4.59941194000826,14.396265126876393,1.9047127403221713,14.396265126876393,36.847522030811135,0,1.7364320208742405,5.138079287295187,0,0,0.3013202447116114,31.026804989719484,30.306440141460108,0.29772085963090095,11.848550607384556,0,0,0,0,0,0,0,10.634032647234742,0,0,8.121973086858166,0,0,0,0,0,0,0,0,0,8.092591336620048,7.840739213093032,6.072074076984536,12.218422172009577,12.763450780703362,13.002722882617526,8.623177284279048,7.126806307647758,8.623177284279048,6.9154715354020615,8.623177284279048,8.773852725557187,7.714217918174337,9.534485169558112,0,9.534485169558112,10.205880884021632,13.611796197273174,9.399860306646346,2.008690797839727,0,1.4823066000209162,0,1.029666666795456,2.367853325092364,0,1.9560964102206115,0,0,0,0,0,0,0,0,0,0,0,0,0,0,0,0,0,0,0,0,0,0,0,0,0,0,0,0,0,0,0,15.750090139723165,0,5.701914553663187,10.156837292950307,0,0,0,0,0,0,0,0,0,0,0,0,8.634701659433107,21.06686910055508,26.814828706111,16.031029805165545,4.036413160171727,0,17.3785185614659,20.707845436162497,14.006482375771286,11.808224917148793,19.222104231651336,20.239694080474223,18.870808204770107,19.06547316757817,19.888666688493327,25.124243405758676,22.115471099030604,26.94257303594119,0,0,0,0,0,0,0,0,0.7136855455192245,0.9123184890560292,1.7142424559525433,0.7365533229298584,0,0.6843235154253441,0,0,0.8819720457672936,0.08756275646657156,1.5792778980226871,1.8479618141443777,0.10250311844161926,1.072551251029342,1.9723238231986757,0.3270087148863598,0,1.7375303513125329,0.7976031762106297,0.873237419263609,0.8492049978494458,0,0.7752343372805632,0.803688210542058,0.9800524296022398,1.5351259862684123,1.1820946225571276,0.8997970739822901,0.9001747366712798,0.8848895515222974,0.8534828522806472,0,1.0579350990007181,0.6253877339983263,0.6188945030098207,0,0.6592613035513926,0,0.5288553983688489,0,0,0,0,0,0,0,0,0,0,0,0,0,38.211745776154466,0,0,35.50414596291158,39.52046554679243,34.02369563515224,34.14879024534941,27.13238154674875,28.856016209448956,0,0,45.977624169305884,40.80159277960308,0,38.7718460593948,36.87236591818364,0,0,38.156933615910525,0,0,35.54387448989162,34.18556215261498,0,0,0,0,0,1.5053760828066423,1.292373858272116,0,1.391777623383028,0,0,0,0,1.209157439302616,13.628541893001586,0,0,0,0,0,0,0,0,0,0,0,0,0,0,15.830503687445674,16.31188171692071,16.120825417989295,0,0,0,15.380065248459255,14.452549878078576,14.584592275604106,0,0,16.018016202013065,0,15.538636864147177,0,14.558050906880924,0,14.185195623757489,0,0,16.34990946925085,10.99978173587551,0,15.085178128507136,13.176654255743095,10.142700122009618,11.550024212045365,12.840808723216487,10.32992065080396,11.75702393939457,14.643996148590965,8.549565348416685,40.4817485021262,11.005614661447396,0,10.719351487697397,12.810835072371825,10.17259674412854,18.790954200241444,10.851351531999985,11.689969375046898,16.304002496361992,13.663920286723947,0,0,11.04467037344099,13.809085982523385,12.62831038388003,10.219261735615293,13.175942603801747,11.544639488636735,0,2.5767119048332114,15.639477658213519,10.9954517789895,6.433766764537651,10.755716414155385,0,6.433766764537651,17.2233562664801,0,10.258378983464283,6.433766764537651,6.433766764537651,6.433766764537651,8.804266603791163,0,6.433766764537651,12.423941994868917,6.433766764537651,6.433766764537651,6.6234989226698495,6.545929247466206,10.846907899318872,6.433766764537651,0,6.5529439463384325,5.774725202325538,6.559668749072586,9.723618620329033,17.161680194388758,0,10.288866614731523,0,11.268195295683302,10.117437465146468,0,0,0,9.162974198347625,0,0,0,10.045196016767697,0,0,0,5.579204411516692,0,0,0,0,0,0,0,0,0,0,0,0,18.557505392661,24.664511310510076,0,0,18.557505392661,20.40434426819163,23.01274705169083,25.62448068235425,0,0,0,0,0,0,0,0,0,0,0,12.216988990339738,0,14.32213521010955,0,27.38213807871439,28.693625648696,46.445769429510825,61.88359195001298,55.354790988906835,27.934234285914233,0.7614457352314753,9.043780334773937,0,8.477985558780393,0,0,42.226487274356586,0,0,0,0,219.19177196444494,983.819334732693,188.17330968027966,5.318329252598477,1.2035959523029993,0,253.3720836760469,32.52436487770743,306.10485653572624,1026.6107277587125,80.17740911414778,3477.937674382972,237.15963359199418,4028.0914783614608,148.5785024268715,1147.2916151070222,966.4839322319106,21.26766865559323,15.66068279272378,8.633893162913916,61.219377041414624,12.044797429893174,36.021850429955514,40.266596191600094,113.96371411026684,1.5890658098771802,12.860270357512757,37.805615901590166,207.020520858513,10.29820794071505,6.061997679353038,16.599435608908312,13.565917236998555,17.16234443745038,136.4276669538887,126.10998806942604,61.95143653092071,29.28065065380491,67.25679271567599,216.86756214202856,137.44685112221435,62.712679839523254,32.309666034287574,68.20926482156088,382.44411356215727,122.85552826165136,111.49364843955678,273.99112507289965,225.38243361075516,131.06799150241307,115.40865909573004,80.36326460034229,253.36596343114493,32.8574413777369,170.13546029039583,130.71277154176835,361.0309514233386,54.07843872425788,73.07205244672585,274.3746823706108,13.472608059271028,132.03400097754627,177.17332998524117,35.85079657643283,125.89616603155912,265.9688434495284,144.94289170490967,128.36238132054996,236.44895231039789,322.7107200858381,475.71701576896544,636.6879370797421,1363.4706014396493,57.42451601444948,228.22094512956562,272.82606107500783,513.3606935672424,761.5018722247885,18.882938748538447,91.67691737633598,285.2168493517477,169.0646010651334,181.87623388065754,106.98750204269389,160.43832001634965,292.2066750102007,246.9782729844845,12.013611011434946,10.171340916865628,55.20985126602217,242.67353626204417,80.81874878332916,15.366991287706766,87.02447159899452,1763.4320249807733,525.0334599726943,77.19696980264189,191.53166567513097,555.3816714786898,532.8850306659955,848.384446537208,213.9718056629041,3647.830283376929,9171.581909023529,13357.344232141919,2323.281960880818,316.77748058278956,42.231090987952584,163.88568164423594,93.74161554657063,542.3007801885215,334.9527785356218,440.32274801283165,2032.1074434311822,15.811431614684421,26.61377636399659,6.714474502190025,4.717919902550709,27.730237623184326,75.87018749697819,65.8064671367073,68.97364626493646,37.037268444672065,15.4923466785988,87.38048260107844,21.89661396076525,12.388459132867515,12.24079368556632,23.09305748571769,72.1747114900968,13.707137063799262,53.2747380208522,897.9671690555024,10.690747891274567,15.61927626125661,44.80791204476074,7.30049706102411,58.978051118579124,68.28373195037295,404.6072519410142,2922.1135347639038,210.09482061226709,13.613127366422052,11.3873710730768,31.940744447324445,14.839095603718338,64.73538391877338,31.936239655384032,75.89513109782997,60.8951081812128,46.63011517472408,33.814471039795535,190.00311064341537,27.037974966596003,5.759470404275993,24.82707857839672,81.53062981811911,1.491929614070966,9.342173570931516,410.8167368398455,6.155875371781311,1.4678806748309456,2.307131977530376,37.11689209613934,2.738063052012964,4.9425397685172,25.31739164982695,4.455728957927638,3.0158972358426532,22.934326926350224,58.97774274369138,31.961996579829258,11.474382855275591,18.334137202240914,33.035356864661374,55.115241942408574,3.2834598943534132,22.90270288049913,59.7814770908319,6.021376096497168,28.704306307191764,2.529942845036071,55.467250397831926,141.09072230129212,111.54838864130052,3.7714929166865243,87.09843022274435,170.14613264241464,165.9532292511211,203.17043281214222,228.30355589289894,258.9547102217044,182.90777924470186,126.88310561066558,25.061279616362942,19.837087981015227,60.93415498883222,71.66809883670487,11.396793756471766,11.423266347929095,61.59562565994077,112.94538903702664,19.14857298443136,12.84565761402825,191.84161572353537,246.308991071719,371.5895378176016,11.721877981175167,1930.7428259933813,7.716771917127684,17.127761097646356,14.850703539379294,266.58530925756054,38.27521690916239,29.792818808020378,46.91295505952663,35.159509161439665,5.2130443190332665,10.948163474289837,4.795556414124913,0.5045452350385726,0.721753301394307,653.4480209172168,15.209497046061008,12.012585391850553,961.8911291910856,2651.9507903649414,1748.0668032890821,5902.8242045407005,9360.546982511793,12733.927118341166,1232.273545508452,7532.88342893493,7451.210317612294,2455.8852694016796,0,657.5108466069321,0.10593443778382307,9.515468883764148,29.39846335701304,12.071001857633338,23.402583538807647,35.83271062663351,50.99356382424486,16.411889631696425,11.38428680535982,23.585829250435506,24.817607542555198,57.60445035611966,122.58465816684132,33.48255553861643,157.51691780865463,28.380801765125916,25.61552254535005,21.90583444284688,38.047675267196205,23.562335638552497,25.71260760272353,22.50368495810544,26.892662515140678,24.939972149133098,21.90636790001975,26.628299426901894,29.42273959404478,61.63835456179055,25.083287919091248,26.951280806150727,30.073955710365052,32.02836071452304,32.91694312606292,199.21763906214537,4280.0230230404295,177.9764278186367,14.952111497067301,9.266160868068955,32.41538128099867,228.63928426963415,48.83675888592518,49.679013046988935,623.9921891078923,1892.6763031780242,12883.869943167243,582.25779165342,7256.262328533644,108.55670324293739,29.148564481061698,102.39457985516712,30.376398133649722,32.91091145293984,37.09832329333432,176.54077141515833,18.945660518590802,23.8984295912925,33.058984044721086,30.922408020761956,30.848509172243144,32.55132919480535,47.14632596457158,39.69828741720642,170.50317888794999,2900.5639406273917,744.0605248493323,72.08863205224398,20.913452750978,34.64905219828229,19.093778106312403,12.833239564928505,80.40832009319855,111.82333681094805,671.5854127820926,366.3859595543171,10.144066184845565,66.65604742530705,11.652222214252374,255.88664296541967,35.97780496895868,55.808382974500454,1.5041108895480906,1.7118266103361839,1.4050958607788326,0.7265278632823567,495.2443927171032,20514.85507556999,136.53619064519188,10.737788568234889,661.8737702342216,449.16152737353093,0.3993756313562002,97.70855257962226,375.26853160195975,445.4902869560854,259.1551031375003,172.59330109326723,42.0359441753595,0,1.1655973288029675,2.5236815159195976,4.5840807103754715,6.19334205499082,3.1319310004273446,60.7172235108511,15.088845551055245,7.531522011104611,5.491889306723356,5.300679161345357,9.204297014196934,5.687886620841439,92.94597701215669,7.5637596565327145,7.861757138840129,8.20831031286141,7.968260311061833,3.9064153000332613,3.8620216721368035,3.18208904053501,36.76146435458028,52.481495364528676,99.9706100172907,227.5939359890513,1550.389891626651,24.01795838645619,141.4143282499091,24.17263950463393,125.28907040488447,298.28402514954513,484.2751663666844,248.59899893986267,267.33157660721673,178.4075345428401,225.00581110416547,133.11217321384143,43.42396664547638,128.88360807995582,848.8138283159564,47.433665293748646,820.4437372287937,458.33046004835956,723.5104924884918,31.487784166261658,1113.3114511797976,144.1136163849181,512.2502426624759,3135.3633743062333,1076.1818042010832,1540.6552663622904,7833.555075295516,6247.030514655046,2323.461937364217,981.4359818066388,902.595142241102,320.39155984331853,210.50599314850496,410.1497596847553,15123.701847005535,31855.451525187753,894.3509964236117,2049.762800193558,29946.572910980572,534.7164411498165,162.01232719449033,98.43087662836473,268.89699068001534,41.12523206480868,34.96071652129477,99.44092524374629,1974.8084282122502,352.3447847860036,1313.328817683872,32.351450020333075,23.11495929472136,18.212014251316777,172.06998919841254,235.90485973469197,237.69027160420848,350.84575437032026,619.9653586609385,364.4984715959638,2918.555629115467,584.4339441625691,537.2836449517091,114.97097440419104,527.3969325194953,140.17836784725029,1347.211633509981,1940.0857322340803,1229.4202716270643,527.3292479763743,2782.70270719919,1388.7043139879274,1908.9889113095635,4885.362264192126,3214.3692295603923,10645.481298367025,7076.707494383224,1324.1540349307625,1261.7886511174943,881.9093028279642,1827.4795225890462,1172.2435782992327,3297.6419139746877,509.87727318330616,3048.7940209976314,2556.2233013753407,2278.859901514928,6391.538951885126,2217.6434486099615,6072.3729140724945,3500.6351931174495,702.7857764200666,1825.1462397724788,852.3844223560907,1548.5294556814538,3601.8460723431185,2601.7332805478227,3827.4709442381095,1881.9716899312893,530.3837180279824,1079.1375850498262,1975.9212036133065,2497.406612263492,4334.016589213599,55.30479447226382,342.408429342594,369.57002886347976,522.5241050961221,110.8272983922094,419.35803998857614,89.26953620946755,326.3794659756128,3522.74873433036,956.1561150869027,1329.7957381964902,648.4865684396069,1935.5522292443422,813.9340688884431,1904.0887000388486,1745.6204095184733,3380.60335066615,1449.0579225646986,3194.176096450342,640.7330198085455,1894.0649729182987,1860.1043054234992,24950.172460064317,1973.6931579692398,133.74043979265718,589.7937236648104,51.92050646341807,161.96176597787723,2100.5822581355624,119.31404269378929,48.37699197868136,99.56752575141353,56.93355176960984,850.3447423958348,303.83522284271453,37.08400115680806,523.2376524428745,363.5770879448485,1712.573976099293,279.5399444915559,207.22337184080084,515.1374746894847,1273.8675860782175,376.7591057700288,37.86490724168571,544.1777262647927,305.1301562415791,842.9818576190753,611.22915582689,217.38573986227183,1576.6503073141062,2532.688576445993,578.4594909442866,1922.3224260781374,632.4623382265431,2766.2136414100037,6128.207604899657,1439.9676200349586,656.6390847407666,237.1876554170931,1100.4054660322226,6086.862307134454,11296.372724552712,8887.290789486031,1183.2667303800333,757.5550818978569,486.2919918701312,389.91995511629017,1907.3266218141769,226.2920023208448,1753.2696916821485,1669.9840822812348,1116.0471781889066,365.8699691552941,152.57728207526569,551.4131467988268,40.70784842804328,99.9398594330122,539.8448148522285,45.59668845532763,137.57283891635163,35.8188939116902,271.32233497025794,255.93618915289912,193.40874064532773,302.48695629850863,102.72045318125181,73.68712075870789,301.62085391365815,2162.9154866966387,561.412351084716,128.39479699227417,928.3269459792555,641.559898011224,2002.348830310604,808.4405789118267,1417.551712521413,2002.9538017557895,2570.471493446241,315.76202650921175,69.00120667458911,153.6919002430319,791.5723736064749,205.0944530533725,63.87573309202906,166.6005278485314,42.85890119607921,37.74298376978111,32.0617267832087,120.82818853585572,3.1916136195587526,0.41178006618768376,0,72.54253840810055,0,182.7677312903141,303.8973396270372,48.393817659056864,183.21125138858721,0,21.741421418992438,0,0,0,178.22903382487567,234.39943605472294,0,13.70080029840199,0,218.615336144728,0,173.16612330203702,0,577.8036784760441,23.86083446418913,226.16976107106845,136.09960131373035,36.202068051591226,32.39592910536079,8.402626876176527,34.676629453718526,55.712206826958116,13.170023245909471,61.816049087033,68.85552575141578,8.400244814637476,771.1993793301064,7.296739881286793,2.4912152869004087,24.4054535173043,14.710439604289174,3.9674863226770487,15.662913917876168,11.294009352884714,260.8493012695984,6.76620940424517,7.970184860531633,12.117987548509324,25.170993786773902,63.15167032416397,6.959921068357857,13.963064858205598,9.908005543585942,39.99625410410704,16.807718980316153,57.953081799812665,565.0737858088655,15.182052166860014,46.421213011259844,48.80156985544256,104.47400288406858,1192.6145651408563,78.1105785770237,12.649223808620041,5.3106124080866595,32.0651304892985,5.670984048934389,1.600596565210203,31.55699312772077,40.16796244035931,32.5245331501304,19.551957819270612,31.823179814495738,0.9836180227107365,2.4605442732760197,0.7717106140375324,2.792162540424209,1.2035280978075809,3.312711883048967,3.2499822995554504,4.4100119924337475,1.9485062188269542,4.936178070653965,29.3238768523302,49.240680520163515,9.530276509810902,4.86641159704129,1005.6215572022751,26.371364149522385,6.483096389290612,2180.5815044795518,4.266163290091179,0,51.074577474490894,8.73623081533229,6.57978515399249,4.807638082846338,4.147950282336106,12.548327112315523,24.30266154321102,13.701630349639755,2.122867001207281,14.036996936727627,8.274582272432653,14.206826874278505,3.6281953730018888,0,94.22004926712299,144.6109292688977,1083.6536264577082,7.206395856592292,1079.9232761386393,5752.950481280112,39.67040884140214,19913.87166835235,65.14608294664983,6431.778856932623,1082.5990697659538,2360.1988451208526,329.7054068838895,717.0065727313271,957.5744298931022,478.1481571247022,1393.4306017933902,2045.2106790416651,87.79632793359065,2289.5514406840457,3335.467399759764,916.6485090057381,496.14769330165274,220.33223977241298,1062.1957126691718,954.6674681830233,3830.679994821498,1045.2209986514108,564.6881181049447,718.4926646795531,311.9501488226071,267.43525550918906,6586.043599734656,489.58927035945015,760.6199726826313,70.83898283704387,77.80679303873528,128.95295724996353,67.54748194965966,82.39826890557012,2359.1636126181074,5497.471642848859,8122.177349666914,4407.759119041194,84.56167810775182,499.02625816600386,885.1176872195459,377.7349429793824,2430.798823834458,2083.852827079065,621.5695394043016,773.5407542651153,1669.3592407318074,656.408573472395,411.7992178261536,352.72642464096214,557.3001820068513,326.76027966265093,4.600803479443029,1.2377688042652313,30.32594472294104,119.1645756576455,28.963687169380766,142.09438258389733,3.986796283391195,10.877097443080988,2.3743276638115733,1.461226892300388,1.5117347939564167,0.31702940009662806,0.41396786146268927,0.5762453835468251,6.275199536410611,11.344314185907983,6.692016052692698,1.2162858499996665,4.517301333328095,2.581819422221832,485.36749728244007,8.176462442217192,17.48107588884593,2.866134219340382,4.614936431527282,37.92824873243973,123.73964563384314,304.9710814711327,302.82906858870103,12.296405153602606,26.057019909303918,14.515443741525296,67.56684768743631,3.393444088494565,116.34145359826722,35.42948688425793,0.1707200573845926,1.0651752526290847,0.3922379781940489,0.992111720001855,2.0909403028213394,17.29405905838309,33.107551511549225,4.499186060806393,2.2499791382004926,2.400097226686374,0,254.01894719089273,756.0601160334097,3653.4507977535322,53.81753219758309,0,429.34044430687817,235.32083345994567,6.438516851268606,1088.3450903385706,40.597995073773326,27.277328961772014,3.883265542374673,2794.392245414372,312.10587735523205,282.5205009236921,1419.059697291147,35.73731280583795,798.2804083916421,4072.0098830726474,37.02344232042717,1033.554757620751,107.87657942277623,1058.7929588588343,31.70783403964986,1.4252796592923975,3.6132060930551115,8.683756338247933,0,8.903223186151985,1.0649866160797046,15.099538295816942,14.032063695967326,1.8212617570167733,9.379387740779531,5.884059434815134,35.08313167090459,7.371763895404204,17.47512016371262,6.589561453682622,10.236556698888469,19.43460566615015,42.83667539715375,36.651342391469996,7.41411332943654,37.685440456570646,37.312878599565835,37.45378628087931,24.84283128760652,11.483839099595574,35.630725153138975,34.42440703198798,56.330299634773056,2.0086988239730816,3.37719286810622,2.048825447562931,27.293161718175835,38.810557986635345,19.928300231678616,33.34308303621335,8.223465752356374,9.894468499517458,9.63322142233634,12.23126157659461,7.769167785213455,4.695020725888873,9.558760269315039,9.17814889583924,9.612016150823326,7.879335038596267,9.334464258125857,9.26104221527159,9.904905432762476,8.459194481144227,7.337907023057643,0,9.583282376476705,9.229927626191158,9.895407955023432,10.68502242815548,10.376625851989695,4.622253642737316,3.855284809723569,15.26012693721675,8.414488076128805,16.32583834694025,6.1822893028997274,12.219385647530794,8.686538829068624,10.713056704283108,8.782817549507685,13.02912434874163,11.589929945338817,15.096107820180285,13.984597500765041,22.98632749087623,10.803557771790068,14.896147845671697,0,11.34161604304407,16.58251851454353,16.295895346034833,12.695703118319832,15.62771799844792,25.42887688900805,15.425710827843243,10.564067679054663,15.018224623279085,17.12072528375593,12.209149276608619,5.052136811490502,14.814037136990505,7.924332219129732,3.1338268186858023,7.12375781727706,196.5995352847335,14.640063946841018,18.785245196270587,23.444303791580527,16.409028762387134,24.121889835825648,18.962799535126635,8.271838312611516,13.754902773393544,10.706406675857865,2.5055137770810267,6.178018715202682,3.0023048531603322,2.2128721792347616,5.511796173472258,3.175893593801475,1.8076560533657489,0.543023965202569,1.5471490320874575,2.219632296312016,0.17414069042574773,9.301525809395937,9.921156070004393,2.524020625454681,358.20282740531087,22.42116078266705,3.494485933507803,7.222890705479461,38.822546585972496,1.0449864461236509,3.4510430357970066,0.1731497861798527,0.08518767585105134,0.17439330053310464,0.38616131138064047,0.3715198598300227,0.38766951945260697,0.3764108120831821,4.189199978174969,0.5594097964137781,0.6908534501432012,4.671555525647876,1.321637880545312,0.5345597374456973,13.337863578057084,0.39230836172373384,0.1361505360821087,1.5040095714562975,0.5406683092993826,0.29165003038883985,0.02766866306332617,0.03999525184340691,0.19393034612410906,0,3.6292202395999964,0.34317573917694566,4.997445830363069,0.4799815588602203,0.12146404581650834,0.21470634776548284,0.8913741886048766,0.004381687362742205,0.11655500250207584,0.43014407796063525,0.2485384292593392,0.32827874016186864,51.504850909946384,0,0,0.2984666822551894,0.1833516373052633,0.22428650614761722,0.03351308682385983,0.12338158094200506,2.6455540787312675,0,3.969532734993144,3.188615336822076,5.630572541215253,0,1.1291034070222195,2.7913064008616906,3.4585820891828902,5.191776336611359,2.4439681283216466,2.541680583131081,8.360883091644867,4.932009363656964,1.4176293370221762,7.919240886555123,14.190134814613902,14.120016804387912,0,4.760033629457366,0.8218009846420913,1.1184063386267606,89.9142257271631,3.6520756016019678,109.90969187120247,1.0397714944862095,0.008253411458723763,1.2831540968088986,2.9422300295328236,0,4.084885843075329,0.0723041850134709,0.028051663481371062,0,0,0,0.15577559296584131,0,2.549203230280368,5.002972378343458,40.031115167183614,6.418287413663708,4.734366716413017,4.80218282461081,30.92039824122455,66.40334659482832,178.3897587069249,241.7661127732651,26.790424440276755,24.032466108587407,30.51212377945076,34.11188219702293,22.440064521921954,40.87583975804766,335.5401432497561,672.9108669012564,7477.4059474646165,970.8068669310439,68.8098716327516,30.4946667217368,76.33603064345255,72.67904559415865,14.021290294536433,16.01736625055243,84.26975568735514,22.039036171152283,16.530747376886815,4.7759983724956605,4.56663538199727,6.776659108408305,7.264621145483675,7.056693499351414,87.12734592723831,4.950160138427149,2.350964389125016,2.2349163067825497,1.7396602086688029,9.678624719031435,7.835294410621432,18.205082490346182,7.834222757178212,38.57117663083456,161.4755833367533,28.709719160489172,371.0857211113,85.59002932429254,0,0,5.7842229637334475,8.015768660262163,3.113158382721552,54.91582216468689,31.356664932511038,163.43967278022302,3.0783550278073766,3.7799473834623782,3.411785815940257,5.445766193302377,2.56290526748775,4.8764311659628055,20.690534446466312,124.56984853743953,28.4845383003552,7.899287882593403,4.5025207962300025,1.0249047910699214,0.8290585563660209,1.7617554448479844,1.6509253474567138,1.351297703732153,1.0168909545567275,0.1929577703906666,1.0043132472191492,11.830067543429843,18.85495219535443,56.28401713503896,340.3824295542569,11.57444380053504,2.802828346070511,28.748960668499592,57.1278362543347,32.49815370973985,43.68089702813258,56.73967132157675,22.14763153226622,35.023078914466666,110.63957421099761,738.4241513264275,376.0607790240901,59.058135447483636,93.25923519116589,39.83232833639309,97.0299096567098,173.29127436556342,165.28828338493742,20.47988008679905,259.79424280518646,2426.0420362410046,1129.8587790158115,273.00581441898794,43.71004604075157,148.2541219796238,97.66943368532584,13.236754323667787,9.954680972595785,6.4649249703517855,65.46103802072717,325.4240653150198,437.65342370351874,961.9940970178737,2843.0528642276845,2357.4700714552287,1366.0176812544198,1677.2321830675944,2292.462490526309,4600.360673380942,9579.095600416798,5497.465000196794,3999.7423455937615,1394.3427051883602,505.06727692815207,120.5951844055525,149.14509445474687,295.1181104305844,196.16829707954912,301.18804377948635,349.2888668946111,242.36403035833752,439.3085678531614,405.09454045294507,180.30097498582518,41.5954282629317,85.62414076472301,39.14111410968193,4.65647639548799,8.389134063562954,8.99094551438112,200.0566118382814,1319.5563248481062,173.38520800554255,146.18569869655101,159.96343556299328,83.66209348426412,172.85715371234053,780.6213247797839,2138.4345180981395,1798.5922920728408,1594.6769508177185,919.0768396690015,278.4044356362475,94.19795738240083,44.159330821367405,17.953359752902,136.96793014192556,73.26460971154292,169.0366501012017,138.24313582613792,170.34565364460394,67.85596259627151,113.42949642248487,27.253081350923562,26.003788080038788,17.02279346853832,71.01714483376074,86.96501411816831,245.91355882598475,309.85247137365707,275.09492313334675,228.87801232378814,340.6540968005456,208.33891639204867,533.699982558266,308.6065810113716,163.96694937808405,362.6034370104852,95.65683212704029,90.45209513623927,86.9213243993166,58.14705554086331,225.90624625553656,280.5647324915285,241.23137598224315,253.67607713003503,203.0138389145904,272.9712331516879,52.29694240547218,342.26336495590783,50.523902012918946,84.28236401246193,213.75443580282843,148.08648736279793,174.11201973477205,267.2819619310113,178.73560000703617,402.9839104702384,291.68693334426405,913.000242017958,889.9131534771569,402.37927550338094,636.341458172938,68.72060424461975,32.615766039041254,280.9990574171668,49.448674606508334,59.41503179556015,77.47632604260588,461.0209503505228,379.4223421759584,30.31672149048805,17.649773544863116,130.26868299795206,854.4021947758167,186.581831770011,251.3687107515055,356.3399014998126,199.71792419661463,118.78021419906523,208.5637136554618,167.3840255706444,252.61222567953897,144.55445585892213,712.2135809515795,168.54864760267958,153.19329585364207,338.710719288134,426.4981621192537,189.4061491835479,122.68720975111866,82.17510328132809,139.63146874722986,123.32792901509038,159.40652102683046,45.982694708139995,35.53658928891817,22.98439907262459,32.404564932015155,87.41477345009201,414.3932297109072,397.07248323608235,494.3351263901076,345.57979864517023,386.9104701381475,393.50262855862286,326.03708418196254,573.4047241704251,484.43041425951947,100.09050942888854,31.923759646642278,930.9508176032324,451.00674848164414,747.703440485278,362.896101224087,2.4658959344341858,109.60951689146154,201.51304737285943,29.22089567626242,0,36.979614162373814,33.44392811893646,35.96706545177001,13.142479342986329,0,15.092511549221573,14.884877390736758,11.133987675102372,0,23.999165173350814,710.9631997105676,16.210731063242466,19.555242670534803,32.45303528864041,10.353415628635025,33.89774656268216,69.92874840402207,37.968682700630396,44.284811273735535,56.1628250203836,26.320296323768908,1.3226727442974036,0,14.531511396919349,14.349733047873693,12.561849626447676,11.941834180631751,16.704849788577516,47.36674342328941,47.04277633459189,3.7335353564931304,1.343722670872842,3.9607798919395694,2.586023399380099,0,1.3073274403043937,1.2122843757565502,1.3843023574903879,52.284047791573364,5.3499768753106185,5.993292404052657,82.18715747598245,119.12433402204975,411.42056637609153,127.1240672620682,132.97464021237883,23.474966796278604,40.21063008616745,78.469305881058375,9.646329679295752,15.637026986866298,10.39831147479981,12.48117448729806,18.514848296259462,18.010026489724638,28.331474937699674,207.55023671097567,111.49895166536122,18.88842667283726,50.346268096999204,115.75868730621006,58.093471630297735,325.36926270870384,106.13481995544457,64.57005136890633,79.14961221908138,207.83192216127188,292.6128687754332,181.33674091544177,267.4534548164806,91.97551853517959,14.317378305312738,21.876418871243963,94.99296828181917,367.0253319633854,212.6959093630606,22.705208509209886,69.95919385843727,483.61966124203275,76.88156373427762,96.24548931255788,1288.88799865711,2724.9149194145484,3052.494187593321,558.5266917652714,193.84337783243944,94.70056050058639,71.88259147116263,218.922285716113,34.72034696535239,528.7009764832638,435.32339978144114,868.5244430946448,1578.5192095511777,637.7371730376482,444.0853749896057,114.72413789953568,58.9632897173278,70.74862920322789,510.40288477378533,283.3721032193794,142.92832062612067,457.50844983956443,548.1196630987557,1030.5936128625278,526.9301973868278,4661.488627013356,317.3089291924139,116.98067708646268,55.470248763635915,85.72677955143692,65.07899723100624,2373.9461276755414,1006.058948986211,274.69156456623915,633.2033152044071,546.3019665598162,349.6686324885459,307.85671266730293,174.41682311522524,83.8567592340269,108.54824599762708,19.97637647747694,6.208292479557642,27.72477887483989,6.046867460500201,46.17233115577529,164.144246559787,73.1709135946126,11.721772860361662,16.57955590719349,6.372669025529289,20.044709532143404,262.54405008115066,9.335349253944724,874.1566947119163,4.159648052249517,5.504875872238364,12.00012599721589,8.054965516057228,1.8463620907867753,3.6623584687419326,24.631996580279132,26.9794776315747,23.932525229546243,11.366479703883165,0,2.877893325269583,0.7682458740815469,8.974744270424221,29.255232417673618,30.208603142415786,7.863064342008754,28.067799513155236,156.40173295084335,233.4264486133724,227.83216270553658,2471.7612182554203,255.19502078267328,161.1849132003707,200.23088128481473,31.104099376180475,8.073177401076736,1.3304050393431972,46.831309137258494,582.9562205352302,1062.0488607397565,1198.893599288178,162.60458395684142,109.71097537622522,291.55519077524053,64.15530335870264,284.6751804005454,503.891675022934,935.8615926653093,941.2648583110093,141.13964006163835,7.0957620048798695,0,23.374411750522043,15.811735714794736,140.80647626063273,81.06528035397093,8.044040006636205,2.26877458898753,22.12674366165546,30.246260138348255,0,0,127.88129492903205,105.63312012593653,95.03902624210286,7.867443010280768,2766.3661803343925,3252.81675872307,725.0404616294749,0,397.11923393143195,10.66111434832446,8.417687771297414,15.380386313745621,149.46876835741472,15.554116310166958,15.160959625456185,1201.7784100452152,920.5960005177099,815.9716158442533,8.950860701001309,9.790617906079126,424.4554504936261,136.48528967219735,57.82079004298709,82.82729314982743,915.8344798511703,182.14211167164402,59.56951433316286,298.8268988128449,158.58839565650987,177.8577104687866,14.704778284114894,15.89271421400719,202.12298704636075,28.774386707045934,333.99324046854747,6.152962156721716,2.1437735039703103,1956.1585859225568,1152.9390693788582,4082.9077687703725,5162.857240293693,2415.6693599536284,330.362051168429,140.32860950414815,124.96110528134855,241.15484446825968,215.01703645776897,100.70846473548791,304.3472928485939,352.40219910043805,2219.0450902595,3841.7702890363585,933.7047522558507,450.9224327398808,1157.2515337614634,122.67889972224404,67.54522427714716,251.88173314907195,5190.090135337191,1517.4352555485477,203.9558982564387,292.7403044818665,767.9349463924285,875.2131927822196,0.9960741198054828,0.10612579838235092,0.21842589121067738,1.330538346139609,5.405062411153786,303.8529214560273,18.234976398535107,46.39062831220465,54.45932899656041,45.773596480871625,59.00464677622961,168.82320245319303,1183.0098778078661,202.69373356555897,174.92323608900202,814.1095943204705,1187.291608753542,4052.251112494734,2605.4973655273375,514.510718444682,366.04836692848266,265.28311145195335,26.133754146212617,414.60245983859863,17.46779204210731,16.57346813664711,2283.466194577259,8761.003875009945,605.7454121015065,37.38118494034687,501.11839572429847,7191.67700148771,6419.265297948106,174.1843078350929,0,0,2.1446657398687647,2484.3574235649817,10.721624981611855,5.647338823712687,9.777185955307846,279.1263332230474,108.24856583282805,9.545136083718825,503.27941960272295,4.815380495641658,38.11254414814792,44.04361936828365,119.71323081659357,0,200.17939060689918,52.14420846694803,280.1834013016323,33.45722389870419,0,13.850618841287371,0,0.04029931208896972,217.7351972315592,336.1631639621372,89.8424802164577,177.44603709039322,6.210101363922259,167.09912250766942,21.99749069523499,968.8703652688265,706.4171580715719,483.56630956466137,286.1640823713235,269.8693125735866,115.70042288589227,41.835110026740594,2.2781483179117807,153.83406076895415,295.6392575861567,517.6247684372664,314.6710569912556,114.97255625494967,16.382411610683462,154.32802682820713,173.13114454175442,315.78812772764326,247.24844337326596,2.3677617322146522,2809.478793989635,3844.085444527681,12426.859594357471,13684.799383236441,10659.509444056346,0.9692424544505958,1.028026507450878,2.643256774470524,415.752518370848,26.43683153392495,807.9124554439379,301.06848021823447,626.9608010342349,2574.564254576423,217.34418985910915,20.646607200550076,3.1743236008382474,529.5507204151627,61.09782388214442,26.346344060839368,13.030329574458728,2.6563103810269184,3.1167131467975113,2.979870558824531,3.1381533823291434,4.861711602872171,2.412878346070999,4.37098452820937,4.353003138926673,8.423184892947699,4.3658535244197525,108.21697512337887,25.61489613164323,12.011680058239898,14.07444271686179,79.98272290121506,525.4193135253289,18.229543046027242,12.04515569995343,11.29158480620228,30.319069800827833,599.3759843066324,18.90380135860442,86.65408065627493,64.36559306358232,125.23292644790287,20.03143722684009,22.809793848330166,25.499576102283825,8.62868935827292,12.908619415378562,48.23001838629463,13.322348560941762,674.8504870956949,12.993520652102898,128.09759573225165,10.629018410267687,16.822026335633673,829.579812210414,8.121364704832118,40.22127306356798,80.54485507778982,3.7947416552714452,36.591814820750386,10.325927239819237,59.27453713047658,25.289148366302303,1435.7124550582103,203.2677851959343,5033.123674495599,5107.118225439029,3356.8965256541965,1174.6719539768812,2195.9124827714054,5.514047824844985,3.2006417178981788,2.34490292022021,7.280194256619594,468.5913598561917,506.6688780483058,24.733939476890598,16.949876315396175,1.4691205256122957,6.848310350089749,157.6553368855702,462.55993969873697,76.43882152212662,51.22879421612,5.113258667952851,8.678577907323318,73.44213451282825,86.22974104635962,714.5026862170287,25.314295869616526,113.48126697294074,105.43504544088383,30.340681050004925,120.77318508876539,4.83866505016117,4.213975257224766,7.203912620820578,1.5930456781917712,155.09973959902237,8.250638954065828,420.62281016528294,151.71849963996527,277.49758062377106,146.58872384373382,582.6984074927243,2459.6366396587787,1619.4276391113656,975.0176772955858,341.6694287181177,155.38051557116054,529.1062719219248,206.519753093092,428.55143301375495,1197.6223572636084,866.7644742754737,2642.4306526759233,1595.9388563480097,472.43120810894084,351.5170080291644,359.4826182311538,223.61742338385204,29.43552167515736,201.38402233216158,108.33483120191316,55.40843842217591,395.8765200649948,2570.9968067774776,995.8733392590608,127.5451926901634,1765.1599002230046,883.900189964135,201.1314652558167,22.72747545998348,464.87536683461633,939.2390089476232,1908.446456794453,316.76810537065876,179.81994083420204,247.79504798225028,242.81771790436235,751.5832940890804,278.46446383202635,24.69902424740752,145.94511935598038,403.97339008443817,1035.7357971214378,941.0521374421749,1014.4375579166701,2148.1609113740515,2690.4299804673933,4487.334889520257,2823.8127619425345,1037.8884564913433,884.8869548329069,6953.061470764471,2776.06672813031,679.2649471909565,34.31612853574862,42.56323675422747,62.23670872539035,566.6384784318288,66.14823790456597,395.44059540242995,672.3690902263113,38.34219325029031,292.71849751942625,82.57306147153513,407.8651318292478,1225.665447975605,1206.9648766688463,52.06279708473228,12.523618570530001,8.877567779887052,40.28313966098602,51.78737237348904,58.73843229977171,67.26335416019025,72.78335032004871,480.0889067317729,2460.393489499565,1607.7495597373693,560.9454028139016,285.0074536557101,40.441914525123074,393.05118049309897,0,0,1172.2019094635211,0,450.009062696222,0,529.0171403086914,423.4097121424116,1670.4167291951949,441.9863256657122,0,305.43816689239543,246.81000624855452,1291.0874743660183,713.4148712280582,750.1823300708002,1219.269150342766,283.46204822513835,4702.488963512313,1340.362165435202,316.8911250347604,887.9919351349872,845.8732990564506,967.7713598853542,598.8778840299279,2891.901784944773,941.2350224003721,1439.0318094669371,0,1621.590335582264,1522.308472908963,484.94908838525924,714.3249429866228,505.48437833790217,661.6392604025465,691.5564482247097,0,759.6353599701531,604.9821616297932,0,440.9871161871116,3843.3772269069063,791.6054013013082,1238.7454738898475,286.8994208574262,682.8278456177139,227.08571349625407,0,901.7602973154092,1941.2328892116295,1057.07706184162,1668.014646015817,0,1606.6163249668768,1487.7321481001818,599.1257779784303,14.56536753405792,1288.7475987805908,0,1246.3201031542596,1285.572888290891,665.7071020480753,572.1071529567581,580.9563411940492,1163.6982687774848,1346.3750248822657,736.9097181736844,774.9548639371405,0,585.8595358645225,615.5781972462555,1312.6182852768216,399.80027521707825,1008.0329136490371,790.7838093293633,536.1145741192798,849.9912301460803,905.0851686650593,0,605.0590804547049,0,1749.0908264316163,19.00868489361164,1511.3797132351579,1.5348763168921502,1090.1933672218952,25.670640207162677,1256.7256995767555,971.9951000748626,1253.9543523042523,916.9819288823818,278.76938120748525,1241.1490239419363,788.4395258347786,767.0279713587183,0,705.5302444930941,871.0823249241279,531.7353299465183,0,0,607.2980242213824,772.6924360770298,814.717614274653,476.7390717588532,1207.4255041482638,745.4949804240707,1055.4777858321504,713.0440674618441,644.3391023663872,747.5834396944178,637.1334461570282,610.216788531764,863.9286040158134,854.1903582419778,975.6130433057783,851.2595413053272,633.5073237992312,603.1928068142208,1423.7222832416953,1672.3470331809394,979.7220230303458,993.4274695566783,920.5972141806358,470.7841423155077,580.7621999545576,1016.5179960125146,1263.3929763004764,872.9633367765119,889.3057225721163,1298.0786069060714,888.4547070593519,889.32501616494994,1072.566574795213,574.8074143350443,1335.0470107357223,1318.5730872288912,0,1208.802166953123,1150.1943425893724,0,1124.5163643612523,1409.2717751214534,1779.0692570811686,2081.5085510204,1363.0294520356406,1708.8845053813466,1684.1773808918376,1558.3010797174572,1350.0786894264972,3157.675417058879,1462.507527347041,1336.4758910572007,1406.8186703116642,0,2110.2938012464983,2753.994289854208,0,28.403364624486713,0,667.9766079848475,1759.2318438935235,1154.7056545344324,1069.5773701976573,1130.8140005961204,1875.9574104240553,1100.4760639023123,727.9505996066008,623.0267158792533,597.388811794114,1505.5380574652258,889.2651160194279,1121.2929976508551,899.9142417499341,1059.9717846699489,1019.2495337594105,979.4413798079939,783.849822895127,1247.2170449729194,3747.0616023654056,6337.129828774477,1284.1835163998687,848.4323269378949,788.3624781376645,650.8368240266622,9796.614806019335,689.592824890577,1539.7642056608097,694.7160278896741,697.642435368215,732.497636762347,599.1187263605526,751.7976689831501,341.3342088385652,903.2313931575965,746.0824867986353,0,1507.0921811114363,732.5505585758577,716.5695858042745,0,361.0539178363725,0,578.0745496550767,549.6971126485995,826.9795260444663,648.7263000210448,649.2989332910558,895.2290798578335,610.7009805550573,894.3412246892323,968.1752688102245,750.095418930724,1037.4028756599616,883.3485210525802,765.8695084871921,0,591.0869775137629,0,1411.2245922442537,739.2464238320074,872.2959203941139,902.7513726828718,758.7949441118683,459.96942579150067,0,0,501.0306155709705,487.7929475309455,491.8580050499289,0,499.2846099538153,451.1289422973348,477.0888090563125,489.57290538046954,474.61028903742385,487.37503540986813,503.0415252329206,0,517.3086491423945,514.9868357717486,550.8627832218153,0,80.11337044467781,0,0,168.97293171433068,1240.3731090140373,0,1152.805061625686,596.5818128280418,213.42369874143577,540.006377354767,768.5887597890489,2325.2408228010654,928.0309536916108,6.227150678137675,540.726487253967,61.22557856827974,935.4472085568354,543.0453895997828,916.1308751838981,429.7374719507503,0,816.9208811246735,503.78288774772403,592.1693990232884,719.6623949859567,438.21031962571624,831.843674015095,467.44529620393047,780.9145465816221,649.0790074899688,843.7211445073573,611.3353799963597,611.3353799963597,607.1070445723406,475.04137602594307,656.3284566462803,496.74470508935883,510.11322423617145,462.37199225852896,656.3714396435862,433.8046487530996,551.199461124782,438.47280056181404,684.159339277994,618.8148651962373,521.7868369518552,515.377553246703,681.0360215939434,440.54751856677865,489.0443576387353,734.8318037645892,0,527.5461089582337,508.2672673714133,437.890610129835,547.8848325880533,652.329755195599,563.1480381330784,481.34505398857925,759.7639935912902,662.8453496193057,473.9142457203638,1122.486347860537,492.94041614561695,421.1121441516619,427.62229515668673,735.9909143920735,693.5994760348754,430.1088525285504,421.4679283765153,437.85790547875854,418.7082276507573,643.7672612050338,0,0,0,0,0,630.6583264332126,617.0067752166135,612.6212324250935,320.6030408595251,256.68239333095687,0,0,1009.3105137671462,868.6374027754288,626.471967350211,0,695.0174087775692,703.4203279119847,514.7848231144015,956.0195827100674,778.3538750315848,801.7777667571725,600.8445234379384,289.6462124400147,0,853.2667100110855,302.2529546747384,1886.882731525495,756.0124582350878,2215.220438558072,1154.0161951194054,1358.7611617387652,1237.494675921198,345.6029140442287,0,330.6202213093919,729.9183036277605,332.92136226170265,275.65804663226453,314.9754977277532,719.2789402786168,429.5383361181073,393.21393661727285,366.44372890950086,474.40298968345894,1400.5124507604785,423.925025035565,313.8480001804579,0,377.18232167688933,604.3216631919022,1456.0312413932138,882.8362719830616,2618.2578973614104,1454.570862075655,570.6946016287841,1777.7450115050567,395.5964077922692,466.8150603926163,2295.3479589595613,518.7327982091123,409.1223937162513,428.4584539812958,479.1779950984698,379.48798732093235,346.1271643406944,330.05292079769885,300.7700891396181,56.38141456990615,0,2026.5278140549751,2216.0378047654945,0,936.0508657083898,1961.912717076234,1675.462363168185,974.6069628301468,1831.7582644953227,1197.8584953493353,0,1.573271311338678,0,0,0,0,0,0,0,0,0,0,0,0,0,0,45.44519415241495,0,0,0,0,0,0,0,0,0,0,79.52813691727559,178.51413490255047,32.939979256580855,28.211833066926935,9.137390845672023,210.1257571110687,1188.4396112977095,1379.3453652108901,150.99648288989414,768.4233925411619,0,185.53260604573939,55.806187707826595,49.25359084956794,55.07099177272012,457.8658291286757,25.347229756798566,146.05400280926386,27.112128081724862,77.21850003867388,57.965173472828056,140.31792210162058,139.03584201975875,199.5794509422134,0,0,298.34552249941635,50.14813889143287,2515.9597341500335,149.08525506095359,207.569884165167,50.77266674125177,1100.5475759810204,50.52217631809206,50.74703990665252,99.487112233699,0,0,30.539869737612452,47.74750413490138,82.72935046590905,23.559469004487468,212.31184015251532,37.45830326788878,11.768250012131318,36.69545683816179,39.04804594868103,36.76179727526407,18.30620123829842,36.02826744417819,19.719692345069475,30.50979003608808,20.462230013347842,21.718802402636555,31.562960430922654,27.4452281438625,28.836234926278152,50.61225022340264,33.22652688786314,34.61275252196629,23.62648118438618,27.937851799388373,27.419731243956726,168.27586865818813,54.06218343005439,40.52160405222763,24.196874640332627,247.47066219605279,204.0115589832704,53.15888983830888,688.5120619149386,314.88738708928986,139.57762462593732,387.01684231154223,391.3640693238318,200.87269838651886,78.3778506477818,174.46251652336812,53.86548946250392,276.10615632531346,0,17.094663247109892,1.3566172588026366,0,0,0,0,0,15.71461153020012,1140.9721980838763,93.6616280112695,2.415137500966327,81.6761809209655,566.6147074271807,273.15689425218955,3296.2316422181466,3377.5773360492394,1375.7163137785096,53.03744875623708,0,0,0,0,0,0,0,0,0,10.920205322934539,0,0,0,0,3.5714160204430425,14.304620109406608,0,0,0,0,2.977512123500522,0,0,0,61.25172837327603,0.9929921434999477,60.58882984560675,41.57448587739206,43.63373567442168,0.8851767973056601,122.98014629590163,62.80867457838122,240.75283291629964,42.816322385628965,45.0982840012593,89.2600860234475,165.31801464991776,328.5230297706592,155.4494976683566,6.552272734985573,0,5.858887284197777,91.97666544034213,2.1451470101117747,0.4166990470779745,0.07132102103307507,72.92655484765149,41.3743727481409,0,45.04409955376921,545.6908622654684,115.05218731687883,18.8202047895962,13.102566376573266,5.885402157113277,31.12297235632278,8.591206807605525,27.63279307849286,8.002780965302144,0.5558223671136413,1.135262932075312,248.59906178674788,76.19424617881876,101.43574783434245,7.803480908854952,41.100895349531534,104.7606075716199,0.7571848593595991,55.42289745948854,22.768026702445464,64.87270848778255,1457.8282660691682,4651.831787778231,6418.510861332186,196.075543110087,130.06786904600295,10.603556980363544,179.6205621587779,105.15366952870252,886.1349727667414,210.1529173110486,69.30189315901832,2.1718277757822095,599.6837129917734,331.5240848117004,370.7515524650956,122.04134347388258,0.13692303694000887,2.8343735698673833,0.07919423435163551,60.74308457757673,0.06634694608618588,0,63.625538892393394,63.80092992823455,16.07654103779686,0,0,0,0,0,0,0,0,0,0,0,0,0,2.720562194158805,2.881388903212848,0,169.05827067638103,3.5016828317917774,3.4017119634296167,3.4312546554971672,3.350839964278563,0,56.514141350321474,56.79944845476773,56.358080446725374,56.42269652424622,56.74216357549939,52.85647169019066,0,0,0,0,0,0,65.67064933529018,56.630339558129215,0,152.956433009918,66.68008970884127,0,51.57141537075343,56.10239990908555,61.73043646218744,2.026358873114029,3.504198896077727,2.666514087506691,58.81621750758504,84.45526830910842,21.563129503101514,67.02198664899323,44.97789484547979,57.66595939507303,63.44533345913871,70.64787974310504,70.05515203345584,47.63141976235561,66.82044254746168,66.82044254746168,3.566289644532303,3.566289644532303,58.759269099404214,54.95949409267101,54.706805578503236,56.823880302541156,12.563017676320941,40.23431350604874,3.7898271992182497,0.915201707572781,39.868016048235646,31.63947919646703,0,0,28.360859935914327,0,44.823784952217835,0,78.50455279703905,0,44.79622665530972,393.1663106394186,56.42652968291433,78.7501776906324,38.039400177444335,83.9491710252519,40.96210274597942,93.6237900500679,56.57320142298149,5.061771778744718,55.999195294509704,6.875220469216128,51.485835386659126,57.481109415083125,39.52911221992718,35.02495666593434,42.439738062943576,53.09693166897815,33.35513938916439,49.54547811154409,91.88848008424586,72.26580765785214,0,27.408131380206083,50.25610979872139,31.868747365023342,60.199650207593066,53.22464334875098,66.50228084047426,0,88.39603335855017,57.62461683444631,50.37209810027709,64.1936678728479,106.07426998090737,55.73980677298923,151.3997808622234,60.239509536310884,68.83970293586285,2.6951009991970003,583.9135157676179,146.95843649121835,94.35437202273546,135.52130584828978,60.54176652134785,258.43322566526524,161.97617366359927,530.8096224084261,511.85100588915924,415.28322414652143,93.52247282700577,7.083349248517003,162.46359133056885,251.49566554447958,473.0169800009929,1283.1684854614239,3473.4511307811213,580.6457990699091,3563.866866882864,58.334632876883155,3494.125918631462,453.1944751791087,471.9755274613719,116.5430565096499,104.08518977645828,309.7682890665864,46.394713829384436,18.27957035566717,8.419749162503416,379.92654390633936,113.18910491328919,0.20512777960602246,43.38852922345307,0,0,0,0,16.66649434872859,484.1441452495735,7783.113741741083,15152.274101545878,8693.361982258832,98.78995443716418,3.1200487496928946,232.15042836932236,123.75101035275267,1501.5648321692893,208.37533947464274,674.7767703493499,2144.4676224452496,108.11782854659734,412.88875469090664,204.3017586676167,84.7932719539624,29.67508081949307,1.6448956674986166,604.7615644272339,971.2285989663395,1419.2317690246273,577.9129988905665,2.102514187690297,32.35706443203259,20.583726531613593,510.0485061787529,25.416509092458323,24.391458280957327,561.8826843977906,4868.080888512401,375.5688122335777,35.64502819888337,104.97463188549206,42.004822578954084,445.90663916058935,350.4270388792452,35.0556328799274,2043.3616703399966,516.4248834229164,94.01841761891781,13.054299376542646,176.9077194982244,282.3873179964599,6.572299629036334,5.032828460104223,87.42183331969517,6.43949877995907,2.978982428515104,11.194017923595327,170.68397870445128,32.92832754495894,24.02197410246361,5.786822783485618,13.161617275840886,20.521252110619656,12.961950758509436,6.182536405776543,43.09692187285375,5.391892232171684,5.786835903773553,5.677109232363606,5.91408149647065,5.523974310045276,5.725831879227794,1.0810477240038046,2.1982033744356255,42.88984266309604,34.84006977243732,408.2851014094108,502.87199834902896,22.927668356547176,23.099999636725027,19.31641572704448,107.05379697148885,1407.4241889495577,12.682085241172059,653.414259143087,23.920097496981064,99.58913899444231,194.12315689098173,4.920336862234003,5.00520869821148,6.586525320525071,124.59236533287716,3.2177776573890022,11.840625775588277,18.323052419415983,32.21483329514928,22.605497585906775,49.07876972800743,17.068736589041926,24.985427015964042,18.03352933103138,624.3836466765124,7546.328426153424,340.98235204322503,1314.5845550165254,12902.063766857884,2486.9781092164603,68.35622531248265,26.644867427144487,17.11683581462217,60.20239398910503,85.91367833259929,234.40682146776763,185.80849686690178,999.5498131394559,1477.1175437928346,210.19089932085348,17.408143979849573,368.879353103048,321.56299693352463,54.856851404198046,82.02826894999711,5.660257954511347,3.4497427415226642,60.00942329178891,54.492514012608346,2.384127562825574,2.011617395591797,19.495734663969902,0,0,0,0,0,0,0,0,0.3121545641626716,0,61.087310666877315,81.38731983710291,0,1.0634116005916399,0,2.038518979192827,570.9446230930776,183.89794201322715,0.20807195273025691,104.39984015904862,531.9418310418204,271.42322288778075,902.4606391532346,507.2137610733383,376.56451336738706,316.54390617010665,441.27278028284184,597.6452743207357,514.7791212061949,602.6819515588712,95.62755578467625,868.9314746508219,1531.6822714999046,974.8386993769727,3338.56073036703,2487.7442805887595,1062.2399707825025,563.6565783022833,530.31569294266,850.8516691521484,376.07933434269336,998.8010923662653,891.8447937409638,251.8430248009109,158.3723314684743,0.7709503315619641,170.11076635341786,78.71256813427448,140.17756925535465,439.71559397263906,148.04415019561313,143.32339898255532,219.25439221477416,287.4359474114216,626.6178070083002,478.98677024719814,614.4800443288822,310.6100861548105,112.63006704817847,621.5334015409062,610.2045538749185,92.73803657867205,57.58660311973338,434.34965003757645,291.55030909085554,345.75358906198954,825.1843954271984,1099.9454823114131,1568.552687820064,1836.7885972613942,1307.8995355228437,852.420209371845,1048.4520878205285,1496.0626524325594,2554.3555615983746,2585.7158722779627,5702.447100076923,2309.072504591916,1039.8818853886737,617.7950093005816,512.1029632088582,888.9471301690737,530.3863674808946,227.62962984346524,154.4175101699174,625.4261505994446,254.62599868507257,283.1765392656272,150.98044722480367,465.403624668481,1879.8087223174193,316.56351685415524,212.62876784913732,220.59764459094185,306.7022996556935,223.11247919416047,897.4351690942195,151.8712636555187,95.72533946947986,145.2940586357065,422.3133627570839,244.2809155069461,334.9511893758396,53.43540167268875,240.4605080324987,679.7106809775743,115.36599949959195,161.88473148704017,306.5769286394517,486.44059625851935,350.80963846565174,463.57099864514623,303.6428255505076,325.07863406665797,494.5572444428851,452.8123522330063,26.62017673863668,411.0903258897611,60.12489531834725,597.0185753304838,9.307881699741559,1086.12285285076,1864.0571196182868,1381.0037080127652,3897.097069896695,2622.962234661222,1292.1354799272422,467.59129641057376,478.75427527457236,872.2152406218635,541.3471263101443,90.22583195568654,313.995052300389,1369.580402372056,931.2699492802565,573.0491014737858,1160.9223851217234,1623.188904323064,244.9627065471017,114.86311830648481,274.0385008211093,401.89658930123466,347.33503256234286,343.50777740450684,517.9426958968626,303.3651563387172,40.21731487569135,47.54469520119546,15.696037354845664,15.820639126758328,17.150062774207235,19.917763897796952,0,0,19.088376410432762,1.9562373336853924,0,0,70.65771945508962,581.696514463209,182.7987493251651,29.70572771503676,297.5742746217527,213.83764683437994,35.697073838312264,69.40546458239743,0.6664378442693449,22.391735032581874,2.391038624188811,93.16956308432505,5.466600618548888,406.3384427583505,1691.9291644994487,347.32434144729154,226.26646506992935,14.860867933318275,0.7030646444624902,0.46345968618871153,31.796031592197274,112.7863956413717,0,0,0,0,0,3.5108270367184065,178.32434738785955,104.71184208445848,948.6993489477074,1132.5602902418002,234.26215398845508,768.6628279492446,16.822082965546468,98.81538967507554,39.16227990627407,134.35844089635347,36.4139736350611,166.16606359071204,11.372008724437023,22.504979607545724,10.768486675457455,154.52710805788394,6.504284096322025,0.7603473613867412,1.7286420334033545,206.2311157989921,26.069228908938445,37.96263557620042,210.91537999041643,701.0787624977861,454.7713842182212,669.5520352282933,440.2726068818785,201.19102923322296,116.83133273124218,7.655845697295843,134.94106407179225,1150.4505973718958,2250.6160402376267,2857.1078495375327,2558.193049403468,1602.4405287774455,171.15774023382434,6.854768681641895,0.014712624133369484,1.41956661996912,88.23771495590886,432.2984024018672,14.40129759230988,150.89219143632738,9.386107301293755,4.085244058445504,15.764133291980848,61.07376273251321,8.298179760697769,0.010201264259724634,0.44626429170234266,194.76557968156155,14.630747239924151,176.57285794614637,232.34616715898255,3.390747391021547,166.32986794553094,0,24.710464804295167,0,0.9125714985097533,0,0,6.3599895701519635,0,4.98998183818276,107.58197918227837,52.09953725608254,115.5893722074784,74.59894760705426,118.14392668214349,0,71.8397351074717,102.33416596636373,0,99.74682281355132,0,0,53.616723483327355,97.29783587085626,100.44601074519059,0,0,0,10.5896498425116,27.016175186105656,34.76819958393197,178.74124053977008,17.968879179117756,0,38.7238393024927,6.441814241168662,15.969941961546603,422.52739983004426,590.8606531171149,580.6165117814683,537.182813202036,392.5166497246905,326.7599513348219,91.40042937339662,174.59408352159392,300.6767020505426,71.69316871292527,173.2280450941858,123.25395444675593,48.042503779282285,1.0232495811728453,11.520928546945225,0.027471832256159703,0.017709273272678665,4.784604501581276,0,0,0,0,0,0,0,0,0,0,0,0,0,0,0,0,0,0,0,0,0,0,0,0,0,0,0,0,0,0,0,0,0,0,0,0,0,0,0,0,0,0,0,0,11909.64363859349,51340.85178291676,29951.018349276343,52.217262999838226,1675.199069187165,82.81448585817228,48688.72091302539,42.20490254876659,398.27908980859223,41.761936403904976,50.385443262434464,67.60734367391903,86.81694642297535,97.90392998117659,56.21952665648454,555.3861760855217,7350.955004689619,1257.6812104022865,8849.724156614027,1059.4391791938208,2420.915619572928,1766.8962435094163,3737.130071664186,739.560384348508,236.02133275876585,103.3543597507975,80.80592373506062,1568.9293285121003,2318.608361079634,133.62556397968012,156.74496460195698,291.5658141118757,132.89949880416543,284.71412651036536,234.78382366475594,215.6184363839168,132.94577589653363,160.5067946449457,281.9802785341506,405.59209962067274,345.7708581858119,7828.969420031316,4188.77284308373,101.82840415937055,86.18349438654458,96.82712715558246,1484.564708034276,1469.1461334613666,162.53326801245453,237.97608553419772,202.7011892772547,0.6146129740908696,1.0378963571931374,0.015262266961588826,6.333318338211244,5.331756210235653,9.228148894347957,0,0,1.7415263034621447,9.462604568787054,233.36904954090332,93.70636806266573,43.8155372386827,182.8005279750104,372.07878734794855,396.6698219769514,59.1417049299969,68.90543357654506,16.394911232228335,347.83944332250934,129.927342912774,0.026045960563574874,0.09231847773696293,10.908535809772598,8.154664470575346,65.8948275848304,4.82659271323306,1.4194842360452777,90.25766326766056,11.433884820955114,1.3580344371492414,3.7899988296564873,187.36279596780295,55.42693802967692,155.6651902068525,406.9572756840107,555.6941298229208,918.5967660732107,851.0243728718519,478.55167029362406,425.4592681891084,1227.3755948587564,805.2368463986841,885.4632468874414,892.58822534743,495.64314925659727,526.2394989032222,902.2091200975283,278.92645756208873,1073.1941816153242,74.31407219867151,133.1388284672765,0.28889733510788246,128.70619295654961,31.794818884261634,8.920418981404165,397.1410025886697,88.54758728374527,88.26192194950104,295.07211029693326,424.2246177210945,740.9640307528805,786.5778230595196,67.4034143423905,1623.1204049910787,257.62195721490696,17.0293033058691,8.056772936898124,93.94554123984258,392.5852507100102,623.4288277121778,137.7928802754683,46.10424458254556,122.50411229593932,995.1105196601916,397.9008275226537,455.70259843711176,247.41445907370894,479.7848613626906,275.3225902173778,361.4088659885365,598.4731306601597,1441.8091190907933,673.2123270259071,1625.061509599548,1731.282553418102,2041.5968300871978,1268.408813554491,720.8446693273559,1453.8211936170226,818.9865807932919,634.5274769640416,630.579965047305,541.4203263136765,758.7404862516569,311.49357915188426,189.7195306803953,0,0,0,294.09627305277473,17.799857877120843,619.858636303792,186.73262610974663,131.75889900261924,463.4677532819902,79.43145084479603,135.34738235625767,766.6546291992655,1017.7424864145321,861.517748048294,868.7046879494585,810.1216073018678,494.6572717784089,90.68156905088375,91.34644510086895,257.0388161453973,0.03536558043212106,201.87435855243402,4.968258069141361,0.01456426463772639,0.9259782137724305,27.112616667958218,237.93748071893538,8.527669422968804,0,0.05247292475770022,0.09289478588309873,0,0,0,0,0,0,0.029579863944969646,0,0.007793671205510674,0,0,0,0,0,0,0,0,0,0,0,0,0,0,0,0,0,0,0,0,0,0.19786378560974613,0,0,0,0,0,0,0,0,0,0.10122365348064744,0,0.016134554334259366,74.03547609204116,0,0,66.25576320979725,0,38.962872720962785,0,2.9928616299504593,11.001107134749324,18.4062096106239,0.07350029357868026,0,0.22905763523549744,0,0,0.18857647183351015,0,5.074417480189931,0,0,0,62.00319371609586,0,0,328.0596809815282,0,0,0,0,0,0,0,0,0,0,0,0,0,0,0,0,0,0,0,0,0,0,0,0.2909687209349196,0,0,0,0,0,0,0,0,0,0,0,0,0,0,0,0,0,0,0,0,0,0,0,0,0,0,0,0,0,0,0,0,0,0,0,0,0,0,0,0,0,0,0,0,0,0,0,0,0,0.03530000870293437,0,0,0,0,0,0,0,0,0,0,0,1.047871770316361,64.07060894471992,2.0463657349535107,0,0,0,0,0,0,2.209667590117032,4.298304691030426,8.243140478435736,42.72359144368532,459.9896055051838,396.3424859080514,496.9280339377689,887.7134612599218,75.3318230699856,313.2643052426836,447.9553967981546,85.60980810048387,150.3001875360496,113.9098285625007,165.35454996463517,10.452611555005335,3.668197242941021,3.578048411884049,7.136902230266511,3.54176348447871,2.9722736385171014,2.9561161662151116,2.5014284887790135,3.0981729685678534,295.7315587275506,7427.280271785896,3646.5756388500977,4.209442394612502,1225.4413748783052,35564.30567550398,21625.854363117254,10492.05319386724,3.474349562964262,10.501553860079344,2.2354842833878736,10.286878164995489,3.912679653287274,8.937882550737223,8.392087860522702,7.3862669036798465,624.0743307230516,10.251275087399296,59.02448040796166,57.843402605039415,7.826516878238673,19.861987136299604,2.2781140301482807,1.1594441412987386,3.2169710905164917,185.4352451941207,26.671997113327436,355.6062390242235,23.69654960752729,153.1764920893359,49.126741379233096,8.822754408083078,1067.1120226451899,120.18666218585447,2720.482661024331,2096.5870111472027,609.1608753324389,64.70571085206124,0.189113347915863,0.1395156367185559,0.2240251377459104,0.0041756414799491385,1.688088546850764,38.37626163555141,2.4164904626319266,2.3229823800368448,2.649673033003887,1.3086242111240591,1.202395748867305,93.05178543115107,6.8740984779613035,5.381605807955933,1.0117362154509433,11.590739748347975,1.084007904770283,1.0552561886974752,3.1062310555302273,2.9578948386890382,53.49822650301219,2.2925016717056512,4.571855428589996,4.6464041756128704,106.60645651215899,36.91994606671029,75.32102687759323,0.02149211436186698,3.0658211267499915,2.3449935961582047,7.678603858744479,2.317671805777337,85.34121691133487,2.3408172613869627,2.323652234705687,2.22767222955367,2.355443785243963,3.8712351478630436,2.2676545269914903,5.727735006967034,5.3176366041147345,5.583637899033552,27.83767742124123,0.09172928288234225,1.0907381152356879,2.3115786250089627,1.1521978599813283,1.3846822137843673,1.8196568721234325,2.37632261253423,1179.5714788447024,3976.636104864147,2328.9705715277537,25.464668480815263,3197.102812596323,675.3148754442886,2.2929518652972884,2.3408251948224343,0,0,0,8.213425583858607,4.6504322127460815,4.167346636875346,4.631982135586946,4.341313891838695,2.907938559105288,2.6965232285881102,4.5339647152752836,2.3370067250405744,2.334462489106146,12.057932741734955,3.0379001639538186,5.4210680682121994,5.743948543400639,36.09061619905,4.266704335982146,4.6247955442886335,4.568707570696901,154.62672372742492,4.443258385213832,4.5187467718431105,5.907111389537985,5.888610263590887,4.509363620347933,5.220616931819585,5.5354262613969425,5.817090398286526,4.386233778022814,4.083543377752318,5.655490952861037,5.897858029438519,7.901452259913593,5.8407340313003155,8.132160486931214,39.36480097931306,8.323816361711966,5.744039527850649,51.82723782353271,0.15180599558891303,4.1193115662630815,4.033678697330025,2.7413388936053207,5.110175520950355,0,0,0,0,0,0.06207191685140274,253.47568595021937,175.65451834167942,644.4692447862458,11.027327780738705,7.394415641424529,121.30721919722137,103.568105301923,86.36044081592304,479.48405049910235,8964.929733344872,9542.071839581382,577.1737840461604,21.280919333595143,97.82419041399437,169.73162960967494,174.02093323426675,25.498783569041276,7.938719623742978,14.149633416838407,0,38.6086746350769,21.886762240127613,11.60036138842635,8.310591215660082,7.84597941726681,21.525332824812967,46.0479063716404,24.97536205679223,18.896044852582293,31.420873319055268,302.86013212391924,1996.0901773091048,803.8385076849758,53.88230050332809,56.71632622174175,60.878946450752956,32.68583901451778,1164.2868024253714,3067.1218601462706,92.80542034162612,38.732777693808245,837.356384767257,43.85052829920469,35.22094291718007,62.961482444699435,38.22284447755461,15.049458946441822,31.053996222071028,20.217732396943436,132.53073331862063,577.1142631476255,154.06385221922412,861.5781839627648,16.164788799669434,109.10976441264744,2280.884953500109,1200.9534810374114,1810.0510787036578,2562.824376860465,4957.238300740382,11119.271660055969,18.075724972263764,15.708795603677888,45428.437865288324,43854.26755300382,237.8217048077399,10847.355126428118,23.67342371628996,7.377050032979343,64.23039931029646,67.43620946303508,392.7472144453863,1297.8796331061328,516.2841485098519,181.135777408613,68.10769655203272,183.7083626908276,612.9844280589451,1856.2330998173836,46.596942382013786,642.5071267892145,43.961688105816094,47.12115216957361,37.99738720791652,39.40984282287633,30.61417146222776,10.291139706145021,22.66799193138639,286.7467455261534,44.53418808816456,32.45375094578441,24.649068415916837,33.779592969190105,68.6799922088491,43.35270587161563,27.0647320667298,195.96933171658304,42.15097441592034,304.32607789259947,63.795377222781845,36.43606264837175,58.22498243191375,369.32896180813015,73.83367495099321,107.46459095713367,391.43619488517095,25.029870084834744,126.63933884066086,52.736160307089875,704.0279388621327,428.8958977757225,63.70032162127169,45.05619344641784,75.43385686816933,227.10041039216432,245.18973184038978,161.45294863653447,53.26608677801902,50.52305264681435,59.79876457253414,53.103811490311045,63.35901286060656,57.87252461225851,67.61677905560438,56.4768883077975,273.40824893134766,149.09763496455597,152.38725835811348,329.60666200702497,174.16930028144876,6.267541515753249,25.0237096732744,11.7518948215383,5.687597099050792,8.139155384931115,14.507996550447725,559.4697128682192,256.18041416285945,32.94178853433828,8.608275388324065,28.096523943167256,29.729319458021674,29.46425213691168,9.209907968340746,15.987317062957867,23.94737457452648,44.76805808107472,155.3745906970362,152.9506125812309,20.82673694826566,64.51502510644353,32.36898000505973,202.33059974942694,5.930544616444577,14.79597339689422,40.497002474710555,42.59100279404257,25.929510177555876,18.50314996118867,34.16911514218506,40.15827004340365,44.650882233625154,42.532859206524165,22.895926735717726,48.61652764672339,14.364748365407223,36.273276984486785,44.33937911167554,47.24665211812994,49.32697516745656,38.92508244800987,35.16565190330631,872.4629086774048,182.33216396562818,101.45738566687493,61.313348122573146,48.06952519728481,50.20879174465701,42.564943450318374,73.6039467418764,52.81723906324679,33.44009942677989,41.621337421725244,38.02526383606935,50.72936961040682,88.47099697187477,36.987674753992934,1808.2036084882373,994.1428971841486,1066.5669166145356,184.6207226370865,621.3429489693494,31.395372337614905,41.92681711901439,61.14079343758686,45.494767729027316,42.67347308628481,59.33896028808864,1919.8698910932028,48.08633521843547,60.25065838268081,50.225931486650936,21.21307542722939,44.42822945829823,298.6721959892242,1274.1777296354833,592.5289866320702,62.33987579658359,75.34186900282816,55.15892187501741,1048.7291631964692,9090.657577054535,3992.083909049371,2373.0492532590465,1833.3622449145691,1981.3323007695424,124.66474545695203,73.47668517289988,58.85728760263677,78.47981879280032,85.48221571475432,102.60615762315082,143.98560839738397,308.18537287586975,3142.037003402703,410.9188895673583,99.54058616703783,129.82313242602288,82.52456276897824,81.75942362100844,50.35816367291457,1435.8384124716965,1369.973653024167,47.545501078095285,33.6728514534784,30.102910470786885,31.561382585869286,32.648556665259555,35.53202407515073,52.60885447888729,49.72330290180697,50.7667113961176,96.45215754302383,48.8761112205186,36.363455852824345,778.4934524867698,271.69028426559544,105.23098140573985,41.25624277228273,35.0257958255902,60.28434587554506,33.831931211276746,186.51525419162925,752.5140449918181,70.92334677306079,54.300455823499,102.29250770864743,18.24753294375389,180.78631575421056,24.9325344865308,26.38001412408995,25.81985309569544,116.9190205513214,57.5968214212778,154.54971683259564,36.161628559285,39.56114118704123,43.12405125334596,46.279953820833,47.93030986394564,79.82997581270713,52.90197191145252,151.2610776573599,44.06856750833137,372.15043532691163,470.5833456463737,102.97287403690167,51.212009332046634,38.7274726485891,48.06239641716799,69.50405026826184,780.1246585400229,668.5856115191469,395.83188989463343,36.89202727253851,40.629850443013055,408.2773554674951,17.489616274692807,32.42934588990316,40.56927477372604,259.39894091385645,25.730412442780903,362.35886734276636,20.870183107744698,31.67921938634792,37.55373232277238,36.88497137063698,49.64616482942527,35.66344191685113,39.064605332183056,39.277787630119285,107.3678744941394,70.40528152412861,19.747326699819645,26.900284141432973,19.460086378534363,52.62667736664154,48.75114929048764,37.96643400738494,293.5734918924752,716.9608013841693,49.578305315725686,39.8180158763022,395.30003530254146,1474.4698944500817,102.12350787519648,15.88227842847492,27.45695578080408,21.93462653283261,23.224700615603236,24.54024727436407,25.68732463476285,21.124701024577483,578.5427841282066,74.96344910066539,53.372120162148505,266.9261771286008,57.60761642490819,357.74077489983216,68.70694708463472,101.06019861765722,96.11173528873381,74.54630369941574,53.36657921390597,37.83576843135818,509.1972149444428,44.321969094382055,96.5044369787995,41.25627841613675,40.55460524730088,129.28701392164444,26.331180147063307,26.850769294940147,35.879259317605005,495.0693943913597,252.21554013136003,131.53051297497765,35.98143663554553,45.34339546177607,73.81727005968287,50.820801628404624,1149.643963413592,1941.5645583732817,87.04774284953571,43.14408622073818,469.4490818901334,5012.369311298905,482.53901650671304,42.74355353718246,40.27237948913464,52.564484482134766,59.24945931929765,32.043162515298135,36.31605624840514,34.71736276280147,49.20179402874484,42.54303046648206,37.57190080952561,40.042293267483,37.11098441604724,97.23513528144737,37.38167377763632,45.18637412780101,37.21653780503184,47.637166967126156,1638.7810916235196,283.2330386228109,48.78419258847451,42.72538103197313,51.602151509158674,40.472726594522364,52.88496795324888,46.76546448479185,47.77308496593307,43.73711401404011,198.78713370045833,1327.5639293797599,694.796805619036,44.525057476207195,59.24198346007794,110.9673400747929,45.29086830336452,41.92245034138126,42.31787109418488,30.937517702133235,29.66548835677177,46.928396721821336,135.2517870882362,311.18627114062684,40.6440852788239,373.9795227339392,323.7234282251681,59.754832300253824,33.46121091189166,37.84833843233216,30.09746524708303,34.776142071975755,56.217168450419905,39.57234025847033,77.17350537660404,42.45276229416533,52.213981135606055,46.01731693016663,117.84145865162635,50.30111011991981,157.82764647401495,39.449672824221516,70.18926471476105,30.271901608409276,59.05212469677726,34.68245213483956,113.60302649620512,47.094989081529505,68.24885090189576,45.23555816909334,35.3520048790334,43.56504152000699,159.73037247486403,180.3210111463886,62.250414404692535,28.8513146166021,37.24119891937548,27.250380155533417,45.6256307431947,34.56305198926544,40.509736790451306,18.591496094919865,40.55111192748222,208.58131874782813,24.17938821738967,23.999366465220817,31.117492209113863,39.658146579947896,24.235804862166095,50.266084821373276,19.473994196627356,27.731942636388826,40.485433675996674,21.00081145852566,26.637028713800902,28.432171927230602,257.3391187174473,432.2723306956752,411.1570403037594,81.08617044129328,117.7296951028153,721.6502666326924,470.462181964256,75.74513505682175,94.94349126546801,102.84297205881471,4.604939775591615,3.729542604879039,5.780459835356614,9.438159550311203,470.2165355554987,302.2838694064088,165.5878609330786,46.27164764038084,47.018350420312935,355.72511178699716,209.99145772293852,185.6752592348429,490.2677732619293,685.714836697032,907.04927752766,3387.6180350082454,2609.3064602522586,778.4866256979982,919.9339137673355,695.3017575568773,438.9403413931767,180.96389619484034,412.66484219400235,250.35445523588083,27.989524982639356,22.768060204443984,28.955847131398716,133.7585187347752,99.26886874616336,64.58075761705462,24.016589806114034,164.69619304410438,131.56009888314406,91.50637384546488,400.18742177364385,252.77843519646532,81.74394246456433,37.35890531714178,133.28121049862077,85.75665366896516,156.23592146802395,2209.6817364407766,3414.9233459988686,1938.7709805024301,422.0315641492445,306.3191377237279,140.96035842033365,63.89828354579076,2726.2195039491257,918.2245558601962,841.9386935700289,439.2067792820399,1596.2275301911943,4088.730664963213,2325.2437138342784,3596.2730400689265,992.618158606277,3427.4594682928446,1791.1330327622081,1356.6435759392687,468.1121060123471,70.57646778108393,3.7980749559233904,2.7010849742819376,2.743338766842282,42.74097856860472,77.0543470407783,19.595615817884045,30.91993132876558,166.3050083981626,95.09788142627207,101.41949633418587,88.07613556255643,129.1062926955204,234.7931256742238,188.22882782075774,158.50869136005886,36.99253905243776,271.5341300186356,123.85184739231569,0,219.6214677723496,12.396920231592311,180.84466911420395,4.508737274332566,5.944543654503506,174.09560723040488,143.92655189812194,325.92493227222707,176.31297711673162,144.33702119242585,220.6741840894768,213.81312164107763,188.20758659118272,543.6302507566594,836.1448347378403,341.04802931529804,467.73012602024943,47.31076840413167,8.439325704560071,682.1353526859489,204.7776157292824,350.35392420329197,331.4032664347746,857.7672295698179,195.4454164045341,88.71526231399764,147.57340706223982,132.8662343049682,99.4808892702202,97.65720513404916,115.9819367974225,144.13267298255607,402.1499582954573,178.5245249413232,164.75909807630828,87.52895199662595,117.61809558704944,478.62343891541406,149.88581427144277,202.26840650683448,166.0494644011686,204.3084887413864,513.1738779550171,380.71600749068426,425.718181047185,402.9458244179206,361.0831592667327,404.0923526133137,204.08960708619418,113.57182327081716,253.40620410893905,26.212424404381103,0,193.61416495954623,1866.89822962644,462.28601952601736,77.73049346630043,2.568690355982871,2.4314812725308923,5.463339829947017,0,371.7561463433693,157.30363097850582,15.67005361726167,2.749187509718254,3.495719846772188,21.42983291637486,1.9799977162641171,0,0,0,0,0,0,0,0,0,0,0,0,0,0,0,0,0,0,0,0,0,0,0,0,0,0,0,0,0,0,0,0,0,0,0,0,0,0,0,0,0,0,0,0,0,0,0,0,0,0,0,0,0,0,0,0,0,0,0,0,0,0,0,0,0,0,0,0,0,0,0,0,0,0,0,0,0,0,0,0,0,0,0,0,0,0,0,0,0,0,0,0,0,0,0,0,0,0,0,0,0,0,0,0,0,0,0,0,0,0,0,0,0,0,0,0,0,0,0,0,0,0,0,0,0,0,0,0,0,0,0,0,0,0,0,0,0,121.37876665466527,0,0,0,0,0,0,0,0,0,0,0,0,0,0,0,0,0,0,0,0,0,0,0,0,0,0,0,0,0,0,0,0,0,0,3.863843678613398,0,3.252059360557076,6.774143851527368,0,0,1.850744577214423,83.09685116485028,12.993772063002032,132.15796781840857,9.571368476685269,43.3985533155367,0.09348546158342994,0,0,0,2.2329544504147374,5.340002452267209,20.37682496456421,21.634223321021384,14.790948642398263,84.51791362760146,6.714199871363164,0.9311576489489275,0.4726982286128076,0.36116242248980884,1.104029659802021,0,0,0,0,0,0,0,0,0,1.5090796633133239,0,0,0,1.4497031776211617,0,0,0,0,0,0,0,0,0,0,0,0,0,0,0,0,0,0,0,0,0,0,0,0,0,0,0,0,0,0,0,0,0,2.0005177326946026,7.02201333708055,29.70434495563895,56.7203553665078,61.367542266952796,195.52654940690337,65.6897172858868,151.73014292871687,275.4316081822651,37.430861677319754,108.23094164685826,109.94738777766148,51.956066080233235,124.59505675385866,38.366902710381275,89.91487625622628,7.1112350821810475,8.217973897164589,84.58212411893356,3.9338478127802494,0,0,0,0,0,3.912983954960261,3.384113569912862,0,0,0,0,0,0,0,0,50.3752154467321,52.06651277733585,0,0,0,0,0,0,0,0,0,0,0,0,0,0,0,0,0,0,0,26.14470432046039,582.3718272322736,13.457799555649498,0,0,0,0,0,0,0,0,0,0,0,0,0,0,0,0,0,0,0,0,0,0,0,0,0,0,0,0,0,0,0,0,0,0,0,0,0,0,0,0,0,0,0,0,0,0,0,0,0,0,0,0,0,0,0,0,0,0,0,0,0,0,0,0,0,0,0,0,0,0,0,0,0,0,0,0,0,0,0,0,0,0,0,0,0,0,0,0,0,0,0,0,0,0,0,0,0,0,0,0,0,0,0,0,0,0,0,0,0,0,0,0,0,0,0,0,0,0,0,0,0,0,0,0,0,0,0,0,0,0,0,0,0,0,0,0,0,0,0,0,0,0,0,0,0,0,0,0,0,0,0,0,0,0,0,0,0,0,0,0,0,0,0,0,0,0,0,0,0,0,0,0,0,0,0,0,0,0,0,0,87.79786130167726,0.11684787992213448,2.0687313372981055,0,0,0,0,0,4.268611544830417,0,0,0,0,58.32184135366432,407.3072770359017,75.0856992486238,249.6137045363819,112.53376556846428,476.92527743102534,30.935978804425062,17.371690923714585,963.6593190003141,44.36392426143573,122.98183106780382,1429.6176379491785,6.654496624032762,186.54154859315923,214.08806327735113,42.68323084022657,316.7517361021205,336.3776536761467,141.99267485974346,122.49390863212032,67.53200638424363,1680.7799851987388,20.634189789498954,159.45742182463482,22.678913418179764,377.7014696291082,72.3403046091068,35.569831089230064,62.78538077076143,65.54221107092994,0,0,0,0,0,0,0,0,0,0,0,0,0,0,0,0,0,0,0,164.2667552915282,216.5797344627548,844.5068985031643,1021.4231470614666,982.3953081645989,446.1782528262742,69.59334730979053,28.172791153912577,0.20449601004662,196.79966535737327,2.2716996417591377,135.44981963494953,4.205461975151564,282.6346559017417,23.171926260819,114.57516976436874,20.11691031726525,6.116971031027578,26.509343311558062,12.287286826707854,45.7549185926879,147.97423830103486,2.7533348309491177,77.0959350273757,68.69096682051672,29.637094038623157,214.05123444107144,234.98055538039637,117.12048154162365,43.46340216936356,12.235238712565032,10.74442426192473,112.40310041881314,0,0,0,0,0,0,0,0,0,0,0,0,0,0,0,0,0,0,0,0,0,0,0,0,0,0,0,0,0,0,0,0,0,0,0,0,0,0,0,0,0,0,0,0,0,0,0,0,0,0,0,0,0,0,0,0,0,0,0,0,0,0,0,0,0,0,0,0,0,0,0,0,0,0,0,0,0,0,0,0,0,0,0,0,0,0,0,0,0,0,0,0,0,0,0,0,0,0,0,0,0,0,0,0,0,0,0,0,0,0,0,0,0,0,0,0,0,0,0,0,0,0,0,0,0,0,0,0,0,0,0,0,0,0,0,0,0,0,0,0,0,0,0,0,0,0,0,0,0,0,0,0,0,0,0,0,0,0,0,0,0,0,0,0,0,0,0,0,0,0,0,0,0,0,14.95010348434674,54.60890103719633,123.62711481774434,137.71169312977975,0.4811851343479036,0.561573651542477,0.2285666140594108,0.3180665960410443,62.28123682608638,4.620446316358946,0.47520659204710597,153.46495005537886,0.9752577324043398,3.388485729565054,52.11083161081803,7.768791092551264,1279.8975791351813,3146.024277907785,260.6768331010775,2.7550507128969723,2.977578649452192,6.178603030223955,4.635902064870815,2.326015984355684,21.838363657369225,159.89133292140178,0,0,0.5016125300133829,374.13916472404867,1.2503357700772666,53.88114503926194,47.93279310682042,11.63212739659066,12.30827251698909,197.7298720800262,15.192690479841424,54.16358862615103,93.32341444931309,18.757958056164668,13.993702301188264,618.9208202246231,788.1758186921452,212.7276590098971,114.96323836603872,15.916297781679146,17.56222993406624,29.473472888910344,21.349815190985446,679.0483354303058,14.553820654427213,14.483383030417368,65.74347216827596,313.49995039356133,2590.0531010269087,723.4048622659615,1622.6185731092278,26383.869954455276,2194.1515100880943,562.0377978726176,40.412044682397585,243.0483124265312,49.87074299088261,399.9939685805946,77.2423647597788,31.70769357982382,20.874556242587293,0,396.3626546086589,65.1080678956791,1385.5116174067355,1634.0812529050936,13528.917046739009,1198.6563263317505,51.01465143195742,24.533657644206983,16.17428460791908,91.63742984552884,3203.9793716588715,4321.5296980645135,2220.4654786587153,137.37071851797185,179.3901589395454,1010.2057309270368,21.449837268034756,21.22871273977171,21.625269164281796,21.815013691007728,12.531233253319446,22.15741039765311,21.50410843348679,22.035225129426294,22.07905281621822,7.100143347139305,63.740466649034154,9.39354082322805,10.477732328140194,65.2040562613099,76.21891839110113,29.749167788469144,5.968525250533081,57.71773432738658,51.18778842273824,17.950094425201723,54.31910129716901,42.24972378904171,37.39303560290163,55.49763239806412,41.385490893229985,21.011574344820612,47.92131603482572,11.792954459411376,45.56546904120533,35.59115640455638,36.63054399368969,32.02824057651044,37.75772954845059,6.205320421084576,40.45967338615901,0,33.040615604068485,31.761586178738,30.0907476547344,29.27466466827779,36.46523089667924,31.936016656701593,0,36.557763087851825,35.38651781911875,153.46071687044108,5.048796175946255,5.93505762078429,145.3902771211489,12.419374009695373,14.431496431514256,3323.6721164613627,809.529381621185,88.39288476267485,2.7542901918372213,1.3370765117516976,0.016548171620454643,0,1.3030614975758212,0.10095240480188679,0,0,6.741005634344416e-4,0.21443285343400686,1.3307607099896213,2.0458524755563574,0.4261378374064371,0.002882686164119296,1.0712958442117442,2.5683851439485044,2.8330749806284223,0.5784570586647846,0.0609761822661648,0.09202363551611778,0,0,1014.4843575181677,2052.8692427089586,0,0,0.409166496583876,4.133767125796441,6.485996001680933,9.482559138193029,6.484585225696642,0.5181125778252855,0.08824321230904565,0.01598951626786064,0.8568040627461395,0.9688038891577812,0.32547516463784276,32.71907641792226,184.92963437179662,3258.333850584423,5079.224806832447,2575.5220999519684,5124.938679058405,469.9249476771211,158.46087659231245,22.90691892410868,4.817018437399092,89.58858639791019,69.46031254961702,1.9687928280647076,17.5530211559907,819.495613728188,1.093410089478657,0.9641695662522796,9.850337929801917,19.230150177404955,9.139785309967152,257.4756740595486,231.8378455403667,14.334483014422117,17.631708782705186,137.5003290812831,122.2929119525834,849.3190619200319,3035.8896493634315,162.23927155390078,115.81464013159739,73.11531631542162,0,188.23684084011035,179.47486303151015,2441.6769140407982,1781.2247500383307,1209.269366998712,255.66106040506162,265.7568485174136,152.68536158250163,345.514348888646,266.8900692329854,796.7714058643579,328.5748946977464,275.4495480202207,229.50692187973362,254.20397256125273,768.294212812857,935.3086011383441,145.97956765090174,684.2481193542905,192.96817557552228,624.2427668337131,666.7579957668675,58.69994346274693,86.40246206821583,205.6174614759189,227.8683459744542,50.61962212398504,91.77408204640756,23.752019772880498,11.786405319534877,59.374516813268876,112.61716191608218,583.9436881559362,1490.5105005313949,696.5205142291976,1327.6740388137525,1126.8758406844304,19.985962350998857,135.82055738202266,276.1177471339891,92.78149187721553,137.58186489544985,975.1200993664567,400.05674735984314,401.5939914386408,355.40277015699013,20.575643208027262,365.7751611799254,418.2979399157328,585.3468894922204,727.2739275159071,411.0748250322591,169.61100102502166,341.4460489704862,162.59137689170683,107.03885723568173,60.02189051750085,440.5101316337518,2000.1757354425322,249.12391590800843,497.41293927505893,602.5694813219716,721.1144394733336,414.26327298138494,55.769986762334725,164.8833673203222,80.91435818937536,17.950144080140227,121.76546102062059,82.56790295261867,64.1734082062023,231.08592463096613,188.93275063517171,21.563715360521837,147.73754764766068,23.005214338114325,82.88418810069902,227.25407286799577,679.5240521197783,349.99240228228666,249.7817498571813,124.92531964596051,68.88949178233216,417.68735334975185,55.58080700905695,455.4026602722482,93.63887689511498,1060.9508412677214,370.9582609278386,102.41671634175088,46.08047067426929,64.42757848979583,66.73662339194495,183.25823990343306,234.60432250785192,299.41670354842984,605.8584941683637,176.2857881708921,45.35061334856332,126.47236446262707,65.97983397195728,152.8030430020373,70.8360676984163,74.22248735480349,89.95892911490711,30.692976199083137,59.54493532205132,37.37829652633494,229.485301568505,395.02914153499273,330.2833568108497,261.1752502321836,365.4672247910653,460.90301420722943,667.4678146871256,236.7399032456054,165.93430714673693,547.1540190664479,457.1881961286882,260.8972218942977,492.7611991879099,235.91919524597068,456.49488320546953,101.73560545776304,273.5668722154116,305.9260208753552,711.9162899959865,699.1776218613234,1309.761332120298,294.37152792612414,187.17459205010448,325.5004310795799,2395.741464896891,554.4939870790569,778.8422664485224,784.1608891421616,241.58582874965253,129.27366689812303,22.842472932637467,112.77454130002786,173.67987813020218,9.995185685315379,46.19507807743936,85.59638790808185,23.81317353789924,432.55083701307194,573.1716606910657,359.44689820518266,129.4706507039654,53.01814742392036,89.45215540566284,289.4141093431265,843.2840988496527,340.84188649716873,6093.400965116148,1238.7179030225243,960.8453542896115,821.717696405047,267.0116584888605,298.8170711205993,217.33300188967306,334.6342824254947,260.404204792401,372.25936149959506,380.37833363999965,520.5805851084663,637.2002684340274,545.1565919265728,138.27553677748637,98.34933241641673,214.29330067370898,129.93611591391627,127.6183866158201,77.38172239009668,116.21812060863401,127.85109275715214,6.677473241742812,262.8553208327314,128.13476849431393,4.826211333650105,7.5630735238793365,297.46216423188537,171.36762236873943,230.72510193015464,223.89941016243793,590.9965760984838,1582.1029976439331,1382.1581208688303,1705.074136467828,1226.6725703417897,245.45035252552444,343.24487086531457,519.0011795656976,822.5261226610296,1454.2225033002103,561.2729866943893,293.0066383486735,17.31872502965693,129.7062662102037,504.17869029892245,100.18472492977128,217.87899460738194,914.2117181865385,223.0290022921568,10.618292710733524,190.98186753972385,1510.6789644658902,434.28296430004053,70.91137648516558,42.9675478155793,602.5481318051068,205.4896240015615,89.67259497072406,112.2278974032038,345.00870802309544,80.6635483213927,120.51403879549443,368.30469202734736,312.5083523462626,680.3016715229235,1282.136073746456,1155.3049846287252,7.390162672569487,14.712559453123056,10.975738260245372,58.823435654922456,10.927537586119326,10.07197044551194,62.2979460628989,391.1322061774218,956.8831947559822,1822.8493501220269,4377.130809662243,1044.1631810605882,11.506256599634522,565.6437653488717,20.936969868468672,691.7878540539298,53.12781283290549,386.5776819843648,74.03612677799654,85.91528026994943,157.77685445815044,20.35506230586929,28.38285437700948,184.56778389066704,84.69257973473464,248.4443432773227,163.51866116049317,174.13713457043838,183.0708805567314,14.008834888907533,11.78060422219758,101.01406715453554,0,0,0,0,0,13.077573604940703,2.5418623171604082,5.8942017556865185,3.1677394434885606,19.117092224736098,551.0530739340995,53.072290196814826,97.88209186649581,9.70935282066191,127.51766706616267,36.325566361960625,306.89322570825817,2360.2637110038363,1133.5207926080375,1236.7349695991288,818.1471979712771,743.5806911788154,264.49818081087983,243.58530353091916,426.5568250656676,392.612407322507,290.59754770645964,609.3100660669709,563.044731941268,90.69510153695263,493.8956208232277,1336.1813850165356,794.4911494045269,98.4839141231951,71.64059725210262,69.87099993889974,78.73597380891029,37.51063752480459,77.05382307259676,34.75825621815322,79.0224925222038,71.69246174322015,107.6502988219381,96.16748464904009,232.38427414369508,1713.0010767048936,2242.2909397473636,2815.7656621766073,856.1913183122559,764.6577042666331,311.7593701334914,274.5431285966202,1686.1906085378048,1228.8314178418254,1663.2721532263108,224.3152620529845,157.5728677110254,154.9262788732429,91.73820321660317,930.6640222889496,235.78308760539585,118.83292890795543,182.45211036066453,591.4415933041729,176.4664860657518,735.9050276652897,354.831911529113,146.80149509429208,2429.5032159516186,1144.495466345534,1347.1110745977023,1299.444983300661,924.7550618450834,2058.2657414392065,935.088600759319,464.65238381964326,922.7328978668637,3984.285757978113,891.128476328596,574.8462296464686,11.743747883302992,46.05914287515111,56.256135128764754,37.1168228754608,42.88913420159359,37.310586042006335,21.806462636130096,8.695160677280173,144.62425539349775,5.124763346256618,33.353758804775,5.427051873390509,223.8544759759672,667.5212851216808,3340.032482561933,5.031109176284918,23.21239636994231,2.0178962803680163,58.46117556224484,828.5532660991396,1073.5856542920424,969.6867520994265,448.96894817763535,414.12638943199266,33.81623893384113,556.9582513855328,1183.4170745625972,756.0162947799142,2574.166112841082,1253.5771015404684,2077.8239050307193,655.1577517236402,1019.4065209162985,1043.0349625633303,1737.2411391107498,2728.932779269132,574.304056922288,592.094339485218,2952.4602897581103,1794.297594747491,599.6367102458706,1682.98375765488,1819.2410394302651,1045.8294346802165,1976.081805541907,3098.3790592515434,468.14712348495715,5001.696790703973,3990.6294506329937,58.52187167212592,2038.791420183274,829.0968028238632,37.588138756135315,1581.2504345587975,1755.1171909812201,1330.3565461148744,455.36985730790315,53.964441735800456,180.0595099690607,151.23802822927604,24.06235860050377,71.32757173436096,561.2807102732398,1252.7542496422384,872.0206397000925,29.805191278988314,425.04070551734816,10.390543772140981,8.074142145287391,6.844050029166319,6.883810824872846,8.004233165646486,6.8611507947891734,12.385629472050985,24.478401105997836,28.25399479320097,20.143647260918044,12050.861340393945,672.8339318634216,3252.3709868906744,588.2132876276007,8.08732047666056,80.86919921821303,153.21999998906557,170.9010936341585,18.456165837381235,629.9873102974748,3676.3405971139864,5183.450979414135,484.9375916600429,102.24666150618165,136.50445837861056,2490.064602701516,12436.94631540789,131.62312821550654,2591.066498766758,745.4653657155172,825.2972310346075,855.6628590784898,43.44052604984545,475.4114895047325,67.26375677273502,184.2948854813817,14.722406097087848,361.67622211217247,12.178864611683547,7.324292217967369,7.257731811619893,18.035204502265238,2.182032635120043,13.208961524272626,48.57077942077513,25.74294189025421,80.64711572025314,26.696216552513583,78.98391615811533,740.4609233429962,96.76828318147652,72.55344111292969,656.6891696325539,27.427011886486188,29.817313536309072,421.4815387066805,831.0378969129617,230.4590897766681,30.14077517327957,153.22597831173903,179.90938175573874,49.696147253752606,64.31235005418,513.9333168866124,93.07265478490177,225.83342041759346,33.631857453100466,65.44119233570618,169.53220472133404,308.28209615610854,34.14898811783032,36.788955417864464,36.05795368709388,41.861169785532155,184.72017849004413,327.5668930646297,254.5779496574665,28.30252152945044,304.26207850044295,43.02748705892814,78.65888059719832,110.54027743873169,536.230226282545,384.6655191477702,9.412603625298807,37.30904017283206,108.97734986156762,40.87315304046343,8.36597038654501,31.00957001805887,140.13655094040732,309.3564631268861,95.70141279226974,208.3169307206889,366.15982597484975,1332.5146667041079,5991.903627656486,17550.800819361742,5095.702883685977,528.0281923682409,597.324349879628,533.8950629891941,159.41771261522499,220.33802198804,227.00656068413957,277.6912912793675,149.0836684746742,79.47499925566018,57.98202449055812,259.15678756658167,229.95596028827927,112.75178226601017,24.58158753997791,48.591879907182665,3.0261622337365157,3783.223157959563,10.769211475605873,6.62319441353801,640.6445282071215,60.683586900950985,45.85037036493957,46.156673906825894,2.9222548606442724,22.178649665749592,0,40.02094096062263,5.266236389690114,24.603121131182807,25.993432220871988,23.8842864183737,25.08249136156589,23.55974052650583,26.025351696765725,0,0,0,162.56044452019466,58.302981036472545,231.9238321807707,292.6156966984666,143.34259047927245,65.32446895905775,66.15526578188815,303.79305630579097,286.5042303709201,405.690994527853,362.488339517043,238.06511538214593,108.75200063169227,71.86558897854647,92.81374154164011,137.56818160619193,174.38986096879268,90.76646527101423,156.216517990319,150.2988413633822,532.9863857623612,854.7808964754461,154.3729622696277,465.22986573605925,26.962790489359573,132.19264824415234,671.0341236370223,154.4769534369824,192.47677176597477,901.0812599244474,162.91244672119052,791.9553149608711,917.5713727078705,921.4825630575652,1207.734073143707,3183.385339660565,1428.9283148405168,3939.6673677730205,844.5867059807263,560.3124031160039,325.9897149500628,963.6021828739589,417.2672797911479,1658.5473662766756,0,12.043476292511343,13.033214697501196,49.85886427814294,30.47361296073468,692.7153960555806,44.751600887146516,38.240020480072694,24.387996682487,177.48243628243264,746.3806081168578,584.0062634434315,819.3847992711316,2646.1644292109713,2804.517678046473,15.712524678411922,71.61332886083056,103.98995601887839,19.69749002463805,101.98523109250866,186.71350590933054,73.60755306276558,154.37136989131514,192.5643135449074,203.7821480784002,117.20117589053038,342.0330538285314,77.28667683613959,122.42351949533197,21.43173466276804,11.244747982164876,4.790122365860752,55.63823876817974,15.880876171685449,3.407186895875441,139.53654216929104,7.342831727988605,264.2905469739989,27.618661696495916,53.406943728348345,5.230913954537038,0.29462300976458033,2472.012298563484,2485.978906463139,538.4251020542705,598.3328912897512,120.07608116260597,1344.9379158005356,1206.1612546335355,700.0346567275897,361.92025592804174,123.45462630341127,119.82443618062064,121.61215069967831,32.589740655567084,40.128006572234746,49.683564229864636,29.98425364383596,30.110902331040396,69.1803106892611,68.81301265480967,97.83992848330054,453.5760418229772,1217.5045091914994,399.9918182591175,123.61256078791358,25.430190835637664,22.037973908293413,62.14204525657941,59.578926660484925,25.551606853115103,587.4304151671001,231.83596807787455,83.06127504173887,54.318934213864225,39.605833235639864,370.0930387527165,319.61498369412914,676.8136238744274,704.5792764274657,202.19773152319186,165.01132485863292,321.22892352239336,339.71571048267555,578.6548369270314,198.51797269865753,4.902748910338744,5.829851258439402,240.65121442884623,132.28979217165207,0,44.966012511214494,3.2649918131147713,3.2993122317459447,65.70819195503255,539.9803464530445,1322.2591996820877,1430.6352622622371,82.18912967873717,85.365495211042,28.405469244816874,103.4786908635999,410.47192853431415,134.16968140034945,494.829377359458,71.14028427487469,71.98694609849281,217.614719604409,461.2359747320985,77.51455371381371,64.75537876318334,3.7440089664970344,2.2915479588454017,2.4865146230239557,7.714192868018248,2.412173402973728,161.6734338697975,113.81377979185379,3.4556809565508066,4.721111801385474,15.639949789086463,7.940945230679985,22.78490610347904,212.70835071595275,521.4488908723232,12.745536930033065,129.0326334588659,107.46091024443533,7.151922768266914,108.02615069865166,0,0,25.63174161958813,229.69299429206418,139.3006404440397,7.8356629081397955,518.2186320699741,301.3884044726637,56.638927549426015,9.075353797226008,5.42187814909734,33.413636610415615,3.1512727608875264,45.10507472167096,4.132784412655864,1.8146699583184702,3.336981158505287,2.0350986850154817,3.3140112377651514,1.7562426927485328,12.09001917539151,255.2227822593485,1.7056685388619843,0.5917855550914358,125.65095817933383,610.83943379936,452.1490637758248,22.212624920499213,165.06364491057462,229.45215366305595,188.04398780522249,361.2626671966865,178.79192189582014,234.9989413953496,32.59243061809946,65.39203624883359,1389.2668292854228,999.7294516744947,3834.7239246131066,2853.387121343143,2309.0549604595144,2627.1228230408683,1309.8132885911002,824.7461008943774,4.1792777224200215,0,0,0,0,871.6877493121845,0,0,0,0,0,416.5385793992339,0,0,0,0,0,0,0,0,0,0,0,0,39.17715791919764,60.68176006549942,0,0,0,0,0,0,0,0,0,0,0,0,0,0,0,0,0,0,0,0,0,0,0,0,0,0,0,0,0,0,0,0,0,0,0,0,0,0,0,0,0,0,0,0,0,0,0,32.90184913806729,64.72364096548642,34.69285078884627,50.956214241161895,0,0,96.13981721858579,0,0,0,1.165471912981495,0,0,15.048459342880996,0,0,0,35.93199971260683,44.811794910966434,0,0,0,0,0,182.78964782692438,3.1394175921083023,37.024923659387625,7.8437280397410625,0,18.76914455274412,20.909814656346636,13.667975657497122,12.56394991918757,80.42316997141955,23.000491279525658,329.1836942762402,234.03182259188276,102.30729486774463,69.529240889246,125.99931824281069,173.7616548374744,0,402.8735618853146,21.237451374206294,197.34185075412054,259.85559486586385,1514.6353241009958,117.79735340826016,0.7604473165496773,91.33278025894242,139.0247225046854,139.54562892957557,98.97880899513132,113.85377397545,82.06790244700252,86.31987900112098,179.96298031850637,7.503742433471463,115.89646437981895,120.1269909640125,112.90382520478703,4.124593363794145,151.4179079142429,57.047784115846184,5.926684971899607,4.241827686607997,116.74133311393213,12.617525211340315,614.3416276928448,442.298373441727,18.76798130795777,413.97477587747795,320.1705956538219,581.4012812146673,133.4803149647939,568.7265366915304,160.40112237046807,520.715780026681,118.21867087250325,274.07548743999496,427.018739283716,41.74111518129408,690.286079250011,367.7880484376693,37.406672127789484,194.2029206799493,28.061105504788376,15.514418730459605,59.17518781947552,385.8577737766535,399.4510741853822,860.4524828985772,432.13363169873213,490.25673904027155,603.0547978617825,36.94386482680871,0,0,0,0,0.19399137295424632,0,0,0,0,0,0,0,0,17.679319510704065,96.14960314142873,123.55601359604684,284.4950785228247,0.2860459379097962,692.6689443059015,378.31693714559185,181.06955601719375,0.7978572319532046,0.4327057433165788,0.0839978777307776,49.291055525160914,38.835307341793836,69.64283278080056,69.79313557214613,408.26693820890284,317.0350776462336,116.17977334568778,384.3537138939835,218.895175966631,570.5898748176738,775.535759972798,1758.567485718077,1948.133435842186,1362.9821238945142,2128.0734926234,1347.6100795336547,244.0817347645602,1341.1298419008435,1502.557529951897,1521.9723770896405,820.8796939905782,1740.4706890307816,0.36300869562446675,36.351508912593324,366.7370030400309,359.6645873676193,813.5512436639891,906.6117303498382,652.3138199262019,7.319633585983344,36.793001748694905,40.270422397408474,22.123659562527124,7.985734991011649,53.60637884828403,1.7894104145978131,4.3532890994280145,16.917061386894375,172.37087362877497,341.65077735273235,57.20547512322987,138.14622605988475,994.1801083273485,125.06773501898918,603.7899540894182,1189.5865792044021,41.74556252106093,1.6004128112358569,733.4223618161342,262.386856052532,581.6563987600989,242.68929726775022,278.96505762275393,352.36937601850195,207.6024887804782,109.50866436233589,854.797141706087,683.6796306955627,788.2536684514265,1235.3875662958637,381.6740498792275,133.26390907174226,301.52049474278203,48.82819216467223,167.38534430209648,719.8029877659178,664.0750222124005,608.7019874219795,463.9828946702972,672.1012056237392,364.1779014059245,351.56716875763067,237.15440661207998,418.34573523219393,865.0583968711547,1220.0925758424737,1100.5393772581015,762.0986392476103,422.2135831794013,183.96996861007352,335.85511986684475,128.22485428739154,565.4765490093341,399.08817629191117,991.6702623111169,166.3700130690182,1.0609559959706931,0.7818858827863262,6.495030137380952,27.093183765469853,40.17674656658025,1227.2517328606446,3245.511538487545,2805.027951747063,167.56792797327344,455.6515350108314,1606.0186170016298,1462.49968882498,191.9080160366783,491.0836618237452,512.0921481749348,429.65374332813565,197.8423510151263,1503.219115037264,960.3717769689611,133.10264291769042,105.0000011470186,1256.416274890591,316.62407481870565,420.25485436146766,387.16952393726194,791.9516023768124,271.22843140314615,210.80292884209874,232.26295709445807,198.23847655119235,805.5539960411244,404.2044326712528,318.1207511714146,325.45609276932345,328.9635149752913,158.1492283980721,165.91256803025624,491.8933882047592,98.71509918674519,266.42471701720183,416.50509407039,164.26291975008652,209.78976368794673,564.4288854871496,1124.8673745339906,137.04283519338105,666.8741331391346,46.68425367853858,1323.6619107128417,1103.3425579588356,176.43136735647633,279.57292588321735,274.9814814897006,1067.7291924997157,1189.6543578908793,1116.1364081044019,715.7172603420399,65.86890671852602,125.66949939944487,926.2505308127687,303.24301423150115,57.254164174610956,255.47819858352253,831.9395352880183,6.441990344816691,1282.0248731783188,269.8574980431469,189.07227979130982,712.9490633463147,699.009455410745,118.33083214139602,337.52079890715487,492.8765405327508,255.39492412924432,720.4203337740676,315.86849141625925,4.266847679042583,199.43874867393677,134.3661397200452,135.7688190948505,172.1278831181851,401.19328959690716,366.9117886804204,754.9338739604206,340.1480709308225,597.859504631389,385.54142335756586,171.32208980541225,9.37401995198917,562.0784779906802,230.0161056124444,937.4907975281747,1260.2864363475626,1309.66838252845,519.4558006771434,348.68135760300447,427.70473324782176,847.7310079204225,473.744445857057,464.9252186981887,0,2.6554807654692643,114.41119622182786,51.55976962057957,0,0,25.376049825327794,0,6.462753461873145,0,0,0,0,667.5504070075572,0.01402370579063585,0,734.0619384686881,1070.8846203458784,1718.934499671325,1318.669237983544,1186.149679876546,1576.6455920308547,702.4848194702698,1204.7042316510306,0.34910942764569564,675.5056358535413,0,36.44711601509064,0,348.34994522048294,36.87370398211978,649.9177159713431,0,0,0,0,0,0,0,0,0.29588349422214294,0,0.01878153837508192,0.010759036944313816,0.06410345495987378,0,0.0672317852724954,0.1065775694728873,0.004720369134647239,0.021352310035433225,0.03235898292658161,0.04952455107093869,0.04290392496012668,0,0.05333437757900048,0.09855286545608387,0,0.026533096554361264,0,0.06044483775142972,0,0.21854879976210645,0.046371728284808345,0.22166246238377846,0.015924649295217908,0.05105134166746571,0.0648379254427224,0.03309004530984712,0.3544440398791885,0.029182568545369846,0.1145046622687951,0.016346617251087863,0,0.005149558917124199,0.013243176292820675,0.035245755592369477,0.01527051446489477,80.20705891537156,238.96656825678093,690.7002582873798,162.07789127566133,1046.6104049293274,37.56647552490012,54.08150626479117,3.407515817330965,0.3078818439041453,0,0,0.11747084093648547,0.04455279530546408,0.44640947703354605,0.05647442014306706,1563.5759046527055,772.2641567201925,218.39668491850563,102.69371212872495,464.39729682211185,61.35274924885248,57.10564375718277,283.637558296629,52.16905981068905,144.09482357038246,191.72282721560953,71.63944392926979,422.58971191475473,184.21287796379238,609.088755344989,1451.1653609980424,277.3633266167942,159.74637546411316,800.949341376674,672.1635807996287,229.9509113566427,575.3429160227035,1779.0453298918992,1934.6931399953326,1144.8291682490844,707.0263413887469,407.94768173357465,275.01846845668985,197.65943035392263,154.88574215710872,851.7066891689876,1115.281349517079,752.6826160807684,1843.189042891019,766.3019435332867,1090.8259466743577,1166.6226180179588,1136.9332006320078,1430.3339838263853,2056.1109716417577,981.1590651364091,3091.1160278947655,1900.5090896478512,280.1703545421731,1049.1748535017573,270.000143664502,196.1412438797464,167.62385830652684,0.9590492767130318,34.083845794473476,25.155208850553826,38.016359058184044,19.40946190788298,6.574977172250977,82.22813300120535,31.65753401074108,84.4622238770264,2.8602028645534534,16.934940967637242,310.96554190879607,22.85309041040581,100.9568900138297,22.635213901321997,211.41280671816116,14.969617725649416,25.717024529322526,41.70302856360534,169.93932402806612,87.72915796480673,108.19618705549767,3603.5090048221464,690.4172029903447,704.8860621953946,937.5015046337551,567.2164636658008,318.7612484042877,1949.0611092484387,1273.7602399629902,478.01422150542834,308.85027656369033,816.9173872004911,1389.8951725171376,1362.603701067956,4425.485932000914,3645.8514325929673,1200.7442644522912,2431.143993242408,2079.1793701239603,5834.244767818774,6358.825800811068,2562.534171253793,1749.5512042467785,1650.4713389112753,1945.838827126161,2292.0002809511993,1208.3416942992706,1648.8238668659228,932.5378204667943,1773.1000415048447,1591.6365932994229,1683.822494062081,1566.3498873053288,1966.3958474608128,4239.294057975016,4316.1693144881965,2832.299719821253,4026.3845078399336,2410.6679704818553,1949.0210734727252,1071.2907871295715,302.20528202132596,914.9780050736539,743.1620792327626,1022.7854167519941,194.9263292379469,333.5672239474071,470.8122735570068,482.5729351758302,112.53438076642975,270.452720417639,196.02616475095604,216.47548850800248,286.26626591719634,571.1055381028208,107.75911820019877,4.2596435354514,15.058339932082532,255.73168222314158,240.68755497750223,229.3051814973902,104.0726349795838,384.7312310675126,149.81754920318681,63.102757862533004,283.2702277070805,407.6587618366474,244.23551950437826,613.1435902359166,136.88256683410194,0,21.88433626078167,167.10889237311406,28.73121150568733,104.21470650805206,143.6629766326381,346.2373617993194,434.44323394017874,835.9769403987218,291.0091276741491,1347.1201534385873,507.4299353183171,2174.576527145702,347.5610663750012,541.2831143948521,913.3593380679157,3646.3230497745058,6712.5150952733575,8670.7341463691,7038.646301562674,6718.528153528083,8119.016956680963,5962.058348790768,8995.230209620879,7130.544148597309,4953.143874439761,2652.8250584092816,336.6462964687647,625.4867243358543,2070.9869555727855,2286.860064268115,1608.674146505626,391.6692988361476,210.54579024581088,463.4000348080063,182.2653785491853,123.5554702919006,1667.7710292033678,894.1910304400275,1293.8093584158592,1462.7920882400604,3461.5569453694025,3765.093584870985,5010.4074361325565,3546.741795871603,3605.705344060159,2058.9588087632296,3811.3996042340696,4238.190613505617,2319.2917277666434,1998.3708778016744,4317.151212749926,2987.459968624459,2752.024304014706,3248.054786386873,4581.463104099031,2378.1823009447444,2043.0732994436096,911.6658963661233,8.58771508224028,250.3469753700016,75.4078275771507,44.87368047007519,101.14502529307823,243.16489305495125,355.3256356681231,295.55954423419087,237.10823745293735,187.66356486627018,343.2636384306355,356.2633199229801,317.7608055402842,1051.3219345146674,269.792450464549,239.01687482117092,689.4681056011818,625.3241044746475,814.0900371783744,943.8390162033844,392.0511361845337,1726.5355088938568,432.486603327265,2054.934276922357,1190.216252310633,586.2867476865791,370.98034004609315,637.8022193803831,439.4299167127421,328.4498261202456,170.32602140444988,882.9922476459685,413.3033535267374,238.60542823607892,174.71438118599616,425.1610780571426,370.5662520312985,348.97738109700884,606.1233022844561,396.1431714661371,247.26448894411516,257.43818146482886,192.12115097929174,247.76991674322127,3428.6515178785257,1120.4069872395376,517.305506914681,691.48506213324,1366.514271858525,1379.856762298414,943.5034162317404,1292.2668326164494,499.5600755161147,267.9959052394539,374.573172249687,108.02370823996722,126.37926281185179,343.2348843468653,90.31486919554034,309.03346147493403,342.0440873827112,239.7430667338824,294.9550647719222,1090.493799812403,445.06519431468274,341.7680040141773,1211.7327051838338,630.7633801321837,863.1183139614956,1080.368920642422,1158.967306758206,1120.5571566281646,651.2564664637729,1081.7457451433456,1525.289858016428,1018.8200868878148,747.5176655537623,1021.6932877434052,1051.0925623617022,313.7994867002219,320.8007519983457,174.01054947778667,162.87910926177915,158.6210039378502,104.03022038363459,115.8222575055849,159.84303511555095,929.3951833959961,416.4788252818921,57.163517528816634,346.6466944253453,423.03942990725307,1024.0918628284546,1710.990816173583,1306.1779827582516,1245.9336847560014,2146.1558685006326,1855.6466667420561,7955.031580521063,1156.5705621642562,1293.5113937073413,525.159674285393,337.6714529454228,1111.1941884990645,2685.3516832890346,3470.040470477249,5256.1499419096535,9435.296138530042,4776.098474644135,3633.097836874497,2854.40633634853,1993.5854619874667,3950.204502022864,1652.7524162427767,2452.179299991003,3771.5082239721783,15777.898911316104,836.4227527680288,1124.4677613118788,984.0936130839351,1072.810066775228,1341.5565041266625,587.5012459708455,271.87695585008714,441.040269363128,1123.4470967983127,1353.7267424536583,1238.9618592294978,1017.075550809804,881.2232895565783,665.6743854990211,181.19231016731786,20.345117195092495,276.30235967912404,310.333841790061,266.8107742172818,37.03068214184121,50.10610883322735,0.292501185236086,236.5537519854787,163.40332109872156,3153.478943486586,2627.0705808298594,3242.9552037781855,3935.239800876881,1493.943141140691,2482.95471748578,2033.5527900271575,1278.1124385562991,1055.961813437113,707.1998636557859,792.711348875553,527.5858960520513,791.8237932728407,704.565216743272,797.8861992635531,644.7378157205492,218.4738943308236,710.2948614870674,237.3682262838521,305.251233880858,212.832772227728,369.97682016771,573.9461470039241,347.8560719399256,77.82750789282733,73.61072869517635,57.36354114606674,641.1667910901523,75.18787120505543,484.06533781125944,388.9654208933956,273.28675474155926,531.5105640344178,314.5277233956679,391.2935393324432,702.9828736970379,961.0027316304667,1934.5991479568997,1780.4513092968605,1835.3215828069067,3441.078961453195,608.6569840084743,868.5205564648126,680.1085548883536,764.2663800956935,712.8437416706564,143.239641559154,75.86457797625714,137.34583721266634,92.34244272533198,84.50685554952526,68.42636576377517,141.76667579340835,2.3451561224046866,1211.3897405383575,191.73255054148126,146.35718276047166,47.02599145737766,56.28023945967715,2038.4961129617102,954.906577631065,1686.4703918809892,778.5011632469333,204.86648211132768,197.60867269172138,621.1673967246328,441.4156515245422,780.1848899504052,1047.09200446573,291.67902786522137,980.2170978101188,1432.8378813872735,1829.1929669275835,1125.8363570970696,1038.4246646997808,943.1764119990835,486.0264777030795,950.9065127747825,1138.4555761050754,2411.369097435938,764.3591710026469,332.0058582096676,89.67025942228905,63.360541184103475,50.30865909600374,233.8741692705995,78.72420395079837,72.86533029088473,2690.314282548122,3270.1664024464294,1866.5729335643562,735.975319054824,1514.5393015172194,1162.1982809766457,87.7385650429985,135.8672611295401,976.135808560628,819.2083796256287,1918.2916922850093,2651.1944818157763,1625.3737700046033,782.1672601877614,773.5978231389097,490.3529843150517,281.2821668948544,65.1548425276849,262.1948854734135,752.8987500936345,1024.3692869076008,1048.2571779552004,1566.6272952813124,1753.0503193514178,1222.439108847035,104.0165925207112,1649.0970103237332,3104.6972592725906,785.8317474986671,27.134119290369373,23.144881209969743,91.38099767712593,19.68880605570824,19.527166399464978,30.137685175910473,23.8733489143216,855.9196459499374,4.835350935181856,572.9365395176961,36.701216787189885,666.1986958726835,40.863395212746745,51.02309745925191,25.99166854507956,233.12026611495114,35.19295868380431,173.73472663088114,79.67135259883555,92.25157373297998,128.07284640150144,402.76656472642316,119.52924690051914,203.90811882945508,58.81246584335785,200.81482088637108,471.28412880952567,287.1525238793287,348.5587980051871,313.5766234747815,556.5433810814523,117.8573014168541,201.5971087460026,57.50949293525894,225.62602461916882,18.453102187354258,37.15025618150104,65.90053028144305,86.34446646872357,74.28594410495764,446.13654531764763,239.40133760853504,143.83772695324888,114.71654466244787,67.44310880411366,68.278797423922,60.39529801486918,60.755983106683935,66.35493249889943,167.34282509559046,52.584753745885735,57.43593644649631,235.82864377886344,56.55036651686526,158.92255884169688,241.67052170141682,565.1203878311222,1817.2902080490271,2174.6927202910797,1745.5038157806766,1288.8807678623953,182.34131563414456,216.83532927262775,69.51658944406539,210.1410629195397,490.8161356286925,402.24252662759943,170.7359377732308,584.8049352069534,188.72693927692595,544.6167851569184,591.8869822480693,219.9534986535117,525.6516183535417,547.8553439580619,154.01365517617356,560.2162339014961,203.34942685381637,179.77233593264407,23.382500245736292,273.68680870797175,191.5311558999926,407.49398193774994,713.4198479483682,550.1714058674169,117.61824958443349,384.52399289060094,118.80627992823764,96.01644850115963,332.55945244456325,263.7927142626954,521.0933987744754,515.928329599255,276.2462805371263,279.8470995999452,116.79119276687885,143.69181687708036,64.74945318043878,506.12803005726437,879.6499533577644,1468.5840055188821,907.564311213402,1209.5484312986898,1775.3349130781835,2204.3216198012774,3951.0323854506514,2269.610642544558,87.91054403189618,190.8435503719087,302.81441995464303,636.1208294283812,272.01663935144586,288.54109814574946,293.3192379741396,388.56142057724725,697.8263754449209,312.0154624818108,315.8105148695536,302.8859146393245,1386.3209863188604,342.29597753172254,135.462497510857,395.7634304318546,753.8060501009076,431.19020588831575,86.67753294033314,189.40207908979332,24.714825683604527,252.40283417449595,680.9642485444564,982.0381930710842,666.1834439440837,670.1409708521288,577.0796862384556,987.0386586960414,367.3794533284927,84.18686374459091,293.48129694200327,319.6658118984864,111.59020300273914,197.60704377285947,117.76486004806225,322.9202140841207,389.0022672680721,684.4477468188405,417.5522535814564,361.8897615441766,277.6389218248393,58.10742596461154,1501.5773004917462,2156.4840053578446,1512.231828842031,1249.7972962757062,2047.6397348532114,1793.0055254877504,1350.9012492004508,2018.5369830180284,1450.0996640900403,2185.54829271385,817.8141378720502,609.0141982303858,238.67920568253467,901.2272565390454,45.795185494616504,487.68919275292313,707.7426866657827,657.1108361106418,1030.412065499295,810.6674310693226,38.55893817037718,271.47661929711853,56.11924991789378,138.1974200984135,355.0523236468502,303.39020075280774,349.968872521399,82.4305764033303,7.0307483682576315,28.216742762981017,42.8608436212161,130.5741808277972,666.1241103139592,122.7386530144855,750.4423951817083,800.6302070212931,232.30327810530613,132.36726082971427,689.1721340517101,183.78044156718136,61.59570533344323,42.800987817067075,315.99743487701716,623.2620614369841,261.8822528918274,169.24948290325415,104.13250451701998,173.96360708992202,73.13536801599018,81.27585252893455,127.54374793322789,208.27746393779887,331.05325289610954,312.1735701527226,206.2624265908617,728.6478504573814,693.5622768592251,46.72900754320551,81.20142909216855,213.9115209686693,347.9445715735536,108.43543137088113,248.4395115558313,221.3426641963922,82.9670432532464,92.08987100736678,84.72736341648061,265.4593053804405,517.3053463943334,84.865912898235493,162.4593915686992,609.701096424887,1749.8148096061857,141.94938912680274,246.46445608289505,508.6266100805228,351.1594607137908,50.112207390207566,55.48457154413638,249.47653224350543,411.4495006485621,80.99393951380928,204.06198720847254,401.60298770181544,191.48175051683475,785.4251743584304,1128.3005160015628,1073.340297860169,1470.168254255787,325.8401082316292,517.9673459637756,354.94443227336535,147.02930693925987,165.0732208598097,668.1810641417303,734.4388849593249,132.32900145686213,26.54396558049981,41.31897179969106,101.91832701466514,30.66233809339273,70.58819835260446,10.212270292329414,43.68555463554312,117.73988824288077,140.77957100245263,467.97972025150904,178.499190104537,263.5244751523333,590.7077120779,213.2354778773915,12.647839919269808,218.7823328816442,0,0,0.08105879852879443,0,0,0.005900694515632448,0.1325047525301577,0.2069453060957007,0,0,0.03198469797368552,0,0,0,0,0.07453768713139695,0,0,0,0,0.0041488911629393235,0.12402156407433966,0.8193905441202496,0,0,0.00278743202883539,0,0,0,0,0,0,3.4045532064785418,0,0,0,0,0,0,0,0,0,0,0,0,0.7298413289381886,371.6679545406753,1.9829708745051033,117.76659066282629,4.167482760957424,0,0,0,0,0,0,0,0,0.12942050964454438,0,0,0,0,0,0,0,0,0.08227610290889967,0,0,10.218141419152952,0.0012341162647496664,0.9256443715143432,1.1425661794392992,0.5261211057701113,0,0,0.43791733167592944,0.010114688486490669,0,0,0,0.4305093651470809,1.3022987103298533,1.4357316701855645,0,0.007283716437957175,0.727164134011779,0.007005928420640777,0,0,0,0,0,1.3239747254101941,0.06664412475704795,0.12747474374204051,0,0,0,0,0.0782140789833815,4.8572172855820375,12.239763873525508,3.0751960090252144,0.43435194148384004,1.4724228151129235,9.982008712300255,0.7132066761636147,0,0,65.36970652023693,83.78078538492053,53.385828411920976,39.50945672179151,54.29232157120144,1367.9520028676143,1171.8827018803681,1632.1930837204045,384.84982077547846,1400.5991934037886,1248.485107891846,566.0011430303612,369.68154051143586,622.3115388934125,2793.391636138306,1530.4213180116685,1492.0555338819463,3.342023324856557,17.84712644579646,3.7883936520753125,10.233848419453482,10.305434039093946,101.551306290295,111.28598903108254,425.96711822196676,66.4030729542311,0,138.99999788541732,538.1994061589088,168.93804962039633,93.93848571378632,136.0397519565763,528.7550415917369,435.03270671412207,1387.258248793009,893.8728939830214,1657.6244736159074,7.4853483009502595,98.046927364644,19.77377954592275,0,0,25.098522786172207,71.78033407046813,1.3008665911969564,0,0,0,0,413.0601863227658,0,0,9.90168228053387,0.12363465216834849,308.8620596793036,1362.6038257151413,66.04860646733594,1315.3298443005492,315.6489360727918,1325.8659531298415,1398.2483658159113,652.1204528287523,225.14790168772103,0,989.3007091936785,525.085787038706,188.46554146881067,53.84103161313442,35.962488124103835,287.7803891000303,170.99624079356252,363.2002061815051,37.14474134623068,53.526512718743845,198.15300747036946,535.3894889206377,1193.5600019493288,43.62879095779797,7.963425322202061,258.19074417222953,335.38101828101384,176.0026385411288,442.92444666673504,158.64194297293415,2088.026897763137,3007.282725664581,2814.0014042038874,10027.495721969648,2390.0049962963813,10114.652201737015,3374.1173446717826,3316.3665993319614,1490.2223712586479,2902.6174228434384,1790.8283910651185,2007.3564105944372,2663.4545578456277,1061.8672204156512,1477.606070036774,2319.379076015876,1579.5982757567635,857.9958747308887,348.56042634783375,306.57064147734917,277.9873316108642,421.91888482388487,1303.5183457977746,862.2723386332394,2131.457529720634,1090.9023310710445,2214.4803564496,2172.1266521371967,2583.8629278152475,1849.3992068418233,6366.203710928172,2944.569461642052,13176.875235391692,5974.0842297216195,13788.563943523732,463.82285335081855,17.78200401426713,403.9037003516924,60.405026474068585,1903.9083074069615,302.2367039943587,1.410640846265096,561.091196088936,221.86088556418338,551.1745507107998,2.218755479480944,396.245335572152,387.3449889729123,215.82951905104073,370.0409937733811,268.41636734123074,386.32153159466264,229.35497091667503,493.23823347532704,465.04816522863854,80.11212993244783,616.5854942035435,323.6458744026308,277.52069188685937,269.79760665074525,1.7643371519860733,0,0,51.907286201430246,15.839809426320283,34.34813498184279,0,0.7773844745626229,7.483320148101712,5.122968442367279,783.2258677092574,368.2523732994089,343.0005850951312,17.261151492657227,42.28588406597971,60.619103967452475,7.701251414226725,87.87880933036357,60.604905831326896,110.77003752503333,449.26608349060194,97.73786392565839,44.33673644879047,150.88471389461148,285.83506549132636,786.9021958726585,611.1944765871104,924.9567679616255,780.3794094647538,1301.6896018492566,301.0574547849878,259.14282770738896,1338.9405919914193,941.9577447972738,586.3506723976417,104.68525039134887,173.70296523990282,395.6200132636373,142.60832468941794,11.3967903603106,30.62579179219797,136.43933042382318,22.3859859393236,4.856782187098283,12.884222018941793,6.08503150157216,14.419011705906339,164.40947312804113,865.4396571679647,383.3650874585374,128.04297317872874,36.932950063631644,6.8025114651011025,16.294708730555566,28.76613585977406,31.26055860666006,15.036462489708953,31.506528877953286,31.75475379669161,29.52400001620752,0,0,0,30.718241309641236,47.26207032086501,64.72576246340209,48.65073255500075,49.31531939258794,46.979688147073716,0.9794229362741746,0.9554763150018954,2.115450291025843,173.0526950544412,1514.4351455780916,1915.187303060143,85.90436831661658,6.769344340670944,52.1273727434608,24.211930994732406,24.897804711471547,1207.6565924840081,4158.30786609079,185.92297957284362,667.6279883495021,183.00113272850948,5.067550945586585,327.5701163246991,8.507374203938868,82.4285979236722,22.70746957838554,0,0,43.127693261650926,117.29620950001478,1471.5726648594473,1661.1105855208941,1306.639916484502,534.182743396108,901.7381634913784,378.8871465602573,263.4039383725924,237.6478565409032,2193.854591720543,38.97715547167919,42.90062167458063,42.70239618762747,10.336900037423918,102.11574487283994,855.1478175093691,687.1237116911693,912.35645362959,139.507013952498,122.56168185300815,232.44356550134344,45.37892202518428,15.247185745117873,88.18544588357749,2.5353840481907186,2.354372588190915,0,0,668.7580095907396,1221.3077085473956,1345.996236872009,728.68008379435,318.4860870861298,0,0,0,0,0,0,0,13.022770431465403,1257.7427572430472,4320.119638561944,495.4734795985822,14.198332020834457,37.87698290210101,72.74255299706849,72.29959085582227,192.90244211570518,10648.905277836942,10115.427590576877,5708.282675059699,17.68713660410418,34.31493720826726,754.1872502855689,249.91057516823435,19.18225617337437,26.798846656772294,25.170513955212208,20.709672895266362,30.153194314794664,62.7050895180076,25.571524432560025,107.73015873920127,860.6348571131086,34.92167886729728,138.17204604626912,1250.975802985148,62.43217083928913,457.6614966936754,449.3453209006126,228.81025068493028,37.14130380312394,68.46660209767568,1041.669871429072,393.68571815821656,576.0092193191543,319.82959512972104,186.7059622662381,273.8187544572652,113.26430066308852,2678.7246279717288,57.65535039348718,4836.3961882451495,3957.441093317558,7688.547964170183,1786.5229007922671,161.89546675125104,661.6361453695354,695.5587401664953,357.2518881691608,2303.930616716218,504.47695968669876,391.76527717746706,31.357241453334805,22.52299936146687,17.032662864501543,335.53560917179067,8.62129005819623,14.177854472534898,404.99764336347675,140.00213387036163,397.36963888173875,39.0070079993935,6.284813123415765,1822.6546126576939,16.044761046362453,30.86438667247207,562.7894125880459,19.79002795077261,487.3750544365811,609.9460143426978,13.562413792481559,525.514634083926,16.44301660373931,14.100239070199825,26.607860879580883,39.00360035692279,462.7387474464507,1033.638822199759,107.91330811981243,850.9973174471103,56.04540763951637,912.5146670274105,301.6069743338004,47.556370151205805,31.95167100234745,42.23025683250471,27.86425632271903,19.283589369019705,61.65178742447082,588.1979429671536,30.382705174460636,346.34858158548565,18.449815553486918,33.75960733704468,595.4313396775947,3558.1713718538294,245.92612257300615,1313.7752537185722,169.9813271604062,27.125536409041146,16.583721327525005,23.471520296283547,126.29155198727449,948.5394119197096,10.162608703328846,44.3472194300834,2363.203506624424,3130.736982830733,87.44483373175983,1197.1219922162802,30.64510187763939,24.756646227190913,24.979215008798032,22.75129659237676,77.45084255318109,58.77438034731136,22.371570695733002,20.618406247919783,21.876208791192887,53.385853364420434,20.62033936276698,156.2735360671057,763.3063846211929,64.83968966337804,57.302487739464546,39.98659302579723,100.09340176395276,116.76586763469443,2000.6900893397608,1491.2892212627703,98.46921581401928,593.4410342942938,323.26224935268806,119.27826275101347,131.04325117241524,737.541963903029,751.176068638256,1097.345327760304,88.41257629412604,2931.040355717066,996.4747802481332,4486.267122497294,978.798706992445,388.1923157402593,4313.50059415664,125.02565269064672,16.992592459650808,20.713900153564083,7.560739647004066,1044.898637410987,826.6598651658303,711.4798729459919,398.2002844421959,392.43689934673307,300.19815450506593,342.70796197282675,186.73204280341275,11.161039015591856,165.8481230905802,267.3283978235979,21.106252624640746,195.69613100173322,0,195.69613100173322,116.81793737275275,290.3895848289612,108.86662266964798,122.31313196533132,252.26379589656682,357.086675538362,123.68727418421275,447.65683153763484,132.80047988606316,129.5986933388925,469.2412628726974,24.13839622215821,208.66204573828966,133.87750478748268,189.00018489508727,1814.6097608217228,87.85619916484255,0,0,0,0,0,0,0,17.224553912798807,0,0,0,0,15.414207822056301,28.55302583080776,37.59832764248991,105.02408051699997,295.5409178370603,5890.188509008916,2992.703489071442,239.44126846417348,18.79148316549501,6.5525409867329145,4.778690742132744,7.751173975954431,7.31254455955394,23.67273186139728,37.10978394226371,2144.0479716124723,5259.72454409985,2721.6493365759884,749.8812223837841,497.56393203824416,448.8402789734341,12.94949276017479,10.469276185310312,6.940586267385805,4.904689189285621,4.872417405363817,3.635490311838989,3.6472958809332527,3.6658973701472966,3.6126360374842057,3.6292782409996995,568.7034755624725,674.8025958173902,2.482941752523881,2.383776342503956,0.46084664505887485,0.13712218117887062,0.5127442222698265,1.1728339564353032,0.34593301772322027,0,0.12600859949441148,7.767970332054656,48.21488377790765,4.25728491773418,4.824216379891565,4.818149208566583,4.8189853834677505,4.887790620590744,4.784302028792381,50.892898791078075
10,215.2691188440464,15.934347321864275,122.40018874028644,246.15230590740052,242.9763165613297,4.815399398851488,392.39658099688046,279.8254039947872,268.8532238919872,195.4958649550345,116.01356422885937,206.71205087953842,150.7663781272727,91.09566507606526,4.226775164539094,68.23247322404825,79.55545379786992,1099.1929964468413,189.1723063044984,941.193102226879,22.027561164286112,678.3113935526671,192.2336014518317,267.2904118182289,86.72540916658377,212.67549632739593,40.090541025086175,164.96926915640967,322.99301592867465,788.9398553973195,2159.585804580211,1363.696036519827,2333.931861458485,2992.168509447199,2896.6692807166096,3209.613095201552,1376.8927332674589,150.3862069514297,71.78091776691596,50.25490402515938,349.81934279198447,83.06681388540925,205.5073230895357,1214.6242809179346,754.799554740447,341.25233903145676,21.203213849725866,34.31504122431347,190.35001310076171,32.544308558275425,236.62955949481733,147.9389353817438,1.1561343896125678,168.4024903713202,1.5428915506930627,452.87442456061785,260.9695664453321,8.636351750072912,1.1688328184060617,10.461303536412585,1.1866210562668558,209.00457734944018,11320.796423653452,0.7204449917659996,1.2474621221743691,1.242558599001623,3.8681411718706142,1.1797926403507757,3.1106544412553236,0.773970435509162,0,2451.4790970820472,4563.124589013334,358.6525402401142,0.008206577005546384,1.8373003751972437,0.030121499849686456,9.711370710621962,0,0,8.717824303756299,261.12668479847395,0,11.55176276205256,0,0,0.8933785969374789,1.2517502780309504,0,0,0,1.727505434506453,0,27.000705650428205,0,40.734954086419016,10.120447248107661,3.7076613744627873,45.66465286537248,28.096518511326444,2.6486100942446527,0.049322354677942354,42.11113789466107,34.565217378916934,532.6249066812669,37.27183836080459,0.2938230168583581,22.7707668309583,12.822998005286843,1823.4714021861823,408.10291340791713,6.122220107102956,4606.572437499931,7516.559020063297,5.856296605159196,463.56018623997045,3515.822679045766,10.724025026859753,15.430710583505624,76.77551080380226,0,26.62702690121977,4.677221271618755,0,0,0,0,0,30.998812328557335,0,615.2662124000602,0,40.10542825691794,10.524557514561971,0,0,0.03468678205739719,0,0,1.0848858101212993,0.7011748876007998,0,3.969131455061331,0,0,0.7987223401649419,203.87305393134815,8.304638297381837,0,0,0,0,7.2597549040112845,290.0726912443684,2256.074450185278,1312.2070818158165,91.63868986544904,0,44.62724657781694,324.7674402695688,11.534336387119454,8.389419240169305,0,0,0,34.34348098431419,64.7050554438216,0.07969796232570749,0,0,0,0,0,2.5531395030630795,0,0,0,0,0,0,0,0,0.06947422455371804,0,0,0,34.17195032694086,310.1556609824067,39.37949205342181,38.77866173370501,810.3549878818635,743.7643577496901,580.1928399910614,55.63042945581484,1162.3520839982255,587.391536305962,73.11017023744296,0,0,0,0,0,0,0,14.38991756703351,182.21938248431402,9.895000870031268,0,0,0,0,0,0.06715670292665826,0,12.4757211304276,10.821254029579148,0.5369748383922851,2.6442811169889953,0.2434029620784411,0,76.01846319687851,1687.8609289785159,1757.7469566965972,525.1533537695374,125.12034802019149,0,0,12.603125213640906,0,0,6.6261020894559595,10.497787343293938,0,0.25299268102723454,0,0,0,0,57.905597419199424,0,11.832053642885802,0,21.769810785104518,0.7612036754355422,0.013825703814581985,1.1386855425888223,41.65418984541887,359.52736074484073,212.50851921154836,236.95644333672243,437.1683577574394,162.27288360284166,44.43857244760599,27.687202418394534,505.27774199433253,0,0.12598272915511424,285.82949174847283,241.926549684218,1487.4152612148462,2955.0965818103514,3994.282730778414,1167.8336760336529,233.24863339567673,475.38225599614265,10.362598811968823,1.1498114752650288,1.0471187328593416,12.832908464824193,0,0,0,0,0.36182599126807424,0.8294236506375244,238.78269854048077,200.58576403648522,263.45201869557405,498.591448289236,44.56180120186081,906.6201057677122,1048.930200724715,29.79940318138451,9.982051315622348,13.543788886446313,20.528244540374143,26.595672282013826,7.814763206340358,48.5379432592766,29.666121814736414,304.38828976175597,97.97110436117794,246.1844780927257,971.0324658832099,952.7890362654845,1456.6113056633176,2859.0137147970245,2592.884810927308,2383.2923084683325,1253.3182751594393,2096.037190069341,1210.639439778929,296.43798722055203,765.9146422599827,567.77832845216,472.4576146516237,159.47947338961933,48.420304709197694,40.183226124660706,37.07252147586208,16.74343090384013,65.85833468943476,50.492128195356706,2.606576195619979,432.44244052341253,87.0878550854686,762.1102463423064,434.78114661594805,1088.8915702388806,6243.071504801854,1903.5075972257443,36.56290060570158,0.9122001975921029,0,0,0,0,0,0,0.0838656089785173,0.14167134296772754,0,0,0,0,0.08547320526672461,0,0,0,0,1.1570825611805042,1.146390177532361,0,1.2005068823644225,0,0,0,0,16.815895463189,0,0,37.1019949081476,257.2139073396514,19.523948846456364,0,0.17366714913695572,1.2309420596259875,2.799611036647342,43.347163464851825,0,0,1.389465913351926,1.491664055295272,1.0571479980998904,4.916060783372718,0,31.37477217703207,0,13.63920603904109,12.521733003846482,5.770188032267513,13.778703689001873,47.59386644651558,0,4.959272629672407,18.997379095022655,32.47627007039321,0,0,28.646109742316696,0,0,0,39.14851869471382,30.024083983016357,0,0,12.037072855940286,3.4811520686784676,41.346978364507834,18.97696085189607,30.91450597936856,20.02250416817733,6.63092988484245,594.9744490062486,0,1.8253919445693803,0,2.8135731200260454,4.48532371689315,0,49.5604641072408,11.595057589415315,4.0075950716157,44.24437724844133,32.64515871314885,95.90200982793938,23.917231885287848,0,0,0,38.69733008252034,15.338280627531754,24.355937105707227,0.8722873388417822,5.335487670450025,0,0,2.04586258706398,3.16492206548137,0,0,3.007160263443827,0,0,0,25.842331667463235,26.745054929415968,0,0,0,0,0,0,0,0,2759.7366588739724,3201.1015354520177,4784.881417265686,5131.577797667888,4127.206157590371,924.8156004245072,3739.668206100153,17640.934858309818,0,655.0848937298197,24.059872740714393,137.41464461229756,788.6886544485258,133.7582932100283,63.820460679865285,850.0692709124357,91.93140226247773,102.56500509787878,392.71726458104274,106.88464497902166,42.051290700840646,331.86869744504645,144.65954582413855,526.7479625265432,921.4984938721436,151.06289309966888,515.2606705152484,196.60974660402397,351.1372714486107,710.8046679187977,1114.986984235352,1015.4557899794155,334.6462686235456,6159.346384672539,2924.0242040936564,336.8641676002304,718.843740686624,84.35564543212048,792.8464088795915,433.86813111023713,60.433693227398905,33.5404307945942,861.3913357345326,890.9945028936551,62.85541121062074,1101.8023210973965,107.2898082484847,995.1542981422674,7006.147400826937,19287.632796972295,1180.0150842412943,1016.4709717051813,77.2326840277457,392.37911817706345,709.7354792332486,1192.4442554956886,415.42959500010693,91.35432926295171,29.318827521712418,326.50981285309024,0,1110.0714982021589,572.7232490384943,754.9758068299407,128.70156601623728,100.00429569807409,160.32545219501975,538.2854381940696,591.1634992374302,231.15285027290062,57.184666899163695,26.15028422329757,23.796073592017624,15.998930461389037,7.028924737013912,6.2702095126362565,49.21517861582663,7.0416445213341765,581.3814306180997,670.7358376388883,356.81357786797304,2176.0982434767907,9626.717682638951,3390.6543910065734,4440.435029569252,975.8850929156312,7.898855270671104,61.22474759249716,9.177504032324237,0.25057131856986964,110.25364669193205,2.641893852512201,1117.7875526182106,885.1440425028353,144.21475132638773,48.500133738823514,27.176318393172657,170.52579094325066,111.81361996646326,693.5826277008052,132.70061871406512,5.156579106604726,65.7412853141313,187.12252528455966,496.2127640370096,461.33213716391367,475.72345884542983,239.10195511890132,10.731760778827734,148.60546364464375,567.930431104755,141.52774612172325,20.269691218038822,4.933819445957296,18.25581466502887,57.668097159493726,1002.989367897163,1193.9692243523061,2718.9821004971986,2066.7814182422553,1507.2170751273645,1126.925468070536,75.23342212474356,229.0262210010547,784.2368404260864,1495.0321107163634,529.6090705291411,305.4873815618933,93.55551767237759,40.34970153875564,25.00823892777716,250.50772223286762,4340.245089009735,1315.2120495470392,268.6127843747778,3176.654271340106,3751.3981547674316,966.3507836953452,3630.75724833435,319.5551247585841,171.20061239011312,175.24796612314242,0.12927738432293914,66.71277162792785,48.592685726807325,0.1674757373146445,0.09886564588437019,2.372540726396507,3.8011001549476333,24.821727040276908,8.421884004639042,26.45453711128853,167.9634319345927,293.30281918458854,831.1073964885057,1028.1688792188547,84.55763044839684,534.013251663482,3141.2986504314586,2823.320339069698,632.3478983536846,187.57313169169967,17.552075353588197,14.133841558549044,1.4900793674968997,51.392237767361394,15.104924383658494,735.6674375037287,915.0852282119686,524.4717101096687,404.00819024404484,233.82206709480238,1035.9787259584753,376.11736805944884,106.47839322424421,1312.7766267363722,184.35676321811792,2.27397863244482,41.434259430508,68.36234058982305,17.55203411294518,4.812727053501503,22.326761469503413,27.937425970821348,4206.581980041942,95.91192137283764,23.924126203654026,4.8263763444180965,21.224069139789695,947.2371891002718,1502.0556918917396,157.11641507407708,35.26931561965112,30.373764165543655,163.56802952572843,110.02574033760305,659.4399973514128,73.65914784583505,1009.5538608531798,60.73166315073835,1102.4578086169372,2804.435092720048,3208.012475679933,2434.232912534039,316.18053291478077,101.07236206143575,38.587131042447474,40.26579222416212,1046.9820814085251,74.64411435788634,107.69968509280534,76.3990038313378,877.2508022208538,285.30093267887656,620.8864885676528,42.10096705689715,596.7290386693302,851.8191379101411,226.16353521103755,35.99994481994937,60.347224479081234,1436.479737887615,561.2834620059896,615.8555422040263,258.13047556831276,204.31781323277048,106.16711446547372,115.48794023736382,8.170979556070412,12.975087011152647,32.49030073481436,2.9389030320939225,19.721144685699496,535.7553322915011,1141.4486012642526,108.56821922505137,830.53296485322,54.83425352712926,4.810167658705977,100.45397444246218,0,0,0,0.00877843503227256,0.17514447704153616,0.0176894709061373,0.4848760371899719,0.03572555806044534,0.025271079148089775,0.06143692870267804,0.0660982560898225,0.24468537829086554,0.09478485856415997,0.12109832966975224,0.0399763761949049,0,0.04055930503504532,0.2479443654147612,0,0.008190036127413128,0.022651979805403028,0,0,0,1.9035445131748578,3.4381724866218386,4.819677300587135,1237.4733175600497,1331.5318547833692,87.37043413046977,15.532547718872763,83.64491537418442,49.91980750896733,67.65913369470454,2.78811910424607,2.0641067449207737,3.014233974967918,2.520756518596547,2.728278820481312,482.11509483907065,776.7622499333236,1338.6371827947114,7.495011142366458,77.77506948022828,1204.7007984892489,1081.336360925227,1910.0123981386148,677.2822154621315,2474.7975856478215,831.0806500246957,66.8623435061113,2.8189006877181018,34.75756825156479,33.47760101061349,41.424034298204134,56.78901816761989,150.5890984711369,234.6719305355003,55.58076624216089,32.27944673239603,1.0475686876000885,43.750831402898946,106.16500516586947,1.6712740374358075,2.622185542866917,2.6587073475756386,4.810910461435028,0.6650648643055441,3.2181305353031884,1.3498423285389431,0.43786020618846766,0.48512863233221315,89.15327616577412,10.475071890941372,918.5592780770226,97.38937132544922,327.89071083622787,19.054982188095497,26.847302630286713,589.7046359988559,166.3092134030321,3052.9820977511017,184.26594385215313,1642.6452968228236,9438.72817034252,1549.3330691986218,35.50948617526748,0,112.13110486468915,0.13249725823153735,0,0,0,0.01481186514464384,0,0,0,0,0,0,0,0,0,0,0,0,0,0,0,0,0,0,0,0,0,0,0,0,0,0,0,0,0,0,0.02991723197633518,2.4358307757856723,68.01943028015059,0.7690448520735744,174.67229360326044,1.1415610022134932,0,0,0,0,0,0.2063717819981932,0,0,0,0,0,0,2.4704800666696416,60.28225810485794,17.68892813480999,109.07425641940992,57.60140086716485,609.565891283008,2554.908195272799,1848.6582305190145,1282.2967334982156,462.3859002505129,248.24447291422436,1232.409665819654,2158.113018851248,1948.706528068829,6108.827881064862,0,0,2763.775504316378,3285.853412847344,608.4907334748508,1762.9747047964747,2455.5015535774714,2060.4744768172523,1917.350364149832,1883.4657602939965,0,0,0.05105755831114353,0,0.15769159931976665,0.01949114922035245,0.01288038942428575,0.049192381564252714,0,0,0,0.05833950409757464,0.17990426716368832,0,0.16345909091022454,0,0.29348343856985987,0.037294751573322765,0,0.3940167326646321,0.05422084154755292,0,0.04050609611613891,0.031072666256747296,0.05659833730177356,0.029804433885687386,0.016011139723988176,0.33443647968217194,0.1171692589931317,0.07711910470423171,0.11376303948654858,1.0601129286012547,0.5748994779335348,0.012117603594947447,0.07115129313703213,0.08419063811382357,0.06736258956930838,4.582818938152755,7.078352376414727,8.883205449004356,82.02748194384674,50.87052018654985,173.57134355919504,9.089919278369194,15.451272291177922,28.70875803869662,1140.2343109557676,0,1088.664842537113,302.7956581795309,32.81883138212181,1037.4792641586903,455.4078712482018,1245.4634284146484,743.1242186735981,675.6150467255139,355.23152021909425,33.06899630547423,17.90603652454102,204.06690722444225,26.67386065188955,10.379800085095011,82.63423281104795,9.396377008806917,133.69875468608035,29.055843467772167,59.274362778940855,95.68977642501429,120.06420922179444,6.831252538086563,4.8223574879871975,14.941621360907249,17.001363091490212,25.605197187696973,24.689795092035883,32.89141831858656,115.39255795691815,38.155033355744216,18.79463769225448,14.145845564786738,64.50017934933456,358.43493861552616,481.58897004043257,805.858085494511,359.2268275078726,176.8921204130329,564.1991281197264,516.3220684002124,690.0409637977036,401.79383111145216,10.207325315705917,14.501021167254354,4.805590441220699,7.68175411680661,24.12211716738955,69.26550555767383,39.27511480953241,20.329764696006514,16.184404685894094,8.943256226438779,31.030270255494504,19.71097905645747,169.1553266470332,52.83620834849966,377.4673900459087,22.274623954685396,129.36828000920056,149.59454370899303,78.96035016363105,47.98255525057355,0,0,0,0,0.08735155428559421,0,0,0,0,0,0,0,0,0,0,0,0,0,0,0,0,0,0,0,0,0,0,0,0,0,0,0,0.549666090645301,0,0,0,0,2.070567521287928,0,0,0,0,0,0,9.688321710547608,2.7333613916890283,2.7692974937745296,0,0,0,0,0,0,0,0,0,0,0,0,0,0,0,0,0,0,0,0,0,0,0,0,0,0,0,0,0,0,0,0,0,0,0,0,0,0,0,0,0,0,0,0,0,0,0,1.1406841811165047,0,1.6682730131935635,0,4.042045301299986,0.28047062760291125,0,0,0,0,0,0,0,0,0,0,2.4029050599892745,0,31.674568790054977,0,0,20.332675422624504,44.122495743508956,1.1316764234170087,4.303787100111878,16.52984064476313,178.37032486115277,44.73769888510831,85.49268529458602,67.1093503379422,82.33739416828918,45.369007689317556,313.7233588856673,268.8791714578361,369.4653195769214,344.9681917581682,228.54513942415045,320.0023442514125,1089.1538868594348,478.2765490711186,548.0676385037563,1479.398004986087,342.34042314009986,134.72008302063333,0,0,0,0,0,0,0,0,0,0,0,0,0,0,0,0,0,0,0,0,0,0,0,0,0,0,0,0,0,0,0,0,0,0,0,0,0,0,0,0,0,0,0,0,0,0,0,0,0,0,0,0,0,0,0,0,0,0,0,0,0,0,0,0,0,0,0,0,0,0,0,0,0,0,0,0,0,0,0,0,0,0,0,0,0,0,0,0,0,0,0,0,0,0,0.14307417094040153,0,0,0,0,0,0,0,0,0,0,0,0,0,0,0,0,0,0,0,0,0,0,0,0,0,0,0,0,0,0,0,0,0,0,0,0,0,0,0,0,0,0,0,0,0,0,0,0,0,0,0,0,0,0,0,0,0,0,0,0,0,0,0,0,0,0,0,0,0,0,0,0,0,0,0,0,0,0,0,0,0,0,0,0,0,0,0,0,0,0,0,0,0.020501262928377433,0,0,0,0,0,0.013064818145892703,0,0.11765716637949945,0.12849427586831197,0,0.0151270966955683,0,0,0,0,0.017131304653524356,0.0998978919423588,0,0,0,0.05571079341425303,0,0,0,0,0,0,0,0,0,0,0,0,0,0,0,0,0,0,0,0,0,0,0,0,0,0,0,0,0,0,0,0,0,0,0,0,0,0,0,0,0,0,0,0,0,0,0,0,0,0,0,0,0,0,0,0,0,0,0,0,0,0,0,0,0,0,0,0,0,0,0,0,0,0,0,0,0,0,0,0,0,0,425.19257435563355,1847.8478903249345,68.65393720935778,0,0,0,0,0,0,0,0,0,0,0,0,0,0,0,0,0,0,0,0,0,0,0,0,0,0,0,0,0,0,0,7.867777713850492,12.754671934577768,0,0,0,0,0,0,0,0,0,0,0,0,61.2215999311987,148.51249880837304,33.31691360708575,113.3004403875696,44.510362722935355,122.1513623867929,17.56535610349416,403.8993354793948,43.03218722119951,63.444187287071635,145.86957975513553,79.92431902390413,7.496853375248914,25.438561051964836,8.856142294413846,11.832482171468907,0,8.197037678427158,4.130318150102454,15.181234102064755,186.368989760468,44.94923590193063,4.441697923139378,0,0,2.109550223964717,8.715195528153018,3.8748336160474843,0,2.1535749966034654,81.31815155130485,56.326207104781226,31.35900181848829,87.61966652502296,17.665724081713453,181.26120694016583,6.888939569072536,25.684200172116768,56.1147158299752,6.509092366219205,0,231.776871046928,157.56066380845473,10.792111552820517,0,41.06990670440644,47.548855370819894,572.5963964651371,1316.0758490057906,24.613288964271675,0,16.832277610536973,0.21461426371697354,94.09336946521157,1189.4673594796182,476.2917924025053,0,17.669291556286893,0,0,111.83458429148384,0,8.533957242855333,182.08107060579232,174.27573067729543,8.926258443156959,0,0,0,0,0.006642857396714684,0,8.832703981349518,2.185119228979118,8.247617733893872,0,0,0,0,0,11.579081346204427,9.312259451999125,0,0,0,0,0,0,0,0,0,0,0,0,0,0,0,0,0,0,0,0,0,0,0,0,0,0,0,0,0,0,0,0,0,0,0,0,0,0,0,0,0,0,0,0,0,0,0,0,0,0,0,0,0,0,0,0,0,0,0,0,0,0,0,0,0,0,0,0,0,0,0,0,0,0,0,0,0,0,0,0,0,0,0,0,0,0,0,0,0,0,0,0,0,0,0,0,0,0,0,0,0,0,0,79.36487311308701,0,0,0,0,0,0,0,0,0,0,0,0,0,0,0,9.184312881009332,0,0,0,0,0,0,0,0,0,5.820382312092644,79.33330109598656,212.81850044200684,288.20246319198094,1483.3573523408352,452.6355554007194,112.97272965530564,8.398926920232428,61.60759230643095,11.445657098444011,25.628794768218327,8.925172404329919,35.620724007341835,25.648687219870013,33.01761981827936,50.336732733223045,16.136099236203318,9.928828942683445,216.57477873115846,31.92409526570088,1419.5289842203786,2729.586085227359,20.137609418710245,507.7507179349339,61.26009059965345,464.3526904847523,674.9809344746521,10.132234137947897,1431.1802641167728,1289.4446369514535,500.5574054370376,612.6019302096144,1343.2238183158904,3388.246772529461,2924.296789624364,4773.518929898137,1772.361497194562,1396.5406708055848,853.2674088926008,300.51884321130234,26.72121501165603,1060.4237533594614,9.99366828014022,32.071643400958806,9.84016063757487,5.672384965945164,20.14626446347967,13.33072845116522,54.358418536644365,9.938550141465974,535.9300736538755,278.36719606483325,356.61108874984836,189.63336445874097,487.25432407053574,843.9236064631773,337.67433725974627,950.6933348714114,198.4127250064673,421.64477684254456,1877.558633328457,404.581102619536,653.0217358171526,1489.124169120368,3212.4793650184342,1370.8347591674126,2256.7199111022323,2406.57520981389,3141.0764881961913,1753.5950007492422,3996.981503831388,2515.089946577085,10376.007220743752,11012.621856714528,8645.140524232587,4974.491488727802,2381.677941731687,1212.2764063356997,526.8333621305371,0,355.84066485747815,392.8449046909192,2709.434114279826,1424.950919268315,2664.0497170419726,2176.0734313086555,346.32530628413224,1104.3447001517877,537.0173687799003,224.40951965417818,607.9360054977876,1015.1903662996242,884.3910820997124,1427.4499078053764,2594.75767536483,3748.2840171396374,3803.5845519067143,1591.1549057610275,854.5953504836692,1609.2026546779543,891.57982037818,3415.531555713499,1416.2794896238986,910.5219945468278,1018.7423374687259,1386.3451846043833,313.2086462849781,65.39448632902312,161.33407035175622,160.1072272143378,512.4974136504046,168.93187566308498,544.3299973345469,79.37117688942352,437.8160929214717,1575.6880604518135,661.9683378933726,1554.251712786613,468.1483433541382,229.38117311998604,1091.0741244448504,451.90931658038846,1876.5010749792289,1949.6369868397114,2210.6940217059137,1663.1308840803028,1227.536704902481,1302.913531121576,85.55576153602823,1401.7067168973717,108.27719076413184,1331.4168002621934,1819.8951841103317,796.832786995103,474.4774515749112,722.125283930012,1878.3807065506985,421.05192646831483,2291.125829687762,2798.127269075318,746.1239356000373,609.6330533208088,495.4581452375504,184.21078294345043,5092.0779766892765,1764.9383809757317,214.06819192754097,5.244631721153158,183.36046084911914,30.913098714299387,111.0065486717728,33.106753377920995,25.718101965705383,33.22792513931681,607.7300838464938,1089.8935943780568,64.53424737928009,665.4028344765499,79.06373617969889,22.904295002699953,799.2152136855302,34.12151484818896,870.7572527625443,692.7556819048498,62.32158889306341,741.962039769931,699.3809080862688,1199.7361556153737,1173.8187637237786,587.8698518252913,149.12014473483242,27.386843527128196,7.578662096331379,755.047860474678,1844.483917994373,1886.2250330000118,81.10785826850794,24.777178067471112,20.210589529158717,14.954004892335059,18.620384508513744,15.271937064925433,797.0691774813994,180.20325074015108,50.7712234709499,16.09104934360592,26.434803139254527,15.282462697534667,15.289110304790627,86.30564740027206,437.6046764793997,18.264261194672738,84.50467424077348,256.34234371997104,422.40165750676243,993.568621026644,883.9748111029515,604.0173645523956,332.13716187012056,7.488898341321489,353.34521948464607,39.1751808346246,40.04962923927298,43.21684142393941,98.2974172470259,46.6695144527142,1063.9874047965934,40.19091274047283,10.378863192381834,8.889405602797451,768.4774917908674,3051.8430477426314,2767.497663416687,3032.975760039737,439.1499675435781,11.059989245809728,4.545258194360078,900.8503496359964,789.0797376238153,344.0137814469711,435.7062175167901,482.45052294388836,306.5792450939325,450.0503288634746,629.8480554070499,0.46253396225836674,1.1105026594615475,0.6194805579564061,35.12535541037811,113.20738111498497,0.08617365408168082,4.287948051214887,18.153333022320133,1.5454426014698635,0.9207664776802502,76.73663379593778,7.467066346147812,10.029318544791664,115.02430479588692,163.1589943217564,2.5905593186129545,49.1956279666635,48.522562432457704,77.1298831738733,536.2551225065565,9.615608758653904,113.50080876584093,217.17865443590486,110.27182102720217,107.40842909136032,6572.844144852898,1518.8326951338568,873.1072100705794,172.50364477468491,211.58865928460904,7.5994021400725575,40.341078613175924,13.070628108793462,0.9477620741053239,0.7071254143970068,0.8180490509960899,0,368.5276450244295,7204.13260567631,0,0.9890684790135329,410.1819895540597,278.0362394711974,778.2483393420472,311.88967672355744,510.30360377035583,215.16733557971762,1.8017386496821817,15.80707341842623,39.48648145133694,3.9363195558484345,4.96487935226616,45.495581536955825,21.795217689117262,2.1350009262963296,2.7476904041759767,2.2561192026321586,14.966611114122571,20.529773488010395,101.43497753925871,6.472881547901223,31.613066811457678,133.65313171022075,9.546895037263452,31.482340379140133,87.6555843010397,4.558513853138499,3.2864530386639403,4.623386551953133,9.143574734913635,5.822260822294123,5.944176420672982,5.8448718830866255,11.586422546538978,192.28927835415712,9558.10465677692,153.1551394488609,21.295070126408174,172.47623129244806,10088.730509502388,2517.17066922239,328.5947868128537,231.86889105330474,292.69955969541496,197.35769247154673,1670.1248621900102,8562.695130808945,659.0822979104072,257.3769485553821,7700.871573098825,326.61015942919073,224.6267265368414,49.492581980680434,45.46079977841867,297.2585395135252,46.79093631903054,28.439565382727814,0,4.2001571664160116,10.362802531873294,1.4584737386028952,0,1.5837061866792002,1.725835114726478,36.07737131472364,1.7894316753246986,1.619806164253327,30.296835418456837,10.342342041445917,63.36964231295521,118.52906140739461,1608.9414323803942,358.97120275127304,24.415054795002217,3.1067219824476426,21.545660177090884,48.607913309806406,32.43375616296833,4.633706077172289,64.45626929116504,50.727856272153346,47.07503547778711,39.064891730712766,22.42459508184209,12.163630420832336,11.11497745507443,45.16611930896325,7.780789965902499,2.953475347428103,0.8817201298655043,12.768918758832092,2.297889099858122,42.08764136550675,14.791208776671734,42.61832758785821,14.575347064159113,41.3587853995249,32.08214185961177,23.13351914940936,7.301967339064204,22.29860562788255,10.75062327111498,16.992347923871215,18.814533210868728,11.8602140412477,6.3628503075033125,25.215957050474284,40.289501174238296,74.31815849371674,50.47873724044239,12.23957747806776,9.56241105592092,123.36819759892091,1.2369492017662662,1.064126289652373,1.4950546185271578,15.422951494314711,0,1.2630302696854374,0,0,0,1.7494186738232786,1.0128768290841208,2.1082235433009684,68.77285711578102,23.71968231368924,18.476999159922055,211.25858664912568,1.4272980457108218,2.084723429905075,5.607413749450813,257.5802052873957,8.611846521893037,105.63756561167862,59.375479620814446,113.9179417361024,170.69225416893238,353.3984637832811,161.83020526074753,249.64164439888117,302.68323946981945,338.3921524277824,260.3959525988302,210.34619723586283,223.64945886683486,223.9912739519274,193.76704938849875,230.1336617968132,486.7792743144577,386.71516190235013,183.99359290571704,27.776817398050696,86.80070717903482,39.27593767179711,69.54636889912582,103.82953063054859,227.2266498937735,166.63867488925175,146.2147644492412,92.92543874627277,63.91579660508939,57.123354011817526,34.719439339986764,72.38654848692862,8.97478632467735,100.12728343166611,234.39643162749127,305.8555453457287,335.88783350772457,82.3805611845336,198.7554080312704,115.98481973797553,49.0020626317686,63.23068570655499,0,0,0,0,0,0,0,0,0,0,0,0,0,0,0,0,0,0,0,0.20674309874060823,0,0.09744269197909586,0,0,0,0,0,0,0,0,0,0,0,0,0,0,0,0,0,0,0,0,0,0,0,0,0,0,0,0,0,0,0,0,0,0,0,0,0,0,0,0,0,0,0,0,0,0,0,0,0,0,0,0,0,0,0,0,0,0,0,0,0,0,0,0,0,0,0,0,0,0,0,0.4860861653504329,0,0,0,0,0,0,0,0,0,0,0,0,0,0,0,0,0,0,0,1.5011151530268858,93.14549432581543,0.5481460463711824,0,0,0,0,0,0,0,0,0,0,0,0,0.32356428120516717,3.6490226448733964,50.615571708915894,0.15113143799547898,0,0,0,0,0,0,0,0,0,1.0773077810034195,109.43596745440249,24.06783151312231,169.33530773285548,0,0,0,0,0,0,0,0,0,0,0,0,0,0,0,0,0,0,0,0,0,0,0.9899524512866026,0,0,0,0,0,0,0,0,0,0,0,0,0,0,0,0,0,0,0,0.6174989838547613,0,0,0,0,0,0,0,0,0,0,0,0,0,0,0,0,0,0,0,0,0,0,0,0,0,0,0,0,0,0,0.010184962304818931,0,0,0,0,0,0,0,0,0,0,0,0,0,0,0,0,0,0,0,0,0,0,0,0,0,0,0,0,0,0,0,0,0,12.88544887990648,0,0,0,0,0,0,0.1314411981460466,0,0,0,0,0,0,0,0,0,0,73.840856269094,0,0,0,0,0,0,0,0,0,0,0,0,0,0,0,0,0,0,0,0,0,0,0,0,0,0.2084799786925043,0,0,0,0,0,0,0,0,0,0,0,0,0,0,0,0,0,0,0,0,0,0,0,0,0,0,0,0,0,0,0,0,0,0,0,0,0,0,0,0,0,0,5.982352212485024,0,0,0,0,0,0,0,0,0,0,0,0,0,0,0,0,0,0,0,0,0,0,0,0,0,0,0,0,0,0,0,0,0,0,0,0,0,0,0,0,0,0,0,0,0,0,0,0,0,0,0,0,0,0,0,0,0,0,0,0,0,0,0,0,0,0,0,0,0,0,0,0,0,0,0,0,0,0,0,0,0,0,0,0,0,14.950516634965071,55.001606068107854,34.67971615892879,10.052626125864895,29.127929800361777,41.43097582083307,23.081454274532863,40.751861864472026,81.45531566046382,44.97112436327614,85.20894248627675,44.80630819033681,228.16958942872552,143.18825309554197,108.46213356467582,46.75222484046868,54.20039110348403,19.519095864760292,120.82428612610087,276.56134075014506,116.4311729936825,152.27424013190483,14.34496914564627,10.45761052887721,147.45992729098924,230.22693222241122,106.59698570507011,294.88657088100825,182.94595586911566,477.07399344783585,176.55644361168348,101.68672677633636,4.54993884353342,41.60462768232756,187.30073736131965,127.37790728278817,344.90976905623216,118.07246635265713,448.8911912162624,185.71453225088064,752.8318499474917,755.411750567745,464.4486970327257,281.9352443029282,152.37998601885835,152.3688238971383,306.8862594934657,672.7291961818796,1592.1107875375455,1936.6451369128379,4652.244794325626,104.18848782882458,361.89237390952087,465.3303033064583,542.9450086704138,927.7039811418871,1712.0006044792342,60.36231320318285,67.78300210984276,13.647057398670364,48.228222697330594,264.48148123521,102.83503397824886,1096.2590373780677,41.16922151039387,15.86647494596026,23.014357782394008,16.576972445657397,168.3242193727518,96.42502757562617,5.904716368425437,1.6621042953470166,8.994525425142594,69.9537480520667,9.249883583264591,52.542985164664124,53.48587248690425,128.23393375097282,184.30212370686434,447.0672186127024,871.8198718910083,1807.8971812051716,2688.0370796510915,3503.7092374874483,1995.7503984556893,1104.2970831621287,269.439603553806,192.46864925273266,38.64295554557826,27.34640371078502,9.567735323607643,364.8706268529179,346.31968592201963,23.0287972939377,91.63829368334933,199.2364836080388,4.803800804839463,71.46810844577004,102.35468462511625,35.380119867987986,12.62751566386595,41.63611777608279,43.07047726343376,23.897197150605226,20.660921538060922,10.713677910581811,90.5610047293075,35.35955440184106,13.046918563142752,13.74602337849141,498.47472748274254,11.57860240857463,8.1922390215595,9.81161962986265,19.8924537226182,3.263971706988042,3.1683362564183986,96.72876066057597,2.007815110390717,2.391759457752432,3.2927319113001907,13.510000335526552,27.751699311280518,366.04819605435836,216.2655646750081,165.33910950346348,26.52275666655194,18.189760096470135,4.883057952663373,105.88104085652833,706.4603266497328,263.569381890621,12.228138590530197,12.17761029493352,762.3662995577016,17.19013908703284,1616.3523328392337,437.63988993167357,1811.1263857721785,16.746658577462412,26.89004873772511,3.09862891333262,1.4832092301626911,165.12205551415175,2.458265114144879,22.23417461470316,8.87286378419021,7.511974258819547,127.93714523134413,527.0474416619929,1185.9382066729665,1054.1135701994533,155.20720512846677,500.52448256103474,0,1.1433575197830292,0,1.144160425808604,1.1681677566359658,1.1407125825779874,1.2126435106825655,0,0.033582623153306596,0.45064991634861223,11.054804329871226,30.493637228986017,7.229344922308712,2.0980725237356137,1.4084339194104238,0.5565048052590775,0.02754885072415795,233.90577816267535,3.444809858587389,62.55428755320418,779.6090129791654,2.685657528458997,5.254795576930222,4.0328239275365,386.2824808360924,565.9978931290541,709.3513706157987,273.5449551320785,99.89951330488921,222.02984430604053,873.0406076301637,48.62886592488302,699.7832891358364,141.71123263025166,882.9859756897393,1126.5551294418767,862.478282378947,1332.087427294558,534.487272426741,544.237381580719,193.42945665545153,1918.8266670352712,7318.956397327553,23460.87725834102,1777.057649394837,66.97794475605832,108.7851205545361,8.94943945605547,12.271683708067414,75.35459583058616,47.07758670290948,172.833949106874,255.90059674556042,263.1085324984731,33.40474245692622,111.27125980630134,1575.993076399585,19.08095317890542,41.97115093974891,7.196447544291874,44.02678880248969,196.25722261114896,216.21596878411637,99.25408161860896,32.97358119425673,19.29415525232805,106.26431340366139,43.29022671761009,101.07771482621345,26.527399061123702,10.129509231840592,161.65792615598204,7.628112608547296,18.322627604457608,45.843771391548884,41.80596133503098,10.411855411636711,17.171343860477414,57.071462932032006,31.926862064708992,387.2868177537814,76.7793515492979,31.392486445113548,76.56689966198901,133.66526786475927,27.933796861179662,2.3446332337843416,2.3866624408511528,2.9179787734972287,3.052111157522582,8.913078546844758,28.10476568790732,13.925517265620703,83.18023387506685,16.862463194915257,12.030134893207013,11.97691538695993,11.974843735060253,11.220000398082545,8.760583398860657,62.281096000062234,58.02178938567747,6.157287626700255,1.2798377907919485,0,2.022165683373702,11.863202930934468,55.88179182433697,39.59962706282804,15.165235012399805,9.58861998995064,15.331548808200052,32.078297114752345,27.725167450631588,9.681377123625959,9.467692034819917,10.382941005830576,8.879480335434671,9.335976042359897,0,0,9.177030466726519,9.298511859857538,9.55856346637016,9.521988228479938,9.529516903818765,9.2502857073207565,14.187701124276227,0,0,0,0,0,0,0,0,12.971997748531859,0,0,0,13.154406525978105,11.369899363420563,13.390264766882655,13.574859840115497,14.527513779341813,11.12668381075511,12.896358993463569,13.286934155666229,7.615418558765523,7.60666221501642,8.313584921495758,10.415514065104393,5.920040830308387,9.754821214102563,9.680887950516569,3.576502844783972,8.425962668967028,0,9.369600039656808,10.047352030868518,0,14.007860106486154,8.846432098889926,0,13.19244255510019,13.857745448034873,13.513505078743243,13.496126659885688,13.309245568744618,15.945829386895232,13.76741772368716,14.232821877160422,14.109817055846788,14.242720667221109,11.504636910027076,11.946703931256707,14.136769669598445,0,18.487738525728492,0,0,16.470113369441908,15.87591628646088,17.21911726228764,0,0,13.343657870999284,11.699185845959507,0,13.96580317180884,13.556161637976755,12.960769555580645,0,13.904439956570087,13.25720224952141,13.032313569077733,12.858263254072831,13.260275369609035,13.260275369609035,0,0,13.215142632976741,13.225581031813574,13.096671195087223,16.537813368890294,0,1106.255104008862,12.794653562852723,33.109503329380786,95.156009416304,13.649911032343681,14.332170303162199,14.18909534158623,13.7673259247143,12.13964086171648,12.311428892311286,12.45581719572713,12.391323428163602,12.451127163370113,0,12.097202150892038,12.447250565174263,11.954329533599228,12.514999901088808,12.236152064393764,11.806457983062229,0,28.208572528962772,11.856418404446657,11.86338063430682,12.061658978125859,11.91027041215213,12.257198320737277,10.93910762279208,12.429052781404712,12.94294201968959,12.290991098825769,12.682111163577364,12.656726259678864,12.296104339751917,12.125569579123887,12.582093435971306,13.903284638977961,44.18227075338681,83.06930833635283,18.631689086783595,25.209688405391837,351.0215200014806,73.50865000802644,1.3105749453399775,4.413449691260373,147.88100873733606,81.24508274363961,170.70972476882537,46.37222141229437,68.34795033671332,45.698463451193554,338.7359596893249,68.86819741461703,84.16984199020172,1146.8066145743244,1590.823850170704,22.02307890866402,108.69583075986216,205.17423598994225,12.60994152608745,6.784446993490593,59.15862113056004,19.219650840223988,36.790635752991236,13.68336104821859,1.7342735375951126,0.6403360308896902,3.7947856083908915,10.261991116741983,84.91453466455043,2.0826291230632057,0.08160881832741847,9.058187173215927,0,59.418100608833825,907.0341549598916,92.71941042830109,0,0,211.64262616313485,85.8807319028058,766.6381964772316,726.2017246639136,310.6763602245293,1214.1797063405943,755.8755385092098,295.8660076906095,110.54991224541409,80.59980469816246,224.90213623451749,2055.1974667493632,1341.6070281648529,290.8925229250448,0,1193.6464424736591,185.87199926746857,107.24996529293423,50.017756883459384,177.39897302249418,8.366017143700626,327.3075339279175,304.0885989275072,348.6555555137991,119.01126688908857,100.3178445890601,83.49557886997995,106.10410910248704,479.7389440151536,121.66814812683982,81.80799149154647,121.50717178175361,360.6820557858476,830.3753132691783,1219.4419891289945,202.25086706613362,116.6195325823241,333.00285415545363,784.1485471278955,240.98173282755695,103.82736706503623,158.7215505715017,1111.8111863610256,158.2772507185673,295.71408264987525,22.415189490384027,138.78836528063545,105.04592292105373,41.258012431120065,267.6296675268253,30.020669719908454,112.79784612580298,63.57559835536887,166.6636473404397,358.41698018215106,1185.3558334150293,14.88690945871521,110.7837965474159,132.99793948147845,167.49444692580568,309.19463963838183,135.3428837145614,130.14529635258373,120.47052264817584,157.36666577440005,361.80336304656083,386.75222379406586,1034.5267141228294,332.9884883759363,164.98477138874668,214.0695353677778,142.9317196203697,672.5200930280015,743.7416668646206,80.22039767329957,761.9569529742639,1611.0396776360865,654.4372629138677,1576.803624696892,1859.1522875748065,671.5828306434224,159.98756680337328,930.914771715415,832.9426674566655,736.9130597126328,28.832604650548927,777.9432936849474,210.39641763865183,327.85170273598044,1448.1007267675345,478.21082378084606,582.9811984004604,1497.5119736345373,329.71920801698303,210.00380639635148,106.94616525353388,382.95179645952425,226.41180125579012,48.44012653777784,50.31473938874639,284.07361311863895,311.8997679895855,147.09366711866886,114.08475239769805,546.0632309317468,948.2246345512087,83.7319360394157,67.36713110273816,314.63284469726136,451.0493435361737,372.0260332846527,272.16729030325064,845.5813557179786,146.63667184898094,673.7203648075237,213.10348697776806,29.454283966896313,0,301.5293987620111,285.9655299136835,211.52656847358003,122.98040046405963,64.931935810631785,178.06291687793663,189.89939835467607,106.43065679399821,51.86980563422404,301.31023309705733,1090.4959954780556,209.11909869015588,658.2394481594989,145.86497693389512,176.49841294512953,360.59873913339055,199.9371781748739,317.31763265223435,432.5365311358537,102.90049686248607,380.4026259069115,165.3588787157092,122.62427436392998,34.95414960108441,31.44302812713086,174.21189722282224,2.2076909580861237,126.31496623121727,133.8816282070882,235.34866608071758,354.1373647354055,48.03789021677125,595.0449156324906,635.0746691951005,189.2174627337258,108.75095331740158,148.2157186031345,60.345467321745446,16.731164254662367,11.157805192244878,32.42848686482536,19.619550283259688,121.79727348882531,51.64170598254304,99.99237038685916,63.56684989447274,302.68015951113296,490.0317419164338,72.82832618149858,93.03035552074951,219.14081324211597,30.71453836859246,214.29022040026342,143.156835652535,10.481738186442493,2.2017742761187344,27.227123084344456,36.7659743907162,617.685860930505,2292.191910329333,0,833.9922799964058,228.16173903666265,27.125635565211304,825.1312930622584,0,627.6462443478885,70.7644120902559,52.53065407892536,0,0,105.55559059281202,58.95036106346214,9.540079644953435,5.88156922374327,48.06789699406804,104.28981842467212,1.0822234191354274,0,0,0,0,0,0,0,0,0,0,0,0,3.8400702150675388,5.661310366594266,5.77434421596383,5.676387678724488,5.661310366594266,4.495847556996891,6.034043733288438,6.395239115771601,6.118399647630265,6.393184462790991,6.909819936258955,0,47.797889502569184,15.050234589926557,0,4.0171144310160605,0,8.982091089290785,23.442632491485405,28.01558610656199,23.362722950139414,23.627215959985307,0,0,6.700250676523822,6.63135776558303,7.895999715239067,9.986768685707947,8.411344632793275,3.7906432367764156,0,20.777732630114606,20.0740908623774,0,0,24.724547003894514,18.249785112863012,0,6.134683773376088,0,8.501107381515174,5.025852965273303,10.081082788207663,7.035617846252221,4.35925567622619,4.0054307311224475,3.414269150174855,3.701902144190793,5.799693458761568,3.413216363116636,3.366222106584168,4.0557381199680895,3.1690256287917666,3.944604794751094,59.66210758877319,0,0,0,0.057371812220421134,2.9581981021388923,2.9604402294682934,0,9.776237073656565,4.930824789312396,8.835982863587155,4.807105925140999,4.914628043706187,0,27.856315036160392,0,0,0,0,0,0,0,0,0,0,5.682754426323174,3.8939375072694165,0,5.763342681478229,6.557589600285858,0,0,5.016305466217714,0,4.546083159360293,0,3.684137146721493,12.774052511169653,5.202998386047186,5.579567960991887,5.382223328170647,4.015743901216896,4.044119626088884,24.910275384631134,5.416886915109776,6.204127095814019,0,2.1556928021191486,0,3.294823369980794,0,0,3.2937248208736483,3.4590798402881835,32.131810483228506,0,38.9020245383434,0,0,5.352928079268708,10.216703999060563,0,72.28311592500869,0,12.863464859995082,5.413586660531986,5.759104632990586,0,7.0925750741770965,0.5030266773936569,0,0,4.960926773784004,0.472262679040344,0,13.754966480979853,0,0,0,0,9.172916150850542,58.76920072035021,0,3.857939923224201,12.861880119875819,0,0,7.274153517783964,98.63335724778442,0,0,6.850446406014028,9.517328972662105,42.08580293464236,39.048303413952986,36.249328349343145,1.5221569158496653,26.173187294219876,12.123216139227143,0,0,0,6.8404100699497095,0,28.583244785604467,6.87159513260272,11.9411324657483,78.34908705848878,53.77701045878312,102.76174107047719,12.928190837209499,12.11821795019382,13.895114763258203,5.8373203587045035,14.294236373063255,0,8.995695932821047,0,6.890492469639017,5.104831691496376,6.288131833349389,6.115142922975579,6.36427200045535,11.003072300549492,60.479471169382066,60.032863948683676,130.84394933545437,72.90509846386084,198.57626490576328,0,131.05149177128715,79.57743918256365,4.693510393808189,10.760229257587602,112.63609485188823,9.548226109592754,50.151457988312984,8.556193937507585,0,8.976919223524632,117.98506300828367,8.144115944390371,9.539291391201168,0,10.541017507399642,9.478962330424809,111.28435335844839,10.25303465714906,0,170.69720848950405,7.101632784234749,284.7551331993266,10.518405746545193,106.85673447595171,9.771390821092435,99.21557228250771,99.42046910483586,283.30928981332636,53.71254736661528,34.986299956014975,11.332189399065209,9.55720546489817,10.702062753516453,8.181359443741737,7.436469529379486,0,0,0,0.9029327742186385,0,0,10.839778985458874,0,9.127154280055658,8.393266414712025,8.893104771306701,0,21.09647123465216,0,4.145693213591454,100.55662698558757,115.7731979864007,0,107.47251556833201,124.72501519787284,0,120.49618857452185,111.65653939238014,8.766097429062821,99.35650556195368,109.89935303799598,100.59576196447156,0,107.74794070507117,11.558120840841772,101.08890153099186,8.755584764236593,11.817019053447995,19.589175986006463,0,8.896406535958844,15.570233171380961,18.032575707261454,8.84926074559325,14.575144698533927,107.44238344454429,0,10.699513734764244,0,0,0,0,8.791496428680423,0,9.102386564645036,0,5.835106588856973,11.965674796382823,9.952914312379534,9.425966398542545,0,0,9.586040042777993,10.463670362037265,0,7.949294751662024,12.560467230089033,0,5.218096605342057,9.904838019401021,0,6.993167830888781,9.755716170737891,0,76.20188249862557,73.25497613203899,6.228080308185071,0,0,0,0,7.900541203098174,0,0,0,0,0,49.1166776064523,0,0,0,60.22405363652287,0,0,0,0,63.36623226242175,0,0,0,0,0,0,0,0,0,0,1.4404083933764502,0,0,20.84968312771652,0,6.268310730581432,0,4.376703011182861,4.062588854398886,4.179474807847835,0,0,3.9538385114092534,47.827166199545715,3.456399593248442,10.825969305716233,2.4013162659777585,0,3.080750800912949,0,0,3.3566616004037093,2.868780315913962,3.019637937324126,0,2.8183602660044325,0.6691690704373943,3.030717866393813,0.5394816480952384,0,16.913452120739173,0,2.8602483289500276,0,104.43620273721336,24.308403767144586,76.76759975218891,23.25789954939985,61.75285523799738,12.863609835183047,0,18.880860569381536,0,0,0,21.752435797201848,22.017177229531953,17.526815543573697,37.69299247619808,0,0,0,67.92579966106801,0,0,0,0,0,0,0,0,86.46251186196777,0,0,0,0,0,0,0,18.129225870122433,0,0,0,13.0131590311519,0,0,0,0,0,0,17.832379246005388,0,0,0,0,0,13.793798145324553,0,0,0,0,14.31860370295246,0,0,117.6121441530183,0,0,0,0,0,0,0,0,0,0,0,0,0,0,0,0,0,0,0,0,3.4939232684374972,0,3.647171925596549,2.518167435955731,3.497213561219502,0,0,3.7473216592232177,4.117105094578803,0,0,0,0,3.446258198243885,6.279828749886099,3.2770420415209585,2.427505198634375,3.662362689107899,3.262809773442458,3.4954924561489915,3.1049798599759,4.305926306073728,0,0,4.579210763599931,0,12.51457789553701,11.588771751369375,0,5.914485461676322,7.846914487040835,5.676993829661037,7.448230089437956,3.507780570665101,0,0,1.772269683242237,2.198511840881999,2.8380297046682332,3.488842470152205,2.9953400900554374,3.467476001318624,0,0,3.788411195735369,3.2654034820183013,3.4840709543417105,8.268820491625,3.7185476358622567,3.287435770548036,0,2.3918176247931746,0,3.088346453842873,4.05805916652959,2.2762542145504563,0,0,0,0,3.2103242572576414,0,5.89373497632747,37.32303598310797,16.669934938595198,4.947703354802486,0.9760470423368698,5.766815081346342,13.871138821047472,2.4213182368867936,0,11.084012451302357,4.289808324463148,26.215331873125177,13.601809754361163,5.197902335118137,0,10.09539634894059,9.267525500247402,7.267325149572994,110.62374761116136,7.39502355777375,7.175588297944526,5.532787079002498,6.798175045928062,5.336350299243451,4.086720048386306,5.998075053219343,6.160813524833096,0,5.470822198561334,6.386610291436739,2.956315167972181,7.066573071116163,0,5.7570498465417295,4.839154792305171,2.8966684316531284,5.586037435501325,0,2.7370325839232197,17.213931323817043,15.60133757156582,0,0,3.8798193501018563,6.074300332576062,14.197820970062931,13.98303074196694,13.13725570072099,22.460978527511852,32.992757522209345,0,36.54665263809107,4.38517228229669,8.212467142438042,4.915720522743789,4.978242288102111,3.816149465024321,0,4.702255574103979,6.029295705939932,5.033368707249022,3.979521694763707,5.026163909352109,4.583865130849125,0.39336543587430023,11.28269121476182,0.013320847712609728,13.702864691783704,14.476361924352737,14.671945357797165,14.506984023885439,14.506984023885439,0,0,14.541328347945246,14.587862722681445,130.86171538966195,0,13.608316322324495,0.6634824351891727,13.764632190071787,8.648470573467952,13.52340026364348,4.405915387262898,3.9719426253236656,13.280669668968114,3.966979397807154,3.0693588614676766,4.3126491201500174,16.075823018936877,3.6741222886648774,0,3.796503169692101,3.2887863676695606,1.2680759709738667,13.454299441139229,9.3365850965600945,3.152196022408676,3.138152762933029,10.31140230895868,3.209441219641612,2.1526565767164634,2.989827145907232,2.9783588470458655,2.5279085218771744,2.8780982552386747,2.7891869040122503,2.6239346342158525,2.625929340883361,2.647711638908309,0,2.89392817530669,2.8831075497218186,0,0,2.818336867230182,9.361319806054512,2.9536353143867116,1.7083938053902805,1.8657387901566456,2.982591697555759,13.80478137717457,17.205487303474516,0,13.673000234366565,8.880670815502814,2.415099663161139,9.575412788821618,2.234342130632657,14.007678825158637,2.7913957255676967,2.226669956623875,2.217349523567191,12.283690712918649,2.2387841680370664,2.4812092603478666,9.739773418580116,0.9869803455369173,2.2630418157903267,2.0168120299291044,2.130798976210358,2.0221212237055997,1.7054145875399662,2.0175944005072286,0,2.1501803683309713,2.1048531027310102,2.673620151681088,0,177.19083862748084,0,0,0,0,2.060612754869705,2.180721264390108,2.1853012869704633,0,2.175310954185123,3.0797668057105563,1.8208786166364785,0,2.4430914094299174,0,2.4653295344621253,0,1.8626079018915598,0,0,2.1737922258740303,0,0,0,0,0,1.836983552269246,0,0,0,2.6620532805519397,0,0,1.481446497229412,1.6867897604452604,0,0,0,0,0,0,0,0,0,0,0,1.1140273427719019,0,0,0,0.2546314550139242,0,4.378693135544691,1.5801368990356213,2.384109873854372,1.1565455945724006,0,4.877632866110703,5.661438159052943,0,0,0,8.570978570387608,3.5260881912104813,5.8493240344255515,1.8489160830634506,6.151008520678065,2.086699255357023,6.063735326120448,3.93186145467283,3.675004684619091,0,4.721714691269457,0,1.5406899180729559,4.011897363565396,4.331381937623462,5.497938315024215,1.6653899313055696,0,5.2872815640761,5.453115226908146,0,1.8963270456249988,6.962199771933151,5.83110124678712,5.812096122016027,0,6.156238104896149,0,0,5.519335770169937,6.101575497418994,6.147702343819794,0.9420256475607801,5.480618480497371,3.7929971246537537,3.869172255497127,1.730320774583108,0,1.7040251046624848,0,0,1.6865421491614554,5.29270992408914,3.8275636173784258,4.29381377443155,0,0,4.108548122029646,4.186913254707904,1.0262579857681968,4.264845235399626,4.3683865253513705,4.605775009833967,3.1928485721617483,0.2080613783227693,0,0.21433518761216427,4.0745625373283385,4.779285292308587,2.2560569197403026,3.5172007165529324,3.9301874553497353,0.2949725328578092,6.598157210411654,0,0,4.116510859948955,0.5294142775105064,0.26356949587076334,0,0.9137729148437359,0,0,0,4.909606616105373,4.580238330036723,0.7744622840006179,0,6.78482708058157,3.9135229994142158,0,0,0,4.006840275070703,0,0,0,0.4983260426500391,0,0,6.867938095120659,4.0083339209928335,0.24311644355831388,0,5.533476102027199,0.5229137872316967,0.30522024046137225,4.9819303369084365,0,0,2.048344944198275,5.189871145914249,2.446610604267474,0,0.8292025030349591,13.479547488490418,0.7837067270708792,9.623675576696892,0.8039864460276627,25.22827027600067,1.0077745853030236,0,5.219551798267363,8.540427540843352,0,0,0,0.7854471190771987,0.7910352084862645,0,7.595221641721615,0,0.8244061496215978,0,1.072245215046837,0,8.491481367107847,0,0,0,0.9991157606660239,7.728320248087032,0,0,8.503669085330023,6.523597186572108,0,0,1.169543447276757,0,6.952714232120099,0.6586947270394502,0,0,0,0.8061679925343701,0,0,0.6865538426350709,0,8.217018540087828,0,0,0,2.372308249752328,0,9.808858924671286,0,10.401169500020448,8.64309216461001,0,0,0,8.66202520863576,0.545580119038132,0,0,0,0,0,0,0,10.149064234817768,2.655374578705599,0,9.119988431917948,8.567158257229716,1.395151576489641,8.250806883293741,2.62557199392544,0,9.12569260859117,2.754548332271277,20.253455062382212,9.309000273473835,7.343146695216582,8.161025169238467,8.938377778574734,1.6797560063471397,2.918051328645594,16.676066168185084,18.474715201936874,19.452270734093123,18.064064486790382,12.891719317949844,12.747843724217638,5.739914489125065,12.747843724217638,14.479986745698563,0,12.796095824593907,9.200834552396664,0,24.94406974303294,5.029628746358916,5.353311717947311,4.2161276116742386,12.719030354813125,1.8017552948993514,12.719030354813125,33.21466774608328,0,1.6425708305567142,4.700795943695597,0,0,0.3013202447116114,28.640127682817983,26.518135123777594,0.29772085963090095,10.76694017849468,0,0,0,0,0,0,0,9.640197820390373,0,0,7.332981415563372,0,0,0,0,0,0,0,0,0,7.377583266717875,7.133091269673083,5.575615190187058,10.69111940050838,11.168019433115441,11.47299077878017,7.557391327795122,6.504624804599144,7.557391327795122,6.3067152382715985,7.557391327795122,8.010909010291346,7.025960557445028,8.357388235044764,0,8.357388235044764,8.947621596950471,11.570026767682197,8.545327551496678,1.8078217180557543,0,1.3340759400188245,0,1.029666666795456,2.1310679925831275,0,1.7604867691985504,0,0,0,0,0,0,0,0,0,0,0,0,0,0,0,0,0,0,0,0,0,0,0,0,0,0,0,0,0,0,0,13.677709858180643,0,5.101713021698641,8.70586053681455,0,0,0,0,0,0,0,0,0,0,0,0,7.67529036394054,18.588413912254484,23.83540329432089,14.071681717867536,3.6327718441545547,0,15.254477403953402,18.175231246128234,12.255672078799876,11.808224917148793,16.99638689956539,17.61603003300534,16.378437309800468,16.70906637158536,17.26186165416402,22.051494212248624,19.194559821800148,23.618489349688705,0,0,0,0,0,0,0,0,0.6297225401640216,0.8049869021082611,1.512566872899303,0.6498999908204632,0,0.6038148665517742,0,0,0.7782106286182002,0.08756275646657156,1.3934804982553122,1.630554541892098,0.10250311844161926,0.946368750908243,1.7402857263517726,0.3270087148863598,0,1.5331150158639995,0.7037675084211439,0.7705036052325962,0.7492985275142169,0,0.6840302976004969,0.7091366563606394,0.8647521437666822,1.354522929060364,1.0430246669621714,0.7939385946902561,0.7942718264746587,0.7807848984020271,0.7530731049535123,0,0.9334721461771042,0.5518127064691114,0.5460833850086654,0,0.5817011501924052,0,0.4583413452530023,0,0,0,0,0,0,0,0,0,0,0,0,0,34.64055458212134,0,0,32.60046116297086,36.26104570788171,31.210197726860798,31.078763536100016,24.687712651039156,26.560651283697336,0,0,42.8427861577623,37.282157145105145,0,35.33636602881551,33.615832176121835,0,0,34.742892187118535,0,0,32.269401654270105,31.358679128456433,0,0,0,0,0,1.3763830547448153,1.1578516722809664,0,1.2738090962432582,0,0,0,0,1.104013314145867,12.141791868310504,0,0,0,0,0,0,0,0,0,0,0,0,0,0,14.200893013738032,14.632717422531814,14.545802244967351,0,0,0,13.825696952072414,12.964787390629311,13.083237188409566,0,0,14.369102769452896,0,13.939071304602615,0,13.059428019407889,0,12.724954897782453,0,0,14.666830553298558,9.923350495667508,0,13.532292144690226,11.820233964710717,9.098598638861569,10.35519412114412,11.51896076641479,9.201441924245543,10.546742063280423,13.136525956824247,7.675609779467424,37.36776784811649,9.872683740416047,0,9.615888834552077,11.504257365985644,9.125417667527074,16.93195605743681,9.734300638999986,10.486590174674424,14.691039682550779,12.257340257208247,0,0,9.940203336096891,12.387562425498919,11.328337256127673,9.167278909890188,11.81959557105745,10.390175539773061,0,2.3190407143498906,14.092256606465122,9.898792546439365,5.691409060937153,9.648510312698212,0,5.691409060937153,15.466745303978398,0,9.202369382225314,5.691409060937153,5.691409060937153,5.691409060937153,7.7805146731177715,0,5.691409060937153,11.150487940394854,5.691409060937153,5.691409060937153,5.859249046977175,5.790629718912413,9.57908749550238,5.691409060937153,0,5.796835029453228,5.272575184732013,5.802783893410364,8.601662625675681,15.454497347826527,0,9.259979953258371,0,10.14137576611497,9.105693718631821,0,0,0,8.238519828187924,0,0,0,9.03742554259359,0,0,0,4.9389678397033014,0,0,0,0,0,0,0,0,0,0,0,0,16.810916649822317,22.343145540109127,0,0,16.810916649822317,19.384127054782045,20.547095581866813,23.29498243850386,0,0,0,0,0,0,0,0,0,0,0,10.849415595898721,0,12.717068333114515,0,24.3112440885782,25.8242630838264,41.6154094088417,55.289438709437825,48.96769972095604,24.442455000174952,0.7614457352314753,8.022708361493008,0,7.53598716336035,0,0,37.316430614547684,0,0,0,0,204.24963724238697,915.7542782808656,175.15249680381183,4.999177421386193,1.1220401093397414,0,242.42537005889886,28.350481933193656,292.73191151887914,993.2516802596591,74.92218595311203,3372.493899199508,225.97930983502184,3907.593219800428,140.17464762678966,1110.3462671030418,934.053505584667,16.752584600792694,13.919775764656,7.619315700286935,53.955508917170235,10.623568372459054,31.488953357412008,34.29458141048102,99.75620660717813,1.5753669666885837,9.944912458669823,31.27624858209215,180.79677715772348,7.145142960180745,4.787741024305358,14.208954754989938,11.413955602287652,14.752611177661429,126.66067960150846,116.47170804628175,56.05607947931765,26.076539050274068,61.942309094826705,201.77519778799228,127.20569827112678,57.38499456021197,28.966089688922104,62.657731969285514,355.8979142295755,113.93859475878956,102.74240834031826,255.23440692838403,209.61641281763394,121.2407532344177,106.10490859727437,74.008090049064,235.60182892432294,29.380686085131643,158.12775379145674,121.3031494467487,337.5793017725497,49.009011870769186,66.96842249639185,255.63421684849294,11.399899127075486,126.01067432516469,166.38849304769008,32.587659959777426,116.5210488157432,247.68419995434732,134.38179727420663,118.81434645026506,219.98451946943248,300.716673357583,443.4637187139845,594.1618528152476,1273.8633805018028,52.498386264650534,212.283664420688,254.0211314577072,478.7071592908651,710.8285493229286,16.24972160195327,84.57580911564986,265.5437776713266,157.0837587142506,172.96311659169402,99.71339552965004,148.75262374774934,272.0366675582318,229.70412530340334,10.031432160049915,9.817807130011609,50.264631620768455,225.39010126663695,74.32509028628981,11.634746966642593,80.34285764122146,1715.3377736737855,503.27679587687504,58.740044408580985,177.84734898000397,533.1781921619606,511.54073070214145,821.2829140761271,200.13667783266493,3546.856851670364,8943.847571765147,13030.746615537346,2266.947950046423,306.7300660957136,36.27008808602702,157.2170374118057,87.04412606739776,525.2361144043327,322.43596198308774,420.58608597919937,1965.019162829487,13.96865627252924,23.134770263912326,5.270627712383428,3.9052909380903618,24.46686623803979,70.26185525673402,61.518535995126705,64.68118114784828,34.44393842678151,14.656687017890562,81.52659991295941,19.804334599841162,10.056513884327748,10.707322132433132,20.767329148680865,67.92169527502503,12.994365936481701,49.72586325684412,847.453541396876,9.699578735892466,13.797967854562181,41.47010172212876,6.153115396579643,54.78948725380248,62.851524593680466,381.3011081416422,2758.3830663289395,197.6757389810398,12.041377929558015,9.889098160778019,28.924279460987517,13.13679432820952,60.29203438992354,29.76297708499934,70.8121280940442,56.577701727764335,43.37899827289416,31.239590141984294,178.39320116035734,23.284002965412686,3.684764367463628,22.359709835483763,75.65166190306738,1.4548169371040265,6.362248590215293,387.43913043013026,3.875721884685431,1.374681901825806,1.9603396969830122,34.40955203357703,1.5155330546197217,3.4610888564682782,23.417215307611794,2.777561308142586,1.5657244270370863,20.313643015803862,54.362389462421966,27.183979407543035,9.132875991049541,16.040502739334435,30.862858719595597,51.17388597466887,2.413483341148663,20.209375156887802,56.015867198985546,4.2105855321176495,25.292125369681465,1.986318762631626,51.11994218973962,132.0785784282666,104.52775134105606,2.548408366395613,82.24905619912053,150.99721267328005,148.9619224818089,183.1191491272086,203.97599773544516,231.75467079990602,165.21844092316263,121.14395269951599,17.883778660927824,14.172697889757364,52.70646181665291,65.65892982374434,8.006266878278678,8.22228948061101,56.98869542537325,103.779118533201,14.552462649415617,9.865454293569833,185.1563591160919,236.99497879396,360.1010998986464,8.403736134441372,1889.1230813878115,5.718521763416021,14.762590203257563,13.045193611760773,259.2395294114676,35.500711930122705,27.546963410643677,43.61014395760535,32.82777338703599,4.128451205677352,7.613950052574296,3.742873298829201,0,0,638.1874562973788,13.137075459178126,10.489355867677734,945.4564336707095,2609.8342089249936,1719.8928784771877,5811.5526795708965,9216.210892182295,12537.748001187316,1213.0022667707872,7417.057739964616,7336.764797259776,2417.2298015313095,0,644.6337387508427,0.09747439587747608,8.624801676226696,26.56233756591647,10.938237294233408,21.239903716784156,32.261836876441436,45.2103820581992,14.195362188739638,10.741447849937426,19.22662708205822,20.177900616806987,50.01267631138026,108.68432458450651,27.66459220039522,141.77836453886675,23.174644507376684,20.89944930656208,17.937812507064113,32.44944240867063,19.090164285059533,20.965425206336924,18.418621128130884,22.03116930510157,20.23175372826518,17.718173418399257,21.80890152656613,24.257414198645808,53.605433203421406,20.327347548366923,21.985976346756452,24.438995095903337,26.48866412970494,27.227505567605423,180.40161928750112,3957.1745089333467,160.7555403342501,11.919267952802176,7.668032927936643,26.800260738399984,204.8364103761864,41.05457557365547,40.40414841353796,570.1294993768989,1742.234880535694,11933.405922381442,537.0959605657957,6718.054105214655,96.45928215962913,24.060361667325715,91.81994937127197,25.156669462032156,27.12109474174619,30.516012729473427,160.9555887669308,15.517375156631221,19.671877648836485,27.23033018008875,25.806888207559965,25.82885107164132,27.005672759494782,39.11575482976321,32.412530562533256,150.92503256285065,2680.4614327883637,684.9757661650236,63.57723081300095,17.195716351280307,28.347176023480895,15.58922389692595,10.945060970159602,72.63137210431742,102.7715666015554,629.9677518875777,341.9645234503938,7.549692913376187,61.0216318020132,9.612320159175985,239.44490746981157,31.103761751042974,50.86593776286506,1.073514500323901,1.3891460484169178,1.0066228550595104,0.507920700483164,463.00272515738044,17600.698630814415,129.25920528311556,11.191637738741607,709.5266445509642,465.34717184011896,0.3993756313562002,98.9704002575194,350.5415688420888,470.64321966515263,240.5649890639588,167.05725242945263,40.33698930190299,0,1.2051540133397574,2.792178195147849,4.77454823856455,5.924648895920961,3.174968354071119,38.840371379052584,10.245153229217491,4.8064393204155165,3.4085985282203386,3.273096968481013,6.897550432988993,3.5234986752626543,64.24529536456575,5.374947060476573,5.541781520811123,5.8324461993163625,5.669555199335776,2.3648702488990594,2.299362889756042,1.804076825669971,31.3378848660327,44.69484023759322,81.82682544912058,204.5049196118725,1423.908916213357,16.27535950402284,124.09041561008975,16.53012439914886,105.74377190057778,269.80335194120306,436.7829451832513,220.12593709299358,238.8683320384264,156.3572642568753,195.75973738265637,112.79960132731368,29.764741954061616,105.36201176148629,775.9050218128004,35.96353716003292,750.9281270169988,415.93201252736554,662.0671357420509,24.217533930295495,1011.013246844437,125.68284260988999,462.10958423837445,2890.6205541207587,992.6974782782853,1417.9044680961385,7225.991345552153,5761.150073695927,2130.964942673358,885.6608237167463,812.4137319712052,273.9343202023188,178.56134645477775,365.05161247913844,13949.796921821451,29394.52935038014,818.0558503440798,1890.3444396019033,27627.675581552958,484.31189769185346,140.63113902060593,80.817107715737,238.2337193640614,27.97331311665065,23.491865266147265,83.90568543458205,1818.225350689297,317.03928715610147,1207.2101811045175,22.34769861800446,15.620414954323113,11.991225687755584,151.20724346270873,206.19021387183437,213.46684948421918,313.4216119496681,554.4488399877187,321.76143083913064,2676.17838006898,511.5240693454346,472.56798701006915,79.30045153801633,462.94426171724916,96.42045550188034,1215.2322952516872,1765.9126132661097,1092.8882887449233,443.1155687542082,2524.3220169341234,1227.8959900817708,1719.5620281464414,4483.922190926043,2940.2647614830735,9810.990386669562,6524.800784494688,1192.4652302574584,1136.1057471871375,777.6682878576198,1648.044387800718,1041.122043272561,3011.5340569103732,433.7892756063344,2762.1854015249833,2326.22282109716,2079.5636112226484,5840.673560850436,2016.4238570120747,5581.16590663715,3189.597550253674,588.8517485753913,1642.7237738396966,755.468492389181,1374.9652582709139,3295.5596134572224,2361.3086543828144,3506.823262076746,1690.9179080428648,436.561042887075,969.3884084461704,1803.2542823200702,2272.338716589763,3980.9769051970793,38.35834208636053,305.4216929709771,324.0318254536648,470.4086139459152,93.24934352713873,377.0323578986129,75.0718915163922,296.77013509534834,3246.116930883264,871.8368026863068,1209.7610602425489,576.2302094500412,1760.3116802536492,729.1853530971646,1729.1975471429143,1576.9956265903952,3094.1655730977172,1308.6134431625217,2921.9647867177678,576.1668290064791,1722.603925676668,1711.7601138406403,23028.302984197875,1810.9554347816013,107.84299537601869,538.7149790225357,42.38077813370436,142.99494702667732,1934.0251443133184,103.66151740384713,33.23367497302502,81.2309208120805,40.7389603789214,773.7844772641176,271.9569178310689,25.775281155431806,476.34501179796354,328.08197943350456,1573.1892653302727,251.52101302927193,185.54016082752764,464.1620884190823,1166.5683283363678,338.1259887000873,28.7230895421058,493.35409905898615,275.63975137249935,767.854204860761,550.453786617226,174.41729957910005,1430.774273161259,2331.243552146723,518.6156072820273,1759.7805242617899,563.3628537254649,2529.9870883359986,5637.105357804125,1310.6052219628198,587.3833274793573,201.7993807991256,1003.8900275202518,5617.600556974062,10426.849114700271,8198.466875093503,1070.1955832798144,686.5335082774651,430.39001319451125,341.768951685691,1738.0461955070264,193.86135679383946,1601.1757958908381,1517.1878961253399,1018.0500883517332,327.0439765448791,128.72177747191478,498.57657597430966,27.166201632563844,77.6865419701894,489.65010223600723,30.925854457916085,114.39390474553527,23.78572632568921,233.6800047079392,215.95845008249606,164.3638080820161,263.81287061008726,78.83491400935343,54.454071226765755,260.3519826989245,1969.2469679583648,494.3787891002973,89.78478071276014,830.4464310759976,561.6508259538595,1807.3571257881265,712.54325426905,1267.9093131327509,1822.7331559979584,2334.1033076159315,267.21240802737674,43.73181014638304,120.85303984101738,710.5710019788532,167.14055268528907,40.59285718236749,135.97396599780302,27.289765145568214,23.93795180228388,21.231616042153608,84.579731975099,1.9149681717352514,0.26505383570701485,0,46.47935095608838,0,119.94132365926862,197.88663975714047,30.796065783036184,119.51414965133645,0,13.588388386870275,0,0,0,118.57686740185606,161.49567444715166,0,8.768512190977273,0,139.45100829287662,0,110.45972767734395,0,524.6955424656686,18.67906962137235,201.52366132514217,118.99257915971916,27.353909035787694,24.363440936379707,6.412001392156219,26.20188157550271,46.66746090735256,10.30142081341101,48.69789968389389,58.81755989464618,6.312949940483636,699.212028689223,5.445868170937545,1.4483421761751873,20.486583755253054,12.649429226032439,3.0384200731283157,11.801122729723001,8.383769437102409,234.54095770649099,5.100045951943686,6.02269096459765,9.111714845517172,18.996526638291627,54.008465156122114,5.328981007102119,10.59483274201184,7.578117228894318,35.25594634976396,12.726175416894684,43.846200359304305,508.7241090286841,11.472971153245457,35.13498459956877,36.945298439981876,87.91453017423203,1082.6257243699702,62.71754234059703,9.561830811390202,4.026428815914224,24.334312956399838,4.263158951814722,1.2666972817392004,23.838514769802135,32.36534016292066,24.583194412102436,14.766028553758902,24.037900768711843,0,1.949262346361522,0,1.8945634319367113,1.049733622276663,2.5585986088589583,2.483853138806912,2.979211308370246,1.774666447057412,3.395515129890036,23.957445006755776,44.142357637915275,7.229613884065871,3.5176811614720185,915.577413374093,19.88660247341032,4.984443529732577,1988.759456191208,3.465347655432425,0,40.80074804836633,6.519449192302105,5.228261716956195,3.9192149946751558,3.1736431380354237,10.627845652531155,20.615038699277278,11.609683354878833,1.2862529214979384,10.658894766478316,6.2194259161147905,10.929906352529605,2.71519919549654,0,76.02044573330363,123.901673322367,976.7851855577965,5.464237770085577,965.965389848461,5245.940782861768,30.013742544465426,18206.345198786454,50.84501612244117,5868.175549443221,969.7988659491492,2137.0844467040297,253.82228425129128,624.8264361349517,841.5006633840796,406.98418620078553,1246.2935735789827,1854.9450431768864,68.29819712123016,2082.0480922437914,3039.4960263773014,830.6916882443669,438.35358668228474,182.0126363259722,951.9381288311356,859.5974921500698,3490.405783081421,934.2691660546724,497.6429767329633,636.2964820725352,272.68823964429714,223.56076513209126,6006.723741975524,434.957377456462,685.311753645163,53.532697695347025,59.279091824919156,105.83891821815219,51.00475986509761,62.280346236629214,2141.124516379601,5018.363852012381,7420.8294165310635,4019.324514083589,63.854585909561926,440.4578001110603,798.3788462197369,332.4119781524686,2210.472244301309,1899.199281766835,548.1567907189229,692.5455096784685,1516.5724704034153,590.2997222667689,364.0988353124666,320.7612943139764,493.93093297250124,291.34215441298824,3.30872761241883,1.2024039812862246,25.22580010576456,106.91321150903346,21.974636854042995,128.00040661461645,3.0651032980767052,8.250794975680646,2.3229150569180157,1.159100655790945,1.1159542263719937,0.1581120378127976,0.2854587543419562,0.1510359352535084,5.200737824947276,9.800260841517018,5.660589294358801,0.974166320282368,3.4615661219675813,1.898752876317957,440.5246793172264,6.1639153441275205,15.015277547944617,2.092407355328204,3.493536503277659,33.669769803267585,111.84633126644187,277.55071080225304,273.93932209379835,10.105476393342558,23.51885951288309,12.525983398350002,58.440662430143504,2.792270868349306,106.05835379492729,31.836846408018552,0.14196076456353218,0.9542491248519571,0.35714300119773923,0.7968082900913102,1.663886828356795,14.931068704531999,29.5395787406979,3.485463359795967,1.1835506699575196,1.8453379115707076,0,213.27319762169077,675.037165239266,3328.3128653277045,40.658766578568404,0,396.9318715781951,217.1469067587884,4.790448731876716,994.1068233205184,36.323635897014846,20.585675049402596,3.0742518877132827,2549.6281307338313,276.3274086933123,250.3489031591371,1288.7810498482424,26.946141091659594,720.5654770700683,3719.998478770165,28.114289561381234,930.4171359412502,85.89308165690129,955.1865826208203,26.884910530700886,1.3696288266085295,3.510647841505512,6.558361430285152,0,6.876692870639395,0.9162017211862165,11.39805543382113,10.733746798840254,1.1721950670161148,7.07793797274348,4.27517439783023,29.411417650463505,5.621896239476841,13.177006122397719,4.951219641748079,7.746448496490694,14.70997554922565,36.801973581945454,31.103301829965172,5.499108103798495,28.468801693023547,28.184988025470002,28.296215887726664,18.83246887931462,8.71187793762423,26.947607258676538,26.527043065826035,42.57653734903127,1.5779209309355542,2.5696032692112545,1.5937862567413268,20.611148146994008,29.318723770330756,15.018347179990554,25.162124805234455,6.17294617106335,7.461554994464506,7.254206937908607,9.101630987774975,5.438417449649418,3.6679849421006816,7.2081328562214,6.495305372440077,7.242845757753556,5.9095012789472,7.082443160885703,7.007006780078402,7.465078577196894,6.399346084844816,5.5590204720133665,0,7.226766818204376,6.951895563796005,7.4716515779433825,8.109348471839281,7.828397678019698,3.5088640791582546,2.979083716604576,11.552790709526796,6.366263932330904,12.343539585927616,4.767066450428706,9.209508630574776,6.5566663277104515,8.056567033708841,6.60075107758031,9.765005022744777,8.757968419750375,11.319472691703945,10.569792141588806,17.2912361412926,8.196748657769605,11.237974100393336,0,8.603865385899631,12.493209909489307,12.264132227455413,9.593793412002293,11.756080769926035,19.143835701593833,11.600355501690531,7.945975441145456,11.318547295911818,12.865870479508896,9.195381015916192,3.773579771781464,11.268379534072869,5.947141272509936,2.4526967480413826,5.540577339015191,177.88129675074327,11.045091967793033,14.569630109737867,19.150176575983878,12.404568591205484,18.218360099479035,14.366030736110794,6.227049149900126,10.427418490102399,8.076626027341756,1.9425292514973607,4.513163022469492,2.3251232415243166,1.674359398717937,4.404441353122092,2.482340334961633,1.3646917274259522,0.5291002737871185,1.1850061667631633,1.6366276108882902,0.04629593964977195,7.072545408155454,7.682344247414723,1.9159354703685048,322.6815741562724,16.9653026001576,2.7274036554207246,5.36532910060137,29.353101022228177,0.9698075651075608,2.744574437079829,0.12905574125206412,0.05883465382518654,0.08763482438849479,0.277676924369521,0.22526330741592518,0.28332416522038156,0.29037405503559766,3.4411285535008673,0.1454465470675823,0.38658524924165005,3.5566477966471006,0.9323405017346088,0.36461300010746983,11.818236006486888,0.19507045610572402,0.12517065414000314,1.1516646249973257,0.34085253875053695,0.19831144405406154,0.02322801343587876,0.03357626080681074,0.17561803789876748,0,2.799311192003903,0.24421889931838806,3.6595102395848964,0.2715516884227354,0.10054373502999762,0.1050237497749324,0.6079019013612286,0,0,0,0.04322407465379812,0.21711883378589755,45.71475894797447,0,0,0.2098942753016544,0.12693574890364384,0.1804972358997491,0.032432019506961125,0.011527622161004853,1.9083759943425291,0,3.1316663560220395,2.4164987557678956,4.2944474372926855,0,0.7679671998153738,1.8649652593949395,2.6292837108803893,3.8760521965112202,1.8618319827665932,1.703449374086886,6.160650699106744,3.697403638684317,1.124251219399054,5.867230292150245,10.698041282007283,10.672823835046291,0,3.52094441556887,0.4751260776983619,1.078353219061615,81.50020243848999,2.6853113859798987,99.97169943973492,0.5038023252966208,0,0.8598455287894681,2.144730837317348,0,2.9989382801754054,0.05491760652764456,0.02568443449560135,0,0,0,0.12748102418362262,0,2.0469140839190207,3.810011290352124,34.723478477285106,4.859973487553465,3.6188743820657923,3.652667025431041,26.0000077073743,56.3304471525378,155.00073635863322,216.96338718810074,21.378146575416316,18.36678109335048,22.995420092050505,25.859007471936735,16.984565564349257,30.97118433505512,301.4641422341764,612.5172931990156,6833.685475060567,875.22577692801,52.08494494503789,23.051097611599054,61.66099043267949,62.34954687737376,10.519036284579274,11.967015255849066,73.31603689169634,16.70358415589942,12.41574592642801,3.5564586811231056,3.398426330788666,5.121945009051839,5.480144102417792,5.347413788629287,78.01567600231796,3.725394292283424,1.786529389034655,1.7593546950495997,1.314516839319047,7.335936109821559,6.423998845442813,15.244921515244167,5.966800206845353,29.170322537780756,144.5098621955801,21.81066229705295,334.8803722921714,75.33520664486906,0,0,4.2672821374602155,6.0627554120988405,2.3646828722459947,49.45212268309414,28.29323910584241,144.87206296333733,2.5840693264237653,3.7707737659845875,2.5397767038506704,4.3489387826598485,2.02809532877506,4.376935438267301,17.88401159888513,108.17350610192864,24.3865080831412,6.598145054047415,3.7077291240947954,0.9782272794401917,0.8290585563660209,1.7617554448479844,1.6509253474567138,1.351297703732153,1.0168909545567275,0.1929577703906666,1.0043132472191492,10.504404653046306,16.362539770326123,53.59643142719011,314.5354226234124,10.973808828555818,2.265786530164448,28.24850326900604,55.99722086037522,31.391114199218027,42.50892286362212,55.02879921079312,20.982842496008793,33.717871004610764,108.89807616348463,733.1577851105571,374.1297865772398,57.76205476068844,91.64720517384707,38.439378666698786,95.47654497998316,170.89079493777137,162.5877291853017,17.637774278835103,257.10878555650635,2416.401384343472,1123.7017462453475,269.9298482195566,41.92114590529874,146.2321918733539,95.73616503734688,11.142987601559708,8.259421213646103,5.4126629350436914,62.85505081625679,344.46193627907815,465.22202259757665,1024.8146009651753,3028.1188525521575,2512.8287252502587,1443.8869923195866,1742.5557507548706,2400.5388355959835,4868.118446887542,10200.288432614974,5843.64501033205,4249.236795508006,1483.0343757910728,540.2922855341523,113.6392480201462,139.44908452849953,276.0954284724382,183.16567264888707,281.5030410207099,324.6235553434856,225.07554340856527,411.4509598482942,379.71878875333573,168.2846625161827,38.36282475560648,80.240495049762,36.3748057528014,3.2051071293618634,6.545312517744747,7.23543188104457,184.23205502196208,1238.7904759903572,160.90966752716523,135.28809034944732,147.3722171460405,76.14559573322067,159.88621444542815,734.5371366905547,2011.4536198685955,1692.7097681001162,1500.638570695991,863.8792708733051,258.0788360752674,85.82480561507631,39.143274040492486,14.212467601882212,126.91166386616538,65.53983745682514,155.3312396249347,127.97610186113027,158.1667360477525,62.14808657015143,104.75695881955167,24.4739363760029,23.237616788064972,14.69311577162454,65.57577151791116,80.44995287357732,230.8618149211486,290.53698284938804,256.6791197909728,213.5118130905512,319.9676332912643,194.03807392836325,501.7959499860521,290.0657247088813,153.13867331268094,340.2525198833418,88.365797981277,84.82567717449037,80.86940143468418,52.86486239825347,210.6648618075968,261.8013806036424,223.9029769616149,237.35314192850214,189.53702660916528,256.3286045112062,47.05127929892086,318.0650586201277,44.87762153260196,75.85439727738687,198.73385382749453,136.3850888631985,162.51306786982906,250.4115488093908,166.91524000182403,379.73948178974763,275.33706048585526,870.4183483003275,849.5713978992715,381.9659191951524,599.8019382494707,63.01900598932891,29.57516784822584,263.5366613063123,45.172487739430636,54.38448601399197,71.54490781318076,433.33989471349435,356.1453899345536,27.347043812462218,15.186456719481702,122.16516425902125,788.9865803981296,173.50190945869002,235.21623692667816,334.32702603356546,186.53217899821905,110.5175929908849,195.37026211379685,156.74871417635882,236.27429341767257,135.0568673164506,667.7472555615769,157.20672407596464,143.44805173017897,317.3444548630235,400.5985456053449,176.99163678464507,109.3981580246581,71.42890320124545,123.21736091686617,108.30848192109366,141.53398717782463,37.99652907161589,28.989076798421777,17.756715944730143,27.058084556455512,77.06475790041998,375.4525427074479,357.0755085883756,447.9868151502414,312.04197538406413,350.7600069692782,354.1242957517323,293.4120746584878,516.8667874622101,437.37177658907285,88.52153629159297,26.702588508299698,840.6876036168661,403.18108741447577,674.9960973812,326.58784825380735,1.3678016511314623,97.80847094109632,184.03257284091256,22.551862428827153,0,28.5256244227817,25.849467713931144,27.792732394549553,8.76165289532422,0,11.39638627186119,11.742514386025665,8.774467108193258,0,18.639258992862327,648.8029776268669,12.569190027296695,15.402429959251068,25.27853012694142,7.898716559573898,25.96902561760943,54.46164205920723,29.78643704806009,34.390024475309914,43.54348193980477,20.51320004985655,1.3226727442974036,0,11.569357049022955,11.464651584721764,10.361116379870525,9.651619406264018,12.910607992086586,39.30760038977324,41.269551113197856,2.693041896486848,1.343722670872842,2.779494661010224,2.586023399380099,0,1.3073274403043937,1.2122843757565502,1.3843023574903879,43.34508472863188,4.049430010594225,4.662613845810197,71.82358944822894,106.13772439529988,371.5876447396785,112.43310918142689,119.8614602801428,19.100575213296967,31.219748088075562,60.988156302563624,7.587000871356209,12.524356126111995,8.257482641752791,9.767875685711527,14.3814596544746,14.079587225898335,23.941689698200012,186.629023463535,100.24538332884048,14.750961782596717,43.254619154967905,100.14172949160314,50.464911287089606,293.73273389855655,93.29599378094679,55.78134993258298,69.43042424587858,186.4161222495264,264.3891854971667,162.67777211839797,242.65118466242143,81.7502178476742,11.33159338234551,18.304042284370688,84.28688804727211,333.15477055855087,192.77461319104998,19.455219812156358,58.550027152112,438.9741694951053,68.66453082087695,85.76750814828652,1171.8648076488178,2483.6746478123414,2783.7160749095942,506.37335488348896,175.14366413088362,84.79016903164361,63.641651234278754,197.5457427118027,30.01612585311842,482.77822744489265,397.34928254904446,793.022979680956,1441.6469898921216,581.5363512221205,404.5807765906791,103.5755395485699,52.19791506646677,61.01943626882895,463.3749151744237,253.74939277164097,126.17131459630585,418.1227615653087,501.0269471518559,939.2177434343376,477.8831108141307,4255.616219608563,289.0009293724067,103.79368564372508,47.52777437643509,74.62382118877915,54.68169765968829,2167.3359215729565,913.7384863024843,247.4707976081082,577.7113188797642,497.1245940890091,318.1028495637281,274.3737407033984,154.58576490398767,71.96707808833352,93.4563303901277,15.47137378019686,4.659977405963363,21.140143892065414,4.920673814652138,40.42777988776704,148.39742290359214,64.80962981441985,10.568811595408055,14.886142119284308,4.94863733181584,17.60440747872788,238.3349132737071,7.5742932238716225,798.2707731207795,3.7523132222367015,4.711754811141583,10.221987573593735,7.027620121651527,1.5329213114489673,2.936197408229143,21.120375409135843,21.212125529172862,18.355029942999447,8.306774399859632,0,2.611421721077955,0.7042253845747513,7.297555480325063,22.371648319397472,23.42132111877566,5.737911817141524,21.545110663453606,146.5273190170571,218.61495790763465,182.7580445616321,2381.9832696910353,244.51587315182337,149.8372270637987,179.95703629872742,25.052793688879024,6.352226739742984,0.1995607559014796,38.42403823825822,582.9562205352302,1062.0488607397565,1198.893599288178,162.60458395684142,109.71097537622522,291.55519077524053,64.15530335870264,284.6751804005454,503.891675022934,935.8615926653093,941.2648583110093,141.13964006163835,7.0957620048798695,0,23.374411750522043,15.811735714794736,140.80647626063273,81.06528035397093,8.044040006636205,2.26877458898753,22.12674366165546,30.246260138348255,0,0,127.88129492903205,105.63312012593653,95.03902624210286,7.867443010280768,2417.2364464866546,2852.5057923409195,632.297713940894,0,339.8045153288236,6.394524257134804,4.787235772425505,8.854708120627837,127.21125797599261,9.201522337381508,9.0926844695093,1053.4740010969372,807.3902013518158,715.7662644575095,4.969747479475193,6.119136191299453,369.79831040850473,117.0886094036621,47.94735975600074,70.68862673487084,819.5833024096836,158.49570830454778,49.781032664985325,260.76459751358317,138.5737272038832,160.4955284160032,10.142526560068992,10.975553521907448,180.22708348875307,20.13383446662673,298.17492596020503,4.352521525635532,1.544777966096253,1760.1731199213878,1033.3913733317186,3679.9374011417244,4646.822920777212,2176.754348732967,293.8888648765855,122.47073014072456,110.06753569664185,214.23947528517013,191.6198798832599,87.49663750404726,272.3569585612885,314.2384171109631,1995.8508410381662,3451.7796700810845,841.9806321787822,405.85192765162657,1042.7395280570167,108.41726267737458,59.16314251413008,230.05119179669995,4727.088168350398,1383.2023913838902,186.09085500649803,267.1127180810724,699.85052290309,799.371672968584,0.7856359254803807,0.08490063870588073,0.21842589121067738,1.139267655766434,3.2915444170487795,267.4850454168068,15.782511519371223,40.63490351212169,47.69184062747192,37.88005804330106,49.72452085603622,150.42424097927784,1055.709293629875,179.66215697175886,155.81424375639781,726.0363875777691,1059.0123090340214,3616.6057058101983,2325.1760469510164,458.4667466377396,326.2568957809006,255.09938553879763,19.557343288685185,384.5276543099363,16.55302233269726,14.634790797374473,2212.1165412001014,8541.09287813006,583.1519820883283,28.22894379198344,485.18575896314707,7011.512615933395,6258.906137388473,169.1203016050591,0,0,1.2739727557659364,2415.8922069120936,8.60065016673764,4.309303278126559,7.652355536605652,247.7911204554461,103.36048705230026,7.0033778187281,489.6411403944397,3.8093817848530107,35.12622708169606,40.58348017285364,110.42869768327179,0,184.59881212400387,48.131507855463454,258.3692915010414,30.816151015101994,0,12.81009583148973,0,0.035216515969640205,200.10611337138258,309.5829670108553,82.71704213032484,162.57110964883947,4.132929528403435,153.04499873380362,14.658755364919967,893.3592438305253,646.7027296728995,445.86198326388046,263.86044168833104,248.70967538078736,106.55963782942361,37.01557315864884,1.0178960569393063,136.31734195865073,262.7891923474642,460.3299304775166,279.6573674846518,102.51117387379844,14.369434834463867,137.3008811787609,153.5709058973836,280.6561648886585,219.67442307965237,2.0126853625729595,2415.359245031106,3245.411120120809,10677.784494884041,11755.829373420733,9150.49408111807,0.7811277317269996,0.5039116451984327,1.857336981090332,403.9183223901197,25.323443570227997,785.3114013846315,293.5005269061622,612.9588434689853,2514.653467640592,197.10042122468533,17.376711405845672,2.27362187562262,512.3820735577973,58.122966643261776,19.314151054265338,9.63790891653663,1.8145587970759018,1.7809789410271493,1.9511916180750042,2.053820164740591,4.079627065434186,1.80493873148973,3.0828732249650224,2.9171084048807243,6.196635797675121,3.3067819597863157,103.9582778111475,19.120661425344853,8.634343731839254,10.113959998861148,76.22352688666263,510.5691354236577,14.751474662311711,9.7738581345919,7.9760972946533215,23.641407089000907,580.6991583535247,13.533483053138346,61.91895564334838,57.70026864884842,109.96732519349086,14.510820111098415,18.663292902335265,18.750735779123513,6.69033614259764,9.255422692813527,45.35050799570223,9.805863007464572,656.5622957181652,9.248817164821133,121.09493768884913,7.861071221304857,11.97610225789499,799.3433339641523,5.729942444808667,32.122311049384706,75.1974874545643,2.8365225857327756,33.19033297773995,7.440741687516803,42.84944064376599,18.979040989785148,1403.4537699669324,187.26481739126416,4665.879576017503,4734.407202240015,3111.8472215491306,1088.7294258006452,2033.6404472072072,4.443914098838032,2.3942166871964314,2.247830000461498,6.354715016704666,431.63513395676154,466.8195868934521,22.38095437816945,15.363458361667282,1.4008036515683222,5.758585548056968,146.166210413855,428.32424058070995,62.6923792929423,47.37331811396393,4.557691181849112,7.548318985933335,68.40312178227356,78.669539032591,659.4333797034122,23.095721125222603,105.01601951831006,97.48130577107928,27.884312027339146,111.16778961253503,3.7372248745299186,3.6104923808814666,6.163183440968425,1.52192756755821,143.0722552703457,7.007095730320651,387.81742351776313,137.5309667341055,254.96572578679817,132.55698834795228,538.1153150134793,2280.4139477146887,1500.3149209096962,902.1967603245079,314.2729557744055,141.2608174171912,488.33416620673717,186.4897745981454,393.5396585162575,1106.8760790027857,799.8168800385649,2448.138261563187,1477.6661117738197,435.94411850900235,324.2218185247714,330.1099785515911,204.8189860378905,24.711302147045686,185.38033290602834,99.34988315114317,49.35380814530197,362.6046330538971,2380.6959634090676,920.9918685973595,115.1703273270783,1634.684134776348,818.0789828851391,185.21618604877088,19.3335410072143,429.55129928970945,870.7521841819222,1769.3327885616645,291.18221601187116,165.02255529361548,229.06526355426462,222.67073351458993,695.3943947392668,257.078811190713,20.634800489413355,133.1739349588203,371.7300936533945,957.7837158826522,863.3959470900742,870.9669677652126,1861.436478989719,2381.4187574676603,3927.3426982649007,2552.0719108523276,954.5135857564129,790.2389795994899,5959.681400379634,2380.1997519970787,616.2343704664507,31.04789505502887,39.00524795745545,57.5005077347515,524.3864071580618,61.03028553674295,366.2625251769762,622.2094303638338,34.414291952932786,269.71104705294715,75.78627071854362,377.2836477985356,1134.922106640654,1118.0139768160816,43.72793767357692,10.575755205551179,7.461798800610947,33.8490270762452,43.55108658507986,49.29655231926695,54.27815065436201,60.691547710967136,439.16530251264004,2278.2153014720516,1488.0353043153807,513.694889456332,257.9401251718143,34.27850081945068,346.0011109304853,0,0,993.6571059937852,0,380.56321968754577,0,446.4388549922127,359.41457111561476,1416.1214450020716,373.0526785435369,0,258.7649573104018,208.92019718694274,1094.6782306465911,605.1248179147525,636.2962864743783,1033.9428729013573,240.22207476706637,3986.3528801605253,1136.8663794806955,268.4871382913019,753.017622543732,717.2892921974895,820.6742576752044,507.6168554182374,2447.9694933962337,798.171804923625,1220.8392607390983,0,1372.1148993388388,1290.2188204818588,418.81966724181484,605.6233212277889,428.53352863894355,561.010470760347,585.9664536132187,0,644.0648456165324,512.6717803981572,0,374.3318894249852,3259.52067564757,670.9973084502968,1046.0517335069824,243.09798255858252,578.8434499462759,191.64877094429085,0,764.7739682023596,1647.2287379409886,896.2793780114813,1414.2953072277594,0,1362.2735759109853,1261.4495798349442,507.86820914727866,14.56536753405792,1092.8523692569318,0,1056.9399542099486,1090.1973087595156,564.8231222407261,485.2215151712034,492.8169648586092,986.8244834679759,1178.0781467719826,624.9411037515345,657.1623634932738,0,497.07061111081237,522.2088360444038,1112.7504099905793,339.0278424572047,854.794674838911,670.2712524956477,454.72704488081,720.5201004560552,767.1190391006564,0,513.1830626949734,0,1483.0931497002625,16.124368904270202,1281.488451612544,1.30130818171291,924.5758223022347,21.69069598899792,1065.6267795510555,823.2622858381093,1063.2218583728668,777.4071080434559,232.30781767290438,1052.4148298422206,668.1595005818552,650.0494794632299,0,597.8218853131336,738.2618241001463,450.6689611799683,0,0,514.4051184676206,654.9459733479594,690.6586903586089,404.251024053584,1022.7604270432352,632.298656709373,894.6631398204654,604.3781051260494,546.2229497319545,633.7952242904882,540.2159300833076,517.3381529176518,732.4943546932524,724.2837072198154,827.212806124379,721.7850584781479,537.1196144655247,511.36292698303276,1206.7319508036144,1417.9086809543135,830.9201566292314,841.9477873610308,780.8852571203063,398.99563896160726,492.10768560185664,861.7365079740579,1070.895509383619,739.7197309038002,753.5393400469709,1100.3780486064547,752.9969091994257,753.7571783349271,909.2902668996697,486.9746926118857,1131.592821871788,1117.6700691212243,0,1025.0114216958036,974.9134194525118,0,953.1184069370989,1194.517958739913,1508.743925036431,1766.0185790016283,1155.773207620725,1449.240037897049,1428.5287289911853,1321.1763801465333,1144.5746569684914,2675.745554717496,1239.7804594761162,1132.8721420289553,1192.8344814367347,0,1788.7840038218123,2335.434385994265,0,24.09982452986751,0,566.335214626636,1491.2565248347257,979.2293897707018,906.7388582476336,958.9684604033307,1590.2018476515518,932.3637142029496,617.067897043637,528.0541110083121,506.43841712809586,1275.9671486455711,753.82477010345394,950.716800473349,763.0347624557269,898.8316691064456,864.0131318241095,830.4478593301324,664.781006571027,1057.4274267639385,3177.840457216386,5374.544323836815,1088.9297689448797,719.6115610085435,668.7782101988339,552.2211292676881,8308.740763803458,585.0326659500778,1305.4887960677984,589.2279207202714,591.709972270167,621.295631243596,507.5866987221348,637.6418407210666,288.0623958984423,766.0458520263759,632.8029469182142,0,1279.2294375481688,620.9878129578831,607.7009812362528,0,306.80690062450367,0,490.5090698427929,466.43018548631164,701.1620649960187,549.8577543833991,550.1165029837188,759.4071106809293,517.8345127902165,758.5712450750631,820.598193213702,636.2927742647076,879.9668564283885,749.3290412363967,649.504838980611,0,501.5104864049972,0,1196.5770740396097,626.89692236833,739.6766275129786,765.6324356636864,643.6010012607145,389.89383826532327,0,0,424.6283245308389,413.4092719902561,416.88580058914005,0,423.14856777188487,382.247901798055,404.27034504179284,414.8624979166636,402.1808609101811,413.05508739901717,426.30975533804167,0,438.4645671185777,436.49646278255864,466.9002274960427,0,67.97498098336298,0,0,143.06767389053084,1052.139097084709,0,977.7756004024578,505.645074871897,180.83018822711867,457.64979885294525,651.7234683946467,1972.4742855109473,787.1287636942329,4.98172054251014,458.30526210173076,51.708649257148174,793.3691443594282,460.29734798293714,777.0354644929729,364.0711129274846,0,692.8632681198131,426.981825733182,502.1093843170288,610.238617353483,371.30903955624893,705.5134058212512,396.03809757476307,662.3367405850407,550.410239958814,715.3988872414168,518.3330402403212,518.3330402403212,514.4832236251041,402.6121970762152,556.2350342633591,420.87824103934764,432.4138589551652,391.7545187647843,556.3880534121635,367.82554346882955,467.26599011632806,371.55539343231624,580.0777041211724,524.4688654007626,442.38449219831205,436.80506855282067,577.4294514109203,373.4251909680981,414.41782216743894,623.0707885620382,0,446.99958970452855,430.52941998771587,370.88998790972704,464.29979806996124,553.0881910715602,477.262071647929,407.9504051965257,644.2335727020053,562.0524680508503,401.53570755901546,952.0789721538863,417.77061661608,356.72625139772595,362.35130160433204,624.0754500799454,588.1555998536746,364.46360553525585,357.10622212137343,371.02475979843723,354.783925867389,545.8374494099586,0,0,0,0,0,534.7576141558559,523.2063295384078,519.4633209485687,271.7772566552305,217.51173266961212,0,0,856.058784186093,736.8140381331275,531.32395836095,0,589.397395503366,596.6743464161162,436.75182956538595,810.7270410158987,660.0920654614115,679.956969544609,509.48708008870005,245.513727408474,0,723.0693846152953,256.09699999958184,1600.1151133243022,640.564181926461,1879.4502519931193,978.1361966797069,1152.165041133873,1049.5015169790881,292.86798027699797,0,280.1018516388192,618.8437791626665,282.11535342366085,233.6085140951394,266.9509089821998,609.8995393846666,364.0290347721539,333.18225163240925,310.54752748624685,402.2442282696323,1187.5174923135255,359.2458588239245,265.915683039721,0,319.71737795707213,512.4364980282212,1234.6098614052326,748.6827519444267,2220.127868617965,1233.3691450477609,483.9480178792263,1507.4833118292777,335.3051747005435,395.8057265557591,1946.6758024108724,439.88760683447856,346.69516574784507,363.23084669252177,406.32688081486583,321.5826185129221,293.440546724315,279.7982744899812,254.9904678605774,47.984182612686084,0,1718.8095067003853,1879.4787113503464,0,794.128332406777,1663.5952965293347,1420.7920839666208,825.7776888267085,1553.1614089764525,1029.9942764495822,0,1.573271311338678,0,0,0,0,0,0,0,0,0,0,0,0,0,0,45.44519415241495,0,0,0,0,0,0,0,0,0,0,79.52813691727559,178.51413490255047,32.939979256580855,28.211833066926935,9.137390845672023,210.1257571110687,1188.4396112977095,1379.3453652108901,150.99648288989414,768.4233925411619,0,185.53260604573939,55.806187707826595,49.25359084956794,55.07099177272012,457.8658291286757,25.347229756798566,146.05400280926386,27.112128081724862,77.21850003867388,57.965173472828056,140.31792210162058,139.03584201975875,199.5794509422134,0,0,298.34552249941635,50.14813889143287,2515.9597341500335,149.08525506095359,207.569884165167,50.77266674125177,1100.5475759810204,50.52217631809206,50.74703990665252,99.487112233699,0,0,30.539869737612452,47.74750413490138,82.72935046590905,23.559469004487468,212.31184015251532,37.45830326788878,11.768250012131318,36.69545683816179,39.04804594868103,36.76179727526407,18.30620123829842,36.02826744417819,19.719692345069475,30.50979003608808,20.462230013347842,21.718802402636555,31.562960430922654,27.4452281438625,28.836234926278152,50.61225022340264,33.22652688786314,34.61275252196629,23.62648118438618,27.937851799388373,27.419731243956726,168.27586865818813,54.06218343005439,40.52160405222763,24.196874640332627,247.47066219605279,204.0115589832704,53.15888983830888,688.5120619149386,314.88738708928986,139.57762462593732,387.01684231154223,391.3640693238318,200.87269838651886,78.3778506477818,174.46251652336812,53.86548946250392,245.3877896622874,0,14.17219811584686,1.1232289155959068,0,0,0,0,0,13.06773444733236,1089.4133086940428,77.54443739445924,1.881819983960329,78.28985142299157,508.7785739476187,201.656536989877,2999.5674000908,3073.6512284242144,1252.6405542394273,48.19897621074202,0,0,0,0,0,0,0,0,0,10.023145739999062,0,0,0,0,3.247179167293984,13.02580233894859,0,0,0,0,2.693678159777203,0,0,0,55.65350382568974,0.5048639830716026,55.019453911695464,37.63782980998744,39.65631361654476,0.8464265684107342,111.54100031729834,57.214254949095775,219.12695068246967,38.29848376243986,40.710770675868346,80.55989785655017,149.75614563764034,298.44040706478563,140.87877272813247,5.939175777006691,0,5.102416430085853,83.69992666500153,1.7199539365724812,0.3845903876284731,0.04672756550442849,66.00151203468938,37.455490207277926,0,41.0254168205586,495.47374197926473,102.6373738343563,16.8315509554173,11.414915356023135,5.307075084717285,28.240845012714754,7.604806356868784,25.043365619467384,7.030914456665954,0.14441066497456492,0.2980199198460215,225.9505977264048,69.09715079487835,92.34438025984849,7.044339729993521,37.407990615580985,95.38530095434946,0.6806156039187408,49.65720649935035,21.396129116982568,59.02866748834603,1326.5749691267363,4232.61002762166,5840.960702993804,178.23851761764863,117.52333675298415,8.605732053112536,162.7748697883484,94.98464221845614,805.4001386834323,191.19997056155646,62.47731376155784,1.2248500377740534,545.2178172924108,301.5237137766485,336.86200931235163,110.13939055783857,0.03941723790697225,1.8785964358423355,0.04686049369919262,55.09942972035999,0,0,57.60885001176383,57.3449699035867,14.527537448422468,0,0,0,0,0,0,0,0,0,0,0,0,0,1.3895344540058414,1.4776353349809477,0,153.16229255078005,2.6059035027287645,2.531506577435994,2.510674138168659,2.4936483455096283,0,51.54394181852887,51.806628838872214,51.388608531636606,51.44543916466098,51.75438180643079,48.213569105302525,0,0,0,0,0,0,59.928209629634885,51.649732780311275,0,137.45409182648038,60.815354849080734,0,46.41427383367809,51.148860758288144,56.317727779342974,2.026358873114029,0,0,53.64556102340174,76.89297952149647,19.329037037315864,61.07149106128391,40.85895142862671,52.58291380957256,57.80574826277083,64.51024171386642,63.900186821904,43.31765596248942,61.019366927960654,61.019366927960654,2.9719080371102526,2.9719080371102526,53.53598655612414,50.03175432411712,49.7887133840032,51.828015520878296,12.563017676320941,36.86590068988075,2.1656155424104284,0.915201707572781,36.5310067544456,29.178133572979494,0,0,26.170063171201846,0,41.13361702342635,0,71.67806994512262,0,41.151442759264064,353.4079196758819,51.43792559853626,71.80920550739545,34.52807093029563,76.57588718326053,37.430414967452926,85.37961049191317,51.58265941769349,2.651404265056757,51.039249777816856,5.652959052466594,46.94767032015145,52.435036776226646,35.98031765635205,31.809449631052967,38.26158448425864,48.44533967514298,30.345542745335738,45.148054134883,82.24586180380031,65.92645755902659,0,24.95435322207812,45.85940320122941,28.858798869363454,54.942620830515544,48.923662068043825,60.71713401437595,0,80.09869689400037,52.556257926752835,45.88132424909446,58.59649719601388,96.80064249202071,50.79537191576525,138.35222230499446,55.01303619966468,62.88826879479434,2.02132574939775,576.54152395983715,132.87799260460383,84.67278435208588,122.5317789751631,53.15394782858446,235.00690448985267,146.0539531629161,482.9342522611136,475.2102349261676,373.72669866885116,80.86093456253018,5.061643317169441,146.12049585008134,226.13115004574337,430.0879448597198,1167.480319536606,3175.8885411001156,531.3808649493233,3261.321061191502,51.5103838530075,3196.924930123906,414.91708411222254,431.99994064410834,104.7051015296418,94.12111589223181,282.48736640789974,41.324788326448676,15.561507791796604,4.666655707997269,344.78802584866827,103.05011694745554,0.1980224498907536,39.68948383297368,0,0,0,0,13.365154240917157,467.68181490370097,7559.726031084576,14718.029801415834,8426.149272580393,77.65622990963737,2.0869421662647927,221.08810248189147,116.78128424079371,1452.587677160992,197.47797735980322,650.1056097772399,2081.2153884526338,102.29910304029968,395.9170910427255,193.86182314979973,78.65561418781908,27.752313048832516,1.5763583480195076,586.7468911721968,942.9199941724436,1377.987977139297,561.4088894888682,1.6914532743311192,29.843860914625402,14.773009472449948,492.94860131036205,18.83202503236526,17.96359162809328,542.375310987755,4726.258332275748,360.8539636869957,33.492358253181685,99.48116109519476,38.012856554563264,426.917678713813,337.2920444351622,29.398118005183328,1983.0774999865043,498.1098675207796,87.90632882392352,10.388871690335385,170.16194410762864,273.1083094947751,5.416268209092482,3.8832519713455484,83.82886023573641,4.840220013194334,1.9969003092244104,8.614390888129924,152.72705998296317,23.69330202722317,17.319546760294752,4.5090218135281335,9.293406251823102,14.70058642982846,9.11822282193368,4.890845347855614,31.377883027607336,4.149732758889812,4.526720882851339,4.471836343466146,4.619307874049691,4.339654740476745,4.500302950691319,1.018918544463356,2.11584993389481,30.66815762750333,24.960956437777575,374.42205137998536,462.0517060761044,16.307622390034876,16.431479982720685,13.881403712221367,94.63870871538572,1277.4469764073658,9.27336414331817,590.534392605207,19.845453859423408,88.17237906601393,175.04051134280107,3.767188179927544,3.801383191808062,4.519174092270344,112.56111784080925,2.015257656560638,8.655446732636934,14.364173885428746,28.06482013279974,18.297058289935404,41.280754709681815,12.200254199110976,17.92943503462564,12.901317158896648,565.2974414296788,6868.564572506313,308.4374763730985,1194.0541517685965,11744.273387352509,2261.293913930823,58.711037138230495,21.26985097020362,11.794150852133399,51.83441355169411,76.03409309100557,211.18226199950453,164.25022102039284,902.6091892637575,1336.0196484489252,188.3021949596167,12.449629214472756,328.81164151841733,289.7102890624885,48.330339105955915,73.15440577387085,3.9687902112046123,2.338574100751425,53.06845467384337,49.06807031187111,2.0271883126877146,1.7890783331331597,16.710272480695377,0,0,0,0,0,0,0,0,0.2373281674263411,0,57.473054579618726,77.27108230485487,0,0.8783088954284776,0,1.7573578176979994,570.9446230930776,176.94814322187062,0.16502258319985894,98.53527240090575,518.8465515976923,263.3584944803668,882.7517574385625,495.9482849274307,365.65629057307456,307.2457693264883,431.1576449181922,583.4994892638103,500.4800396445344,588.4832606451657,93.37168076914746,848.824257769137,1495.0330867815917,945.8778714783116,3264.8468216938095,2430.6486038140615,1037.7607293232595,549.3505737768446,513.8580568056638,823.3967820135451,365.2668810803274,976.1465152917525,872.1466649129837,243.94342380621688,154.78354485329177,0.64245860963497,163.59254302959118,73.9777804010869,133.02479504114092,427.279355102386,142.51085521111764,136.46531021316247,212.50223811753415,279.7343361110365,605.4506876945717,461.6194236463964,597.750723079361,302.1358823245408,107.54684746110104,603.5036227558928,593.97468528712,82.73355317053583,48.0499241594701,422.8349846094616,283.7715579803107,332.6792044392805,799.4837979709531,1076.0158301026686,1531.4520995032613,1791.0682056171804,1274.1895446871958,828.4893101440721,1025.8070499470896,1463.3728466425314,2498.899084470624,2529.5295925666787,5578.609392847354,2256.6291992879455,1014.5457420142266,601.1173832568716,493.9837485782638,865.9519159119874,514.833653527286,218.46236591641147,145.22977234759554,606.9091404912062,244.75019350612664,273.1662952824815,142.69054231955863,452.23923237112626,1824.6242391193332,303.7344453452666,203.9383707901586,212.75404508933633,297.3456023504378,214.5038800597132,871.0280000038665,146.25053547961133,91.85356068120493,137.22135986470093,410.7471416438693,236.54602724689585,323.52195135594064,48.367542094131636,229.62015152170378,661.5329834644156,111.2069215000463,154.9756096586479,297.4412792656323,471.0725368383689,337.4879631457818,448.8223465119702,294.1146863422888,315.3281794303294,481.014220894902,438.56817250037074,20.371756194683655,401.4459550555971,55.071017066940236,583.3665192154355,7.398910205452272,1054.8852976442688,1817.7989646152396,1344.6343010109726,3808.7468018049403,2562.0524735839385,1262.7215453033402,457.7598896655309,463.9423002518269,843.4378021178227,527.2216358886322,86.63350277089431,304.7417971038177,1333.8986193388532,905.7165357861678,554.8237825684647,1129.3298677712196,1581.328078959615,237.12450667277133,110.37742076780775,264.4702010433996,391.75790943873346,335.21251114446443,333.5441135503793,503.62198128532873,303.3651563387172,40.21731487569135,44.462157385751205,14.484171543782221,14.603172497887018,15.999442851351718,18.65158999882993,0,0,18.534948306500674,1.8385793302442048,0,0,69.17188985080095,569.4229303225198,178.90258978182538,29.07570565335127,291.44371217359515,209.31498065276884,34.96413205897362,67.93923325409727,0.6664378442693449,21.64322513402312,2.320043830071894,91.14599282761984,5.3564091124301845,397.97544288533277,1657.4944904168347,339.82979648462907,221.15609017298178,14.442256689981315,0.6336333642209662,0.46345968618871153,30.850884520963735,110.08661410940603,0,0,0,0,0,2.8642170065399966,173.82543522834004,101.6775157859099,928.4880460079837,1109.2096456472343,228.89995928549703,752.287275931291,16.190318888666692,96.75540100198285,37.72783535007017,131.13438633782283,35.56174018996632,162.7489325491715,11.093845126757987,22.02750479267559,9.914764026840773,151.06703963510387,6.362313442520173,0.7603473613867412,1.703443169942664,202.09484396636714,25.034916845411605,36.62584213294606,206.4389510325162,686.437461055829,444.7554731787119,655.8496420588388,431.1719740767434,196.40403476315055,114.3312952042275,6.972863673247608,130.46890783108356,1126.6061669109833,2204.058747490333,2798.488986309332,2504.9703959525677,1568.851568283358,167.22705064531542,6.452885285126654,0.014712624133369484,1.3872155119479457,85.75804276374029,423.5007934481434,13.622800704941321,147.0126067655198,8.579622761694475,3.9172527139860627,15.102075480626374,59.15443658825656,8.144876869753201,0.010201264259724634,0.4456843511023396,190.71384911623812,14.328425800484082,172.8507770739849,227.48384804522018,3.3105050353289824,162.93490402897837,0,22.418351073196572,0,0.9125714985097533,0,0,6.3599895701519635,0,4.98998183818276,107.58197918227837,52.09953725608254,115.5893722074784,74.59894760705426,118.14392668214349,0,71.8397351074717,102.33416596636373,0,99.74682281355132,0,0,53.616723483327355,97.29783587085626,100.44601074519059,0,0,0,10.5896498425116,27.016175186105656,34.76819958393197,178.74124053977008,17.968879179117756,0,34.86191475123641,4.743489101736503,13.909085710114143,389.83699737636493,545.5262799208314,536.1404757269693,495.7148486027161,361.60148332941094,301.0935412895623,83.57599867703766,160.54079288435693,276.8801367250699,65.93778866988589,152.67710124801116,108.9615513130495,43.19324715632212,0.6673366833735948,10.569949483146738,0.025358614390301265,0,3.6170466301794706,0,0,0,0,0,0,0,0,0,0,0,0,0,0,0,0,0,0,0,0,0,0,0,0,0,0,0,0,0,0,0,0,0,0,0,0,0,0,0,0,0,0,0,0,12248.202933330589,52842.0099383059,30820.362033588324,41.427471410585945,1713.096890533395,65.78670319151152,50108.30509343255,33.54073303226828,402.33630866339956,32.83689752779744,39.73172742184401,53.63463572483681,72.68284814085116,84.36195511076772,44.71189515959919,545.8731143003847,7476.161740549439,1240.6603645614475,8999.812882476914,1062.1146608001065,2446.3920537019544,1748.7048250045502,3802.564299372307,719.2160955923134,187.85921975492687,82.24739477284537,64.40811234263886,1586.6704733578129,2323.502606781794,106.4683938507076,124.73247926191593,231.992231941983,105.71353419992418,226.54430406047538,186.92219220412738,171.5900163986547,105.90538202399637,127.56134493064394,248.80804547925155,392.6395753868122,329.9239969266491,8030.754670148364,4285.143482293211,81.01262879592865,68.58281989974981,76.98621643804688,1518.3036694969358,1469.2429940628658,129.3589272024179,189.52531108308585,161.53162880880058,0.6146129740908696,1.0288401387475583,0.01119232910516514,6.290843189393048,5.315889954100148,9.211867496339252,0,0,1.7322941158293332,9.421557836107397,232.73906892665582,93.2456948119244,43.6832012779177,182.36476986303182,370.92148271068515,395.77514177986814,59.01792299634742,68.68996782735735,16.309923473720083,346.86372907234625,129.4114989320187,0.00737149827270987,0.007553329996660604,10.693436545052938,7.157638414943632,64.57736583899049,3.2109112541423324,0.7552933126516288,88.79664892794345,11.189789020330094,1.2862517831873348,3.7597269179378476,186.6612460689915,55.25677439073568,155.02590811154712,405.1191054411928,553.3622595908815,915.2592399988473,847.912097011075,476.89160268639466,423.76790944199706,1223.198537826696,802.5012337247709,882.4171787043613,889.1744102976522,493.3701056080635,524.3629154297182,898.8312501573886,277.64245469643976,1069.379538167318,73.99865812525188,132.5417251431024,0.17333840106472947,128.10612196217463,31.45349659973158,8.831778865057782,395.3028019670694,88.18492994506038,87.06958626583398,293.9663934566049,421.34074237467064,737.6289024764139,783.8568450537189,67.1808186414622,1613.3923670073445,256.5579168572623,16.90166706981327,7.757860722285933,93.5293052161995,391.00290373821827,621.0898450973847,136.8616951412278,45.90243424382192,121.6911687506127,992.0207063943294,396.15038421879194,453.66616892578963,246.39502512060724,478.0242460062594,274.0513349524659,359.9881992067169,596.1300491489762,1436.2943531326769,670.7843405919728,1619.99020699119,1725.4596073745358,2034.6543723526443,1264.1175799602468,718.6091727811562,1448.9793995095436,816.3824899163656,632.0480103178943,627.7831521921103,539.9868820608602,756.3630213651182,310.0918529577654,188.61832351420074,0,0,0,293.4490393433582,17.540479255960612,617.4779811801259,186.42973458321015,130.80502595349736,462.91546885912726,79.37422357473494,134.34038020898953,763.7090551336898,1014.170697292899,858.4194315671803,865.7533443515972,807.3406918539864,492.68720776763104,90.2930842903733,91.02017138245978,255.76823221891098,0,201.78037243012056,2.5073451937722755,0,0.7473967011163188,26.505664969522773,236.4304013312125,8.299179840338331,0,0,0,0,0,0,0,0,0,0,0,0,0,0,0,0,0,0,0,0,0,0,0,0,0,0,0,0,0,0,0,0,0,0.19786378560974613,0,0,0,0,0,0,0,0,0,0,0,0,73.95359490995666,0,0,66.25576320979725,0,38.91599445263461,0,2.9647370073035897,10.945954400900778,18.311343060143823,0.006447394173568445,0,0.13214863571278698,0,0,0.01047647065741723,0,5.074417480189931,0,0,0,61.400534357387464,0,0,325.05608268159557,0,0,0,0,0,0,0,0,0,0,0,0,0,0,0,0,0,0,0,0,0,0,0,0.1531414320710103,0,0,0,0,0,0,0,0,0,0,0,0,0,0,0,0,0,0,0,0,0,0,0,0,0,0,0,0,0,0,0,0,0,0,0,0,0,0,0,0,0,0,0,0,0,0,0,0,0,0,0,0,0,0,0,0,0,0,0,0,0,1.047871770316361,59.5489946365422,1.67345922302036,0,0,0,0,0,0,2.209667590117032,4.112890248525749,7.398657683735745,39.645559550451665,425.9452082478393,368.1271450772035,462.36632586261555,825.8823788242382,69.86376497647487,290.6807810032534,415.69355694406624,79.1161072125259,139.8613928448474,105.20262585851765,147.54918451494615,9.324480515389554,2.75913529691549,2.4230840390185326,5.774550857266919,2.412892858080141,2.11256551145974,2.1198537099507546,1.8926610018904648,2.1485313284464396,282.84640347099713,7131.884891940692,3500.863755564147,2.777364054177321,1175.6365932039926,34148.62722300981,20764.105865566326,10072.209052419952,2.6005817305289156,7.860923662316287,1.6715783380287705,7.701373999553753,2.8331737711252454,6.57086741469425,6.270314703333944,5.24840775982312,624.0743307230516,10.251275087399296,52.22775838803304,51.80157565337199,7.09958059001042,17.695320727696227,1.5241977625383927,0.029353016235411103,2.861402473943943,168.01967228781157,23.980008338843316,321.77950136053727,21.24361313000526,138.3778417304077,44.064518931087235,7.614921559461764,965.5777018964822,107.95448091154375,2462.3148408620755,1897.2284997861375,550.544032291363,58.303021827514094,0.0658025976666307,0.09256646063904188,0.1543644285914486,0,1.1134201053696529,34.53015201522667,1.4267705461982592,1.2509203034085608,1.8748323197174992,1.2375033300847083,1.1875207499122455,84.10421551050375,5.661070586450092,4.811358202586662,0.9145939960125427,9.224044197638179,0.013219608594759548,1.0141423112157553,1.713094805092062,1.8882657264370264,52.14862487732853,2.246071258101486,2.3355008313564958,2.331037508001398,101.78431450836335,33.84513639952902,72.44327536564782,0.019673550838939773,1.8912053215614404,1.1755645552692622,7.484851986303135,1.1855132032920574,82.21447653500013,1.1757793727333739,1.1683605724560653,1.176017751536734,1.1861065501269572,2.2447161942647726,1.1831241010390383,3.441142171179802,3.183963220544296,3.347791459805984,25.05894583678933,0.09172928288234225,1.0403660317397623,1.1775130088269667,1.1521978599813283,1.154061333672389,1.1493430198587358,1.303682436902858,1147.254894485733,3879.2667320506657,2264.2736134236793,17.00097808979285,3117.5741923668056,657.9333749678166,1.1788361404250172,1.178666564952904,0,0,0,5.5122628667470295,2.3497494533336,2.1982602737207864,3.4628794918830335,2.319537739328225,1.698696782051604,1.3966607491661496,2.317230546916659,2.3217475148820976,2.3226069547662718,11.601531731302474,2.779586395100296,4.369576470602549,4.5777790620173,34.11682358123859,2.320488323078009,2.3670638066177805,2.322240468606312,149.07021851590378,2.349800107565007,2.396162171290501,3.5848500417425178,3.5572777730116756,2.3182365994540377,3.588498594956733,3.456817216300948,3.5520600844411923,2.313617816979067,2.3123679367995056,3.4350864243571695,3.602714025466186,5.638844006515517,3.5535534108791214,5.828939268712056,36.29428702739385,5.966351933240803,3.5558339934313548,46.570512362132995,0.1213029217088978,3.5079312178496775,3.3116799974001276,2.2120402009784,4.142680573132376,0,0,0,0,0,0.05320450015834521,229.5899431753477,159.30098482141895,585.2882467568799,9.960955690049788,6.66821980684119,109.97267927091885,93.76379594156644,77.29101599112023,434.15521209902624,8138.918832856339,8662.910360359263,523.8410643025667,19.29009601873462,88.43954089524746,153.75415184105782,157.65392559323465,23.01453474219569,7.203306272145339,12.853994561302153,0,35.05864295338602,19.86412473258406,8.122521832745582,5.914336017504258,5.549186297254945,15.201860679393038,33.161559294042995,17.75693563149474,13.337596094811575,22.690238621821514,272.4072027333819,1876.1030496639503,739.5518399146961,39.108928964728904,41.20595305201982,43.983009237723294,23.54659977696755,1100.0710945276521,2921.2914510072815,67.05071545609226,34.65512451174609,790.1218782806685,31.78735235696221,25.519940621793513,45.26954449732585,27.5753595811666,11.092941496784523,22.59058991068246,14.766348799095526,119.58823406829255,526.5674706303785,132.32272394452863,802.6405495315827,11.690741394827024,78.75428894473774,2154.795731526507,1113.9054121972672,1714.5525108888523,2406.3623395685904,4710.987978265843,10594.402227092383,12.92792344974454,11.122670712671257,43359.8116879385,41853.65638294512,202.43643826665595,10337.986751758415,16.797743678192646,5.169270219208626,46.46306942913892,48.482808910738214,354.7157715381703,1219.1298822630567,478.0327043669254,157.9981513224456,49.288375021510035,153.9779665409084,557.3036774612522,1751.901937379507,33.796151202233524,600.2565895205893,31.63585471162723,33.967391787742756,27.50227188095359,28.4852799815928,21.996846616675338,7.512991980421301,16.36257910110321,262.4003534766667,32.05400908930479,23.326859793546454,17.596600033242172,24.014022014931147,49.53259384251725,31.199436861581123,19.527718073463273,177.02558689448813,30.291622000663995,277.35433190661973,45.92833362320121,26.400536706211643,41.78498739231458,336.3517358233079,53.463318691588185,77.89182740200792,353.4868761553616,18.032056153477928,107.48728931001216,37.94103141451656,654.9938328578626,395.3645428596699,46.33788131266107,32.79187509086113,57.71543605735651,202.7137815355181,218.37751826331757,139.52451898298676,38.5679281366394,36.48285703736504,43.257608993714804,38.36253010182629,45.815593649168825,41.78378405921808,49.07826820341848,40.973763003053875,238.36249394769953,120.75835787273174,131.50410099348167,298.4318976312014,146.89805284019855,3.827677139977877,18.29811803436131,8.902371097520064,3.5323790464693015,5.556800585296206,10.41323452608098,527.7745349450814,231.95744197555908,24.104709933509806,6.017801302781722,20.33727898462675,21.106780950405913,20.94900791320063,6.5390558589675285,12.779704668602305,17.18286816064463,35.2771118248413,144.8090068230241,136.76488184167363,15.156133477478035,55.83922656691546,23.557079971510724,187.24730696939707,3.6255803686099326,10.711736256665917,29.220901975615863,30.74274082697464,18.805480539587517,13.497572476118135,24.776789038664372,28.906099512904728,32.265937716802355,30.610156133711197,16.63748522353557,34.90118071157333,10.399660438878353,26.315814342841584,32.17082373847871,34.129523902296334,35.63690919526565,28.218177902087593,25.51963574118668,816.2841452928491,160.80188154673672,73.17533391075948,44.35490785409777,34.594918134108916,36.07011058860096,30.606589101662685,60.83375145420785,40.13806215935772,24.13180691043697,30.15204142809818,27.750210097335103,36.26030622240488,63.659868577091416,26.643652724070645,1715.1371028617089,934.349739015456,1005.1355627158389,165.66805113781942,586.7115211371408,22.646425156440976,30.02628278703975,43.914328699242866,32.82228150678146,30.71575036473814,45.357680940005764,1820.1495330763094,34.82105961951961,43.38312824955585,36.21173814664686,14.916791323320304,31.615762700019143,264.65698006132493,1185.2134250696042,551.3146232487006,44.808250603894116,54.280626837704936,39.499195463474734,986.0390932853853,8672.37457739042,3801.8725784003636,2253.529183683718,1735.3334530737898,1875.6594638251952,106.67970115479677,57.76201303070471,42.56481026414359,65.52321731866843,72.39546361622776,83.16776736811887,117.59423434433732,280.12713583961346,2986.775726685052,380.5764814395535,84.93464405172566,110.86630743792176,70.17008720697275,70.03258662365859,39.69018426325767,1363.064326371403,1295.9958361721415,34.12200271498148,24.329075919267115,21.975587080282708,22.9867897909094,23.623046824875082,25.76774724477326,38.03882542133388,35.858151131110795,36.57573650624566,82.26161260080329,35.642729636511696,26.208641620842517,731.7605815365049,248.70842823526831,90.14992760001965,29.714193294699125,25.329903986760886,46.97383754775394,24.92858565311478,168.84379060451394,714.4183306825677,55.245169635147825,42.09787757867217,86.15020955821763,13.151643358612871,162.49654220685665,17.846077604890123,19.16591553017587,18.68968445839042,101.01204187533165,41.58497055430518,135.77367862998165,26.31505329097984,28.750551616079107,31.36641111931394,33.43967356934995,36.3694772175454,66.31727651447896,38.444243690777036,135.48159295437645,31.93548128068065,342.55506281429393,437.9707712717219,87.17568171385228,38.020099114958306,28.02408151508548,34.7860599336248,56.71219615097748,735.6021450293792,623.7612409564808,370.1199735869514,28.040581595736363,33.04756505184499,379.92012065927815,12.74394010036064,23.450449414748046,29.1635317342422,237.27900621120716,18.667617514920504,335.82533182583234,14.955994385234995,22.747465513092745,27.043395589364884,27.31798367958885,35.588053495340525,25.670270554889445,28.192498281959363,29.28949644202224,91.34070516873514,50.45711842562551,14.18135100965889,20.293612940015876,14.498905500998978,39.61751012019272,37.72833536371566,27.21310556043521,271.9514965883522,670.0483418370939,41.42002462066211,28.603837022251035,359.65494914226207,1394.6802875736103,92.36979653245841,12.133574866998819,20.087333866612024,15.789530043947517,16.66253985707584,17.645606373471306,18.357553455277177,15.26389354732024,542.5625437284043,65.80016018395165,38.535650062028324,245.44873256786,45.183541709020695,326.81484770209585,49.724016434358504,73.00330329366837,69.52667044314828,62.94160143869303,38.86967075847085,27.570268977840225,474.10538948527267,33.62366512169751,82.08659543004765,29.780733722139285,29.64251938556881,111.6494739858825,19.097383182754132,19.448901852283175,26.474559788507808,463.01830987381067,230.91155024683096,117.21421643797233,26.19587143743086,32.960386697103864,57.19999316875881,36.767212879095304,1080.050006454122,1833.8533435292904,62.75450290416617,31.28722743430896,420.94351641988317,4754.430349525103,443.78220051201964,30.898792011588707,29.53793002060542,37.89849385063791,42.60042558223551,22.857089903020015,26.109472446685192,24.898310668271765,35.386732100860605,30.628546266183886,27.11788798024024,28.84728575035787,28.245386041727468,82.48414236301,27.021254916781825,32.360276179497355,26.724164496143345,34.39991230687796,1552.2470086899752,260.40960604094823,35.13281036449357,30.952255570689527,37.21833410866617,29.227240044151124,38.217943399307025,33.80235983797665,34.466704453735225,31.68843062707882,181.96796314680896,1255.2338147821806,648.2133276856332,32.04355667823944,42.621527569453804,95.42047172450766,32.70522793467259,30.402833195846885,30.869388175954285,22.430325646503125,21.587797012368092,34.01656215831963,117.65755658496944,289.5782296112292,29.45536522666439,347.6899083522078,305.38507009468145,46.21231485086125,23.941721116445073,27.26337358155777,21.712216369131013,24.903470516380423,45.55308227831896,28.54898273853522,64.33905314147684,30.669988923271944,37.64156171057719,33.34118222166461,100.77853818574043,36.95993876008765,139.67103024257224,28.516000902438897,57.023088236727865,22.131558318753,42.679678955664734,25.078996736338656,89.24378398968304,34.106268155111366,49.58373406540671,32.62727646855747,25.364344964021935,31.34140472988157,142.9882177634092,166.51968116967464,45.10461373469923,20.906427109778797,26.705212804878457,20.396849422115416,33.12375387129485,27.44983874302929,29.252617795765516,13.422319191615543,29.209304905606317,189.38179900116302,17.005698379793746,16.888443068118352,22.089448801231264,28.31977334930693,17.262662292595234,36.13561423206614,14.67185684206869,20.02440754307883,29.17301856383379,15.11784798805919,19.48376135890778,20.47840979971373,236.42912267087823,397.43709768351704,386.02527278545637,75.29312682672273,109.8283689117481,677.9331159351935,441.4462577522598,70.66126269187819,88.65436523760195,96.268067201896,3.499754229449627,2.8166396389086477,4.152142957619365,7.621124031170368,441.34156841981803,282.7435300038873,152.32068735834255,40.90103224215969,40.99642050299964,334.9657648070651,192.90232766753792,171.81764665491323,461.3302037855435,648.5201318175858,863.0585199381524,3221.5264100020604,2482.786893407507,738.7427520321793,874.9449148132525,661.0618531748185,415.39196304434375,166.32765218179586,389.4023081830137,233.0761893901379,21.074012615972094,15.439194813959697,23.6846162664279,123.77507112210156,89.36658382166999,57.853464382154364,19.63368251306354,153.71244517627235,122.21903165508863,84.18364928016021,380.01777146662886,239.2309388300309,74.29623034684667,31.838977016931743,123.16224657790117,77.71663372133318,145.0357280441727,2102.696572409641,3250.1236513618524,1843.9990583925005,401.258173913005,288.9686024540317,131.30906067040033,57.758380722789,2592.9421433997627,871.954176581056,799.9405937340762,416.71476456597577,1518.4871287403764,3889.08921428278,2211.830424907828,3420.4528001144163,943.8502188251581,3260.122540442695,1700.9789962630703,1289.7233425541451,444.2158084033726,66.39242625250245,2.647518047451484,1.920315946295318,1.7111838069330936,39.549439070660526,72.2828094035844,17.520437138229155,28.20736014632946,156.54454825588974,89.82613253981388,95.70823565192639,82.83286312711974,122.06235743157842,220.9327130083631,175.0447959109281,149.8236938645382,34.591178758263496,256.83709929791746,116.5156358203199,0,207.9021431429538,10.537752548981475,170.19516450889424,3.1164354912139145,3.916707983616596,163.77937764059584,136.15104054408863,308.69023869373336,166.0758546030672,135.76529639701045,208.5324904138827,202.37316237370402,177.67543360909772,516.9922983327941,795.3888505689674,322.22243758835134,444.77854501482267,42.6210640218192,5.586595888934131,647.1909668135106,192.00979769028734,330.3573403632088,312.17537342951175,813.552108580492,162.35717623186534,73.60559794569771,122.33677956789604,110.41175613312284,82.42845618153157,81.05797174163176,96.3423132102897,119.55529430281824,333.27067607731465,148.03447062272267,136.55040963690547,72.57365593540494,97.36309655803392,396.4045199535069,124.45017255676952,167.6146927187847,137.72366130379643,169.06509652641893,425.06039076945893,315.7570447882678,353.16307763207215,333.8135544630134,299.35487334064976,334.8821103159708,169.21755964939652,94.05808451358583,210.17291226217162,21.41094099473982,0,169.7665193867228,1638.759244220888,405.8065326772604,67.77587779447154,1.407749623291918,1.4348883941354116,4.340088598553883,0,345.8139132336414,135.67587031434985,13.163066797616976,2.03085591788421,2.3712225534049107,18.100044585516272,1.4435511491899378,0,0,0,0,0,0,0,0,0,0,0,0,0,0,0,0,0,0,0,0,0,0,0,0,0,0,0,0,0,0,0,0,0,0,0,0,0,0,0,0,0,0,0,0,0,0,0,0,0,0,0,0,0,0,0,0,0,0,0,0,0,0,0,0,0,0,0,0,0,0,0,0,0,0,0,0,0,0,0,0,0,0,0,0,0,0,0,0,0,0,0,0,0,0,0,0,0,0,0,0,0,0,0,0,0,0,0,0,0,0,0,0,0,0,0,0,0,0,0,0,0,0,0,0,0,0,0,0,0,0,0,0,0,0,0,0,0,99.69635563732119,0,0,0,0,0,0,0,0,0,0,0,0,0,0,0,0,0,0,0,0,0,0,0,0,0,0,0,0,0,0,0,0,0,0,3.47120347402564,0,2.950419072041637,6.085060188018549,0,0,1.721194988723195,75.62948495665022,11.833003710845572,120.56973221659737,8.72283458465221,38.985346948045645,0.0832934375762139,0,0,0,2.019336979973085,4.853356592614396,18.519216735236498,19.49939918445611,12.518567605296246,76.08085947733086,6.114160605694285,0.9202371135820518,0.45947590053972204,0,0.011381749070123926,0,0,0,0,0,0,0,0,0,0,0,0,0,0,0,0,0,0,0,0,0,0,0,0,0,0,0,0,0,0,0,0,0,0,0,0,0,0,0,0,0,0,0,0,0,0,0,1.472253394380201,5.997653688248903,24.6446245518395,48.7819824866101,55.62309196342525,177.74511106032693,59.3044203141513,138.0452863891685,249.98953778408222,34.129673348305275,98.32204507509205,100.27774781024499,47.22557760899867,112.95375784547468,34.71164628649766,81.67346066137361,6.470632133793998,7.468326052094061,77.14885930395141,3.5908732609394507,0,0,0,0,0,3.54524753741818,3.0729666402302906,0,0,0,0,0,0,0,0,46.126821511867185,47.617613806599735,0,0,0,0,0,0,0,0,0,0,0,0,0,0,0,0,0,0,0,23.824896472264353,530.6981540641389,12.263711175481726,0,0,0,0,0,0,0,0,0,0,0,0,0,0,0,0,0,0,0,0,0,0,0,0,0,0,0,0,0,0,0,0,0,0,0,0,0,0,0,0,0,0,0,0,0,0,0,0,0,0,0,0,0,0,0,0,0,0,0,0,0,0,0,0,0,0,0,0,0,0,0,0,0,0,0,0,0,0,0,0,0,0,0,0,0,0,0,0,0,0,0,0,0,0,0,0,0,0,0,0,0,0,0,0,0,0,0,0,0,0,0,0,0,0,0,0,0,0,0,0,0,0,0,0,0,0,0,0,0,0,0,0,0,0,0,0,0,0,0,0,0,0,0,0,0,0,0,0,0,0,0,0,0,0,0,0,0,0,0,0,0,0,0,0,0,0,0,0,0,0,0,0,0,0,0,0,0,0,0,0,79.58958482686351,0.10209869900059054,1.8355827250444727,0,0,0,0,0,3.8256588871814023,0,0,0,0,53.09731369578579,370.5114175587011,68.20153813126743,226.93240794250053,102.3101145530547,434.3306376202023,28.154073010075862,15.710052833815583,877.6520603682072,41.47744337236909,111.88784071652388,1301.9115870499456,5.821381550846831,169.85601482740384,195.18022974513232,38.8865860500664,284.6102874756965,306.458767282929,129.37796115532606,111.52739316336631,60.95967690345386,1531.4939542563532,17.619908731360454,145.26907792743077,20.617403179497703,344.1932540331458,65.8394474251091,32.22823075092751,56.83175610282409,59.0644784451247,0,0,0,0,0,0,0,0,0,0,0,0,0,0,0,0,0,0,0,149.22463826171082,197.01804843744955,769.2938787981566,930.3640449484569,894.8494296179783,406.41979465363596,62.67911295343897,25.275518216794413,0.18988915218614713,179.10234048352237,1.9877371865392455,123.09709744122904,2.659815667822717,257.26002514302775,20.467305287317906,104.43604121950034,18.525424993031468,5.407241122196281,24.047966745450378,10.255116035928939,41.144792713991436,133.9052578478469,2.2295522789335447,69.3839268058212,60.85484672634253,23.801281537848322,194.2937145366324,214.15847782491988,106.38611456325579,39.08823449209655,10.775312868936837,9.085358750892235,102.39759647231358,0,0,0,0,0,0,0,0,0,0,0,0,0,0,0,0,0,0,0,0,0,0,0,0,0,0,0,0,0,0,0,0,0,0,0,0,0,0,0,0,0,0,0,0,0,0,0,0,0,0,0,0,0,0,0,0,0,0,0,0,0,0,0,0,0,0,0,0,0,0,0,0,0,0,0,0,0,0,0,0,0,0,0,0,0,0,0,0,0,0,0,0,0,0,0,0,0,0,0,0,0,0,0,0,0,0,0,0,0,0,0,0,0,0,0,0,0,0,0,0,0,0,0,0,0,0,0,0,0,0,0,0,0,0,0,0,0,0,0,0,0,0,0,0,0,0,0,0,0,0,0,0,0,0,0,0,0,0,0,0,0,0,0,0,0,0,0,0,0,0,0,0,0,0,13.717881467641586,49.85322339121058,111.81409813596797,128.80773310728273,0.4785604881605514,0.4144505561497033,0.1142833070297054,0.15903329802052216,58.345437586080735,4.247515851464731,0.4516323746870668,143.95893815597765,0.9556077886973594,3.0415622126810766,48.6195782412361,7.218496995883035,1199.9513042999515,2950.7992778519,244.3510102120556,2.5287098462481974,2.6757512009314115,5.034515941850948,3.83537429302834,2.0510679757610646,16.655144606034643,146.85164514887376,0,0,0.35439760090490763,348.9053209232441,1.140782540699068,46.61425440742754,40.89930457143388,9.042561065694978,9.36776244548163,190.8613470667419,11.741824667301243,47.16208629854288,87.64243131008324,14.669188273261007,10.762847289840884,603.5981650282278,769.8170012436369,205.57677929028918,106.29636636850333,12.258943461906826,13.51814593889963,25.457719900809696,16.428050941350172,661.7463987224329,10.871704028857128,11.426702401277694,62.211914079389395,301.3484792168754,2537.232228526295,700.7769760577555,1588.7576851584286,25896.07469135675,2148.329350501183,542.0373091091944,31.59115677908041,232.59879206486406,43.473768800821645,381.84201097934357,70.92002872742273,26.57817586993222,16.465584082271178,0,396.3626546086589,56.00182101323772,1347.5829312188223,1586.112329457797,13204.133267827556,1165.0186456167598,44.20167691951453,20.403977564334905,12.702418367328134,87.73620648088368,2814.151226945439,3736.6983934922528,1966.6949905891386,129.4081998607011,170.16456678204594,958.6640599089583,20.260875700010203,20.06423880291588,20.461577550060355,20.657588583954475,11.403455140349063,20.956056115499248,20.310846218169342,20.86084297843101,20.894669614374486,6.589247423636661,59.03422957905528,8.450348166138019,9.34307585335842,60.502302841046564,70.89513517224047,27.523881160518243,5.968525250533081,54.12259666968626,47.841035896783076,16.748065199029984,50.47576865821837,39.04700007753781,34.54710141099082,51.369709327133734,38.25507727916411,19.47978144210329,44.27998960216615,10.923999920296854,42.13099314437291,32.9016944486946,33.855959347708136,29.607612979938626,34.904653521477634,5.759483616637151,37.3976043799647,0,30.539354132681616,29.364553757187984,27.82733997489646,27.072441590856442,33.70483670868323,29.52532058381956,0,33.80224156665442,32.7150923385382,148.25579369493605,3.8620244985343324,4.637778286068378,136.15772901482833,10.386356336416474,13.082893608276171,3269.530087026796,750.0221312108312,80.53388996435243,1.8642355116405873,1.288100192404645,0.016548171620454643,0,1.2705421230993725,0.08963487063127168,0,0,6.741005634344416e-4,0.21325186997685655,1.3114343096370749,1.959252295714434,0.41882216637800046,0.002882686164119296,1.0523662655177763,2.546057070592777,2.7759236121431226,0.5732561460494169,0.0609761822661648,0.09202363551611778,0,0,1005.3429605308902,2034.3221491675126,0,0,0.40594471314620767,3.5189007314960854,5.184569429649051,8.000909272850368,5.151570221219096,0.4225230873328073,0.03876580425137266,0.012869610654619537,0.5499549623166753,0.6680801479983975,0.2312586696110988,29.87572728671221,171.0891779572554,3017.1984469391327,4702.445076491606,2383.9114941723583,4745.923057443706,434.790254042665,146.1106298770794,20.83301119603256,4.335454676458019,82.77721840517464,63.71359833954129,1.3086495047372613,15.867434621194327,758.6105777232558,0.7156576241631443,0.5723380986885678,8.563431226005553,16.85028233362817,6.144572153720284,236.32893578116594,212.93526695534294,9.6637413776348,13.13450225725713,123.67992208313849,108.97039030443268,782.8247246392452,2809.128593347318,146.02076864697455,103.14771194062709,65.98564376013637,0,177.64399013540515,169.5580504479706,2307.0337824124335,1683.4640697535326,1142.92927932485,240.92942846833736,250.54529632206072,143.25930943060985,322.939694166503,251.3784809260749,752.4870924776138,309.94514599888174,259.60259099676557,216.7984254675006,239.37084103218237,724.8762103829832,891.9446194435372,137.6936878442352,646.3179742972469,181.85434412337347,589.6579764884967,629.4601154843843,55.12092313616532,81.18675261512469,193.914765530215,214.80458548536052,47.35421535682201,86.33468876408445,22.42787710024527,10.603850483231728,55.62274196498505,105.51478171828323,551.4022706851846,1408.2909332182032,657.962383569984,1254.5396534011288,1064.9529387092566,18.430848737183833,125.5914926353314,258.5449936717061,84.7297112560509,126.13540295024167,919.6989601019951,376.39970664962794,378.5750696255025,335.1490692103072,18.62008870075723,344.95307352797204,394.4210128654643,553.324694411391,685.6973819399784,387.3075124119476,158.93579929362127,321.34905772230536,152.3205162962626,99.85298483490877,55.52956043411896,414.9485822859817,1888.3527648442894,234.9123555163979,469.5565076290095,568.9613281516195,681.0799899372437,391.287122752087,52.220730249052224,155.14884642983213,76.2791187568401,16.48160136061333,114.97577402361824,77.5419805374997,60.235722528098954,218.04521114502356,178.59651943450314,20.101768556418662,140.07162658940894,21.642124969503183,76.81638692066439,213.1744416703096,640.2301965037483,328.5215253489239,235.61485368190134,116.93862225115627,64.32757224946128,381.7642153344664,50.82616158901863,424.75965609706026,87.64027626388179,1002.5058585972802,349.9201279983974,96.57527670000539,42.895719634240386,60.24404033354173,62.75774611654444,172.44829853587373,220.08749896846427,281.98226239447513,569.6189303905265,164.9631809994346,42.21797049863025,118.86368603501685,61.841102678644795,143.81255006217555,66.38914661994704,69.81475658580976,84.36938903675673,28.178756025294895,55.827702102544215,34.61716623850234,213.8806362914934,372.35174497425186,308.52413299157155,242.75554146001568,343.4949930049956,435.08393752365566,630.2091152477193,221.5147731667597,150.92571487042292,515.2761100002775,431.71765541934644,246.2931710456399,465.8475566404343,222.48746579914013,431.3082378637758,95.63238616888106,256.9216204568591,287.62325605980186,669.8125937694059,660.289444746657,1236.8634297389278,276.5212501244813,176.3153925577421,306.9334347124824,2263.9201710191132,523.8995964845586,735.8006466981648,740.9164484511431,228.21153869207987,121.85769958125421,21.523490793089678,105.79016171669075,163.61290140789342,9.058931001777323,43.262778866225354,80.25696762025835,22.112802782427384,408.5538921516049,541.0513321611162,339.32534512418636,121.87367394220456,50.06488191754814,84.26896212846518,273.17710587650004,796.651656532375,321.9596951247291,5758.052089727176,1170.2332015100021,907.9765208599802,776.2407724792218,252.13124276971942,281.68877048215654,204.25393490945524,315.477656051134,245.55093543566937,351.56348771904993,359.29821820489707,491.73121619687845,601.7516983453926,514.8112578601306,130.47037063404628,92.12900555244305,202.0153056569516,122.5550828365389,120.95523048228321,72.63408715988487,109.42612772277519,123.87591089004616,5.336720740447996,247.46978059136703,120.30385206244962,4.264152560321288,6.246965300397527,280.72190064683275,160.54813669759432,215.6649884938955,210.06365085337077,557.9471055731212,1494.1600897370051,1305.6807101548152,1608.914377432513,1159.2263950245278,230.56785662268277,324.0029862202138,490.0368404280453,776.674630537389,1373.5463388593969,529.9565580887332,276.461406800261,15.743035433848716,122.07679664290832,475.6934486762863,94.03469553592933,205.6854501069384,863.6954815700146,210.4299128324991,8.855572181678946,180.0395602455933,1427.274019809821,410.02246782648444,66.30082900564581,39.084661491838965,569.1229002683178,193.54965332639844,83.81053049608649,105.45738255200651,326.05648757836127,76.06988636469447,113.31715890234504,338.2884999208093,286.0013575776844,624.1564228613748,1209.3698958548775,1054.4051782935464,3.8540613677024704,8.906249745645608,6.727098071433625,48.59622859174681,6.569756593730911,6.534337138857459,51.54165920265627,345.4609919634558,876.7753731808561,1702.6619662711141,4133.129386408412,955.0852602855238,7.188642166213787,514.4251249473822,13.93135706234346,631.1572525428509,43.60527578555657,331.14023198087244,48.04431109356087,73.19570543374574,142.66688543141927,13.284230396176381,21.962494905128747,184.56778389066704,84.69257973473464,219.5680230683854,144.72020145666298,153.94518583057376,160.28730032968858,11.35718454322499,9.240526967276177,90.25315448615238,0,0,0,0,0,12.628303149367897,2.5129200422690174,5.850517382382269,3.1677394434885606,18.28876690740519,490.12718541765634,47.298391545553805,87.13698147483103,8.646714652988958,126.55616186667801,35.65034394956937,306.2789582531274,2359.6913240283507,1128.9045242117845,1236.7461099290188,818.62707035717915,742.86517333983,263.57185706411224,241.96575484715586,424.2387546224371,389.7352557561393,288.6653808623541,606.6896808838464,561.637451421851,87.45344883879945,493.229666379846,1335.9539271302995,794.1580084734811,96.29182328374294,71.14605203124462,69.01617026982099,78.52848590796447,37.11513335802198,76.12162930078023,34.050325504469214,78.12616304033108,71.11274990745758,107.4682174825992,95.25680050948668,230.92779462925245,1713.298890184894,2243.6915635325217,2817.265001184019,855.8641811022297,763.982159701905,310.2510855588602,273.1953507022593,1686.429669979836,1228.0791207475907,1662.6763186738385,223.01907240190334,156.66159225718602,154.2995720354792,90.60870422715784,930.6404928390622,235.28156609070683,117.56593587769261,181.83466271958417,591.3453932341763,175.47037509460858,736.02413616440106,354.90745925119893,146.21565307431015,2430.714499851174,1144.165338160415,1347.5144336148255,1300.1122717087846,923.7576643995362,2058.909456212002,935.1419288188354,463.78986868547065,922.7585557068066,3987.0043239679894,891.3533706077551,574.4519504208664,11.497862287580988,45.76017570064965,55.051972072786405,36.1330720857271,41.395087858178755,35.91928455811726,20.991477925696984,7.9655436535515065,143.349564930977,4.2334300767237005,30.922091949584654,4.980610588175866,222.54638021215973,667.8736749901741,3342.084470179205,4.392720700744234,23.205920700641006,1.984450485665784,39.90307757769691,759.9016981739488,988.8424464935497,891.9249870375409,403.00611337769607,371.07697301292734,22.88277751078716,556.9582513855328,1183.4170745625972,756.0162947799142,2574.166112841082,1253.5771015404684,2077.8239050307193,655.1577517236402,1019.4065209162985,1043.0349625633303,1737.2411391107498,2728.932779269132,574.304056922288,592.094339485218,2952.4602897581103,1794.297594747491,599.6367102458706,1682.98375765488,1819.2410394302651,1045.8294346802165,1976.081805541907,3098.3790592515434,468.14712348495715,5001.696790703973,3990.6294506329937,58.52187167212592,2038.791420183274,829.0968028238632,37.588138756135315,1581.2504345587975,1755.1171909812201,1330.3565461148744,455.36985730790315,53.964441735800456,180.0595099690607,151.23802822927604,24.06235860050377,71.32757173436096,561.2127364237358,1258.9321660230978,875.7281395245581,22.951226949964216,426.8752915087669,8.07874538590779,6.479833187991887,5.64094095492214,5.690354803764301,6.110532026989816,5.575728383113343,9.21504125927974,19.369865223006983,22.320016013775138,16.028278465676724,12164.68638891245,676.1903820766278,3281.501111210632,591.9186354552793,6.9228739386009535,61.95717127051868,116.74520681253638,130.61199859255888,14.464210829417418,603.5253345983723,3695.016111815496,5223.797605318904,476.2909849525345,78.97699520413941,105.28985666516202,2480.7706143606115,12539.823044210229,114.53973275563372,2596.743017241879,721.0634160063247,803.630924650483,830.6485735231669,33.51732395164419,411.5184487832668,56.46535073583145,156.60688734366155,10.130530240439871,324.90553795952275,8.587466256741951,4.97175622598045,4.9318949762359114,15.196415718385948,1.6432591449669463,11.302280167878145,40.93323651082796,21.405670669653297,68.18235651104561,21.911469056361973,69.31578352988342,684.8600892400979,81.89890126124713,59.788775896464955,582.7406070030445,19.752858120703433,21.612549408868322,372.03317519828505,738.7307736313165,200.11737451816987,21.53702089093143,134.53309643672503,156.60074869180582,41.910149382297085,52.83711435246165,456.4770483472089,79.19497764563536,198.45754681500955,24.897556573442525,54.53037905096902,147.66508632382477,271.7823711081095,25.41771274679416,27.16146129507918,26.506228521626166,30.89572119682349,161.5325872423486,288.15194602585774,224.36466901402414,20.557477489346507,268.71660547977007,36.028059355064855,68.97251036002378,98.22189503757411,478.16665488887344,339.9536779166437,6.670692327347637,31.55961877990673,95.41541081545063,35.38615042775176,5.890645815245176,26.378114120468556,124.41328938624126,272.67767144705675,84.21355859318297,182.69815528695565,318.56128378678414,1189.242774485009,5365.283485536663,15761.751795138089,4572.9680477217835,464.0152082671664,529.4879182919934,473.04602889687425,138.4058075082972,194.40717219994548,199.0489659981547,244.79019111992218,130.52933043507545,68.88609613964567,49.66355731412475,231.76449292700906,205.1201838141864,99.19158649480616,20.219023347634202,42.01003348357023,2.3069803737194414,3655.3326921011535,7.66010858097489,4.740129335179164,609.4972166569501,56.710130552548975,43.08445475127733,43.47987620376546,0,19.494609260340408,0,37.38483107698881,5.266236389690114,22.312142240424894,23.61070093395872,21.674726881872168,22.891880762302492,21.175719163704645,23.532501917382035,0,0,0,149.21767731059106,49.75669009291105,204.52979074551558,262.05450866829153,122.90000391039007,55.34954049804698,54.52103178691564,259.1962878382205,247.89830945759226,354.9559115257426,322.8726450618,206.1347008070812,90.09734623172017,55.174422414648326,77.65759929340268,124.89633556540952,158.42706507966986,82.55367679259795,141.40315370018496,134.813113776326,483.4626927557397,776.7388318075244,138.2126466640986,421.7508954288159,22.442314458492532,119.25519643682158,610.3182788434287,140.3676509673472,174.90875082393373,819.5993670725878,148.17862794602718,716.7032890960041,833.1637694131682,835.0550560941051,1095.4944680231852,2891.681345028669,1297.2859018846807,3582.3400506812213,767.3803483522601,507.9086163149488,294.24636938501396,873.5589404093433,377.23172592659927,1506.1374376575623,0,9.04276763245368,9.809208956540374,42.85804895171479,25.96249482470016,629.7974378585858,40.17519398082032,34.594366558977,22.029242479451007,163.34344292681482,686.856125233485,536.423207724836,740.7671250507677,2421.214899916019,2566.908448338633,14.608862131722233,65.93270200576698,82.07076772655878,18.25813228688078,92.15093516234272,168.88802386905735,66.33368151572498,141.21100837887886,174.54150034526808,184.63162833299717,106.01327809309367,313.24225979095536,69.10593069732408,111.1773490836655,17.807823165245445,8.716187025049383,3.2210380401179357,50.093056755112976,13.756440846436087,3.3248603080708836,126.26900259167614,5.586551527729525,242.7948945096979,25.353070815263184,42.33240899981577,4.789464831168335,0.29462300976458033,2265.6378789156747,2276.9527953160605,493.24645892665956,549.155507217997,109.93542777583109,1237.4775680399398,1110.715413249097,644.2269998659009,332.56487178423095,112.90549997314235,109.4957272803957,111.04879831007183,28.908155285043165,36.39073196394417,45.2865925173822,27.78194090550139,27.412958503986285,63.334674389767265,62.791866226217934,89.41141604273336,416.7553351179486,1120.4179163572278,367.4121188671488,113.38800140848089,22.61683406489817,19.505595140103953,56.423966628116595,54.430587911473765,22.59644721562744,540.2667334189834,212.64769574992405,75.57563736158215,49.12835145597656,36.66827538963857,340.95531524183264,294.53454615537174,623.601931023241,648.7863227496736,185.2756402350481,151.2585062318936,294.8744732016826,311.2646562499706,531.9503799429789,179.98779847967896,4.6010412850871285,4.390381811911155,240.65121442884623,132.28979217165207,0,44.966012511214494,1.9938354653780643,3.2669660333954944,59.77777847478408,489.9849259537852,1199.8771952306367,1297.9629239790952,74.47852008329394,77.29553970102921,25.78560997325948,93.96797974185586,372.4143906775305,121.72283130886622,448.9105660032779,64.62485543162549,65.25367711993248,196.80682502241638,418.2581749731998,70.28165668019976,58.68624632392969,3.6014599129014027,2.1245042030154546,1.7930053336247185,6.21823018349014,1.9143047955488097,146.74701838809224,103.42067032040302,3.3494779957111835,4.387554989331066,12.525284602122492,6.812707736059391,20.034976772453817,192.85339594859624,473.34766414906255,11.145877186784666,116.63698956409107,96.81549218107786,5.362384958670312,96.89385998079965,0,0,23.206105780258763,208.37166481239908,125.77817748041572,6.248782481198793,469.871704296682,273.33616350801196,51.170013470346255,8.140273413965502,4.906625305268978,29.554629066155318,2.8907366349216983,40.2262161014242,3.4826244223682896,1.7713738908482162,3.0305373377737683,1.9857463423677502,3.138414773438125,1.71858446736796,11.11763708561763,231.5979429390995,1.68976074938037,0.5730877492433653,114.17229921769496,554.3244299496845,410.35096701903416,20.11722185425173,144.32342626119296,201.13656798983496,164.47346458423644,319.5722707678253,158.95732580648573,207.93877554415943,28.229350411680873,57.902856370978945,1234.5709658729322,887.5605646877584,3413.1014809196076,2538.4497409104524,2050.2946590349866,2338.9362635424695,1157.5644035291357,732.4686792092484,3.6445739297211155,0,0,0,0,775.5318548314605,0,0,0,0,0,391.22871847776764,0,0,0,0,0,0,0,0,0,0,0,0,35.61559810836149,55.80380507631136,0,0,0,0,0,0,0,0,0,0,0,0,0,0,0,0,0,0,0,0,0,0,0,0,0,0,0,0,0,0,0,0,0,0,0,0,0,0,0,0,0,0,0,0,0,0,0,30.456441431859588,59.92929719026521,32.203090014575906,47.81076891763338,0,0,88.59943939752024,0,0,0,1.0778155450059106,0,0,13.499353234055011,0,0,0,33.21792420065295,42.21400969873649,0,0,0,0,0,182.78964782692438,3.1394175921083023,37.024923659387625,7.8437280397410625,0,18.76914455274412,20.909814656346636,13.667975657497122,12.56394991918757,80.42316997141955,23.000491279525658,329.1836942762402,213.48095268313568,100.38261749774108,62.81926423104921,125.24252425969891,173.7616548374744,0,352.62146948166645,21.237451374206294,183.19085322635271,232.6596030164253,1514.6353241009958,117.79735340826016,0.7604473165496773,90.60228498721871,139.0247225046854,132.42602200764432,98.97880899513132,110.28811857625833,78.54340395922283,86.31987900112098,179.93592228508004,7.503742433471463,115.85403943495483,120.1269909640125,112.60771468247479,4.124593363794145,151.4179079142429,57.047784115846184,5.926684971899607,4.241827686607997,116.5747794121673,12.617525211340315,614.3416276928448,442.298373441727,18.76798130795777,413.97477587747795,320.1705956538219,581.4012812146673,133.4803149647939,568.7265366915304,160.40112237046807,520.715780026681,118.21867087250325,274.07548743999496,427.018739283716,41.74111518129408,690.286079250011,367.7880484376693,37.406672127789484,190.38677511370975,27.006722645231697,15.173118372728148,57.76752199875357,380.30975624744167,393.51856068301026,849.1530047042397,425.7430839160949,482.67614312952395,594.2499409607068,34.9768539363125,0,0,0,0,0.12831721023536086,0,0,0,0,0,0,0,0,17.36146418064241,94.05094567593271,121.80571673808663,280.7077888218046,0.2556041057928137,683.6533951400457,373.11245142414464,178.59078314637642,0.29690752730061876,0.3792252581875634,0,48.3545465014291,38.14789653886338,68.57815457259662,68.95671828064928,401.0152256942554,311.6086473753178,112.3795003857821,378.08381629495483,214.40971456758965,562.0451296728322,765.0391312059584,1735.3169019161842,1923.2354590767518,1345.0252839002128,2100.9331552095173,1330.1366160508423,239.54842480399412,1323.968154645859,1482.8980332882666,1502.4350381901722,809.3770393200926,1717.94717692195,0.21448153260787522,34.65754946561795,361.29833739607886,353.7886022722698,802.0240256917343,894.2201273390519,643.2150993593162,7.184084815872541,36.16083023713643,39.625423009563946,20.312573466718323,7.893146759231803,52.83649411084684,0.798888377031847,3.1024955200164173,15.025629589540282,167.64497944065172,335.90329137673916,56.04903267439638,135.77024674190147,981.4019377655095,123.20593226836156,595.2229208685826,1174.0760817757634,40.62172746103237,0.977243221020125,723.4438110235678,258.19440124976944,573.5807278688732,238.8809639703121,274.7217245253856,347.32344040033695,203.57980898633036,107.77300860419346,843.1877237855315,673.3180481150612,775.7626530637942,1217.612256966518,375.4304716217238,129.53222407773924,295.89653348640564,46.14090320812642,163.64208432735862,709.1787255472304,653.8606069881815,598.8440989149387,455.1492049649015,661.6128954441965,356.9198528372107,344.1889305376957,230.71228386328775,410.14514241013825,851.7587499899872,1202.1069616041964,1084.258370845734,751.3761633091373,415.27838971575665,178.70121905301744,330.88394713021347,125.95436411527092,558.0162058729574,393.5149478895235,978.7696904226291,163.6679793120794,0.616038965402338,0.09077303124696136,5.425185991944908,26.590127302981024,39.79978781482319,1211.6047392833618,3203.5815137973896,2768.59499444178,164.66079363577458,448.87413313647005,1584.55390171987,1442.6354812403492,188.34825491598656,484.1565371229569,505.02849128177553,423.8782228103947,194.8557659891998,1482.7997549605223,947.6858574904257,128.88200572511704,102.4091979093301,1239.576868768179,311.7694200965259,413.912915469802,381.26964540657633,781.1372605208222,266.74524815775914,207.04824222590332,228.3314575181934,194.4764461435882,794.4862869437617,398.28503567473814,313.35041160434815,319.54231243812944,324.377782107922,156.11138945725025,163.631114848468,485.5312637690099,96.2475133838854,262.86222853026595,411.0357929256742,162.1553203740118,206.65302814928143,556.0670255056485,1109.651562318841,133.97053002775678,657.0307957100208,45.93901246246716,1305.571006193858,1088.324200274049,172.66178794613012,274.8103378692272,270.3452111160431,1053.3115384769758,1173.9150665241718,1100.6810826529334,703.9662872565902,64.13530177012143,121.58224152247749,912.857738948842,297.90788680783834,56.26139323702095,249.82104879796623,819.8569684327867,4.634679691729745,1264.8227812143189,266.1856077120949,186.59741936696676,703.6459571343424,690.1192647868085,116.62469355480209,331.833194960726,485.6042865916703,250.2805477031017,709.1072487334962,309.6302673383498,2.0067428018169235,195.36770386604647,130.80744563796335,130.77976590443876,167.55049194111666,394.4034457829576,360.56400680890596,744.7763668643488,334.2956907896331,588.945064219129,379.70999107217847,168.6625713572143,4.975652819091026,552.799788808637,225.34006246378982,924.6082946942965,1243.5007450328712,1292.2728915589694,511.50623279361696,341.55130133773054,419.3406506503659,835.310292470488,466.24218772602376,457.1003020469315,0,2.005345819440582,114.41119622182786,49.55233224085493,0,0,24.975202426274276,0,6.303519262090054,0,0,0,0,667.5504070075572,0.01402370579063585,0,734.0619384686881,1056.3470389667111,1696.578333082079,1301.2842080863518,1170.09459487551,1555.475162008341,692.5045126858618,1188.4970384272644,0.34910942764569564,666.1159031851455,0,36.44711601509064,0,312.7302375691433,36.87370398211978,649.9177159713431,0,0,0,0,0,0,0,0,0.21763331393198942,0,0.014168528949623204,0.007927711432652286,0.03922748736350486,0,0.049488138850063625,0.07993317710466548,0.0037369588982623975,0.01595804223700799,0.02418408197670836,0.04021993844548961,0.03406311618046422,0,0.04199557289685077,0.07599000640998259,0,0.01916279195592758,0,0.045012113219149795,0,0.17661323670812293,0.03506781668075534,0.16737777771836332,0.011696070103832364,0.037485250874712585,0.051622552104078345,0.02488371407300503,0.2821333933479615,0.022316081828812236,0.09005014897018308,0.0129994527663413,0,0.004505864052483675,0.011351293965274864,0.0307023574105406,0.012607052639622425,80.07873324634177,238.59520479291035,689.6480977700606,161.85793857274,1045.2359944415598,37.47488755367417,53.60392567038576,3.346804611996118,0.24959210275331262,0,0,0.09522257560760564,0.036883871523375994,0.36095165072166713,0.04442862969703891,1532.13741546025,756.159005325325,208.53211500500146,85.38934599146297,444.8192459415404,57.916422569803565,55.35745483890079,278.6589888017717,50.86139769176158,142.51217118433274,187.62095860180315,70.14381871623053,419.86367342195814,181.54981188508987,607.4297328273788,1444.6015872484393,271.98666358281247,157.02429018080747,796.4306126498492,668.7603318301527,226.14854055130093,571.3532935780519,1771.8825019326646,1921.024560182916,1138.8924414670616,704.1468147468264,405.4634156941766,273.3385137445937,194.84282359029564,152.2929154107297,848.4158360646223,1111.636922793379,749.0965691689879,1840.0788463321494,763.5523761424379,1088.583738296086,1163.426804669725,1135.0148264821605,1425.6481440936138,2047.2874019572123,978.5228867164898,3086.239805698077,1894.6266806514739,274.6551900826815,1046.5656817046076,267.3178443563044,192.83026269631077,164.23621033522772,0.7804303192733945,33.51252030878592,24.66838714368628,37.730589828528984,18.94415515145368,6.282170041954447,82.1180797337489,30.932099943234427,84.02863956554269,2.525120055374879,16.64215535734748,310.55448369080693,22.417335162479723,100.75156324664981,22.15952971070538,210.5451997224166,14.421836892479645,25.58524090837585,41.56862251305185,169.6379414428421,87.52819183702921,107.65340793616174,3597.6662021754723,686.1372048315515,701.8736768957009,935.6104868221913,566.1145025565975,318.01451634360416,1946.0731946734184,1272.0470963038333,477.1052460099905,307.9840809213024,815.8310829200402,1388.0381680396115,1360.846062360846,4419.798523976444,3641.192136652193,1198.1252016117808,2427.303300787141,2075.1003056087834,5826.262928192434,6349.652492400434,2558.1502421727523,1747.2465194880936,1648.2625738034073,1943.139233960301,2288.266979941921,1206.8239774626866,1646.5849765866944,930.6896538287049,1770.722910366452,1589.495981527002,1681.285185053053,1563.9765300115457,1962.5427948456195,4233.461108507193,4306.958714317831,2827.857883352489,4020.816901837359,2405.1837399547767,1945.6765197594916,1069.104414901223,300.17097345682913,911.9826560254654,739.7903902533113,1020.9427401084713,193.9431828417184,332.397583061887,469.95712910526316,481.95690375466836,112.00352327548515,269.66932350020824,195.53817816194783,212.41657309847744,285.10575604310446,570.2369693669235,107.08273499149368,4.1371273269996225,14.53696743056356,255.3050517023845,240.38675521627266,228.89078860677947,103.76015209760662,384.23911191996274,149.60735479451702,62.92644916163819,282.739997421615,406.96172111716425,243.83831546210226,611.8563209659251,136.6670037367254,0,21.743866247085364,166.57451035090676,28.610882807205485,104.02263753054041,143.46466884280778,345.16305803004536,432.988815866728,834.742070908082,290.5705306467578,1345.1024736934698,504.3960223058405,2171.701017289125,347.1492153661435,540.459470198162,911.9060480738632,3641.711805578031,6703.51481034261,8659.947365465747,7030.055048131971,6707.678544529654,8108.652779761441,5950.052500078763,8984.153774434026,7119.947843543457,4946.571235708205,2649.5058038431994,336.2057605279209,624.6701874129031,2068.1387292848913,2283.6657653349394,1606.6513777071953,390.93320413476414,210.17911349512156,462.79500524394047,181.67968074312904,122.43482996605674,1665.1173692412492,892.4484343924613,1292.112443577321,1460.9806755183765,3457.041682521934,3759.8275552994737,5003.006752706428,3458.899311256456,3524.780182945929,2052.9097015472366,3806.692406113944,4233.0011038287075,2195.5753818010435,1974.800586671932,4311.833687848725,2983.797604710935,2745.5531027783645,3244.0143023177056,4575.839512009098,2375.07789300239,2040.4644512188463,910.5763502182189,7.772077733237648,248.49006478045712,73.70205399757373,43.5664462178891,99.35582769183154,240.97101510373525,352.7700338285785,293.2060813001757,233.64102730596937,185.58433217118733,341.4490983975616,353.698626224601,314.33904583852905,1049.0947877070255,267.6404847028427,234.537706691842,688.4190062317339,624.4497882795615,812.8319764815764,940.1062095849004,390.0644792420175,1713.392925175651,430.50188851475343,2051.1705359676403,1185.8644701068883,585.0063989537547,368.5956734664943,636.7018506422504,437.670895406281,324.70340669470755,167.8684974886662,874.335256063312,409.0025951459257,235.84052906995746,172.88033441008116,422.40535040095887,368.7383698882955,347.3695158553466,604.3926607503018,394.87481479586637,245.21370997681183,255.65097802661828,190.2879338897947,246.20364092997394,3415.6053941183955,1114.2388961897757,512.8760923816079,687.670796715745,1358.7702039927378,1376.5925147256114,940.811476381958,1289.1877158149805,497.2342774021177,266.26648994899745,372.556651181002,106.30611279849447,122.80134191408155,340.1782471578765,88.84184380601063,304.7761661917134,337.74860668450935,236.75969790910062,291.0191744364867,1086.9219211239708,440.5054911004575,337.3659742928657,1206.8997290583598,626.4789496256254,859.2864433639041,1074.9278787002688,1154.1835440752902,1114.0965637181312,647.1150568860578,1076.5879723923638,1521.9448021691437,1013.8768935235263,741.9554489580889,1017.5159467345799,1049.055379685976,310.42433205656357,315.21867566680913,169.67563525396665,158.48810324555507,152.81007169774992,100.34938240764586,112.74475269843144,156.32222616275533,927.085118785916,413.2615550903769,54.626073680567494,344.9349571882886,419.0738350094228,1018.8684959682989,1708.3072861590047,1301.576510907332,1243.5436115561924,2140.3762167695986,1852.907596404056,7936.181528188355,1151.49024468487,1289.9179481137428,521.7309668086226,334.1157758854937,1107.8146659289785,2681.9551686664645,3462.745755570621,5248.298161674404,9412.77449025999,4769.940095094106,3627.81103149945,2850.018559163604,1990.8815808691575,3943.4898032054903,1649.629661902293,2448.170790181116,3761.730459786673,15729.302391768533,834.7444450210431,1121.1744165955865,982.300847928251,1068.940235897392,1338.875542023796,585.8203781857472,270.88193877387903,439.7655392704788,1120.9813172510599,1351.7983856958786,1235.8787388267838,1014.358651025391,878.4826450772847,663.9773320919963,180.86508815196058,19.727892689460038,275.2833485581793,309.3519224217865,266.11495139996856,36.462851309436196,49.68063946866556,0.292501185236086,235.6676256694116,162.37981141442015,3149.6172536891063,2623.8260484459033,3238.896852061731,3929.6545738499685,1490.2700674482412,2479.129590777619,2029.9265184751857,1275.782229375511,1054.2861223555178,705.64035750855885,790.8009915352668,525.0523590032863,789.7540819402686,702.8764833657623,795.1615934721502,642.6727209440749,216.5950918688956,708.9500588630806,236.61098877936928,303.6241294570683,212.40631469070377,365.4775697821345,572.5907895756903,346.76707708143744,75.46181952159941,71.074346922249,56.48403199731955,636.5713627424567,73.73725337994611,481.5583097345503,386.23768884752883,272.3219336769934,527.8375472668786,311.7601071650644,388.08069847140695,701.618261628419,959.3795429483786,1931.825145713709,1777.2757947392865,1832.2752359593119,3436.829580987836,607.1461928657875,866.7343771956622,677.5705477368474,762.0944450392342,709.4018415494845,141.33575648607444,74.26952771657236,136.6148323938255,90.62864903453597,83.85835989613332,67.24841418591737,140.93130231879874,2.331812417583038,1204.6259787263064,190.41686289726093,145.22024894520032,46.32035174178994,55.20725523565192,2035.9961960064797,953.3266627940721,1683.425145205358,776.4317451839319,202.80368661276478,195.42744440931742,619.1569162935468,438.541439695619,771.4525076253642,1043.1972898444026,288.978550407975,975.185731995364,1430.4675800197188,1826.0788777880584,1124.3891331576815,1033.5239903928573,934.2322730884221,482.98022596867406,944.3984034393885,1133.776705527365,2407.076904655886,761.1783009256817,329.48363155915683,86.28766663162844,58.649693014423434,45.96199095010901,231.40419218593786,77.50397351478965,71.35781240757314,2686.981963829233,3266.1399069822173,1864.1716834290348,734.0973596679847,1512.0067934545639,1160.3313187282533,86.02326968488349,134.4412312414264,974.3683864869657,817.0289725173662,1915.55949831369,2647.060833030565,1622.5545618428007,781.0218423137036,771.8783133132735,488.9345177382613,280.15562760416316,63.920838367543226,260.816817362169,751.8869076691776,1022.3348961423404,1046.5560747474387,1563.9818947438862,1749.9958287063253,1220.6077074373568,103.07961717028165,1646.8913679961836,3100.2566737297734,784.6575371175327,26.252577634861435,21.998801862170485,90.40295824511836,18.34907641070158,18.46280538829173,29.376423889892763,22.900600774955528,854.3922018817459,3.9461655954235826,571.7860203932793,35.86593649882607,664.9844735455479,39.9842694324308,50.12450176163538,25.258360715852575,232.31916554410938,34.70620402319845,172.87756977351177,79.06152795737083,91.44018369275015,127.39633330377931,401.81671037882603,118.37364150917752,203.2042888579329,58.251844255085764,200.01485223562236,470.36389164054066,286.08508328699736,347.7181327374017,312.95800483581013,555.5667812830915,117.42645053098325,201.3670664012339,56.994644286445705,224.69024895987607,17.233062373314308,35.80182965105266,63.9744187492088,84.68810246387605,73.59430767694059,445.4093864713657,238.5048963138407,142.5394548784546,113.66337664904205,66.663497040813,66.96093155622353,59.78449490640122,60.16203019682477,65.68872019784295,166.68536742655238,52.09187635614816,57.101362340411484,235.0763605974326,56.19829632907222,158.52873513927452,240.76939855408256,564.2017699027307,1814.471176493236,2171.6068698538666,1741.9573694478202,1287.160511714844,181.50492081928465,215.89530865577433,69.00177493147295,209.4016462630915,489.57824001880704,401.36815808066876,170.3552549956768,583.8758091536002,188.39425517344105,543.5973807860116,591.0520516631818,219.6051126573867,524.8359332639714,547.0392815396776,153.735362801113,559.2917781234056,202.76709932909424,179.21694576768408,23.32358989449782,273.3258875954825,190.96848358311289,406.9719313071878,712.130780783424,549.3479667903886,117.41554366255598,384.02368553876073,118.6316265831004,95.92558119973899,331.8770804806356,263.3384530787107,520.3078088176462,514.3646542883791,275.45227220798586,279.238439156283,116.58561971030349,143.40888161440057,64.51472534059178,505.31323507723766,878.5506657379722,1466.642898287509,906.3825744408125,1208.0107467973985,1772.8671115031932,2201.3768518193265,3944.180723281021,2266.7536693117268,87.70746938538407,190.58523787712795,302.45230630247676,635.3165181801576,271.53161214158405,287.9761146340311,292.5041388610713,387.69541488057956,696.7192172911099,310.9677818333997,314.87339168002967,299.3157473130285,1382.4731197425367,341.6653702062292,134.99426420213007,394.8988475723843,752.4575327449481,430.22180373556375,86.31047912915852,188.4397766606938,24.64475787883142,251.36287132958347,678.9219457973943,979.1519908201466,664.96247667521,668.6080938662732,575.2424904454473,985.1268842738598,366.10135385990026,83.54908447379854,292.9468742835018,318.7816670636395,111.03724008335162,197.0923833129635,117.58856534739151,321.5997310543829,387.07638183538774,682.7509798043595,416.499974018884,361.21010726794515,276.8592101236093,57.86214345737383,1499.7140918876166,2150.534142833868,1506.553094759825,1246.398937251621,2042.3979668136228,1788.8312326722591,1346.7748684622718,2014.7408041217313,1443.7781958361836,2181.915251879188,815.3150611304194,607.2282328396808,237.85953194341496,897.5183896621878,45.0664884860279,485.9732094193323,706.5626387342967,655.9463930939153,1028.036573520045,809.2907137032659,38.14281924727434,270.1694143908736,55.51313419707532,137.53357155168402,352.91755007524756,302.3046871360314,348.89655291372515,81.48819170944002,6.539495986842495,27.172230868000227,42.18831667938685,129.32609240901525,664.259973903017,121.54199776575886,748.4257326976364,798.1335264609728,231.16744391699177,131.67536323816617,687.3256116599425,182.8853618233354,61.290187919279006,42.54093722219192,315.5095335364968,621.3754154985139,259.8364926996649,168.32044669978356,103.57878147141805,173.3004285785063,72.21662006627533,80.42241811975279,126.69484271189263,206.9174228038297,329.0604952386086,310.5636223875084,205.09488858258115,726.888881739504,691.8946002978352,46.51950485875504,79.91179348560823,212.17526424478189,346.117107960509,106.92479410319798,245.7402715242454,220.11486441412453,81.67366379223796,90.67462145498955,83.48740928158571,263.681296114657,516.0629300669319,84.56707756974686,162.13002623056897,608.6473769797869,1747.4459607368706,141.115668478557,244.9610759348275,507.3127999028773,350.59144085022587,49.88270212683778,55.20419171769049,248.8309006173767,409.9899537978664,80.29718687403107,203.3248297257587,400.4166934032976,191.31294497714902,783.8397203206475,1126.6018452828987,1071.8367503253116,1468.2698905543286,324.9108342926635,516.2477221110445,354.34885461420095,146.39338353187182,164.82026277180213,667.220256585139,733.5380127060414,131.4429896115876,26.176005919648368,41.163215723847834,101.78451007455068,30.389172933849604,70.1526479719837,9.809098935552518,43.56668237803144,116.61620681411956,139.79461957355133,466.91347700330346,178.06073664634226,263.2041211450107,589.7290769573094,211.65796618837732,12.544577670831831,212.67441628772167,0,0,0.06448375009013338,0,0,0.004425520886724336,0.09937856439761827,0.1704255461964594,0,0,0.02166705346604503,0,0,0,0,0.05709269652617639,0,0,0,0,0.0029634936878138026,0.11883738293939941,0.6498614660264048,0,0,0.0022806262054107735,0,0,0,0,0,0,2.7533467206755993,0,0,0,0,0,0,0,0,0,0,0,0,0.7243186646330685,369.5185735918152,1.6381063745911724,117.10991248515602,4.142898108298074,0,0,0,0,0,0,0,0,0.10066039639020119,0,0,0,0,0,0,0,0,0.06550136348087159,0,0,8.247314142888845,9.87293011799733e-4,0.7439227771066194,0.8845673647271993,0.4222768744017156,0,0,0.352544414099421,0.007586016364868002,0,0,0,0.33385306897212336,1.040436133028339,1.1457328891215928,0,0.007283716437957175,0.573682901092948,0.005254446315480583,0,0,0,0,0,1.0714519168203709,0.044429416504698636,0.08787620632430027,0,0,0,0,0.0630810087116478,3.878052043423415,9.78551816109623,2.4434990448075835,0.34359183430811224,1.173817498724174,7.957450867360914,0.5695498875393691,0,0,64.81215279832539,83.2920352509001,53.24843279976562,39.44945754681536,54.14804358477391,1365.2656938942464,1168.6638414097415,1628.9273738130903,384.36831362877575,1398.8743622693435,1245.7273010615768,565.1998078351684,369.181171110444,620.8560166749625,2787.3423681041295,1525.9666815420187,1488.129922702327,2.7359817745596025,14.300244895305541,3.0760952246949658,8.380923218159674,8.362730715082128,101.06129595043215,110.56244921742709,425.1695968644907,66.03577481596395,0,135.20704265797946,536.3702495836458,166.42210678190153,89.90201203516756,133.4523325146284,526.1503915524535,432.0249974797688,1380.3446797672052,883.3346766401556,1654.0398901026247,7.28123673689713,97.60215803688101,19.256435058293523,0,0,23.350616856696934,58.388062530388595,1.0180695061541398,0,0,0,0,413.0601863227658,0,0,7.336306992508607,0.11333176448765278,307.9284360922843,1360.095003941673,64.19330853286021,1312.3079037493833,313.46143678236274,1319.9098169115534,1393.8308684118645,650.8898521843817,224.5954040867403,0,987.7507362485981,523.192741195852,187.51764371922425,53.54824725691522,35.838805684672366,286.8262528421827,170.19639341701955,361.93519969136617,37.06913633636659,53.26281436446796,197.15626031338084,532.1398117474939,1191.0016406040309,35.46106345471174,6.55644719451438,257.48035218162283,334.92337859972,175.6380904130526,442.1874342982777,158.28276713770975,2085.3461835500266,3002.0441851147084,2808.524046257215,10003.805614914221,2387.056303643527,10090.951055304236,3366.607982111987,3310.976420059509,1485.2771547086656,2896.1421757916837,1785.6824451201876,2003.6037012575457,2658.573065569997,1060.0739166548708,1475.1679301459037,2314.9337564911298,1573.6494948539398,855.2208355155443,345.77245164804407,304.71001154487107,277.1465670665366,420.2669193671454,1301.1366963158785,861.0678191200093,2128.1308698228304,1089.3631136987942,2209.886704818981,2168.61337521668,2579.2870124444394,1846.38903666947,6353.427530640642,2939.0128530100837,13136.684467877989,5963.737536912902,13752.69553268114,455.6421470708396,13.101171920591302,396.7477864655649,52.49615667568461,1881.4072507309254,294.7072726684118,1.0076006044750685,560.2401368532649,221.3145607269891,550.4326493123399,1.7750043835847553,395.5803875287526,386.6331488767181,215.45751143428538,369.5614220156558,267.9781345536317,385.85136219484934,228.96037713243263,492.37005567093945,464.34676948776774,79.91033615428046,615.7583067951674,315.5909355273234,270.1198972551497,262.5815266758106,1.2214641821442045,0,0,38.167122206934,11.657387836224478,25.424794431729588,0,0.7773844745626229,5.442414653164882,3.7792390148611075,774.2143200836254,360.51486637460704,334.01240408249464,12.32939392332659,31.62248721455874,45.15078088610253,5.711222162231164,87.17275289958877,59.784689060677366,110.20988562857299,448.658767939005,97.03293196362148,43.42257693438242,144.19224674606016,281.11059193602915,783.5295388866466,607.7207821042324,922.1246863218689,775.7403318820157,1296.7282282914446,297.01896608354,255.8337903858117,1329.905680234576,939.7364019043318,585.3585392802175,103.17954235715,173.03016818106516,394.7644452144086,141.32940272939086,9.038833734039441,28.627410723996373,123.67881750648719,19.960427493802047,4.228520514134462,11.096286106954805,4.421832327315352,12.558792609059628,143.21684546094866,754.0650501288121,334.15345425991546,111.57370508918288,32.12603070946785,5.933887411775219,14.782280326863043,26.630974333010034,29.004857826571246,13.830708422137953,29.154844677960188,29.42055932299982,27.34260250860524,0,0,0,28.38098381869027,44.83642093150961,59.080773154479886,46.22586349739335,46.87270828660264,44.60826228024581,0.9496741087705198,0.953364765134488,2.0160733238660247,156.39361199358004,1364.4442887517157,1725.6100716503709,77.39752007923788,5.90252216168151,46.781149281275624,21.639988705130364,22.402836215095636,1088.0866371919453,3746.4415131685464,167.4770143308903,601.7429588488072,164.87187958509702,4.494877368313486,295.11166745261363,7.444074087498734,74.04508652628247,20.45044246646895,0,0,38.86569762985378,105.35177553252677,1325.3683977880787,1496.2917922958545,1176.8503641328193,480.57433972269405,810.2489353509775,340.0172462523907,236.05463933062535,213.46702024559127,1975.9805894656383,34.57132791461637,37.937832150630804,38.29680497680721,9.261784372328425,91.96415522870403,770.2998400287781,619.146298358233,822.074691603247,125.57359923457894,110.13694254572442,209.3688108209935,40.438336507401736,13.742608022672265,79.47598188929805,2.2860483538655627,1.95802306291517,0,0,602.2869028764034,1100.0895950309682,1212.4602227523949,656.414573920934,286.7565181031841,0,0,0,0,0,0,0,8.59943739612982,1106.439931859724,3825.127795674097,435.5949329568549,9.238927756423601,24.564153422483564,47.16379906738035,49.099054392572995,149.37748914279652,9459.682785584913,8983.199282179354,5063.8292239618595,11.606621729965964,22.34327700665883,661.7529386627149,214.3350740544925,12.501134028907082,18.467377245651413,16.355800163588437,13.374997078192859,19.555974857793114,50.459606750301944,16.667238536456498,87.39730526627956,756.329250661688,22.709484620548977,111.58466148588,1095.3807861151356,40.5944676870263,388.5760954768103,383.63534455607464,191.15647257541343,24.116581727729123,48.38087975083061,913.5829503704747,334.67192624625864,494.6736865048452,268.9283805043847,149.6481651603624,226.97818813834783,73.56144709358189,2369.5280092983253,37.94192852170221,4293.587919130566,3503.4917849711533,6823.896223747324,1577.858207203276,134.64367544989582,576.3382515257732,608.6969931098837,310.7580729299596,2040.3299487175675,436.1581030346491,335.4380075110501,20.916366108102725,15.040292615133998,11.424245866740684,294.37934169272074,5.935600223313111,9.406159535290714,356.5785251787747,120.56460848233571,348.1845518591602,30.656778004852878,4.277434731571411,1613.594383740788,10.609543889735606,20.486405127579715,495.5925289110209,13.198289598905985,427.5392739606221,537.2193968071937,9.245353699480413,457.40087374427094,10.975110986785207,9.336161064482644,17.43857259472943,29.2276887980605,402.218719134943,912.2272305797235,70.85968764032135,750.7605785857513,37.105390821462805,797.9167880450102,263.9500731751648,31.64931417023498,21.239371642140142,28.17338936376253,18.346237822037807,12.648811557651953,40.90082064065045,509.393545739302,19.95645522498235,296.6640457748636,12.222447469179603,22.44627967948883,523.6767459297744,3137.3608188183516,205.97117054606758,1153.3546049693207,136.31591472694706,17.77456801732041,11.899732264491263,17.196646072381014,92.07700290233575,835.371783927657,6.908158886682142,32.56025880365626,2093.208298259529,2772.945085216636,56.89738492468434,1053.8127220628005,20.18148573580953,16.423327963984146,16.366533013709514,14.96854633389289,64.3315198024955,38.57023660025301,14.910363171469239,13.826853803781844,14.525485520788523,34.91591189008692,13.488560685822858,117.13293941770831,659.5438726149663,42.76261436298525,37.6145099350504,26.378232067001996,65.31121497885574,76.15889556117429,1747.429910130854,1300.0169242705726,64.26969247216097,510.12673163046185,265.19518051049806,78.55309119030137,86.528690473341,625.666361435472,641.5723431493236,958.9665156003728,57.41772518958756,2593.32959635776,859.1807486118449,3971.2813103198664,858.926433702159,339.1436505001534,3817.1520322092283,105.46408150698392,12.184654927589074,13.789618498614722,4.936718240102655,923.5408913597295,733.6902384960342,630.1014720984567,352.11259625201694,347.3412145162723,260.0281990710259,302.74731511100737,164.1080877498963,7.7652399838990025,144.87057671047438,240.15449002634352,18.49516982571612,171.11313531704468,0,171.11313531704468,104.35108717170067,258.7957269251435,103.94547950527414,118.78139882214808,228.1568819940238,314.08646115794585,120.44332439024438,392.95570678007346,129.51760540646205,126.24113019481855,410.8951163818004,24.13839622215821,208.66204573828966,131.15457248672033,165.3074107875539,1799.4130404541702,87.85619916484255,0,0,0,0,0,0,0,17.224553912798807,0,0,0,0,12.779029565847168,21.838855218211155,29.229174856574872,96.86770178123055,273.4125230032186,5832.674771443506,2964.499594490885,228.78255355811365,14.031487565109972,4.913247451966282,3.473370519281719,6.371244523638856,6.058948809844398,18.48608197109114,28.480745855303848,2116.2060253659874,5220.712743099331,2692.386285798575,732.4052160444845,492.48615370166954,443.7542686389577,9.721073190174675,8.223158073162674,5.349817374023814,3.692359597638076,3.67521873510995,2.451174613016811,2.4743825484328195,2.506562323972034,2.462418932744709,2.685012772165555,564.1314229559871,669.7864728618247,2.4446247501701173,2.3291379191377177,0.37125866463556806,0,0.4706173495481272,1.1617645123520934,0.34593301772322027,0,0.12019752330413523,5.82845162494292,37.03280625770174,3.26072945946307,3.6382374491115645,3.6184114140675874,3.6205334281225836,3.6288142486204005,3.5928805118946676,43.35516924203877
11,215.2691188440464,15.934347321864275,122.40018874028644,246.15230590740052,242.9763165613297,4.815399398851488,392.39658099688046,279.8254039947872,268.8532238919872,195.4958649550345,116.01356422885937,206.71205087953842,150.7663781272727,91.09566507606526,4.226775164539094,68.23247322404825,79.55545379786992,1099.1929964468413,189.1723063044984,941.193102226879,22.027561164286112,678.3113935526671,192.2336014518317,267.2904118182289,86.72540916658377,212.67549632739593,40.090541025086175,164.96926915640967,322.99301592867465,788.9398553973195,2159.585804580211,1363.696036519827,2333.931861458485,2992.168509447199,2896.6692807166096,3209.613095201552,1376.8927332674589,150.3862069514297,71.78091776691596,50.25490402515938,349.81934279198447,83.06681388540925,205.5073230895357,1214.6242809179346,754.799554740447,341.25233903145676,21.203213849725866,34.31504122431347,190.35001310076171,32.544308558275425,236.62955949481733,147.9389353817438,1.1561343896125678,168.4024903713202,1.5428915506930627,452.87442456061785,260.9695664453321,8.636351750072912,1.1688328184060617,10.461303536412585,1.1866210562668558,209.00457734944018,11320.796423653452,0.7204449917659996,1.2474621221743691,1.242558599001623,3.8681411718706142,1.1797926403507757,3.1106544412553236,0.773970435509162,0,2451.4790970820472,4563.124589013334,358.6525402401142,0.008206577005546384,1.8373003751972437,0.030121499849686456,9.711370710621962,0,0,8.717824303756299,261.12668479847395,0,11.55176276205256,0,0,0.8933785969374789,1.2517502780309504,0,0,0,1.727505434506453,0,27.000705650428205,0,40.734954086419016,10.120447248107661,3.7076613744627873,45.66465286537248,28.096518511326444,2.6486100942446527,0.049322354677942354,42.11113789466107,34.565217378916934,532.6249066812669,37.27183836080459,0.2938230168583581,22.7707668309583,12.822998005286843,1823.4714021861823,408.10291340791713,6.122220107102956,4606.572437499931,7516.559020063297,5.856296605159196,463.56018623997045,3515.822679045766,10.724025026859753,15.430710583505624,76.77551080380226,0,26.62702690121977,4.677221271618755,0,0,0,0,0,30.998812328557335,0,615.2662124000602,0,40.10542825691794,10.524557514561971,0,0,0.03468678205739719,0,0,1.0848858101212993,0.7011748876007998,0,3.969131455061331,0,0,0.7987223401649419,203.87305393134815,8.304638297381837,0,0,0,0,7.2597549040112845,290.0726912443684,2256.074450185278,1312.2070818158165,91.63868986544904,0,44.62724657781694,324.7674402695688,11.534336387119454,8.389419240169305,0,0,0,34.34348098431419,64.7050554438216,0.07969796232570749,0,0,0,0,0,2.5531395030630795,0,0,0,0,0,0,0,0,0.06947422455371804,0,0,0,34.17195032694086,310.1556609824067,39.37949205342181,38.77866173370501,810.3549878818635,743.7643577496901,580.1928399910614,55.63042945581484,1162.3520839982255,587.391536305962,73.11017023744296,0,0,0,0,0,0,0,14.38991756703351,182.21938248431402,9.895000870031268,0,0,0,0,0,0.06715670292665826,0,12.4757211304276,10.821254029579148,0.5369748383922851,2.6442811169889953,0.2434029620784411,0,76.01846319687851,1687.8609289785159,1757.7469566965972,525.1533537695374,125.12034802019149,0,0,12.603125213640906,0,0,6.6261020894559595,10.497787343293938,0,0.25299268102723454,0,0,0,0,57.905597419199424,0,11.832053642885802,0,21.769810785104518,0.7612036754355422,0.013825703814581985,1.1386855425888223,41.65418984541887,359.52736074484073,212.50851921154836,236.95644333672243,437.1683577574394,162.27288360284166,44.43857244760599,27.687202418394534,505.27774199433253,0,0.12598272915511424,285.82949174847283,241.926549684218,1487.4152612148462,2955.0965818103514,3994.282730778414,1167.8336760336529,233.24863339567673,475.38225599614265,10.362598811968823,1.1498114752650288,1.0471187328593416,12.832908464824193,0,0,0,0,0.36182599126807424,0.8294236506375244,238.78269854048077,200.58576403648522,263.45201869557405,498.591448289236,44.56180120186081,906.6201057677122,1048.930200724715,29.79940318138451,9.982051315622348,13.543788886446313,20.528244540374143,26.595672282013826,7.814763206340358,48.5379432592766,29.666121814736414,304.38828976175597,97.97110436117794,246.1844780927257,971.0324658832099,952.7890362654845,1456.6113056633176,2859.0137147970245,2592.884810927308,2383.2923084683325,1253.3182751594393,2096.037190069341,1210.639439778929,296.43798722055203,765.9146422599827,567.77832845216,472.4576146516237,159.47947338961933,48.420304709197694,40.183226124660706,37.07252147586208,16.74343090384013,65.85833468943476,50.492128195356706,2.606576195619979,432.44244052341253,87.0878550854686,762.1102463423064,434.78114661594805,1088.8915702388806,6243.071504801854,1903.5075972257443,36.56290060570158,0.9122001975921029,0,0,0,0,0,0,0.0838656089785173,0.14167134296772754,0,0,0,0,0.08547320526672461,0,0,0,0,1.1570825611805042,1.146390177532361,0,1.2005068823644225,0,0,0,0,16.815895463189,0,0,37.1019949081476,257.2139073396514,19.523948846456364,0,0.17366714913695572,1.2309420596259875,2.799611036647342,43.347163464851825,0,0,1.389465913351926,1.491664055295272,1.0571479980998904,4.916060783372718,0,31.37477217703207,0,13.63920603904109,12.521733003846482,5.770188032267513,13.778703689001873,47.59386644651558,0,4.959272629672407,18.997379095022655,32.47627007039321,0,0,28.646109742316696,0,0,0,39.14851869471382,30.024083983016357,0,0,12.037072855940286,3.4811520686784676,41.346978364507834,18.97696085189607,30.91450597936856,20.02250416817733,6.63092988484245,594.9744490062486,0,1.8253919445693803,0,2.8135731200260454,4.48532371689315,0,49.5604641072408,11.595057589415315,4.0075950716157,44.24437724844133,32.64515871314885,95.90200982793938,23.917231885287848,0,0,0,38.69733008252034,15.338280627531754,24.355937105707227,0.8722873388417822,5.335487670450025,0,0,2.04586258706398,3.16492206548137,0,0,3.007160263443827,0,0,0,25.842331667463235,26.745054929415968,0,0,0,0,0,0,0,0,2759.7366588739724,3201.1015354520177,4784.881417265686,5131.577797667888,4127.206157590371,924.8156004245072,3739.668206100153,17640.934858309818,0,655.0848937298197,24.059872740714393,137.41464461229756,788.6886544485258,133.7582932100283,63.820460679865285,850.0692709124357,91.93140226247773,102.56500509787878,392.71726458104274,106.88464497902166,42.051290700840646,331.86869744504645,144.65954582413855,526.7479625265432,921.4984938721436,151.06289309966888,515.2606705152484,196.60974660402397,351.1372714486107,710.8046679187977,1114.986984235352,1015.4557899794155,334.6462686235456,6159.346384672539,2924.0242040936564,336.8641676002304,718.843740686624,84.35564543212048,792.8464088795915,433.86813111023713,60.433693227398905,33.5404307945942,861.3913357345326,890.9945028936551,62.85541121062074,1101.8023210973965,107.2898082484847,995.1542981422674,7006.147400826937,19287.632796972295,1180.0150842412943,1016.4709717051813,77.2326840277457,392.37911817706345,709.7354792332486,1192.4442554956886,415.42959500010693,91.35432926295171,29.318827521712418,326.50981285309024,0,1110.0714982021589,572.7232490384943,754.9758068299407,128.70156601623728,100.00429569807409,160.32545219501975,538.2854381940696,591.1634992374302,231.15285027290062,57.184666899163695,26.15028422329757,23.796073592017624,15.998930461389037,7.028924737013912,6.2702095126362565,49.21517861582663,7.0416445213341765,581.3814306180997,670.7358376388883,356.81357786797304,2176.0982434767907,9626.717682638951,3390.6543910065734,4440.435029569252,975.8850929156312,7.898855270671104,61.22474759249716,9.177504032324237,0.25057131856986964,110.25364669193205,2.641893852512201,1117.7875526182106,885.1440425028353,144.21475132638773,48.500133738823514,27.176318393172657,170.52579094325066,111.81361996646326,693.5826277008052,132.70061871406512,5.156579106604726,65.7412853141313,187.12252528455966,496.2127640370096,461.33213716391367,475.72345884542983,239.10195511890132,10.731760778827734,148.60546364464375,567.930431104755,141.52774612172325,20.269691218038822,4.933819445957296,18.25581466502887,57.668097159493726,1002.989367897163,1193.9692243523061,2718.9821004971986,2066.7814182422553,1507.2170751273645,1126.925468070536,75.23342212474356,229.0262210010547,784.2368404260864,1495.0321107163634,529.6090705291411,305.4873815618933,93.55551767237759,40.34970153875564,25.00823892777716,250.50772223286762,4340.245089009735,1315.2120495470392,268.6127843747778,3176.654271340106,3751.3981547674316,966.3507836953452,3630.75724833435,319.5551247585841,171.20061239011312,175.24796612314242,0.12927738432293914,66.71277162792785,48.592685726807325,0.1674757373146445,0.09886564588437019,2.372540726396507,3.8011001549476333,24.821727040276908,8.421884004639042,26.45453711128853,167.9634319345927,293.30281918458854,831.1073964885057,1028.1688792188547,84.55763044839684,534.013251663482,3141.2986504314586,2823.320339069698,632.3478983536846,187.57313169169967,17.552075353588197,14.133841558549044,1.4900793674968997,51.392237767361394,15.104924383658494,735.6674375037287,915.0852282119686,524.4717101096687,404.00819024404484,233.82206709480238,1035.9787259584753,376.11736805944884,106.47839322424421,1312.7766267363722,184.35676321811792,2.27397863244482,41.434259430508,68.36234058982305,17.55203411294518,4.812727053501503,22.326761469503413,27.937425970821348,4206.581980041942,95.91192137283764,23.924126203654026,4.8263763444180965,21.224069139789695,947.2371891002718,1502.0556918917396,157.11641507407708,35.26931561965112,30.373764165543655,163.56802952572843,110.02574033760305,659.4399973514128,73.65914784583505,1009.5538608531798,60.73166315073835,1102.4578086169372,2804.435092720048,3208.012475679933,2434.232912534039,316.18053291478077,101.07236206143575,38.587131042447474,40.26579222416212,1046.9820814085251,74.64411435788634,107.69968509280534,76.3990038313378,877.2508022208538,285.30093267887656,620.8864885676528,42.10096705689715,596.7290386693302,851.8191379101411,226.16353521103755,35.99994481994937,60.347224479081234,1436.479737887615,561.2834620059896,615.8555422040263,258.13047556831276,204.31781323277048,106.16711446547372,115.48794023736382,8.170979556070412,12.975087011152647,32.49030073481436,2.9389030320939225,19.721144685699496,535.7553322915011,1141.4486012642526,108.56821922505137,830.53296485322,54.83425352712926,4.810167658705977,100.45397444246218,0,0,0,0.00877843503227256,0.17514447704153616,0.0176894709061373,0.4848760371899719,0.03572555806044534,0.025271079148089775,0.06143692870267804,0.0660982560898225,0.24468537829086554,0.09478485856415997,0.12109832966975224,0.0399763761949049,0,0.04055930503504532,0.2479443654147612,0,0.008190036127413128,0.022651979805403028,0,0,0,1.9035445131748578,3.4381724866218386,4.819677300587135,1237.4733175600497,1331.5318547833692,87.37043413046977,15.532547718872763,83.64491537418442,49.91980750896733,67.65913369470454,2.78811910424607,2.0641067449207737,3.014233974967918,2.520756518596547,2.728278820481312,482.11509483907065,776.7622499333236,1338.6371827947114,7.495011142366458,77.77506948022828,1204.7007984892489,1081.336360925227,1910.0123981386148,677.2822154621315,2474.7975856478215,831.0806500246957,66.8623435061113,2.8189006877181018,34.75756825156479,33.47760101061349,41.424034298204134,56.78901816761989,150.5890984711369,234.6719305355003,55.58076624216089,32.27944673239603,1.0475686876000885,43.750831402898946,106.16500516586947,1.6712740374358075,2.622185542866917,2.6587073475756386,4.810910461435028,0.6650648643055441,3.2181305353031884,1.3498423285389431,0.43786020618846766,0.48512863233221315,89.15327616577412,10.475071890941372,918.5592780770226,97.38937132544922,327.89071083622787,19.054982188095497,26.847302630286713,589.7046359988559,166.3092134030321,3052.9820977511017,184.26594385215313,1642.6452968228236,9438.72817034252,1549.3330691986218,35.50948617526748,0,112.13110486468915,0.13249725823153735,0,0,0,0.01481186514464384,0,0,0,0,0,0,0,0,0,0,0,0,0,0,0,0,0,0,0,0,0,0,0,0,0,0,0,0,0,0,0.02991723197633518,2.4358307757856723,68.01943028015059,0.7690448520735744,174.67229360326044,1.1415610022134932,0,0,0,0,0,0.2063717819981932,0,0,0,0,0,0,2.4704800666696416,60.28225810485794,17.68892813480999,109.07425641940992,57.60140086716485,609.565891283008,2554.908195272799,1848.6582305190145,1282.2967334982156,462.3859002505129,248.24447291422436,1232.409665819654,2158.113018851248,1948.706528068829,6108.827881064862,0,0,2763.775504316378,3285.853412847344,608.4907334748508,1762.9747047964747,2455.5015535774714,2060.4744768172523,1917.350364149832,1883.4657602939965,0,0,0.05105755831114353,0,0.15769159931976665,0.01949114922035245,0.01288038942428575,0.049192381564252714,0,0,0,0.05833950409757464,0.17990426716368832,0,0.16345909091022454,0,0.29348343856985987,0.037294751573322765,0,0.3940167326646321,0.05422084154755292,0,0.04050609611613891,0.031072666256747296,0.05659833730177356,0.029804433885687386,0.016011139723988176,0.33443647968217194,0.1171692589931317,0.07711910470423171,0.11376303948654858,1.0601129286012547,0.5748994779335348,0.012117603594947447,0.07115129313703213,0.08419063811382357,0.06736258956930838,4.582818938152755,7.078352376414727,8.883205449004356,82.02748194384674,50.87052018654985,173.57134355919504,9.089919278369194,15.451272291177922,28.70875803869662,1140.2343109557676,0,1088.664842537113,302.7956581795309,32.81883138212181,1037.4792641586903,455.4078712482018,1245.4634284146484,743.1242186735981,675.6150467255139,355.23152021909425,33.06899630547423,17.90603652454102,204.06690722444225,26.67386065188955,10.379800085095011,82.63423281104795,9.396377008806917,133.69875468608035,29.055843467772167,59.274362778940855,95.68977642501429,120.06420922179444,6.831252538086563,4.8223574879871975,14.941621360907249,17.001363091490212,25.605197187696973,24.689795092035883,32.89141831858656,115.39255795691815,38.155033355744216,18.79463769225448,14.145845564786738,64.50017934933456,358.43493861552616,481.58897004043257,805.858085494511,359.2268275078726,176.8921204130329,564.1991281197264,516.3220684002124,690.0409637977036,401.79383111145216,10.207325315705917,14.501021167254354,4.805590441220699,7.68175411680661,24.12211716738955,69.26550555767383,39.27511480953241,20.329764696006514,16.184404685894094,8.943256226438779,31.030270255494504,19.71097905645747,169.1553266470332,52.83620834849966,377.4673900459087,22.274623954685396,129.36828000920056,149.59454370899303,78.96035016363105,47.98255525057355,0,0,0,0,0.08735155428559421,0,0,0,0,0,0,0,0,0,0,0,0,0,0,0,0,0,0,0,0,0,0,0,0,0,0,0,0.549666090645301,0,0,0,0,2.070567521287928,0,0,0,0,0,0,9.688321710547608,2.7333613916890283,2.7692974937745296,0,0,0,0,0,0,0,0,0,0,0,0,0,0,0,0,0,0,0,0,0,0,0,0,0,0,0,0,0,0,0,0,0,0,0,0,0,0,0,0,0,0,0,0,0,0,0,1.1406841811165047,0,1.6682730131935635,0,4.042045301299986,0.28047062760291125,0,0,0,0,0,0,0,0,0,0,2.4029050599892745,0,31.674568790054977,0,0,20.332675422624504,44.122495743508956,1.1316764234170087,4.303787100111878,16.52984064476313,178.37032486115277,44.73769888510831,85.49268529458602,67.1093503379422,82.33739416828918,45.369007689317556,313.7233588856673,268.8791714578361,369.4653195769214,344.9681917581682,228.54513942415045,320.0023442514125,1089.1538868594348,478.2765490711186,548.0676385037563,1479.398004986087,342.34042314009986,134.72008302063333,0,0,0,0,0,0,0,0,0,0,0,0,0,0,0,0,0,0,0,0,0,0,0,0,0,0,0,0,0,0,0,0,0,0,0,0,0,0,0,0,0,0,0,0,0,0,0,0,0,0,0,0,0,0,0,0,0,0,0,0,0,0,0,0,0,0,0,0,0,0,0,0,0,0,0,0,0,0,0,0,0,0,0,0,0,0,0,0,0,0,0,0,0,0,0.14307417094040153,0,0,0,0,0,0,0,0,0,0,0,0,0,0,0,0,0,0,0,0,0,0,0,0,0,0,0,0,0,0,0,0,0,0,0,0,0,0,0,0,0,0,0,0,0,0,0,0,0,0,0,0,0,0,0,0,0,0,0,0,0,0,0,0,0,0,0,0,0,0,0,0,0,0,0,0,0,0,0,0,0,0,0,0,0,0,0,0,0,0,0,0,0.020501262928377433,0,0,0,0,0,0.013064818145892703,0,0.11765716637949945,0.12849427586831197,0,0.0151270966955683,0,0,0,0,0.017131304653524356,0.0998978919423588,0,0,0,0.05571079341425303,0,0,0,0,0,0,0,0,0,0,0,0,0,0,0,0,0,0,0,0,0,0,0,0,0,0,0,0,0,0,0,0,0,0,0,0,0,0,0,0,0,0,0,0,0,0,0,0,0,0,0,0,0,0,0,0,0,0,0,0,0,0,0,0,0,0,0,0,0,0,0,0,0,0,0,0,0,0,0,0,0,0,425.19257435563355,1847.8478903249345,68.65393720935778,0,0,0,0,0,0,0,0,0,0,0,0,0,0,0,0,0,0,0,0,0,0,0,0,0,0,0,0,0,0,0,7.867777713850492,12.754671934577768,0,0,0,0,0,0,0,0,0,0,0,0,61.2215999311987,148.51249880837304,33.31691360708575,113.3004403875696,44.510362722935355,122.1513623867929,17.56535610349416,403.8993354793948,43.03218722119951,63.444187287071635,145.86957975513553,79.92431902390413,7.496853375248914,25.438561051964836,8.856142294413846,11.832482171468907,0,8.197037678427158,4.130318150102454,15.181234102064755,186.368989760468,44.94923590193063,4.441697923139378,0,0,2.109550223964717,8.715195528153018,3.8748336160474843,0,2.1535749966034654,81.31815155130485,56.326207104781226,31.35900181848829,87.61966652502296,17.665724081713453,181.26120694016583,6.888939569072536,25.684200172116768,56.1147158299752,6.509092366219205,0,231.776871046928,157.56066380845473,10.792111552820517,0,41.06990670440644,47.548855370819894,572.5963964651371,1316.0758490057906,24.613288964271675,0,16.832277610536973,0.21461426371697354,94.09336946521157,1189.4673594796182,476.2917924025053,0,17.669291556286893,0,0,111.83458429148384,0,8.533957242855333,182.08107060579232,174.27573067729543,8.926258443156959,0,0,0,0,0.006642857396714684,0,8.832703981349518,2.185119228979118,8.247617733893872,0,0,0,0,0,11.579081346204427,9.312259451999125,0,0,0,0,0,0,0,0,0,0,0,0,0,0,0,0,0,0,0,0,0,0,0,0,0,0,0,0,0,0,0,0,0,0,0,0,0,0,0,0,0,0,0,0,0,0,0,0,0,0,0,0,0,0,0,0,0,0,0,0,0,0,0,0,0,0,0,0,0,0,0,0,0,0,0,0,0,0,0,0,0,0,0,0,0,0,0,0,0,0,0,0,0,0,0,0,0,0,0,0,0,0,0,79.36487311308701,0,0,0,0,0,0,0,0,0,0,0,0,0,0,0,9.184312881009332,0,0,0,0,0,0,0,0,0,5.820382312092644,79.33330109598656,212.81850044200684,288.20246319198094,1483.3573523408352,452.6355554007194,112.97272965530564,8.398926920232428,61.60759230643095,11.445657098444011,25.628794768218327,8.925172404329919,35.620724007341835,25.648687219870013,33.01761981827936,50.336732733223045,16.136099236203318,9.928828942683445,216.57477873115846,31.92409526570088,1419.5289842203786,2729.586085227359,20.137609418710245,507.7507179349339,61.26009059965345,464.3526904847523,674.9809344746521,10.132234137947897,1431.1802641167728,1289.4446369514535,500.5574054370376,612.6019302096144,1343.2238183158904,3388.246772529461,2924.296789624364,4773.518929898137,1772.361497194562,1396.5406708055848,853.2674088926008,300.51884321130234,26.72121501165603,1060.4237533594614,9.99366828014022,32.071643400958806,9.84016063757487,5.672384965945164,20.14626446347967,13.33072845116522,54.358418536644365,9.938550141465974,535.9300736538755,278.36719606483325,356.61108874984836,189.63336445874097,487.25432407053574,843.9236064631773,337.67433725974627,950.6933348714114,198.4127250064673,421.64477684254456,1877.558633328457,404.581102619536,653.0217358171526,1489.124169120368,3212.4793650184342,1370.8347591674126,2256.7199111022323,2406.57520981389,3141.0764881961913,1753.5950007492422,3996.981503831388,2515.089946577085,10376.007220743752,11012.621856714528,8645.140524232587,4974.491488727802,2381.677941731687,1212.2764063356997,526.8333621305371,0,355.84066485747815,392.8449046909192,2709.434114279826,1424.950919268315,2664.0497170419726,2176.0734313086555,346.32530628413224,1104.3447001517877,537.0173687799003,224.40951965417818,607.9360054977876,1015.1903662996242,884.3910820997124,1427.4499078053764,2594.75767536483,3748.2840171396374,3803.5845519067143,1591.1549057610275,854.5953504836692,1609.2026546779543,891.57982037818,3415.531555713499,1416.2794896238986,910.5219945468278,1018.7423374687259,1386.3451846043833,313.2086462849781,65.39448632902312,161.33407035175622,160.1072272143378,512.4974136504046,168.93187566308498,544.3299973345469,79.37117688942352,437.8160929214717,1575.6880604518135,661.9683378933726,1554.251712786613,468.1483433541382,229.38117311998604,1091.0741244448504,451.90931658038846,1876.5010749792289,1949.6369868397114,2210.6940217059137,1663.1308840803028,1227.536704902481,1302.913531121576,85.55576153602823,1401.7067168973717,108.27719076413184,1331.4168002621934,1819.8951841103317,796.832786995103,474.4774515749112,722.125283930012,1878.3807065506985,421.05192646831483,2291.125829687762,2798.127269075318,746.1239356000373,609.6330533208088,495.4581452375504,184.21078294345043,5092.0779766892765,1764.9383809757317,214.06819192754097,5.244631721153158,183.36046084911914,30.913098714299387,111.0065486717728,33.106753377920995,25.718101965705383,33.22792513931681,607.7300838464938,1089.8935943780568,64.53424737928009,665.4028344765499,79.06373617969889,22.904295002699953,799.2152136855302,34.12151484818896,870.7572527625443,692.7556819048498,62.32158889306341,741.962039769931,699.3809080862688,1199.7361556153737,1173.8187637237786,587.8698518252913,149.12014473483242,27.386843527128196,7.578662096331379,755.047860474678,1844.483917994373,1886.2250330000118,81.10785826850794,24.777178067471112,20.210589529158717,14.954004892335059,18.620384508513744,15.271937064925433,797.0691774813994,180.20325074015108,50.7712234709499,16.09104934360592,26.434803139254527,15.282462697534667,15.289110304790627,86.30564740027206,437.6046764793997,18.264261194672738,84.50467424077348,256.34234371997104,422.40165750676243,993.568621026644,883.9748111029515,604.0173645523956,332.13716187012056,7.488898341321489,353.34521948464607,39.1751808346246,40.04962923927298,43.21684142393941,98.2974172470259,46.6695144527142,1063.9874047965934,40.19091274047283,10.378863192381834,8.889405602797451,768.4774917908674,3051.8430477426314,2767.497663416687,3032.975760039737,439.1499675435781,11.059989245809728,4.545258194360078,900.8503496359964,789.0797376238153,344.0137814469711,435.7062175167901,482.45052294388836,306.5792450939325,450.0503288634746,629.8480554070499,0.46253396225836674,1.1105026594615475,0.6194805579564061,35.12535541037811,113.20738111498497,0.08617365408168082,4.287948051214887,18.153333022320133,1.5454426014698635,0.9207664776802502,76.73663379593778,7.467066346147812,10.029318544791664,115.02430479588692,163.1589943217564,2.5905593186129545,49.1956279666635,48.522562432457704,77.1298831738733,536.2551225065565,9.615608758653904,113.50080876584093,217.17865443590486,110.27182102720217,107.40842909136032,6572.844144852898,1518.8326951338568,873.1072100705794,172.50364477468491,211.58865928460904,7.5994021400725575,40.341078613175924,13.070628108793462,0.9477620741053239,0.7071254143970068,0.8180490509960899,0,368.5276450244295,7204.13260567631,0,0.9890684790135329,410.1819895540597,278.0362394711974,778.2483393420472,311.88967672355744,510.30360377035583,215.16733557971762,1.8017386496821817,15.80707341842623,39.48648145133694,3.9363195558484345,4.96487935226616,45.495581536955825,21.795217689117262,2.1350009262963296,2.7476904041759767,2.2561192026321586,14.966611114122571,20.529773488010395,101.43497753925871,6.472881547901223,31.613066811457678,133.65313171022075,9.546895037263452,31.482340379140133,87.6555843010397,4.558513853138499,3.2864530386639403,4.623386551953133,9.143574734913635,5.822260822294123,5.944176420672982,5.8448718830866255,11.586422546538978,192.28927835415712,9558.10465677692,153.1551394488609,21.295070126408174,172.47623129244806,10088.730509502388,2517.17066922239,328.5947868128537,231.86889105330474,292.69955969541496,197.35769247154673,1670.1248621900102,8562.695130808945,659.0822979104072,257.3769485553821,7700.871573098825,326.61015942919073,224.6267265368414,49.492581980680434,45.46079977841867,297.2585395135252,46.79093631903054,28.439565382727814,0,4.2001571664160116,10.362802531873294,1.4584737386028952,0,1.5837061866792002,1.725835114726478,36.07737131472364,1.7894316753246986,1.619806164253327,30.296835418456837,10.342342041445917,63.36964231295521,118.52906140739461,1608.9414323803942,358.97120275127304,24.415054795002217,3.1067219824476426,21.545660177090884,48.607913309806406,32.43375616296833,4.633706077172289,64.45626929116504,50.727856272153346,47.07503547778711,39.064891730712766,22.42459508184209,12.163630420832336,11.11497745507443,45.16611930896325,7.780789965902499,2.953475347428103,0.8817201298655043,12.768918758832092,2.297889099858122,42.08764136550675,14.791208776671734,42.61832758785821,14.575347064159113,41.3587853995249,32.08214185961177,23.13351914940936,7.301967339064204,22.29860562788255,10.75062327111498,16.992347923871215,18.814533210868728,11.8602140412477,6.3628503075033125,25.215957050474284,40.289501174238296,74.31815849371674,50.47873724044239,12.23957747806776,9.56241105592092,123.36819759892091,1.2369492017662662,1.064126289652373,1.4950546185271578,15.422951494314711,0,1.2630302696854374,0,0,0,1.7494186738232786,1.0128768290841208,2.1082235433009684,68.77285711578102,23.71968231368924,18.476999159922055,211.25858664912568,1.4272980457108218,2.084723429905075,5.607413749450813,257.5802052873957,8.611846521893037,105.63756561167862,59.375479620814446,113.9179417361024,170.69225416893238,353.3984637832811,161.83020526074753,249.64164439888117,302.68323946981945,338.3921524277824,260.3959525988302,210.34619723586283,223.64945886683486,223.9912739519274,193.76704938849875,230.1336617968132,486.7792743144577,386.71516190235013,183.99359290571704,27.776817398050696,86.80070717903482,39.27593767179711,69.54636889912582,103.82953063054859,227.2266498937735,166.63867488925175,146.2147644492412,92.92543874627277,63.91579660508939,57.123354011817526,34.719439339986764,72.38654848692862,8.97478632467735,100.12728343166611,234.39643162749127,305.8555453457287,335.88783350772457,82.3805611845336,198.7554080312704,115.98481973797553,49.0020626317686,63.23068570655499,0,0,0,0,0,0,0,0,0,0,0,0,0,0,0,0,0,0,0,0.20674309874060823,0,0.09744269197909586,0,0,0,0,0,0,0,0,0,0,0,0,0,0,0,0,0,0,0,0,0,0,0,0,0,0,0,0,0,0,0,0,0,0,0,0,0,0,0,0,0,0,0,0,0,0,0,0,0,0,0,0,0,0,0,0,0,0,0,0,0,0,0,0,0,0,0,0,0,0,0,0.4860861653504329,0,0,0,0,0,0,0,0,0,0,0,0,0,0,0,0,0,0,0,1.5011151530268858,93.14549432581543,0.5481460463711824,0,0,0,0,0,0,0,0,0,0,0,0,0.32356428120516717,3.6490226448733964,50.615571708915894,0.15113143799547898,0,0,0,0,0,0,0,0,0,1.0773077810034195,109.43596745440249,24.06783151312231,169.33530773285548,0,0,0,0,0,0,0,0,0,0,0,0,0,0,0,0,0,0,0,0,0,0,0.9899524512866026,0,0,0,0,0,0,0,0,0,0,0,0,0,0,0,0,0,0,0,0.6174989838547613,0,0,0,0,0,0,0,0,0,0,0,0,0,0,0,0,0,0,0,0,0,0,0,0,0,0,0,0,0,0,0.010184962304818931,0,0,0,0,0,0,0,0,0,0,0,0,0,0,0,0,0,0,0,0,0,0,0,0,0,0,0,0,0,0,0,0,0,12.88544887990648,0,0,0,0,0,0,0.1314411981460466,0,0,0,0,0,0,0,0,0,0,73.840856269094,0,0,0,0,0,0,0,0,0,0,0,0,0,0,0,0,0,0,0,0,0,0,0,0,0,0.2084799786925043,0,0,0,0,0,0,0,0,0,0,0,0,0,0,0,0,0,0,0,0,0,0,0,0,0,0,0,0,0,0,0,0,0,0,0,0,0,0,0,0,0,0,5.982352212485024,0,0,0,0,0,0,0,0,0,0,0,0,0,0,0,0,0,0,0,0,0,0,0,0,0,0,0,0,0,0,0,0,0,0,0,0,0,0,0,0,0,0,0,0,0,0,0,0,0,0,0,0,0,0,0,0,0,0,0,0,0,0,0,0,0,0,0,0,0,0,0,0,0,0,0,0,0,0,0,0,0,0,0,0,0,14.950516634965071,55.001606068107854,34.67971615892879,10.052626125864895,29.127929800361777,41.43097582083307,23.081454274532863,40.751861864472026,81.45531566046382,44.97112436327614,85.20894248627675,44.80630819033681,228.16958942872552,143.18825309554197,108.46213356467582,46.75222484046868,54.20039110348403,19.519095864760292,120.82428612610087,276.56134075014506,116.4311729936825,152.27424013190483,14.34496914564627,10.45761052887721,147.45992729098924,230.22693222241122,106.59698570507011,294.88657088100825,182.94595586911566,477.07399344783585,176.55644361168348,101.68672677633636,4.54993884353342,41.60462768232756,187.30073736131965,127.37790728278817,344.90976905623216,118.07246635265713,448.8911912162624,185.71453225088064,752.8318499474917,755.411750567745,464.4486970327257,281.9352443029282,152.37998601885835,152.3688238971383,306.8862594934657,672.7291961818796,1592.1107875375455,1936.6451369128379,4652.244794325626,104.18848782882458,361.89237390952087,465.3303033064583,542.9450086704138,927.7039811418871,1712.0006044792342,60.36231320318285,67.78300210984276,13.647057398670364,48.228222697330594,264.48148123521,102.83503397824886,1096.2590373780677,41.16922151039387,15.86647494596026,23.014357782394008,16.576972445657397,168.3242193727518,96.42502757562617,5.904716368425437,1.6621042953470166,8.994525425142594,69.9537480520667,9.249883583264591,52.542985164664124,53.48587248690425,128.23393375097282,184.30212370686434,447.0672186127024,871.8198718910083,1807.8971812051716,2688.0370796510915,3503.7092374874483,1995.7503984556893,1104.2970831621287,269.439603553806,192.46864925273266,38.64295554557826,27.34640371078502,9.567735323607643,364.8706268529179,346.31968592201963,23.0287972939377,91.63829368334933,199.2364836080388,4.803800804839463,71.46810844577004,102.35468462511625,35.380119867987986,12.62751566386595,41.63611777608279,43.07047726343376,23.897197150605226,20.660921538060922,10.713677910581811,90.5610047293075,35.35955440184106,13.046918563142752,13.74602337849141,498.47472748274254,11.57860240857463,8.1922390215595,9.81161962986265,19.8924537226182,3.263971706988042,3.1683362564183986,96.72876066057597,2.007815110390717,2.391759457752432,3.2927319113001907,13.510000335526552,27.751699311280518,366.04819605435836,216.2655646750081,165.33910950346348,26.52275666655194,18.189760096470135,4.883057952663373,105.88104085652833,706.4603266497328,263.569381890621,12.228138590530197,12.17761029493352,762.3662995577016,17.19013908703284,1616.3523328392337,437.63988993167357,1811.1263857721785,16.746658577462412,26.89004873772511,3.09862891333262,1.4832092301626911,165.12205551415175,2.458265114144879,22.23417461470316,8.87286378419021,7.511974258819547,127.93714523134413,527.0474416619929,1185.9382066729665,1054.1135701994533,155.20720512846677,500.52448256103474,0,1.1433575197830292,0,1.144160425808604,1.1681677566359658,1.1407125825779874,1.2126435106825655,0,0.033582623153306596,0.45064991634861223,11.054804329871226,30.493637228986017,7.229344922308712,2.0980725237356137,1.4084339194104238,0.5565048052590775,0.02754885072415795,233.90577816267535,3.444809858587389,62.55428755320418,779.6090129791654,2.685657528458997,5.254795576930222,4.0328239275365,386.2824808360924,565.9978931290541,709.3513706157987,273.5449551320785,99.89951330488921,222.02984430604053,873.0406076301637,48.62886592488302,699.7832891358364,141.71123263025166,882.9859756897393,1126.5551294418767,862.478282378947,1332.087427294558,534.487272426741,544.237381580719,193.42945665545153,1918.8266670352712,7318.956397327553,23460.87725834102,1777.057649394837,66.97794475605832,108.7851205545361,8.94943945605547,12.271683708067414,75.35459583058616,47.07758670290948,172.833949106874,255.90059674556042,263.1085324984731,33.40474245692622,111.27125980630134,1575.993076399585,19.08095317890542,41.97115093974891,7.196447544291874,44.02678880248969,196.25722261114896,216.21596878411637,99.25408161860896,32.97358119425673,19.29415525232805,106.26431340366139,43.29022671761009,101.07771482621345,26.527399061123702,10.129509231840592,161.65792615598204,7.628112608547296,18.322627604457608,45.843771391548884,41.80596133503098,10.411855411636711,17.171343860477414,57.071462932032006,31.926862064708992,387.2868177537814,76.7793515492979,31.392486445113548,76.56689966198901,133.66526786475927,27.933796861179662,2.3446332337843416,2.3866624408511528,2.9179787734972287,3.052111157522582,8.913078546844758,28.10476568790732,13.925517265620703,83.18023387506685,16.862463194915257,12.030134893207013,11.97691538695993,11.974843735060253,11.220000398082545,8.760583398860657,62.281096000062234,58.02178938567747,6.157287626700255,1.2798377907919485,0,2.022165683373702,11.863202930934468,55.88179182433697,39.59962706282804,15.165235012399805,9.58861998995064,15.331548808200052,32.078297114752345,27.725167450631588,9.681377123625959,9.467692034819917,10.382941005830576,8.879480335434671,9.335976042359897,0,0,9.177030466726519,9.298511859857538,9.55856346637016,9.521988228479938,9.529516903818765,9.2502857073207565,14.187701124276227,0,0,0,0,0,0,0,0,12.971997748531859,0,0,0,13.154406525978105,11.369899363420563,13.390264766882655,13.574859840115497,14.527513779341813,11.12668381075511,12.896358993463569,13.286934155666229,7.615418558765523,7.60666221501642,8.313584921495758,10.415514065104393,5.920040830308387,9.754821214102563,9.680887950516569,3.576502844783972,8.425962668967028,0,9.369600039656808,10.047352030868518,0,14.007860106486154,8.846432098889926,0,13.19244255510019,13.857745448034873,13.513505078743243,13.496126659885688,13.309245568744618,15.945829386895232,13.76741772368716,14.232821877160422,14.109817055846788,14.242720667221109,11.504636910027076,11.946703931256707,14.136769669598445,0,18.487738525728492,0,0,16.470113369441908,15.87591628646088,17.21911726228764,0,0,13.343657870999284,11.699185845959507,0,13.96580317180884,13.556161637976755,12.960769555580645,0,13.904439956570087,13.25720224952141,13.032313569077733,12.858263254072831,13.260275369609035,13.260275369609035,0,0,13.215142632976741,13.225581031813574,13.096671195087223,16.537813368890294,0,1106.255104008862,12.794653562852723,33.109503329380786,95.156009416304,13.649911032343681,14.332170303162199,14.18909534158623,13.7673259247143,12.13964086171648,12.311428892311286,12.45581719572713,12.391323428163602,12.451127163370113,0,12.097202150892038,12.447250565174263,11.954329533599228,12.514999901088808,12.236152064393764,11.806457983062229,0,28.208572528962772,11.856418404446657,11.86338063430682,12.061658978125859,11.91027041215213,12.257198320737277,10.93910762279208,12.429052781404712,12.94294201968959,12.290991098825769,12.682111163577364,12.656726259678864,12.296104339751917,12.125569579123887,12.582093435971306,13.903284638977961,44.18227075338681,83.06930833635283,18.631689086783595,25.209688405391837,351.0215200014806,73.50865000802644,1.3105749453399775,4.413449691260373,147.88100873733606,81.24508274363961,170.70972476882537,46.37222141229437,68.34795033671332,45.698463451193554,338.7359596893249,68.86819741461703,84.16984199020172,1146.8066145743244,1590.823850170704,22.02307890866402,108.69583075986216,205.17423598994225,12.60994152608745,6.784446993490593,59.15862113056004,19.219650840223988,36.790635752991236,13.68336104821859,1.7342735375951126,0.6403360308896902,3.7947856083908915,10.261991116741983,84.91453466455043,2.0826291230632057,0.08160881832741847,9.058187173215927,0,59.418100608833825,907.0341549598916,92.71941042830109,0,0,211.64262616313485,85.8807319028058,766.6381964772316,726.2017246639136,310.6763602245293,1214.1797063405943,755.8755385092098,295.8660076906095,110.54991224541409,80.59980469816246,224.90213623451749,2055.1974667493632,1341.6070281648529,290.8925229250448,0,1193.6464424736591,185.87199926746857,107.24996529293423,50.017756883459384,177.39897302249418,8.366017143700626,327.3075339279175,304.0885989275072,348.6555555137991,119.01126688908857,100.3178445890601,83.49557886997995,106.10410910248704,479.7389440151536,121.66814812683982,81.80799149154647,121.50717178175361,360.6820557858476,830.3753132691783,1219.4419891289945,202.25086706613362,116.6195325823241,333.00285415545363,784.1485471278955,240.98173282755695,103.82736706503623,158.7215505715017,1111.8111863610256,158.2772507185673,295.71408264987525,22.415189490384027,138.78836528063545,105.04592292105373,41.258012431120065,267.6296675268253,30.020669719908454,112.79784612580298,63.57559835536887,166.6636473404397,358.41698018215106,1185.3558334150293,14.88690945871521,110.7837965474159,132.99793948147845,167.49444692580568,309.19463963838183,135.3428837145614,130.14529635258373,120.47052264817584,157.36666577440005,361.80336304656083,386.75222379406586,1034.5267141228294,332.9884883759363,164.98477138874668,214.0695353677778,142.9317196203697,672.5200930280015,743.7416668646206,80.22039767329957,761.9569529742639,1611.0396776360865,654.4372629138677,1576.803624696892,1859.1522875748065,671.5828306434224,159.98756680337328,930.914771715415,832.9426674566655,736.9130597126328,28.832604650548927,777.9432936849474,210.39641763865183,327.85170273598044,1448.1007267675345,478.21082378084606,582.9811984004604,1497.5119736345373,329.71920801698303,210.00380639635148,106.94616525353388,382.95179645952425,226.41180125579012,48.44012653777784,50.31473938874639,284.07361311863895,311.8997679895855,147.09366711866886,114.08475239769805,546.0632309317468,948.2246345512087,83.7319360394157,67.36713110273816,314.63284469726136,451.0493435361737,372.0260332846527,272.16729030325064,845.5813557179786,146.63667184898094,673.7203648075237,213.10348697776806,29.454283966896313,0,301.5293987620111,285.9655299136835,211.52656847358003,122.98040046405963,64.931935810631785,178.06291687793663,189.89939835467607,106.43065679399821,51.86980563422404,301.31023309705733,1090.4959954780556,209.11909869015588,658.2394481594989,145.86497693389512,176.49841294512953,360.59873913339055,199.9371781748739,317.31763265223435,432.5365311358537,102.90049686248607,380.4026259069115,165.3588787157092,122.62427436392998,34.95414960108441,31.44302812713086,174.21189722282224,2.2076909580861237,126.31496623121727,133.8816282070882,235.34866608071758,354.1373647354055,48.03789021677125,595.0449156324906,635.0746691951005,189.2174627337258,108.75095331740158,148.2157186031345,60.345467321745446,16.731164254662367,11.157805192244878,32.42848686482536,19.619550283259688,121.79727348882531,51.64170598254304,99.99237038685916,63.56684989447274,302.68015951113296,490.0317419164338,72.82832618149858,93.03035552074951,219.14081324211597,30.71453836859246,214.29022040026342,143.156835652535,10.481738186442493,2.2017742761187344,27.227123084344456,36.7659743907162,617.685860930505,2292.191910329333,0,833.9922799964058,228.16173903666265,27.125635565211304,825.1312930622584,0,627.6462443478885,70.7644120902559,52.53065407892536,0,0,105.55559059281202,58.95036106346214,9.540079644953435,5.88156922374327,48.06789699406804,104.28981842467212,1.0822234191354274,0,0,0,0,0,0,0,0,0,0,0,0,3.8400702150675388,5.661310366594266,5.77434421596383,5.676387678724488,5.661310366594266,4.495847556996891,6.034043733288438,6.395239115771601,6.118399647630265,6.393184462790991,6.909819936258955,0,47.797889502569184,15.050234589926557,0,4.0171144310160605,0,8.982091089290785,23.442632491485405,28.01558610656199,23.362722950139414,23.627215959985307,0,0,6.700250676523822,6.63135776558303,7.895999715239067,9.986768685707947,8.411344632793275,3.7906432367764156,0,20.777732630114606,20.0740908623774,0,0,24.724547003894514,18.249785112863012,0,6.134683773376088,0,8.501107381515174,5.025852965273303,10.081082788207663,7.035617846252221,4.35925567622619,4.0054307311224475,3.414269150174855,3.701902144190793,5.799693458761568,3.413216363116636,3.366222106584168,4.0557381199680895,3.1690256287917666,3.944604794751094,59.66210758877319,0,0,0,0.057371812220421134,2.9581981021388923,2.9604402294682934,0,9.776237073656565,4.930824789312396,8.835982863587155,4.807105925140999,4.914628043706187,0,27.856315036160392,0,0,0,0,0,0,0,0,0,0,5.682754426323174,3.8939375072694165,0,5.763342681478229,6.557589600285858,0,0,5.016305466217714,0,4.546083159360293,0,3.684137146721493,12.774052511169653,5.202998386047186,5.579567960991887,5.382223328170647,4.015743901216896,4.044119626088884,24.910275384631134,5.416886915109776,6.204127095814019,0,2.1556928021191486,0,3.294823369980794,0,0,3.2937248208736483,3.4590798402881835,32.131810483228506,0,38.9020245383434,0,0,5.352928079268708,10.216703999060563,0,72.28311592500869,0,12.863464859995082,5.413586660531986,5.759104632990586,0,7.0925750741770965,0.5030266773936569,0,0,4.960926773784004,0.472262679040344,0,13.754966480979853,0,0,0,0,9.172916150850542,58.76920072035021,0,3.857939923224201,12.861880119875819,0,0,7.274153517783964,98.63335724778442,0,0,6.850446406014028,9.517328972662105,42.08580293464236,39.048303413952986,36.249328349343145,1.5221569158496653,26.173187294219876,12.123216139227143,0,0,0,6.8404100699497095,0,28.583244785604467,6.87159513260272,11.9411324657483,78.34908705848878,53.77701045878312,102.76174107047719,12.928190837209499,12.11821795019382,13.895114763258203,5.8373203587045035,14.294236373063255,0,8.995695932821047,0,6.890492469639017,5.104831691496376,6.288131833349389,6.115142922975579,6.36427200045535,11.003072300549492,60.479471169382066,60.032863948683676,130.84394933545437,72.90509846386084,198.57626490576328,0,131.05149177128715,79.57743918256365,4.693510393808189,10.760229257587602,112.63609485188823,9.548226109592754,50.151457988312984,8.556193937507585,0,8.976919223524632,117.98506300828367,8.144115944390371,9.539291391201168,0,10.541017507399642,9.478962330424809,111.28435335844839,10.25303465714906,0,170.69720848950405,7.101632784234749,284.7551331993266,10.518405746545193,106.85673447595171,9.771390821092435,99.21557228250771,99.42046910483586,283.30928981332636,53.71254736661528,34.986299956014975,11.332189399065209,9.55720546489817,10.702062753516453,8.181359443741737,7.436469529379486,0,0,0,0.9029327742186385,0,0,10.839778985458874,0,9.127154280055658,8.393266414712025,8.893104771306701,0,21.09647123465216,0,4.145693213591454,100.55662698558757,115.7731979864007,0,107.47251556833201,124.72501519787284,0,120.49618857452185,111.65653939238014,8.766097429062821,99.35650556195368,109.89935303799598,100.59576196447156,0,107.74794070507117,11.558120840841772,101.08890153099186,8.755584764236593,11.817019053447995,19.589175986006463,0,8.896406535958844,15.570233171380961,18.032575707261454,8.84926074559325,14.575144698533927,107.44238344454429,0,10.699513734764244,0,0,0,0,8.791496428680423,0,9.102386564645036,0,5.835106588856973,11.965674796382823,9.952914312379534,9.425966398542545,0,0,9.586040042777993,10.463670362037265,0,7.949294751662024,12.560467230089033,0,5.218096605342057,9.904838019401021,0,6.993167830888781,9.755716170737891,0,76.20188249862557,73.25497613203899,6.228080308185071,0,0,0,0,7.900541203098174,0,0,0,0,0,49.1166776064523,0,0,0,60.22405363652287,0,0,0,0,63.36623226242175,0,0,0,0,0,0,0,0,0,0,1.4404083933764502,0,0,20.84968312771652,0,6.268310730581432,0,4.376703011182861,4.062588854398886,4.179474807847835,0,0,3.9538385114092534,47.827166199545715,3.456399593248442,10.825969305716233,2.4013162659777585,0,3.080750800912949,0,0,3.3566616004037093,2.868780315913962,3.019637937324126,0,2.8183602660044325,0.6691690704373943,3.030717866393813,0.5394816480952384,0,16.913452120739173,0,2.8602483289500276,0,104.43620273721336,24.308403767144586,76.76759975218891,23.25789954939985,61.75285523799738,12.863609835183047,0,18.880860569381536,0,0,0,21.752435797201848,22.017177229531953,17.526815543573697,37.69299247619808,0,0,0,67.92579966106801,0,0,0,0,0,0,0,0,86.46251186196777,0,0,0,0,0,0,0,18.129225870122433,0,0,0,13.0131590311519,0,0,0,0,0,0,17.832379246005388,0,0,0,0,0,13.793798145324553,0,0,0,0,14.31860370295246,0,0,117.6121441530183,0,0,0,0,0,0,0,0,0,0,0,0,0,0,0,0,0,0,0,0,3.4939232684374972,0,3.647171925596549,2.518167435955731,3.497213561219502,0,0,3.7473216592232177,4.117105094578803,0,0,0,0,3.446258198243885,6.279828749886099,3.2770420415209585,2.427505198634375,3.662362689107899,3.262809773442458,3.4954924561489915,3.1049798599759,4.305926306073728,0,0,4.579210763599931,0,12.51457789553701,11.588771751369375,0,5.914485461676322,7.846914487040835,5.676993829661037,7.448230089437956,3.507780570665101,0,0,1.772269683242237,2.198511840881999,2.8380297046682332,3.488842470152205,2.9953400900554374,3.467476001318624,0,0,3.788411195735369,3.2654034820183013,3.4840709543417105,8.268820491625,3.7185476358622567,3.287435770548036,0,2.3918176247931746,0,3.088346453842873,4.05805916652959,2.2762542145504563,0,0,0,0,3.2103242572576414,0,5.89373497632747,37.32303598310797,16.669934938595198,4.947703354802486,0.9760470423368698,5.766815081346342,13.871138821047472,2.4213182368867936,0,11.084012451302357,4.289808324463148,26.215331873125177,13.601809754361163,5.197902335118137,0,10.09539634894059,9.267525500247402,7.267325149572994,110.62374761116136,7.39502355777375,7.175588297944526,5.532787079002498,6.798175045928062,5.336350299243451,4.086720048386306,5.998075053219343,6.160813524833096,0,5.470822198561334,6.386610291436739,2.956315167972181,7.066573071116163,0,5.7570498465417295,4.839154792305171,2.8966684316531284,5.586037435501325,0,2.7370325839232197,17.213931323817043,15.60133757156582,0,0,3.8798193501018563,6.074300332576062,14.197820970062931,13.98303074196694,13.13725570072099,22.460978527511852,32.992757522209345,0,36.54665263809107,4.38517228229669,8.212467142438042,4.915720522743789,4.978242288102111,3.816149465024321,0,4.702255574103979,6.029295705939932,5.033368707249022,3.979521694763707,5.026163909352109,4.583865130849125,0.39336543587430023,11.28269121476182,0.013320847712609728,13.702864691783704,14.476361924352737,14.671945357797165,14.506984023885439,14.506984023885439,0,0,14.541328347945246,14.587862722681445,130.86171538966195,0,13.608316322324495,0.6634824351891727,13.764632190071787,8.648470573467952,13.52340026364348,4.405915387262898,3.9719426253236656,13.280669668968114,3.966979397807154,3.0693588614676766,4.3126491201500174,16.075823018936877,3.6741222886648774,0,3.796503169692101,3.2887863676695606,1.2680759709738667,13.454299441139229,9.3365850965600945,3.152196022408676,3.138152762933029,10.31140230895868,3.209441219641612,2.1526565767164634,2.989827145907232,2.9783588470458655,2.5279085218771744,2.8780982552386747,2.7891869040122503,2.6239346342158525,2.625929340883361,2.647711638908309,0,2.89392817530669,2.8831075497218186,0,0,2.818336867230182,9.361319806054512,2.9536353143867116,1.7083938053902805,1.8657387901566456,2.982591697555759,13.80478137717457,17.205487303474516,0,13.673000234366565,8.880670815502814,2.415099663161139,9.575412788821618,2.234342130632657,14.007678825158637,2.7913957255676967,2.226669956623875,2.217349523567191,12.283690712918649,2.2387841680370664,2.4812092603478666,9.739773418580116,0.9869803455369173,2.2630418157903267,2.0168120299291044,2.130798976210358,2.0221212237055997,1.7054145875399662,2.0175944005072286,0,2.1501803683309713,2.1048531027310102,2.673620151681088,0,177.19083862748084,0,0,0,0,2.060612754869705,2.180721264390108,2.1853012869704633,0,2.175310954185123,3.0797668057105563,1.8208786166364785,0,2.4430914094299174,0,2.4653295344621253,0,1.8626079018915598,0,0,2.1737922258740303,0,0,0,0,0,1.836983552269246,0,0,0,2.6620532805519397,0,0,1.481446497229412,1.6867897604452604,0,0,0,0,0,0,0,0,0,0,0,1.1140273427719019,0,0,0,0.2546314550139242,0,4.378693135544691,1.5801368990356213,2.384109873854372,1.1565455945724006,0,4.877632866110703,5.661438159052943,0,0,0,8.570978570387608,3.5260881912104813,5.8493240344255515,1.8489160830634506,6.151008520678065,2.086699255357023,6.063735326120448,3.93186145467283,3.675004684619091,0,4.721714691269457,0,1.5406899180729559,4.011897363565396,4.331381937623462,5.497938315024215,1.6653899313055696,0,5.2872815640761,5.453115226908146,0,1.8963270456249988,6.962199771933151,5.83110124678712,5.812096122016027,0,6.156238104896149,0,0,5.519335770169937,6.101575497418994,6.147702343819794,0.9420256475607801,5.480618480497371,3.7929971246537537,3.869172255497127,1.730320774583108,0,1.7040251046624848,0,0,1.6865421491614554,5.29270992408914,3.8275636173784258,4.29381377443155,0,0,4.108548122029646,4.186913254707904,1.0262579857681968,4.264845235399626,4.3683865253513705,4.605775009833967,3.1928485721617483,0.2080613783227693,0,0.21433518761216427,4.0745625373283385,4.779285292308587,2.2560569197403026,3.5172007165529324,3.9301874553497353,0.2949725328578092,6.598157210411654,0,0,4.116510859948955,0.5294142775105064,0.26356949587076334,0,0.9137729148437359,0,0,0,4.909606616105373,4.580238330036723,0.7744622840006179,0,6.78482708058157,3.9135229994142158,0,0,0,4.006840275070703,0,0,0,0.4983260426500391,0,0,6.867938095120659,4.0083339209928335,0.24311644355831388,0,5.533476102027199,0.5229137872316967,0.30522024046137225,4.9819303369084365,0,0,2.048344944198275,5.189871145914249,2.446610604267474,0,0.8292025030349591,13.479547488490418,0.7837067270708792,9.623675576696892,0.8039864460276627,25.22827027600067,1.0077745853030236,0,5.219551798267363,8.540427540843352,0,0,0,0.7854471190771987,0.7910352084862645,0,7.595221641721615,0,0.8244061496215978,0,1.072245215046837,0,8.491481367107847,0,0,0,0.9991157606660239,7.728320248087032,0,0,8.503669085330023,6.523597186572108,0,0,1.169543447276757,0,6.952714232120099,0.6586947270394502,0,0,0,0.8061679925343701,0,0,0.6865538426350709,0,8.217018540087828,0,0,0,2.372308249752328,0,9.808858924671286,0,10.401169500020448,8.64309216461001,0,0,0,8.66202520863576,0.545580119038132,0,0,0,0,0,0,0,10.149064234817768,2.655374578705599,0,9.119988431917948,8.567158257229716,1.395151576489641,8.250806883293741,2.62557199392544,0,9.12569260859117,2.754548332271277,20.253455062382212,9.309000273473835,7.343146695216582,8.161025169238467,8.938377778574734,1.6797560063471397,2.918051328645594,16.676066168185084,18.474715201936874,19.452270734093123,18.064064486790382,12.891719317949844,12.747843724217638,5.739914489125065,12.747843724217638,14.479986745698563,0,12.796095824593907,9.200834552396664,0,24.94406974303294,5.029628746358916,5.353311717947311,4.2161276116742386,12.719030354813125,1.8017552948993514,12.719030354813125,33.21466774608328,0,1.6425708305567142,4.700795943695597,0,0,0.3013202447116114,28.640127682817983,26.518135123777594,0.29772085963090095,10.76694017849468,0,0,0,0,0,0,0,9.640197820390373,0,0,7.332981415563372,0,0,0,0,0,0,0,0,0,7.377583266717875,7.133091269673083,5.575615190187058,10.69111940050838,11.168019433115441,11.47299077878017,7.557391327795122,6.504624804599144,7.557391327795122,6.3067152382715985,7.557391327795122,8.010909010291346,7.025960557445028,8.357388235044764,0,8.357388235044764,8.947621596950471,11.570026767682197,8.545327551496678,1.8078217180557543,0,1.3340759400188245,0,1.029666666795456,2.1310679925831275,0,1.7604867691985504,0,0,0,0,0,0,0,0,0,0,0,0,0,0,0,0,0,0,0,0,0,0,0,0,0,0,0,0,0,0,0,13.677709858180643,0,5.101713021698641,8.70586053681455,0,0,0,0,0,0,0,0,0,0,0,0,7.67529036394054,18.588413912254484,23.83540329432089,14.071681717867536,3.6327718441545547,0,15.254477403953402,18.175231246128234,12.255672078799876,11.808224917148793,16.99638689956539,17.61603003300534,16.378437309800468,16.70906637158536,17.26186165416402,22.051494212248624,19.194559821800148,23.618489349688705,0,0,0,0,0,0,0,0,0.6297225401640216,0.8049869021082611,1.512566872899303,0.6498999908204632,0,0.6038148665517742,0,0,0.7782106286182002,0.08756275646657156,1.3934804982553122,1.630554541892098,0.10250311844161926,0.946368750908243,1.7402857263517726,0.3270087148863598,0,1.5331150158639995,0.7037675084211439,0.7705036052325962,0.7492985275142169,0,0.6840302976004969,0.7091366563606394,0.8647521437666822,1.354522929060364,1.0430246669621714,0.7939385946902561,0.7942718264746587,0.7807848984020271,0.7530731049535123,0,0.9334721461771042,0.5518127064691114,0.5460833850086654,0,0.5817011501924052,0,0.4583413452530023,0,0,0,0,0,0,0,0,0,0,0,0,0,34.64055458212134,0,0,32.60046116297086,36.26104570788171,31.210197726860798,31.078763536100016,24.687712651039156,26.560651283697336,0,0,42.8427861577623,37.282157145105145,0,35.33636602881551,33.615832176121835,0,0,34.742892187118535,0,0,32.269401654270105,31.358679128456433,0,0,0,0,0,1.3763830547448153,1.1578516722809664,0,1.2738090962432582,0,0,0,0,1.104013314145867,12.141791868310504,0,0,0,0,0,0,0,0,0,0,0,0,0,0,14.200893013738032,14.632717422531814,14.545802244967351,0,0,0,13.825696952072414,12.964787390629311,13.083237188409566,0,0,14.369102769452896,0,13.939071304602615,0,13.059428019407889,0,12.724954897782453,0,0,14.666830553298558,9.923350495667508,0,13.532292144690226,11.820233964710717,9.098598638861569,10.35519412114412,11.51896076641479,9.201441924245543,10.546742063280423,13.136525956824247,7.675609779467424,37.36776784811649,9.872683740416047,0,9.615888834552077,11.504257365985644,9.125417667527074,16.93195605743681,9.734300638999986,10.486590174674424,14.691039682550779,12.257340257208247,0,0,9.940203336096891,12.387562425498919,11.328337256127673,9.167278909890188,11.81959557105745,10.390175539773061,0,2.3190407143498906,14.092256606465122,9.898792546439365,5.691409060937153,9.648510312698212,0,5.691409060937153,15.466745303978398,0,9.202369382225314,5.691409060937153,5.691409060937153,5.691409060937153,7.7805146731177715,0,5.691409060937153,11.150487940394854,5.691409060937153,5.691409060937153,5.859249046977175,5.790629718912413,9.57908749550238,5.691409060937153,0,5.796835029453228,5.272575184732013,5.802783893410364,8.601662625675681,15.454497347826527,0,9.259979953258371,0,10.14137576611497,9.105693718631821,0,0,0,8.238519828187924,0,0,0,9.03742554259359,0,0,0,4.9389678397033014,0,0,0,0,0,0,0,0,0,0,0,0,16.810916649822317,22.343145540109127,0,0,16.810916649822317,19.384127054782045,20.547095581866813,23.29498243850386,0,0,0,0,0,0,0,0,0,0,0,10.849415595898721,0,12.717068333114515,0,24.3112440885782,25.8242630838264,41.6154094088417,55.289438709437825,48.96769972095604,24.442455000174952,0.7614457352314753,8.022708361493008,0,7.53598716336035,0,0,37.316430614547684,0,0,0,0,204.24963724238697,915.7542782808656,175.15249680381183,4.999177421386193,1.1220401093397414,0,242.42537005889886,28.350481933193656,292.73191151887914,993.2516802596591,74.92218595311203,3372.493899199508,225.97930983502184,3907.593219800428,140.17464762678966,1110.3462671030418,934.053505584667,16.752584600792694,13.919775764656,7.619315700286935,53.955508917170235,10.623568372459054,31.488953357412008,34.29458141048102,99.75620660717813,1.5753669666885837,9.944912458669823,31.27624858209215,180.79677715772348,7.145142960180745,4.787741024305358,14.208954754989938,11.413955602287652,14.752611177661429,126.66067960150846,116.47170804628175,56.05607947931765,26.076539050274068,61.942309094826705,201.77519778799228,127.20569827112678,57.38499456021197,28.966089688922104,62.657731969285514,355.8979142295755,113.93859475878956,102.74240834031826,255.23440692838403,209.61641281763394,121.2407532344177,106.10490859727437,74.008090049064,235.60182892432294,29.380686085131643,158.12775379145674,121.3031494467487,337.5793017725497,49.009011870769186,66.96842249639185,255.63421684849294,11.399899127075486,126.01067432516469,166.38849304769008,32.587659959777426,116.5210488157432,247.68419995434732,134.38179727420663,118.81434645026506,219.98451946943248,300.716673357583,443.4637187139845,594.1618528152476,1273.8633805018028,52.498386264650534,212.283664420688,254.0211314577072,478.7071592908651,710.8285493229286,16.24972160195327,84.57580911564986,265.5437776713266,157.0837587142506,172.96311659169402,99.71339552965004,148.75262374774934,272.0366675582318,229.70412530340334,10.031432160049915,9.817807130011609,50.264631620768455,225.39010126663695,74.32509028628981,11.634746966642593,80.34285764122146,1715.3377736737855,503.27679587687504,58.740044408580985,177.84734898000397,533.1781921619606,511.54073070214145,821.2829140761271,200.13667783266493,3546.856851670364,8943.847571765147,13030.746615537346,2266.947950046423,306.7300660957136,36.27008808602702,157.2170374118057,87.04412606739776,525.2361144043327,322.43596198308774,420.58608597919937,1965.019162829487,13.96865627252924,23.134770263912326,5.270627712383428,3.9052909380903618,24.46686623803979,70.26185525673402,61.518535995126705,64.68118114784828,34.44393842678151,14.656687017890562,81.52659991295941,19.804334599841162,10.056513884327748,10.707322132433132,20.767329148680865,67.92169527502503,12.994365936481701,49.72586325684412,847.453541396876,9.699578735892466,13.797967854562181,41.47010172212876,6.153115396579643,54.78948725380248,62.851524593680466,381.3011081416422,2758.3830663289395,197.6757389810398,12.041377929558015,9.889098160778019,28.924279460987517,13.13679432820952,60.29203438992354,29.76297708499934,70.8121280940442,56.577701727764335,43.37899827289416,31.239590141984294,178.39320116035734,23.284002965412686,3.684764367463628,22.359709835483763,75.65166190306738,1.4548169371040265,6.362248590215293,387.43913043013026,3.875721884685431,1.374681901825806,1.9603396969830122,34.40955203357703,1.5155330546197217,3.4610888564682782,23.417215307611794,2.777561308142586,1.5657244270370863,20.313643015803862,54.362389462421966,27.183979407543035,9.132875991049541,16.040502739334435,30.862858719595597,51.17388597466887,2.413483341148663,20.209375156887802,56.015867198985546,4.2105855321176495,25.292125369681465,1.986318762631626,51.11994218973962,132.0785784282666,104.52775134105606,2.548408366395613,82.24905619912053,150.99721267328005,148.9619224818089,183.1191491272086,203.97599773544516,231.75467079990602,165.21844092316263,121.14395269951599,17.883778660927824,14.172697889757364,52.70646181665291,65.65892982374434,8.006266878278678,8.22228948061101,56.98869542537325,103.779118533201,14.552462649415617,9.865454293569833,185.1563591160919,236.99497879396,360.1010998986464,8.403736134441372,1889.1230813878115,5.718521763416021,14.762590203257563,13.045193611760773,259.2395294114676,35.500711930122705,27.546963410643677,43.61014395760535,32.82777338703599,4.128451205677352,7.613950052574296,3.742873298829201,0,0,638.1874562973788,13.137075459178126,10.489355867677734,945.4564336707095,2609.8342089249936,1719.8928784771877,5811.5526795708965,9216.210892182295,12537.748001187316,1213.0022667707872,7417.057739964616,7336.764797259776,2417.2298015313095,0,644.6337387508427,0.09747439587747608,8.624801676226696,26.56233756591647,10.938237294233408,21.239903716784156,32.261836876441436,45.2103820581992,14.195362188739638,10.741447849937426,19.22662708205822,20.177900616806987,50.01267631138026,108.68432458450651,27.66459220039522,141.77836453886675,23.174644507376684,20.89944930656208,17.937812507064113,32.44944240867063,19.090164285059533,20.965425206336924,18.418621128130884,22.03116930510157,20.23175372826518,17.718173418399257,21.80890152656613,24.257414198645808,53.605433203421406,20.327347548366923,21.985976346756452,24.438995095903337,26.48866412970494,27.227505567605423,180.40161928750112,3957.1745089333467,160.7555403342501,11.919267952802176,7.668032927936643,26.800260738399984,204.8364103761864,41.05457557365547,40.40414841353796,570.1294993768989,1742.234880535694,11933.405922381442,537.0959605657957,6718.054105214655,96.45928215962913,24.060361667325715,91.81994937127197,25.156669462032156,27.12109474174619,30.516012729473427,160.9555887669308,15.517375156631221,19.671877648836485,27.23033018008875,25.806888207559965,25.82885107164132,27.005672759494782,39.11575482976321,32.412530562533256,150.92503256285065,2680.4614327883637,684.9757661650236,63.57723081300095,17.195716351280307,28.347176023480895,15.58922389692595,10.945060970159602,72.63137210431742,102.7715666015554,629.9677518875777,341.9645234503938,7.549692913376187,61.0216318020132,9.612320159175985,239.44490746981157,31.103761751042974,50.86593776286506,1.073514500323901,1.3891460484169178,1.0066228550595104,0.507920700483164,463.00272515738044,17600.698630814415,129.25920528311556,11.191637738741607,709.5266445509642,465.34717184011896,0.3993756313562002,98.9704002575194,350.5415688420888,470.64321966515263,240.5649890639588,167.05725242945263,40.33698930190299,0,1.2051540133397574,2.792178195147849,4.77454823856455,5.924648895920961,3.174968354071119,38.840371379052584,10.245153229217491,4.8064393204155165,3.4085985282203386,3.273096968481013,6.897550432988993,3.5234986752626543,64.24529536456575,5.374947060476573,5.541781520811123,5.8324461993163625,5.669555199335776,2.3648702488990594,2.299362889756042,1.804076825669971,31.3378848660327,44.69484023759322,81.82682544912058,204.5049196118725,1423.908916213357,16.27535950402284,124.09041561008975,16.53012439914886,105.74377190057778,269.80335194120306,436.7829451832513,220.12593709299358,238.8683320384264,156.3572642568753,195.75973738265637,112.79960132731368,29.764741954061616,105.36201176148629,775.9050218128004,35.96353716003292,750.9281270169988,415.93201252736554,662.0671357420509,24.217533930295495,1011.013246844437,125.68284260988999,462.10958423837445,2890.6205541207587,992.6974782782853,1417.9044680961385,7225.991345552153,5761.150073695927,2130.964942673358,885.6608237167463,812.4137319712052,273.9343202023188,178.56134645477775,365.05161247913844,13949.796921821451,29394.52935038014,818.0558503440798,1890.3444396019033,27627.675581552958,484.31189769185346,140.63113902060593,80.817107715737,238.2337193640614,27.97331311665065,23.491865266147265,83.90568543458205,1818.225350689297,317.03928715610147,1207.2101811045175,22.34769861800446,15.620414954323113,11.991225687755584,151.20724346270873,206.19021387183437,213.46684948421918,313.4216119496681,554.4488399877187,321.76143083913064,2676.17838006898,511.5240693454346,472.56798701006915,79.30045153801633,462.94426171724916,96.42045550188034,1215.2322952516872,1765.9126132661097,1092.8882887449233,443.1155687542082,2524.3220169341234,1227.8959900817708,1719.5620281464414,4483.922190926043,2940.2647614830735,9810.990386669562,6524.800784494688,1192.4652302574584,1136.1057471871375,777.6682878576198,1648.044387800718,1041.122043272561,3011.5340569103732,433.7892756063344,2762.1854015249833,2326.22282109716,2079.5636112226484,5840.673560850436,2016.4238570120747,5581.16590663715,3189.597550253674,588.8517485753913,1642.7237738396966,755.468492389181,1374.9652582709139,3295.5596134572224,2361.3086543828144,3506.823262076746,1690.9179080428648,436.561042887075,969.3884084461704,1803.2542823200702,2272.338716589763,3980.9769051970793,38.35834208636053,305.4216929709771,324.0318254536648,470.4086139459152,93.24934352713873,377.0323578986129,75.0718915163922,296.77013509534834,3246.116930883264,871.8368026863068,1209.7610602425489,576.2302094500412,1760.3116802536492,729.1853530971646,1729.1975471429143,1576.9956265903952,3094.1655730977172,1308.6134431625217,2921.9647867177678,576.1668290064791,1722.603925676668,1711.7601138406403,23028.302984197875,1810.9554347816013,107.84299537601869,538.7149790225357,42.38077813370436,142.99494702667732,1934.0251443133184,103.66151740384713,33.23367497302502,81.2309208120805,40.7389603789214,773.7844772641176,271.9569178310689,25.775281155431806,476.34501179796354,328.08197943350456,1573.1892653302727,251.52101302927193,185.54016082752764,464.1620884190823,1166.5683283363678,338.1259887000873,28.7230895421058,493.35409905898615,275.63975137249935,767.854204860761,550.453786617226,174.41729957910005,1430.774273161259,2331.243552146723,518.6156072820273,1759.7805242617899,563.3628537254649,2529.9870883359986,5637.105357804125,1310.6052219628198,587.3833274793573,201.7993807991256,1003.8900275202518,5617.600556974062,10426.849114700271,8198.466875093503,1070.1955832798144,686.5335082774651,430.39001319451125,341.768951685691,1738.0461955070264,193.86135679383946,1601.1757958908381,1517.1878961253399,1018.0500883517332,327.0439765448791,128.72177747191478,498.57657597430966,27.166201632563844,77.6865419701894,489.65010223600723,30.925854457916085,114.39390474553527,23.78572632568921,233.6800047079392,215.95845008249606,164.3638080820161,263.81287061008726,78.83491400935343,54.454071226765755,260.3519826989245,1969.2469679583648,494.3787891002973,89.78478071276014,830.4464310759976,561.6508259538595,1807.3571257881265,712.54325426905,1267.9093131327509,1822.7331559979584,2334.1033076159315,267.21240802737674,43.73181014638304,120.85303984101738,710.5710019788532,167.14055268528907,40.59285718236749,135.97396599780302,27.289765145568214,23.93795180228388,21.231616042153608,84.579731975099,1.9149681717352514,0.26505383570701485,0,46.47935095608838,0,119.94132365926862,197.88663975714047,30.796065783036184,119.51414965133645,0,13.588388386870275,0,0,0,118.57686740185606,161.49567444715166,0,8.768512190977273,0,139.45100829287662,0,110.45972767734395,0,524.6955424656686,18.67906962137235,201.52366132514217,118.99257915971916,27.353909035787694,24.363440936379707,6.412001392156219,26.20188157550271,46.66746090735256,10.30142081341101,48.69789968389389,58.81755989464618,6.312949940483636,699.212028689223,5.445868170937545,1.4483421761751873,20.486583755253054,12.649429226032439,3.0384200731283157,11.801122729723001,8.383769437102409,234.54095770649099,5.100045951943686,6.02269096459765,9.111714845517172,18.996526638291627,54.008465156122114,5.328981007102119,10.59483274201184,7.578117228894318,35.25594634976396,12.726175416894684,43.846200359304305,508.7241090286841,11.472971153245457,35.13498459956877,36.945298439981876,87.91453017423203,1082.6257243699702,62.71754234059703,9.561830811390202,4.026428815914224,24.334312956399838,4.263158951814722,1.2666972817392004,23.838514769802135,32.36534016292066,24.583194412102436,14.766028553758902,24.037900768711843,0,1.949262346361522,0,1.8945634319367113,1.049733622276663,2.5585986088589583,2.483853138806912,2.979211308370246,1.774666447057412,3.395515129890036,23.957445006755776,44.142357637915275,7.229613884065871,3.5176811614720185,915.577413374093,19.88660247341032,4.984443529732577,1988.759456191208,3.465347655432425,0,40.80074804836633,6.519449192302105,5.228261716956195,3.9192149946751558,3.1736431380354237,10.627845652531155,20.615038699277278,11.609683354878833,1.2862529214979384,10.658894766478316,6.2194259161147905,10.929906352529605,2.71519919549654,0,76.02044573330363,123.901673322367,976.7851855577965,5.464237770085577,965.965389848461,5245.940782861768,30.013742544465426,18206.345198786454,50.84501612244117,5868.175549443221,969.7988659491492,2137.0844467040297,253.82228425129128,624.8264361349517,841.5006633840796,406.98418620078553,1246.2935735789827,1854.9450431768864,68.29819712123016,2082.0480922437914,3039.4960263773014,830.6916882443669,438.35358668228474,182.0126363259722,951.9381288311356,859.5974921500698,3490.405783081421,934.2691660546724,497.6429767329633,636.2964820725352,272.68823964429714,223.56076513209126,6006.723741975524,434.957377456462,685.311753645163,53.532697695347025,59.279091824919156,105.83891821815219,51.00475986509761,62.280346236629214,2141.124516379601,5018.363852012381,7420.8294165310635,4019.324514083589,63.854585909561926,440.4578001110603,798.3788462197369,332.4119781524686,2210.472244301309,1899.199281766835,548.1567907189229,692.5455096784685,1516.5724704034153,590.2997222667689,364.0988353124666,320.7612943139764,493.93093297250124,291.34215441298824,3.30872761241883,1.2024039812862246,25.22580010576456,106.91321150903346,21.974636854042995,128.00040661461645,3.0651032980767052,8.250794975680646,2.3229150569180157,1.159100655790945,1.1159542263719937,0.1581120378127976,0.2854587543419562,0.1510359352535084,5.200737824947276,9.800260841517018,5.660589294358801,0.974166320282368,3.4615661219675813,1.898752876317957,440.5246793172264,6.1639153441275205,15.015277547944617,2.092407355328204,3.493536503277659,33.669769803267585,111.84633126644187,277.55071080225304,273.93932209379835,10.105476393342558,23.51885951288309,12.525983398350002,58.440662430143504,2.792270868349306,106.05835379492729,31.836846408018552,0.14196076456353218,0.9542491248519571,0.35714300119773923,0.7968082900913102,1.663886828356795,14.931068704531999,29.5395787406979,3.485463359795967,1.1835506699575196,1.8453379115707076,0,213.27319762169077,675.037165239266,3328.3128653277045,40.658766578568404,0,396.9318715781951,217.1469067587884,4.790448731876716,994.1068233205184,36.323635897014846,20.585675049402596,3.0742518877132827,2549.6281307338313,276.3274086933123,250.3489031591371,1288.7810498482424,26.946141091659594,720.5654770700683,3719.998478770165,28.114289561381234,930.4171359412502,85.89308165690129,955.1865826208203,26.884910530700886,1.3696288266085295,3.510647841505512,6.558361430285152,0,6.876692870639395,0.9162017211862165,11.39805543382113,10.733746798840254,1.1721950670161148,7.07793797274348,4.27517439783023,29.411417650463505,5.621896239476841,13.177006122397719,4.951219641748079,7.746448496490694,14.70997554922565,36.801973581945454,31.103301829965172,5.499108103798495,28.468801693023547,28.184988025470002,28.296215887726664,18.83246887931462,8.71187793762423,26.947607258676538,26.527043065826035,42.57653734903127,1.5779209309355542,2.5696032692112545,1.5937862567413268,20.611148146994008,29.318723770330756,15.018347179990554,25.162124805234455,6.17294617106335,7.461554994464506,7.254206937908607,9.101630987774975,5.438417449649418,3.6679849421006816,7.2081328562214,6.495305372440077,7.242845757753556,5.9095012789472,7.082443160885703,7.007006780078402,7.465078577196894,6.399346084844816,5.5590204720133665,0,7.226766818204376,6.951895563796005,7.4716515779433825,8.109348471839281,7.828397678019698,3.5088640791582546,2.979083716604576,11.552790709526796,6.366263932330904,12.343539585927616,4.767066450428706,9.209508630574776,6.5566663277104515,8.056567033708841,6.60075107758031,9.765005022744777,8.757968419750375,11.319472691703945,10.569792141588806,17.2912361412926,8.196748657769605,11.237974100393336,0,8.603865385899631,12.493209909489307,12.264132227455413,9.593793412002293,11.756080769926035,19.143835701593833,11.600355501690531,7.945975441145456,11.318547295911818,12.865870479508896,9.195381015916192,3.773579771781464,11.268379534072869,5.947141272509936,2.4526967480413826,5.540577339015191,177.88129675074327,11.045091967793033,14.569630109737867,19.150176575983878,12.404568591205484,18.218360099479035,14.366030736110794,6.227049149900126,10.427418490102399,8.076626027341756,1.9425292514973607,4.513163022469492,2.3251232415243166,1.674359398717937,4.404441353122092,2.482340334961633,1.3646917274259522,0.5291002737871185,1.1850061667631633,1.6366276108882902,0.04629593964977195,7.072545408155454,7.682344247414723,1.9159354703685048,322.6815741562724,16.9653026001576,2.7274036554207246,5.36532910060137,29.353101022228177,0.9698075651075608,2.744574437079829,0.12905574125206412,0.05883465382518654,0.08763482438849479,0.277676924369521,0.22526330741592518,0.28332416522038156,0.29037405503559766,3.4411285535008673,0.1454465470675823,0.38658524924165005,3.5566477966471006,0.9323405017346088,0.36461300010746983,11.818236006486888,0.19507045610572402,0.12517065414000314,1.1516646249973257,0.34085253875053695,0.19831144405406154,0.02322801343587876,0.03357626080681074,0.17561803789876748,0,2.799311192003903,0.24421889931838806,3.6595102395848964,0.2715516884227354,0.10054373502999762,0.1050237497749324,0.6079019013612286,0,0,0,0.04322407465379812,0.21711883378589755,45.71475894797447,0,0,0.2098942753016544,0.12693574890364384,0.1804972358997491,0.032432019506961125,0.011527622161004853,1.9083759943425291,0,3.1316663560220395,2.4164987557678956,4.2944474372926855,0,0.7679671998153738,1.8649652593949395,2.6292837108803893,3.8760521965112202,1.8618319827665932,1.703449374086886,6.160650699106744,3.697403638684317,1.124251219399054,5.867230292150245,10.698041282007283,10.672823835046291,0,3.52094441556887,0.4751260776983619,1.078353219061615,81.50020243848999,2.6853113859798987,99.97169943973492,0.5038023252966208,0,0.8598455287894681,2.144730837317348,0,2.9989382801754054,0.05491760652764456,0.02568443449560135,0,0,0,0.12748102418362262,0,2.0469140839190207,3.810011290352124,34.723478477285106,4.859973487553465,3.6188743820657923,3.652667025431041,26.0000077073743,56.3304471525378,155.00073635863322,216.96338718810074,21.378146575416316,18.36678109335048,22.995420092050505,25.859007471936735,16.984565564349257,30.97118433505512,301.4641422341764,612.5172931990156,6833.685475060567,875.22577692801,52.08494494503789,23.051097611599054,61.66099043267949,62.34954687737376,10.519036284579274,11.967015255849066,73.31603689169634,16.70358415589942,12.41574592642801,3.5564586811231056,3.398426330788666,5.121945009051839,5.480144102417792,5.347413788629287,78.01567600231796,3.725394292283424,1.786529389034655,1.7593546950495997,1.314516839319047,7.335936109821559,6.423998845442813,15.244921515244167,5.966800206845353,29.170322537780756,144.5098621955801,21.81066229705295,334.8803722921714,75.33520664486906,0,0,4.2672821374602155,6.0627554120988405,2.3646828722459947,49.45212268309414,28.29323910584241,144.87206296333733,2.5840693264237653,3.7707737659845875,2.5397767038506704,4.3489387826598485,2.02809532877506,4.376935438267301,17.88401159888513,108.17350610192864,24.3865080831412,6.598145054047415,3.7077291240947954,0.9782272794401917,0.8290585563660209,1.7617554448479844,1.6509253474567138,1.351297703732153,1.0168909545567275,0.1929577703906666,1.0043132472191492,10.504404653046306,16.362539770326123,53.59643142719011,314.5354226234124,10.973808828555818,2.265786530164448,28.24850326900604,55.99722086037522,31.391114199218027,42.50892286362212,55.02879921079312,20.982842496008793,33.717871004610764,108.89807616348463,733.1577851105571,374.1297865772398,57.76205476068844,91.64720517384707,38.439378666698786,95.47654497998316,170.89079493777137,162.5877291853017,17.637774278835103,257.10878555650635,2416.401384343472,1123.7017462453475,269.9298482195566,41.92114590529874,146.2321918733539,95.73616503734688,11.142987601559708,8.259421213646103,5.4126629350436914,62.85505081625679,344.46193627907815,465.22202259757665,1024.8146009651753,3028.1188525521575,2512.8287252502587,1443.8869923195866,1742.5557507548706,2400.5388355959835,4868.118446887542,10200.288432614974,5843.64501033205,4249.236795508006,1483.0343757910728,540.2922855341523,113.6392480201462,139.44908452849953,276.0954284724382,183.16567264888707,281.5030410207099,324.6235553434856,225.07554340856527,411.4509598482942,379.71878875333573,168.2846625161827,38.36282475560648,80.240495049762,36.3748057528014,3.2051071293618634,6.545312517744747,7.23543188104457,184.23205502196208,1238.7904759903572,160.90966752716523,135.28809034944732,147.3722171460405,76.14559573322067,159.88621444542815,734.5371366905547,2011.4536198685955,1692.7097681001162,1500.638570695991,863.8792708733051,258.0788360752674,85.82480561507631,39.143274040492486,14.212467601882212,126.91166386616538,65.53983745682514,155.3312396249347,127.97610186113027,158.1667360477525,62.14808657015143,104.75695881955167,24.4739363760029,23.237616788064972,14.69311577162454,65.57577151791116,80.44995287357732,230.8618149211486,290.53698284938804,256.6791197909728,213.5118130905512,319.9676332912643,194.03807392836325,501.7959499860521,290.0657247088813,153.13867331268094,340.2525198833418,88.365797981277,84.82567717449037,80.86940143468418,52.86486239825347,210.6648618075968,261.8013806036424,223.9029769616149,237.35314192850214,189.53702660916528,256.3286045112062,47.05127929892086,318.0650586201277,44.87762153260196,75.85439727738687,198.73385382749453,136.3850888631985,162.51306786982906,250.4115488093908,166.91524000182403,379.73948178974763,275.33706048585526,870.4183483003275,849.5713978992715,381.9659191951524,599.8019382494707,63.01900598932891,29.57516784822584,263.5366613063123,45.172487739430636,54.38448601399197,71.54490781318076,433.33989471349435,356.1453899345536,27.347043812462218,15.186456719481702,122.16516425902125,788.9865803981296,173.50190945869002,235.21623692667816,334.32702603356546,186.53217899821905,110.5175929908849,195.37026211379685,156.74871417635882,236.27429341767257,135.0568673164506,667.7472555615769,157.20672407596464,143.44805173017897,317.3444548630235,400.5985456053449,176.99163678464507,109.3981580246581,71.42890320124545,123.21736091686617,108.30848192109366,141.53398717782463,37.99652907161589,28.989076798421777,17.756715944730143,27.058084556455512,77.06475790041998,375.4525427074479,357.0755085883756,447.9868151502414,312.04197538406413,350.7600069692782,354.1242957517323,293.4120746584878,516.8667874622101,437.37177658907285,88.52153629159297,26.702588508299698,840.6876036168661,403.18108741447577,674.9960973812,326.58784825380735,1.3678016511314623,97.80847094109632,184.03257284091256,22.551862428827153,0,28.5256244227817,25.849467713931144,27.792732394549553,8.76165289532422,0,11.39638627186119,11.742514386025665,8.774467108193258,0,18.639258992862327,648.8029776268669,12.569190027296695,15.402429959251068,25.27853012694142,7.898716559573898,25.96902561760943,54.46164205920723,29.78643704806009,34.390024475309914,43.54348193980477,20.51320004985655,1.3226727442974036,0,11.569357049022955,11.464651584721764,10.361116379870525,9.651619406264018,12.910607992086586,39.30760038977324,41.269551113197856,2.693041896486848,1.343722670872842,2.779494661010224,2.586023399380099,0,1.3073274403043937,1.2122843757565502,1.3843023574903879,43.34508472863188,4.049430010594225,4.662613845810197,71.82358944822894,106.13772439529988,371.5876447396785,112.43310918142689,119.8614602801428,19.100575213296967,31.219748088075562,60.988156302563624,7.587000871356209,12.524356126111995,8.257482641752791,9.767875685711527,14.3814596544746,14.079587225898335,23.941689698200012,186.629023463535,100.24538332884048,14.750961782596717,43.254619154967905,100.14172949160314,50.464911287089606,293.73273389855655,93.29599378094679,55.78134993258298,69.43042424587858,186.4161222495264,264.3891854971667,162.67777211839797,242.65118466242143,81.7502178476742,11.33159338234551,18.304042284370688,84.28688804727211,333.15477055855087,192.77461319104998,19.455219812156358,58.550027152112,438.9741694951053,68.66453082087695,85.76750814828652,1171.8648076488178,2483.6746478123414,2783.7160749095942,506.37335488348896,175.14366413088362,84.79016903164361,63.641651234278754,197.5457427118027,30.01612585311842,482.77822744489265,397.34928254904446,793.022979680956,1441.6469898921216,581.5363512221205,404.5807765906791,103.5755395485699,52.19791506646677,61.01943626882895,463.3749151744237,253.74939277164097,126.17131459630585,418.1227615653087,501.0269471518559,939.2177434343376,477.8831108141307,4255.616219608563,289.0009293724067,103.79368564372508,47.52777437643509,74.62382118877915,54.68169765968829,2167.3359215729565,913.7384863024843,247.4707976081082,577.7113188797642,497.1245940890091,318.1028495637281,274.3737407033984,154.58576490398767,71.96707808833352,93.4563303901277,15.47137378019686,4.659977405963363,21.140143892065414,4.920673814652138,40.42777988776704,148.39742290359214,64.80962981441985,10.568811595408055,14.886142119284308,4.94863733181584,17.60440747872788,238.3349132737071,7.5742932238716225,798.2707731207795,3.7523132222367015,4.711754811141583,10.221987573593735,7.027620121651527,1.5329213114489673,2.936197408229143,21.120375409135843,21.212125529172862,18.355029942999447,8.306774399859632,0,2.611421721077955,0.7042253845747513,7.297555480325063,22.371648319397472,23.42132111877566,5.737911817141524,21.545110663453606,146.5273190170571,218.61495790763465,182.7580445616321,2381.9832696910353,244.51587315182337,149.8372270637987,179.95703629872742,25.052793688879024,6.352226739742984,0.1995607559014796,38.42403823825822,582.9562205352302,1062.0488607397565,1198.893599288178,162.60458395684142,109.71097537622522,291.55519077524053,64.15530335870264,284.6751804005454,503.891675022934,935.8615926653093,941.2648583110093,141.13964006163835,7.0957620048798695,0,23.374411750522043,15.811735714794736,140.80647626063273,81.06528035397093,8.044040006636205,2.26877458898753,22.12674366165546,30.246260138348255,0,0,127.88129492903205,105.63312012593653,95.03902624210286,7.867443010280768,2417.2364464866546,2852.5057923409195,632.297713940894,0,339.8045153288236,6.394524257134804,4.787235772425505,8.854708120627837,127.21125797599261,9.201522337381508,9.0926844695093,1053.4740010969372,807.3902013518158,715.7662644575095,4.969747479475193,6.119136191299453,369.79831040850473,117.0886094036621,47.94735975600074,70.68862673487084,819.5833024096836,158.49570830454778,49.781032664985325,260.76459751358317,138.5737272038832,160.4955284160032,10.142526560068992,10.975553521907448,180.22708348875307,20.13383446662673,298.17492596020503,4.352521525635532,1.544777966096253,1760.1731199213878,1033.3913733317186,3679.9374011417244,4646.822920777212,2176.754348732967,293.8888648765855,122.47073014072456,110.06753569664185,214.23947528517013,191.6198798832599,87.49663750404726,272.3569585612885,314.2384171109631,1995.8508410381662,3451.7796700810845,841.9806321787822,405.85192765162657,1042.7395280570167,108.41726267737458,59.16314251413008,230.05119179669995,4727.088168350398,1383.2023913838902,186.09085500649803,267.1127180810724,699.85052290309,799.371672968584,0.7856359254803807,0.08490063870588073,0.21842589121067738,1.139267655766434,3.2915444170487795,267.4850454168068,15.782511519371223,40.63490351212169,47.69184062747192,37.88005804330106,49.72452085603622,150.42424097927784,1055.709293629875,179.66215697175886,155.81424375639781,726.0363875777691,1059.0123090340214,3616.6057058101983,2325.1760469510164,458.4667466377396,326.2568957809006,255.09938553879763,19.557343288685185,384.5276543099363,16.55302233269726,14.634790797374473,2212.1165412001014,8541.09287813006,583.1519820883283,28.22894379198344,485.18575896314707,7011.512615933395,6258.906137388473,169.1203016050591,0,0,1.2739727557659364,2415.8922069120936,8.60065016673764,4.309303278126559,7.652355536605652,247.7911204554461,103.36048705230026,7.0033778187281,489.6411403944397,3.8093817848530107,35.12622708169606,40.58348017285364,110.42869768327179,0,184.59881212400387,48.131507855463454,258.3692915010414,30.816151015101994,0,12.81009583148973,0,0.035216515969640205,200.10611337138258,309.5829670108553,82.71704213032484,162.57110964883947,4.132929528403435,153.04499873380362,14.658755364919967,893.3592438305253,646.7027296728995,445.86198326388046,263.86044168833104,248.70967538078736,106.55963782942361,37.01557315864884,1.0178960569393063,136.31734195865073,262.7891923474642,460.3299304775166,279.6573674846518,102.51117387379844,14.369434834463867,137.3008811787609,153.5709058973836,280.6561648886585,219.67442307965237,2.0126853625729595,2415.359245031106,3245.411120120809,10677.784494884041,11755.829373420733,9150.49408111807,0.7811277317269996,0.5039116451984327,1.857336981090332,403.9183223901197,25.323443570227997,785.3114013846315,293.5005269061622,612.9588434689853,2514.653467640592,197.10042122468533,17.376711405845672,2.27362187562262,512.3820735577973,58.122966643261776,19.314151054265338,9.63790891653663,1.8145587970759018,1.7809789410271493,1.9511916180750042,2.053820164740591,4.079627065434186,1.80493873148973,3.0828732249650224,2.9171084048807243,6.196635797675121,3.3067819597863157,103.9582778111475,19.120661425344853,8.634343731839254,10.113959998861148,76.22352688666263,510.5691354236577,14.751474662311711,9.7738581345919,7.9760972946533215,23.641407089000907,580.6991583535247,13.533483053138346,61.91895564334838,57.70026864884842,109.96732519349086,14.510820111098415,18.663292902335265,18.750735779123513,6.69033614259764,9.255422692813527,45.35050799570223,9.805863007464572,656.5622957181652,9.248817164821133,121.09493768884913,7.861071221304857,11.97610225789499,799.3433339641523,5.729942444808667,32.122311049384706,75.1974874545643,2.8365225857327756,33.19033297773995,7.440741687516803,42.84944064376599,18.979040989785148,1403.4537699669324,187.26481739126416,4665.879576017503,4734.407202240015,3111.8472215491306,1088.7294258006452,2033.6404472072072,4.443914098838032,2.3942166871964314,2.247830000461498,6.354715016704666,431.63513395676154,466.8195868934521,22.38095437816945,15.363458361667282,1.4008036515683222,5.758585548056968,146.166210413855,428.32424058070995,62.6923792929423,47.37331811396393,4.557691181849112,7.548318985933335,68.40312178227356,78.669539032591,659.4333797034122,23.095721125222603,105.01601951831006,97.48130577107928,27.884312027339146,111.16778961253503,3.7372248745299186,3.6104923808814666,6.163183440968425,1.52192756755821,143.0722552703457,7.007095730320651,387.81742351776313,137.5309667341055,254.96572578679817,132.55698834795228,538.1153150134793,2280.4139477146887,1500.3149209096962,902.1967603245079,314.2729557744055,141.2608174171912,488.33416620673717,186.4897745981454,393.5396585162575,1106.8760790027857,799.8168800385649,2448.138261563187,1477.6661117738197,435.94411850900235,324.2218185247714,330.1099785515911,204.8189860378905,24.711302147045686,185.38033290602834,99.34988315114317,49.35380814530197,362.6046330538971,2380.6959634090676,920.9918685973595,115.1703273270783,1634.684134776348,818.0789828851391,185.21618604877088,19.3335410072143,429.55129928970945,870.7521841819222,1769.3327885616645,291.18221601187116,165.02255529361548,229.06526355426462,222.67073351458993,695.3943947392668,257.078811190713,20.634800489413355,133.1739349588203,371.7300936533945,957.7837158826522,863.3959470900742,870.9669677652126,1861.436478989719,2381.4187574676603,3927.3426982649007,2552.0719108523276,954.5135857564129,790.2389795994899,5959.681400379634,2380.1997519970787,616.2343704664507,31.04789505502887,39.00524795745545,57.5005077347515,524.3864071580618,61.03028553674295,366.2625251769762,622.2094303638338,34.414291952932786,269.71104705294715,75.78627071854362,377.2836477985356,1134.922106640654,1118.0139768160816,43.72793767357692,10.575755205551179,7.461798800610947,33.8490270762452,43.55108658507986,49.29655231926695,54.27815065436201,60.691547710967136,439.16530251264004,2278.2153014720516,1488.0353043153807,513.694889456332,257.9401251718143,34.27850081945068,346.0011109304853,0,0,993.6571059937852,0,380.56321968754577,0,446.4388549922127,359.41457111561476,1416.1214450020716,373.0526785435369,0,258.7649573104018,208.92019718694274,1094.6782306465911,605.1248179147525,636.2962864743783,1033.9428729013573,240.22207476706637,3986.3528801605253,1136.8663794806955,268.4871382913019,753.017622543732,717.2892921974895,820.6742576752044,507.6168554182374,2447.9694933962337,798.171804923625,1220.8392607390983,0,1372.1148993388388,1290.2188204818588,418.81966724181484,605.6233212277889,428.53352863894355,561.010470760347,585.9664536132187,0,644.0648456165324,512.6717803981572,0,374.3318894249852,3259.52067564757,670.9973084502968,1046.0517335069824,243.09798255858252,578.8434499462759,191.64877094429085,0,764.7739682023596,1647.2287379409886,896.2793780114813,1414.2953072277594,0,1362.2735759109853,1261.4495798349442,507.86820914727866,14.56536753405792,1092.8523692569318,0,1056.9399542099486,1090.1973087595156,564.8231222407261,485.2215151712034,492.8169648586092,986.8244834679759,1178.0781467719826,624.9411037515345,657.1623634932738,0,497.07061111081237,522.2088360444038,1112.7504099905793,339.0278424572047,854.794674838911,670.2712524956477,454.72704488081,720.5201004560552,767.1190391006564,0,513.1830626949734,0,1483.0931497002625,16.124368904270202,1281.488451612544,1.30130818171291,924.5758223022347,21.69069598899792,1065.6267795510555,823.2622858381093,1063.2218583728668,777.4071080434559,232.30781767290438,1052.4148298422206,668.1595005818552,650.0494794632299,0,597.8218853131336,738.2618241001463,450.6689611799683,0,0,514.4051184676206,654.9459733479594,690.6586903586089,404.251024053584,1022.7604270432352,632.298656709373,894.6631398204654,604.3781051260494,546.2229497319545,633.7952242904882,540.2159300833076,517.3381529176518,732.4943546932524,724.2837072198154,827.212806124379,721.7850584781479,537.1196144655247,511.36292698303276,1206.7319508036144,1417.9086809543135,830.9201566292314,841.9477873610308,780.8852571203063,398.99563896160726,492.10768560185664,861.7365079740579,1070.895509383619,739.7197309038002,753.5393400469709,1100.3780486064547,752.9969091994257,753.7571783349271,909.2902668996697,486.9746926118857,1131.592821871788,1117.6700691212243,0,1025.0114216958036,974.9134194525118,0,953.1184069370989,1194.517958739913,1508.743925036431,1766.0185790016283,1155.773207620725,1449.240037897049,1428.5287289911853,1321.1763801465333,1144.5746569684914,2675.745554717496,1239.7804594761162,1132.8721420289553,1192.8344814367347,0,1788.7840038218123,2335.434385994265,0,24.09982452986751,0,566.335214626636,1491.2565248347257,979.2293897707018,906.7388582476336,958.9684604033307,1590.2018476515518,932.3637142029496,617.067897043637,528.0541110083121,506.43841712809586,1275.9671486455711,753.82477010345394,950.716800473349,763.0347624557269,898.8316691064456,864.0131318241095,830.4478593301324,664.781006571027,1057.4274267639385,3177.840457216386,5374.544323836815,1088.9297689448797,719.6115610085435,668.7782101988339,552.2211292676881,8308.740763803458,585.0326659500778,1305.4887960677984,589.2279207202714,591.709972270167,621.295631243596,507.5866987221348,637.6418407210666,288.0623958984423,766.0458520263759,632.8029469182142,0,1279.2294375481688,620.9878129578831,607.7009812362528,0,306.80690062450367,0,490.5090698427929,466.43018548631164,701.1620649960187,549.8577543833991,550.1165029837188,759.4071106809293,517.8345127902165,758.5712450750631,820.598193213702,636.2927742647076,879.9668564283885,749.3290412363967,649.504838980611,0,501.5104864049972,0,1196.5770740396097,626.89692236833,739.6766275129786,765.6324356636864,643.6010012607145,389.89383826532327,0,0,424.6283245308389,413.4092719902561,416.88580058914005,0,423.14856777188487,382.247901798055,404.27034504179284,414.8624979166636,402.1808609101811,413.05508739901717,426.30975533804167,0,438.4645671185777,436.49646278255864,466.9002274960427,0,67.97498098336298,0,0,143.06767389053084,1052.139097084709,0,977.7756004024578,505.645074871897,180.83018822711867,457.64979885294525,651.7234683946467,1972.4742855109473,787.1287636942329,4.98172054251014,458.30526210173076,51.708649257148174,793.3691443594282,460.29734798293714,777.0354644929729,364.0711129274846,0,692.8632681198131,426.981825733182,502.1093843170288,610.238617353483,371.30903955624893,705.5134058212512,396.03809757476307,662.3367405850407,550.410239958814,715.3988872414168,518.3330402403212,518.3330402403212,514.4832236251041,402.6121970762152,556.2350342633591,420.87824103934764,432.4138589551652,391.7545187647843,556.3880534121635,367.82554346882955,467.26599011632806,371.55539343231624,580.0777041211724,524.4688654007626,442.38449219831205,436.80506855282067,577.4294514109203,373.4251909680981,414.41782216743894,623.0707885620382,0,446.99958970452855,430.52941998771587,370.88998790972704,464.29979806996124,553.0881910715602,477.262071647929,407.9504051965257,644.2335727020053,562.0524680508503,401.53570755901546,952.0789721538863,417.77061661608,356.72625139772595,362.35130160433204,624.0754500799454,588.1555998536746,364.46360553525585,357.10622212137343,371.02475979843723,354.783925867389,545.8374494099586,0,0,0,0,0,534.7576141558559,523.2063295384078,519.4633209485687,271.7772566552305,217.51173266961212,0,0,856.058784186093,736.8140381331275,531.32395836095,0,589.397395503366,596.6743464161162,436.75182956538595,810.7270410158987,660.0920654614115,679.956969544609,509.48708008870005,245.513727408474,0,723.0693846152953,256.09699999958184,1600.1151133243022,640.564181926461,1879.4502519931193,978.1361966797069,1152.165041133873,1049.5015169790881,292.86798027699797,0,280.1018516388192,618.8437791626665,282.11535342366085,233.6085140951394,266.9509089821998,609.8995393846666,364.0290347721539,333.18225163240925,310.54752748624685,402.2442282696323,1187.5174923135255,359.2458588239245,265.915683039721,0,319.71737795707213,512.4364980282212,1234.6098614052326,748.6827519444267,2220.127868617965,1233.3691450477609,483.9480178792263,1507.4833118292777,335.3051747005435,395.8057265557591,1946.6758024108724,439.88760683447856,346.69516574784507,363.23084669252177,406.32688081486583,321.5826185129221,293.440546724315,279.7982744899812,254.9904678605774,47.984182612686084,0,1718.8095067003853,1879.4787113503464,0,794.128332406777,1663.5952965293347,1420.7920839666208,825.7776888267085,1553.1614089764525,1029.9942764495822,0,1.573271311338678,0,0,0,0,0,0,0,0,0,0,0,0,0,0,45.44519415241495,0,0,0,0,0,0,0,0,0,0,79.52813691727559,178.51413490255047,32.939979256580855,28.211833066926935,9.137390845672023,210.1257571110687,1188.4396112977095,1379.3453652108901,150.99648288989414,768.4233925411619,0,185.53260604573939,55.806187707826595,49.25359084956794,55.07099177272012,457.8658291286757,25.347229756798566,146.05400280926386,27.112128081724862,77.21850003867388,57.965173472828056,140.31792210162058,139.03584201975875,199.5794509422134,0,0,298.34552249941635,50.14813889143287,2515.9597341500335,149.08525506095359,207.569884165167,50.77266674125177,1100.5475759810204,50.52217631809206,50.74703990665252,99.487112233699,0,0,30.539869737612452,47.74750413490138,82.72935046590905,23.559469004487468,212.31184015251532,37.45830326788878,11.768250012131318,36.69545683816179,39.04804594868103,36.76179727526407,18.30620123829842,36.02826744417819,19.719692345069475,30.50979003608808,20.462230013347842,21.718802402636555,31.562960430922654,27.4452281438625,28.836234926278152,50.61225022340264,33.22652688786314,34.61275252196629,23.62648118438618,27.937851799388373,27.419731243956726,168.27586865818813,54.06218343005439,40.52160405222763,24.196874640332627,247.47066219605279,204.0115589832704,53.15888983830888,688.5120619149386,314.88738708928986,139.57762462593732,387.01684231154223,391.3640693238318,200.87269838651886,78.3778506477818,174.46251652336812,53.86548946250392,245.3877896622874,0,14.17219811584686,1.1232289155959068,0,0,0,0,0,13.06773444733236,1089.4133086940428,77.54443739445924,1.881819983960329,78.28985142299157,508.7785739476187,201.656536989877,2999.5674000908,3073.6512284242144,1252.6405542394273,48.19897621074202,0,0,0,0,0,0,0,0,0,10.023145739999062,0,0,0,0,3.247179167293984,13.02580233894859,0,0,0,0,2.693678159777203,0,0,0,55.65350382568974,0.5048639830716026,55.019453911695464,37.63782980998744,39.65631361654476,0.8464265684107342,111.54100031729834,57.214254949095775,219.12695068246967,38.29848376243986,40.710770675868346,80.55989785655017,149.75614563764034,298.44040706478563,140.87877272813247,5.939175777006691,0,5.102416430085853,83.69992666500153,1.7199539365724812,0.3845903876284731,0.04672756550442849,66.00151203468938,37.455490207277926,0,41.0254168205586,495.47374197926473,102.6373738343563,16.8315509554173,11.414915356023135,5.307075084717285,28.240845012714754,7.604806356868784,25.043365619467384,7.030914456665954,0.14441066497456492,0.2980199198460215,225.9505977264048,69.09715079487835,92.34438025984849,7.044339729993521,37.407990615580985,95.38530095434946,0.6806156039187408,49.65720649935035,21.396129116982568,59.02866748834603,1326.5749691267363,4232.61002762166,5840.960702993804,178.23851761764863,117.52333675298415,8.605732053112536,162.7748697883484,94.98464221845614,805.4001386834323,191.19997056155646,62.47731376155784,1.2248500377740534,545.2178172924108,301.5237137766485,336.86200931235163,110.13939055783857,0.03941723790697225,1.8785964358423355,0.04686049369919262,55.09942972035999,0,0,57.60885001176383,57.3449699035867,14.527537448422468,0,0,0,0,0,0,0,0,0,0,0,0,0,1.3895344540058414,1.4776353349809477,0,153.16229255078005,2.6059035027287645,2.531506577435994,2.510674138168659,2.4936483455096283,0,51.54394181852887,51.806628838872214,51.388608531636606,51.44543916466098,51.75438180643079,48.213569105302525,0,0,0,0,0,0,59.928209629634885,51.649732780311275,0,137.45409182648038,60.815354849080734,0,46.41427383367809,51.148860758288144,56.317727779342974,2.026358873114029,0,0,53.64556102340174,76.89297952149647,19.329037037315864,61.07149106128391,40.85895142862671,52.58291380957256,57.80574826277083,64.51024171386642,63.900186821904,43.31765596248942,61.019366927960654,61.019366927960654,2.9719080371102526,2.9719080371102526,53.53598655612414,50.03175432411712,49.7887133840032,51.828015520878296,12.563017676320941,36.86590068988075,2.1656155424104284,0.915201707572781,36.5310067544456,29.178133572979494,0,0,26.170063171201846,0,41.13361702342635,0,71.67806994512262,0,41.151442759264064,353.4079196758819,51.43792559853626,71.80920550739545,34.52807093029563,76.57588718326053,37.430414967452926,85.37961049191317,51.58265941769349,2.651404265056757,51.039249777816856,5.652959052466594,46.94767032015145,52.435036776226646,35.98031765635205,31.809449631052967,38.26158448425864,48.44533967514298,30.345542745335738,45.148054134883,82.24586180380031,65.92645755902659,0,24.95435322207812,45.85940320122941,28.858798869363454,54.942620830515544,48.923662068043825,60.71713401437595,0,80.09869689400037,52.556257926752835,45.88132424909446,58.59649719601388,96.80064249202071,50.79537191576525,138.35222230499446,55.01303619966468,62.88826879479434,2.02132574939775,576.54152395983715,132.87799260460383,84.67278435208588,122.5317789751631,53.15394782858446,235.00690448985267,146.0539531629161,482.9342522611136,475.2102349261676,373.72669866885116,80.86093456253018,5.061643317169441,146.12049585008134,226.13115004574337,430.0879448597198,1167.480319536606,3175.8885411001156,531.3808649493233,3261.321061191502,51.5103838530075,3196.924930123906,414.91708411222254,431.99994064410834,104.7051015296418,94.12111589223181,282.48736640789974,41.324788326448676,15.561507791796604,4.666655707997269,344.78802584866827,103.05011694745554,0.1980224498907536,39.68948383297368,0,0,0,0,13.365154240917157,467.68181490370097,7559.726031084576,14718.029801415834,8426.149272580393,77.65622990963737,2.0869421662647927,221.08810248189147,116.78128424079371,1452.587677160992,197.47797735980322,650.1056097772399,2081.2153884526338,102.29910304029968,395.9170910427255,193.86182314979973,78.65561418781908,27.752313048832516,1.5763583480195076,586.7468911721968,942.9199941724436,1377.987977139297,561.4088894888682,1.6914532743311192,29.843860914625402,14.773009472449948,492.94860131036205,18.83202503236526,17.96359162809328,542.375310987755,4726.258332275748,360.8539636869957,33.492358253181685,99.48116109519476,38.012856554563264,426.917678713813,337.2920444351622,29.398118005183328,1983.0774999865043,498.1098675207796,87.90632882392352,10.388871690335385,170.16194410762864,273.1083094947751,5.416268209092482,3.8832519713455484,83.82886023573641,4.840220013194334,1.9969003092244104,8.614390888129924,152.72705998296317,23.69330202722317,17.319546760294752,4.5090218135281335,9.293406251823102,14.70058642982846,9.11822282193368,4.890845347855614,31.377883027607336,4.149732758889812,4.526720882851339,4.471836343466146,4.619307874049691,4.339654740476745,4.500302950691319,1.018918544463356,2.11584993389481,30.66815762750333,24.960956437777575,374.42205137998536,462.0517060761044,16.307622390034876,16.431479982720685,13.881403712221367,94.63870871538572,1277.4469764073658,9.27336414331817,590.534392605207,19.845453859423408,88.17237906601393,175.04051134280107,3.767188179927544,3.801383191808062,4.519174092270344,112.56111784080925,2.015257656560638,8.655446732636934,14.364173885428746,28.06482013279974,18.297058289935404,41.280754709681815,12.200254199110976,17.92943503462564,12.901317158896648,565.2974414296788,6868.564572506313,308.4374763730985,1194.0541517685965,11744.273387352509,2261.293913930823,58.711037138230495,21.26985097020362,11.794150852133399,51.83441355169411,76.03409309100557,211.18226199950453,164.25022102039284,902.6091892637575,1336.0196484489252,188.3021949596167,12.449629214472756,328.81164151841733,289.7102890624885,48.330339105955915,73.15440577387085,3.9687902112046123,2.338574100751425,53.06845467384337,49.06807031187111,2.0271883126877146,1.7890783331331597,16.710272480695377,0,0,0,0,0,0,0,0,0.2373281674263411,0,57.473054579618726,77.27108230485487,0,0.8783088954284776,0,1.7573578176979994,570.9446230930776,176.94814322187062,0.16502258319985894,98.53527240090575,518.8465515976923,263.3584944803668,882.7517574385625,495.9482849274307,365.65629057307456,307.2457693264883,431.1576449181922,583.4994892638103,500.4800396445344,588.4832606451657,93.37168076914746,848.824257769137,1495.0330867815917,945.8778714783116,3264.8468216938095,2430.6486038140615,1037.7607293232595,549.3505737768446,513.8580568056638,823.3967820135451,365.2668810803274,976.1465152917525,872.1466649129837,243.94342380621688,154.78354485329177,0.64245860963497,163.59254302959118,73.9777804010869,133.02479504114092,427.279355102386,142.51085521111764,136.46531021316247,212.50223811753415,279.7343361110365,605.4506876945717,461.6194236463964,597.750723079361,302.1358823245408,107.54684746110104,603.5036227558928,593.97468528712,82.73355317053583,48.0499241594701,422.8349846094616,283.7715579803107,332.6792044392805,799.4837979709531,1076.0158301026686,1531.4520995032613,1791.0682056171804,1274.1895446871958,828.4893101440721,1025.8070499470896,1463.3728466425314,2498.899084470624,2529.5295925666787,5578.609392847354,2256.6291992879455,1014.5457420142266,601.1173832568716,493.9837485782638,865.9519159119874,514.833653527286,218.46236591641147,145.22977234759554,606.9091404912062,244.75019350612664,273.1662952824815,142.69054231955863,452.23923237112626,1824.6242391193332,303.7344453452666,203.9383707901586,212.75404508933633,297.3456023504378,214.5038800597132,871.0280000038665,146.25053547961133,91.85356068120493,137.22135986470093,410.7471416438693,236.54602724689585,323.52195135594064,48.367542094131636,229.62015152170378,661.5329834644156,111.2069215000463,154.9756096586479,297.4412792656323,471.0725368383689,337.4879631457818,448.8223465119702,294.1146863422888,315.3281794303294,481.014220894902,438.56817250037074,20.371756194683655,401.4459550555971,55.071017066940236,583.3665192154355,7.398910205452272,1054.8852976442688,1817.7989646152396,1344.6343010109726,3808.7468018049403,2562.0524735839385,1262.7215453033402,457.7598896655309,463.9423002518269,843.4378021178227,527.2216358886322,86.63350277089431,304.7417971038177,1333.8986193388532,905.7165357861678,554.8237825684647,1129.3298677712196,1581.328078959615,237.12450667277133,110.37742076780775,264.4702010433996,391.75790943873346,335.21251114446443,333.5441135503793,503.62198128532873,303.3651563387172,40.21731487569135,44.462157385751205,14.484171543782221,14.603172497887018,15.999442851351718,18.65158999882993,0,0,18.534948306500674,1.8385793302442048,0,0,69.17188985080095,569.4229303225198,178.90258978182538,29.07570565335127,291.44371217359515,209.31498065276884,34.96413205897362,67.93923325409727,0.6664378442693449,21.64322513402312,2.320043830071894,91.14599282761984,5.3564091124301845,397.97544288533277,1657.4944904168347,339.82979648462907,221.15609017298178,14.442256689981315,0.6336333642209662,0.46345968618871153,30.850884520963735,110.08661410940603,0,0,0,0,0,2.8642170065399966,173.82543522834004,101.6775157859099,928.4880460079837,1109.2096456472343,228.89995928549703,752.287275931291,16.190318888666692,96.75540100198285,37.72783535007017,131.13438633782283,35.56174018996632,162.7489325491715,11.093845126757987,22.02750479267559,9.914764026840773,151.06703963510387,6.362313442520173,0.7603473613867412,1.703443169942664,202.09484396636714,25.034916845411605,36.62584213294606,206.4389510325162,686.437461055829,444.7554731787119,655.8496420588388,431.1719740767434,196.40403476315055,114.3312952042275,6.972863673247608,130.46890783108356,1126.6061669109833,2204.058747490333,2798.488986309332,2504.9703959525677,1568.851568283358,167.22705064531542,6.452885285126654,0.014712624133369484,1.3872155119479457,85.75804276374029,423.5007934481434,13.622800704941321,147.0126067655198,8.579622761694475,3.9172527139860627,15.102075480626374,59.15443658825656,8.144876869753201,0.010201264259724634,0.4456843511023396,190.71384911623812,14.328425800484082,172.8507770739849,227.48384804522018,3.3105050353289824,162.93490402897837,0,22.418351073196572,0,0.9125714985097533,0,0,6.3599895701519635,0,4.98998183818276,107.58197918227837,52.09953725608254,115.5893722074784,74.59894760705426,118.14392668214349,0,71.8397351074717,102.33416596636373,0,99.74682281355132,0,0,53.616723483327355,97.29783587085626,100.44601074519059,0,0,0,10.5896498425116,27.016175186105656,34.76819958393197,178.74124053977008,17.968879179117756,0,34.86191475123641,4.743489101736503,13.909085710114143,389.83699737636493,545.5262799208314,536.1404757269693,495.7148486027161,361.60148332941094,301.0935412895623,83.57599867703766,160.54079288435693,276.8801367250699,65.93778866988589,152.67710124801116,108.9615513130495,43.19324715632212,0.6673366833735948,10.569949483146738,0.025358614390301265,0,3.6170466301794706,0,0,0,0,0,0,0,0,0,0,0,0,0,0,0,0,0,0,0,0,0,0,0,0,0,0,0,0,0,0,0,0,0,0,0,0,0,0,0,0,0,0,0,0,12248.202933330589,52842.0099383059,30820.362033588324,41.427471410585945,1713.096890533395,65.78670319151152,50108.30509343255,33.54073303226828,402.33630866339956,32.83689752779744,39.73172742184401,53.63463572483681,72.68284814085116,84.36195511076772,44.71189515959919,545.8731143003847,7476.161740549439,1240.6603645614475,8999.812882476914,1062.1146608001065,2446.3920537019544,1748.7048250045502,3802.564299372307,719.2160955923134,187.85921975492687,82.24739477284537,64.40811234263886,1586.6704733578129,2323.502606781794,106.4683938507076,124.73247926191593,231.992231941983,105.71353419992418,226.54430406047538,186.92219220412738,171.5900163986547,105.90538202399637,127.56134493064394,248.80804547925155,392.6395753868122,329.9239969266491,8030.754670148364,4285.143482293211,81.01262879592865,68.58281989974981,76.98621643804688,1518.3036694969358,1469.2429940628658,129.3589272024179,189.52531108308585,161.53162880880058,0.6146129740908696,1.0288401387475583,0.01119232910516514,6.290843189393048,5.315889954100148,9.211867496339252,0,0,1.7322941158293332,9.421557836107397,232.73906892665582,93.2456948119244,43.6832012779177,182.36476986303182,370.92148271068515,395.77514177986814,59.01792299634742,68.68996782735735,16.309923473720083,346.86372907234625,129.4114989320187,0.00737149827270987,0.007553329996660604,10.693436545052938,7.157638414943632,64.57736583899049,3.2109112541423324,0.7552933126516288,88.79664892794345,11.189789020330094,1.2862517831873348,3.7597269179378476,186.6612460689915,55.25677439073568,155.02590811154712,405.1191054411928,553.3622595908815,915.2592399988473,847.912097011075,476.89160268639466,423.76790944199706,1223.198537826696,802.5012337247709,882.4171787043613,889.1744102976522,493.3701056080635,524.3629154297182,898.8312501573886,277.64245469643976,1069.379538167318,73.99865812525188,132.5417251431024,0.17333840106472947,128.10612196217463,31.45349659973158,8.831778865057782,395.3028019670694,88.18492994506038,87.06958626583398,293.9663934566049,421.34074237467064,737.6289024764139,783.8568450537189,67.1808186414622,1613.3923670073445,256.5579168572623,16.90166706981327,7.757860722285933,93.5293052161995,391.00290373821827,621.0898450973847,136.8616951412278,45.90243424382192,121.6911687506127,992.0207063943294,396.15038421879194,453.66616892578963,246.39502512060724,478.0242460062594,274.0513349524659,359.9881992067169,596.1300491489762,1436.2943531326769,670.7843405919728,1619.99020699119,1725.4596073745358,2034.6543723526443,1264.1175799602468,718.6091727811562,1448.9793995095436,816.3824899163656,632.0480103178943,627.7831521921103,539.9868820608602,756.3630213651182,310.0918529577654,188.61832351420074,0,0,0,293.4490393433582,17.540479255960612,617.4779811801259,186.42973458321015,130.80502595349736,462.91546885912726,79.37422357473494,134.34038020898953,763.7090551336898,1014.170697292899,858.4194315671803,865.7533443515972,807.3406918539864,492.68720776763104,90.2930842903733,91.02017138245978,255.76823221891098,0,201.78037243012056,2.5073451937722755,0,0.7473967011163188,26.505664969522773,236.4304013312125,8.299179840338331,0,0,0,0,0,0,0,0,0,0,0,0,0,0,0,0,0,0,0,0,0,0,0,0,0,0,0,0,0,0,0,0,0,0.19786378560974613,0,0,0,0,0,0,0,0,0,0,0,0,73.95359490995666,0,0,66.25576320979725,0,38.91599445263461,0,2.9647370073035897,10.945954400900778,18.311343060143823,0.006447394173568445,0,0.13214863571278698,0,0,0.01047647065741723,0,5.074417480189931,0,0,0,61.400534357387464,0,0,325.05608268159557,0,0,0,0,0,0,0,0,0,0,0,0,0,0,0,0,0,0,0,0,0,0,0,0.1531414320710103,0,0,0,0,0,0,0,0,0,0,0,0,0,0,0,0,0,0,0,0,0,0,0,0,0,0,0,0,0,0,0,0,0,0,0,0,0,0,0,0,0,0,0,0,0,0,0,0,0,0,0,0,0,0,0,0,0,0,0,0,0,1.047871770316361,59.5489946365422,1.67345922302036,0,0,0,0,0,0,2.209667590117032,4.112890248525749,7.398657683735745,39.645559550451665,425.9452082478393,368.1271450772035,462.36632586261555,825.8823788242382,69.86376497647487,290.6807810032534,415.69355694406624,79.1161072125259,139.8613928448474,105.20262585851765,147.54918451494615,9.324480515389554,2.75913529691549,2.4230840390185326,5.774550857266919,2.412892858080141,2.11256551145974,2.1198537099507546,1.8926610018904648,2.1485313284464396,282.84640347099713,7131.884891940692,3500.863755564147,2.777364054177321,1175.6365932039926,34148.62722300981,20764.105865566326,10072.209052419952,2.6005817305289156,7.860923662316287,1.6715783380287705,7.701373999553753,2.8331737711252454,6.57086741469425,6.270314703333944,5.24840775982312,624.0743307230516,10.251275087399296,52.22775838803304,51.80157565337199,7.09958059001042,17.695320727696227,1.5241977625383927,0.029353016235411103,2.861402473943943,168.01967228781157,23.980008338843316,321.77950136053727,21.24361313000526,138.3778417304077,44.064518931087235,7.614921559461764,965.5777018964822,107.95448091154375,2462.3148408620755,1897.2284997861375,550.544032291363,58.303021827514094,0.0658025976666307,0.09256646063904188,0.1543644285914486,0,1.1134201053696529,34.53015201522667,1.4267705461982592,1.2509203034085608,1.8748323197174992,1.2375033300847083,1.1875207499122455,84.10421551050375,5.661070586450092,4.811358202586662,0.9145939960125427,9.224044197638179,0.013219608594759548,1.0141423112157553,1.713094805092062,1.8882657264370264,52.14862487732853,2.246071258101486,2.3355008313564958,2.331037508001398,101.78431450836335,33.84513639952902,72.44327536564782,0.019673550838939773,1.8912053215614404,1.1755645552692622,7.484851986303135,1.1855132032920574,82.21447653500013,1.1757793727333739,1.1683605724560653,1.176017751536734,1.1861065501269572,2.2447161942647726,1.1831241010390383,3.441142171179802,3.183963220544296,3.347791459805984,25.05894583678933,0.09172928288234225,1.0403660317397623,1.1775130088269667,1.1521978599813283,1.154061333672389,1.1493430198587358,1.303682436902858,1147.254894485733,3879.2667320506657,2264.2736134236793,17.00097808979285,3117.5741923668056,657.9333749678166,1.1788361404250172,1.178666564952904,0,0,0,5.5122628667470295,2.3497494533336,2.1982602737207864,3.4628794918830335,2.319537739328225,1.698696782051604,1.3966607491661496,2.317230546916659,2.3217475148820976,2.3226069547662718,11.601531731302474,2.779586395100296,4.369576470602549,4.5777790620173,34.11682358123859,2.320488323078009,2.3670638066177805,2.322240468606312,149.07021851590378,2.349800107565007,2.396162171290501,3.5848500417425178,3.5572777730116756,2.3182365994540377,3.588498594956733,3.456817216300948,3.5520600844411923,2.313617816979067,2.3123679367995056,3.4350864243571695,3.602714025466186,5.638844006515517,3.5535534108791214,5.828939268712056,36.29428702739385,5.966351933240803,3.5558339934313548,46.570512362132995,0.1213029217088978,3.5079312178496775,3.3116799974001276,2.2120402009784,4.142680573132376,0,0,0,0,0,0.05320450015834521,229.5899431753477,159.30098482141895,585.2882467568799,9.960955690049788,6.66821980684119,109.97267927091885,93.76379594156644,77.29101599112023,434.15521209902624,8138.918832856339,8662.910360359263,523.8410643025667,19.29009601873462,88.43954089524746,153.75415184105782,157.65392559323465,23.01453474219569,7.203306272145339,12.853994561302153,0,35.05864295338602,19.86412473258406,8.122521832745582,5.914336017504258,5.549186297254945,15.201860679393038,33.161559294042995,17.75693563149474,13.337596094811575,22.690238621821514,272.4072027333819,1876.1030496639503,739.5518399146961,39.108928964728904,41.20595305201982,43.983009237723294,23.54659977696755,1100.0710945276521,2921.2914510072815,67.05071545609226,34.65512451174609,790.1218782806685,31.78735235696221,25.519940621793513,45.26954449732585,27.5753595811666,11.092941496784523,22.59058991068246,14.766348799095526,119.58823406829255,526.5674706303785,132.32272394452863,802.6405495315827,11.690741394827024,78.75428894473774,2154.795731526507,1113.9054121972672,1714.5525108888523,2406.3623395685904,4710.987978265843,10594.402227092383,12.92792344974454,11.122670712671257,43359.8116879385,41853.65638294512,202.43643826665595,10337.986751758415,16.797743678192646,5.169270219208626,46.46306942913892,48.482808910738214,354.7157715381703,1219.1298822630567,478.0327043669254,157.9981513224456,49.288375021510035,153.9779665409084,557.3036774612522,1751.901937379507,33.796151202233524,600.2565895205893,31.63585471162723,33.967391787742756,27.50227188095359,28.4852799815928,21.996846616675338,7.512991980421301,16.36257910110321,262.4003534766667,32.05400908930479,23.326859793546454,17.596600033242172,24.014022014931147,49.53259384251725,31.199436861581123,19.527718073463273,177.02558689448813,30.291622000663995,277.35433190661973,45.92833362320121,26.400536706211643,41.78498739231458,336.3517358233079,53.463318691588185,77.89182740200792,353.4868761553616,18.032056153477928,107.48728931001216,37.94103141451656,654.9938328578626,395.3645428596699,46.33788131266107,32.79187509086113,57.71543605735651,202.7137815355181,218.37751826331757,139.52451898298676,38.5679281366394,36.48285703736504,43.257608993714804,38.36253010182629,45.815593649168825,41.78378405921808,49.07826820341848,40.973763003053875,238.36249394769953,120.75835787273174,131.50410099348167,298.4318976312014,146.89805284019855,3.827677139977877,18.29811803436131,8.902371097520064,3.5323790464693015,5.556800585296206,10.41323452608098,527.7745349450814,231.95744197555908,24.104709933509806,6.017801302781722,20.33727898462675,21.106780950405913,20.94900791320063,6.5390558589675285,12.779704668602305,17.18286816064463,35.2771118248413,144.8090068230241,136.76488184167363,15.156133477478035,55.83922656691546,23.557079971510724,187.24730696939707,3.6255803686099326,10.711736256665917,29.220901975615863,30.74274082697464,18.805480539587517,13.497572476118135,24.776789038664372,28.906099512904728,32.265937716802355,30.610156133711197,16.63748522353557,34.90118071157333,10.399660438878353,26.315814342841584,32.17082373847871,34.129523902296334,35.63690919526565,28.218177902087593,25.51963574118668,816.2841452928491,160.80188154673672,73.17533391075948,44.35490785409777,34.594918134108916,36.07011058860096,30.606589101662685,60.83375145420785,40.13806215935772,24.13180691043697,30.15204142809818,27.750210097335103,36.26030622240488,63.659868577091416,26.643652724070645,1715.1371028617089,934.349739015456,1005.1355627158389,165.66805113781942,586.7115211371408,22.646425156440976,30.02628278703975,43.914328699242866,32.82228150678146,30.71575036473814,45.357680940005764,1820.1495330763094,34.82105961951961,43.38312824955585,36.21173814664686,14.916791323320304,31.615762700019143,264.65698006132493,1185.2134250696042,551.3146232487006,44.808250603894116,54.280626837704936,39.499195463474734,986.0390932853853,8672.37457739042,3801.8725784003636,2253.529183683718,1735.3334530737898,1875.6594638251952,106.67970115479677,57.76201303070471,42.56481026414359,65.52321731866843,72.39546361622776,83.16776736811887,117.59423434433732,280.12713583961346,2986.775726685052,380.5764814395535,84.93464405172566,110.86630743792176,70.17008720697275,70.03258662365859,39.69018426325767,1363.064326371403,1295.9958361721415,34.12200271498148,24.329075919267115,21.975587080282708,22.9867897909094,23.623046824875082,25.76774724477326,38.03882542133388,35.858151131110795,36.57573650624566,82.26161260080329,35.642729636511696,26.208641620842517,731.7605815365049,248.70842823526831,90.14992760001965,29.714193294699125,25.329903986760886,46.97383754775394,24.92858565311478,168.84379060451394,714.4183306825677,55.245169635147825,42.09787757867217,86.15020955821763,13.151643358612871,162.49654220685665,17.846077604890123,19.16591553017587,18.68968445839042,101.01204187533165,41.58497055430518,135.77367862998165,26.31505329097984,28.750551616079107,31.36641111931394,33.43967356934995,36.3694772175454,66.31727651447896,38.444243690777036,135.48159295437645,31.93548128068065,342.55506281429393,437.9707712717219,87.17568171385228,38.020099114958306,28.02408151508548,34.7860599336248,56.71219615097748,735.6021450293792,623.7612409564808,370.1199735869514,28.040581595736363,33.04756505184499,379.92012065927815,12.74394010036064,23.450449414748046,29.1635317342422,237.27900621120716,18.667617514920504,335.82533182583234,14.955994385234995,22.747465513092745,27.043395589364884,27.31798367958885,35.588053495340525,25.670270554889445,28.192498281959363,29.28949644202224,91.34070516873514,50.45711842562551,14.18135100965889,20.293612940015876,14.498905500998978,39.61751012019272,37.72833536371566,27.21310556043521,271.9514965883522,670.0483418370939,41.42002462066211,28.603837022251035,359.65494914226207,1394.6802875736103,92.36979653245841,12.133574866998819,20.087333866612024,15.789530043947517,16.66253985707584,17.645606373471306,18.357553455277177,15.26389354732024,542.5625437284043,65.80016018395165,38.535650062028324,245.44873256786,45.183541709020695,326.81484770209585,49.724016434358504,73.00330329366837,69.52667044314828,62.94160143869303,38.86967075847085,27.570268977840225,474.10538948527267,33.62366512169751,82.08659543004765,29.780733722139285,29.64251938556881,111.6494739858825,19.097383182754132,19.448901852283175,26.474559788507808,463.01830987381067,230.91155024683096,117.21421643797233,26.19587143743086,32.960386697103864,57.19999316875881,36.767212879095304,1080.050006454122,1833.8533435292904,62.75450290416617,31.28722743430896,420.94351641988317,4754.430349525103,443.78220051201964,30.898792011588707,29.53793002060542,37.89849385063791,42.60042558223551,22.857089903020015,26.109472446685192,24.898310668271765,35.386732100860605,30.628546266183886,27.11788798024024,28.84728575035787,28.245386041727468,82.48414236301,27.021254916781825,32.360276179497355,26.724164496143345,34.39991230687796,1552.2470086899752,260.40960604094823,35.13281036449357,30.952255570689527,37.21833410866617,29.227240044151124,38.217943399307025,33.80235983797665,34.466704453735225,31.68843062707882,181.96796314680896,1255.2338147821806,648.2133276856332,32.04355667823944,42.621527569453804,95.42047172450766,32.70522793467259,30.402833195846885,30.869388175954285,22.430325646503125,21.587797012368092,34.01656215831963,117.65755658496944,289.5782296112292,29.45536522666439,347.6899083522078,305.38507009468145,46.21231485086125,23.941721116445073,27.26337358155777,21.712216369131013,24.903470516380423,45.55308227831896,28.54898273853522,64.33905314147684,30.669988923271944,37.64156171057719,33.34118222166461,100.77853818574043,36.95993876008765,139.67103024257224,28.516000902438897,57.023088236727865,22.131558318753,42.679678955664734,25.078996736338656,89.24378398968304,34.106268155111366,49.58373406540671,32.62727646855747,25.364344964021935,31.34140472988157,142.9882177634092,166.51968116967464,45.10461373469923,20.906427109778797,26.705212804878457,20.396849422115416,33.12375387129485,27.44983874302929,29.252617795765516,13.422319191615543,29.209304905606317,189.38179900116302,17.005698379793746,16.888443068118352,22.089448801231264,28.31977334930693,17.262662292595234,36.13561423206614,14.67185684206869,20.02440754307883,29.17301856383379,15.11784798805919,19.48376135890778,20.47840979971373,236.42912267087823,397.43709768351704,386.02527278545637,75.29312682672273,109.8283689117481,677.9331159351935,441.4462577522598,70.66126269187819,88.65436523760195,96.268067201896,3.499754229449627,2.8166396389086477,4.152142957619365,7.621124031170368,441.34156841981803,282.7435300038873,152.32068735834255,40.90103224215969,40.99642050299964,334.9657648070651,192.90232766753792,171.81764665491323,461.3302037855435,648.5201318175858,863.0585199381524,3221.5264100020604,2482.786893407507,738.7427520321793,874.9449148132525,661.0618531748185,415.39196304434375,166.32765218179586,389.4023081830137,233.0761893901379,21.074012615972094,15.439194813959697,23.6846162664279,123.77507112210156,89.36658382166999,57.853464382154364,19.63368251306354,153.71244517627235,122.21903165508863,84.18364928016021,380.01777146662886,239.2309388300309,74.29623034684667,31.838977016931743,123.16224657790117,77.71663372133318,145.0357280441727,2102.696572409641,3250.1236513618524,1843.9990583925005,401.258173913005,288.9686024540317,131.30906067040033,57.758380722789,2592.9421433997627,871.954176581056,799.9405937340762,416.71476456597577,1518.4871287403764,3889.08921428278,2211.830424907828,3420.4528001144163,943.8502188251581,3260.122540442695,1700.9789962630703,1289.7233425541451,444.2158084033726,66.39242625250245,2.647518047451484,1.920315946295318,1.7111838069330936,39.549439070660526,72.2828094035844,17.520437138229155,28.20736014632946,156.54454825588974,89.82613253981388,95.70823565192639,82.83286312711974,122.06235743157842,220.9327130083631,175.0447959109281,149.8236938645382,34.591178758263496,256.83709929791746,116.5156358203199,0,207.9021431429538,10.537752548981475,170.19516450889424,3.1164354912139145,3.916707983616596,163.77937764059584,136.15104054408863,308.69023869373336,166.0758546030672,135.76529639701045,208.5324904138827,202.37316237370402,177.67543360909772,516.9922983327941,795.3888505689674,322.22243758835134,444.77854501482267,42.6210640218192,5.586595888934131,647.1909668135106,192.00979769028734,330.3573403632088,312.17537342951175,813.552108580492,162.35717623186534,73.60559794569771,122.33677956789604,110.41175613312284,82.42845618153157,81.05797174163176,96.3423132102897,119.55529430281824,333.27067607731465,148.03447062272267,136.55040963690547,72.57365593540494,97.36309655803392,396.4045199535069,124.45017255676952,167.6146927187847,137.72366130379643,169.06509652641893,425.06039076945893,315.7570447882678,353.16307763207215,333.8135544630134,299.35487334064976,334.8821103159708,169.21755964939652,94.05808451358583,210.17291226217162,21.41094099473982,0,169.7665193867228,1638.759244220888,405.8065326772604,67.77587779447154,1.407749623291918,1.4348883941354116,4.340088598553883,0,345.8139132336414,135.67587031434985,13.163066797616976,2.03085591788421,2.3712225534049107,18.100044585516272,1.4435511491899378,0,0,0,0,0,0,0,0,0,0,0,0,0,0,0,0,0,0,0,0,0,0,0,0,0,0,0,0,0,0,0,0,0,0,0,0,0,0,0,0,0,0,0,0,0,0,0,0,0,0,0,0,0,0,0,0,0,0,0,0,0,0,0,0,0,0,0,0,0,0,0,0,0,0,0,0,0,0,0,0,0,0,0,0,0,0,0,0,0,0,0,0,0,0,0,0,0,0,0,0,0,0,0,0,0,0,0,0,0,0,0,0,0,0,0,0,0,0,0,0,0,0,0,0,0,0,0,0,0,0,0,0,0,0,0,0,0,99.69635563732119,0,0,0,0,0,0,0,0,0,0,0,0,0,0,0,0,0,0,0,0,0,0,0,0,0,0,0,0,0,0,0,0,0,0,3.47120347402564,0,2.950419072041637,6.085060188018549,0,0,1.721194988723195,75.62948495665022,11.833003710845572,120.56973221659737,8.72283458465221,38.985346948045645,0.0832934375762139,0,0,0,2.019336979973085,4.853356592614396,18.519216735236498,19.49939918445611,12.518567605296246,76.08085947733086,6.114160605694285,0.9202371135820518,0.45947590053972204,0,0.011381749070123926,0,0,0,0,0,0,0,0,0,0,0,0,0,0,0,0,0,0,0,0,0,0,0,0,0,0,0,0,0,0,0,0,0,0,0,0,0,0,0,0,0,0,0,0,0,0,0,1.472253394380201,5.997653688248903,24.6446245518395,48.7819824866101,55.62309196342525,177.74511106032693,59.3044203141513,138.0452863891685,249.98953778408222,34.129673348305275,98.32204507509205,100.27774781024499,47.22557760899867,112.95375784547468,34.71164628649766,81.67346066137361,6.470632133793998,7.468326052094061,77.14885930395141,3.5908732609394507,0,0,0,0,0,3.54524753741818,3.0729666402302906,0,0,0,0,0,0,0,0,46.126821511867185,47.617613806599735,0,0,0,0,0,0,0,0,0,0,0,0,0,0,0,0,0,0,0,23.824896472264353,530.6981540641389,12.263711175481726,0,0,0,0,0,0,0,0,0,0,0,0,0,0,0,0,0,0,0,0,0,0,0,0,0,0,0,0,0,0,0,0,0,0,0,0,0,0,0,0,0,0,0,0,0,0,0,0,0,0,0,0,0,0,0,0,0,0,0,0,0,0,0,0,0,0,0,0,0,0,0,0,0,0,0,0,0,0,0,0,0,0,0,0,0,0,0,0,0,0,0,0,0,0,0,0,0,0,0,0,0,0,0,0,0,0,0,0,0,0,0,0,0,0,0,0,0,0,0,0,0,0,0,0,0,0,0,0,0,0,0,0,0,0,0,0,0,0,0,0,0,0,0,0,0,0,0,0,0,0,0,0,0,0,0,0,0,0,0,0,0,0,0,0,0,0,0,0,0,0,0,0,0,0,0,0,0,0,0,0,79.58958482686351,0.10209869900059054,1.8355827250444727,0,0,0,0,0,3.8256588871814023,0,0,0,0,53.09731369578579,370.5114175587011,68.20153813126743,226.93240794250053,102.3101145530547,434.3306376202023,28.154073010075862,15.710052833815583,877.6520603682072,41.47744337236909,111.88784071652388,1301.9115870499456,5.821381550846831,169.85601482740384,195.18022974513232,38.8865860500664,284.6102874756965,306.458767282929,129.37796115532606,111.52739316336631,60.95967690345386,1531.4939542563532,17.619908731360454,145.26907792743077,20.617403179497703,344.1932540331458,65.8394474251091,32.22823075092751,56.83175610282409,59.0644784451247,0,0,0,0,0,0,0,0,0,0,0,0,0,0,0,0,0,0,0,149.22463826171082,197.01804843744955,769.2938787981566,930.3640449484569,894.8494296179783,406.41979465363596,62.67911295343897,25.275518216794413,0.18988915218614713,179.10234048352237,1.9877371865392455,123.09709744122904,2.659815667822717,257.26002514302775,20.467305287317906,104.43604121950034,18.525424993031468,5.407241122196281,24.047966745450378,10.255116035928939,41.144792713991436,133.9052578478469,2.2295522789335447,69.3839268058212,60.85484672634253,23.801281537848322,194.2937145366324,214.15847782491988,106.38611456325579,39.08823449209655,10.775312868936837,9.085358750892235,102.39759647231358,0,0,0,0,0,0,0,0,0,0,0,0,0,0,0,0,0,0,0,0,0,0,0,0,0,0,0,0,0,0,0,0,0,0,0,0,0,0,0,0,0,0,0,0,0,0,0,0,0,0,0,0,0,0,0,0,0,0,0,0,0,0,0,0,0,0,0,0,0,0,0,0,0,0,0,0,0,0,0,0,0,0,0,0,0,0,0,0,0,0,0,0,0,0,0,0,0,0,0,0,0,0,0,0,0,0,0,0,0,0,0,0,0,0,0,0,0,0,0,0,0,0,0,0,0,0,0,0,0,0,0,0,0,0,0,0,0,0,0,0,0,0,0,0,0,0,0,0,0,0,0,0,0,0,0,0,0,0,0,0,0,0,0,0,0,0,0,0,0,0,0,0,0,0,13.717881467641586,49.85322339121058,111.81409813596797,128.80773310728273,0.4785604881605514,0.4144505561497033,0.1142833070297054,0.15903329802052216,58.345437586080735,4.247515851464731,0.4516323746870668,143.95893815597765,0.9556077886973594,3.0415622126810766,48.6195782412361,7.218496995883035,1199.9513042999515,2950.7992778519,244.3510102120556,2.5287098462481974,2.6757512009314115,5.034515941850948,3.83537429302834,2.0510679757610646,16.655144606034643,146.85164514887376,0,0,0.35439760090490763,348.9053209232441,1.140782540699068,46.61425440742754,40.89930457143388,9.042561065694978,9.36776244548163,190.8613470667419,11.741824667301243,47.16208629854288,87.64243131008324,14.669188273261007,10.762847289840884,603.5981650282278,769.8170012436369,205.57677929028918,106.29636636850333,12.258943461906826,13.51814593889963,25.457719900809696,16.428050941350172,661.7463987224329,10.871704028857128,11.426702401277694,62.211914079389395,301.3484792168754,2537.232228526295,700.7769760577555,1588.7576851584286,25896.07469135675,2148.329350501183,542.0373091091944,31.59115677908041,232.59879206486406,43.473768800821645,381.84201097934357,70.92002872742273,26.57817586993222,16.465584082271178,0,396.3626546086589,56.00182101323772,1347.5829312188223,1586.112329457797,13204.133267827556,1165.0186456167598,44.20167691951453,20.403977564334905,12.702418367328134,87.73620648088368,2814.151226945439,3736.6983934922528,1966.6949905891386,129.4081998607011,170.16456678204594,958.6640599089583,20.260875700010203,20.06423880291588,20.461577550060355,20.657588583954475,11.403455140349063,20.956056115499248,20.310846218169342,20.86084297843101,20.894669614374486,6.589247423636661,59.03422957905528,8.450348166138019,9.34307585335842,60.502302841046564,70.89513517224047,27.523881160518243,5.968525250533081,54.12259666968626,47.841035896783076,16.748065199029984,50.47576865821837,39.04700007753781,34.54710141099082,51.369709327133734,38.25507727916411,19.47978144210329,44.27998960216615,10.923999920296854,42.13099314437291,32.9016944486946,33.855959347708136,29.607612979938626,34.904653521477634,5.759483616637151,37.3976043799647,0,30.539354132681616,29.364553757187984,27.82733997489646,27.072441590856442,33.70483670868323,29.52532058381956,0,33.80224156665442,32.7150923385382,148.25579369493605,3.8620244985343324,4.637778286068378,136.15772901482833,10.386356336416474,13.082893608276171,3269.530087026796,750.0221312108312,80.53388996435243,1.8642355116405873,1.288100192404645,0.016548171620454643,0,1.2705421230993725,0.08963487063127168,0,0,6.741005634344416e-4,0.21325186997685655,1.3114343096370749,1.959252295714434,0.41882216637800046,0.002882686164119296,1.0523662655177763,2.546057070592777,2.7759236121431226,0.5732561460494169,0.0609761822661648,0.09202363551611778,0,0,1005.3429605308902,2034.3221491675126,0,0,0.40594471314620767,3.5189007314960854,5.184569429649051,8.000909272850368,5.151570221219096,0.4225230873328073,0.03876580425137266,0.012869610654619537,0.5499549623166753,0.6680801479983975,0.2312586696110988,29.87572728671221,171.0891779572554,3017.1984469391327,4702.445076491606,2383.9114941723583,4745.923057443706,434.790254042665,146.1106298770794,20.83301119603256,4.335454676458019,82.77721840517464,63.71359833954129,1.3086495047372613,15.867434621194327,758.6105777232558,0.7156576241631443,0.5723380986885678,8.563431226005553,16.85028233362817,6.144572153720284,236.32893578116594,212.93526695534294,9.6637413776348,13.13450225725713,123.67992208313849,108.97039030443268,782.8247246392452,2809.128593347318,146.02076864697455,103.14771194062709,65.98564376013637,0,177.64399013540515,169.5580504479706,2307.0337824124335,1683.4640697535326,1142.92927932485,240.92942846833736,250.54529632206072,143.25930943060985,322.939694166503,251.3784809260749,752.4870924776138,309.94514599888174,259.60259099676557,216.7984254675006,239.37084103218237,724.8762103829832,891.9446194435372,137.6936878442352,646.3179742972469,181.85434412337347,589.6579764884967,629.4601154843843,55.12092313616532,81.18675261512469,193.914765530215,214.80458548536052,47.35421535682201,86.33468876408445,22.42787710024527,10.603850483231728,55.62274196498505,105.51478171828323,551.4022706851846,1408.2909332182032,657.962383569984,1254.5396534011288,1064.9529387092566,18.430848737183833,125.5914926353314,258.5449936717061,84.7297112560509,126.13540295024167,919.6989601019951,376.39970664962794,378.5750696255025,335.1490692103072,18.62008870075723,344.95307352797204,394.4210128654643,553.324694411391,685.6973819399784,387.3075124119476,158.93579929362127,321.34905772230536,152.3205162962626,99.85298483490877,55.52956043411896,414.9485822859817,1888.3527648442894,234.9123555163979,469.5565076290095,568.9613281516195,681.0799899372437,391.287122752087,52.220730249052224,155.14884642983213,76.2791187568401,16.48160136061333,114.97577402361824,77.5419805374997,60.235722528098954,218.04521114502356,178.59651943450314,20.101768556418662,140.07162658940894,21.642124969503183,76.81638692066439,213.1744416703096,640.2301965037483,328.5215253489239,235.61485368190134,116.93862225115627,64.32757224946128,381.7642153344664,50.82616158901863,424.75965609706026,87.64027626388179,1002.5058585972802,349.9201279983974,96.57527670000539,42.895719634240386,60.24404033354173,62.75774611654444,172.44829853587373,220.08749896846427,281.98226239447513,569.6189303905265,164.9631809994346,42.21797049863025,118.86368603501685,61.841102678644795,143.81255006217555,66.38914661994704,69.81475658580976,84.36938903675673,28.178756025294895,55.827702102544215,34.61716623850234,213.8806362914934,372.35174497425186,308.52413299157155,242.75554146001568,343.4949930049956,435.08393752365566,630.2091152477193,221.5147731667597,150.92571487042292,515.2761100002775,431.71765541934644,246.2931710456399,465.8475566404343,222.48746579914013,431.3082378637758,95.63238616888106,256.9216204568591,287.62325605980186,669.8125937694059,660.289444746657,1236.8634297389278,276.5212501244813,176.3153925577421,306.9334347124824,2263.9201710191132,523.8995964845586,735.8006466981648,740.9164484511431,228.21153869207987,121.85769958125421,21.523490793089678,105.79016171669075,163.61290140789342,9.058931001777323,43.262778866225354,80.25696762025835,22.112802782427384,408.5538921516049,541.0513321611162,339.32534512418636,121.87367394220456,50.06488191754814,84.26896212846518,273.17710587650004,796.651656532375,321.9596951247291,5758.052089727176,1170.2332015100021,907.9765208599802,776.2407724792218,252.13124276971942,281.68877048215654,204.25393490945524,315.477656051134,245.55093543566937,351.56348771904993,359.29821820489707,491.73121619687845,601.7516983453926,514.8112578601306,130.47037063404628,92.12900555244305,202.0153056569516,122.5550828365389,120.95523048228321,72.63408715988487,109.42612772277519,123.87591089004616,5.336720740447996,247.46978059136703,120.30385206244962,4.264152560321288,6.246965300397527,280.72190064683275,160.54813669759432,215.6649884938955,210.06365085337077,557.9471055731212,1494.1600897370051,1305.6807101548152,1608.914377432513,1159.2263950245278,230.56785662268277,324.0029862202138,490.0368404280453,776.674630537389,1373.5463388593969,529.9565580887332,276.461406800261,15.743035433848716,122.07679664290832,475.6934486762863,94.03469553592933,205.6854501069384,863.6954815700146,210.4299128324991,8.855572181678946,180.0395602455933,1427.274019809821,410.02246782648444,66.30082900564581,39.084661491838965,569.1229002683178,193.54965332639844,83.81053049608649,105.45738255200651,326.05648757836127,76.06988636469447,113.31715890234504,338.2884999208093,286.0013575776844,624.1564228613748,1209.3698958548775,1054.4051782935464,3.8540613677024704,8.906249745645608,6.727098071433625,48.59622859174681,6.569756593730911,6.534337138857459,51.54165920265627,345.4609919634558,876.7753731808561,1702.6619662711141,4133.129386408412,955.0852602855238,7.188642166213787,514.4251249473822,13.93135706234346,631.1572525428509,43.60527578555657,331.14023198087244,48.04431109356087,73.19570543374574,142.66688543141927,13.284230396176381,21.962494905128747,184.56778389066704,84.69257973473464,219.5680230683854,144.72020145666298,153.94518583057376,160.28730032968858,11.35718454322499,9.240526967276177,90.25315448615238,0,0,0,0,0,12.628303149367897,2.5129200422690174,5.850517382382269,3.1677394434885606,18.28876690740519,490.12718541765634,47.298391545553805,87.13698147483103,8.646714652988958,126.55616186667801,35.65034394956937,306.2789582531274,2359.6913240283507,1128.9045242117845,1236.7461099290188,818.62707035717915,742.86517333983,263.57185706411224,241.96575484715586,424.2387546224371,389.7352557561393,288.6653808623541,606.6896808838464,561.637451421851,87.45344883879945,493.229666379846,1335.9539271302995,794.1580084734811,96.29182328374294,71.14605203124462,69.01617026982099,78.52848590796447,37.11513335802198,76.12162930078023,34.050325504469214,78.12616304033108,71.11274990745758,107.4682174825992,95.25680050948668,230.92779462925245,1713.298890184894,2243.6915635325217,2817.265001184019,855.8641811022297,763.982159701905,310.2510855588602,273.1953507022593,1686.429669979836,1228.0791207475907,1662.6763186738385,223.01907240190334,156.66159225718602,154.2995720354792,90.60870422715784,930.6404928390622,235.28156609070683,117.56593587769261,181.83466271958417,591.3453932341763,175.47037509460858,736.02413616440106,354.90745925119893,146.21565307431015,2430.714499851174,1144.165338160415,1347.5144336148255,1300.1122717087846,923.7576643995362,2058.909456212002,935.1419288188354,463.78986868547065,922.7585557068066,3987.0043239679894,891.3533706077551,574.4519504208664,11.497862287580988,45.76017570064965,55.051972072786405,36.1330720857271,41.395087858178755,35.91928455811726,20.991477925696984,7.9655436535515065,143.349564930977,4.2334300767237005,30.922091949584654,4.980610588175866,222.54638021215973,667.8736749901741,3342.084470179205,4.392720700744234,23.205920700641006,1.984450485665784,39.90307757769691,759.9016981739488,988.8424464935497,891.9249870375409,403.00611337769607,371.07697301292734,22.88277751078716,556.9582513855328,1183.4170745625972,756.0162947799142,2574.166112841082,1253.5771015404684,2077.8239050307193,655.1577517236402,1019.4065209162985,1043.0349625633303,1737.2411391107498,2728.932779269132,574.304056922288,592.094339485218,2952.4602897581103,1794.297594747491,599.6367102458706,1682.98375765488,1819.2410394302651,1045.8294346802165,1976.081805541907,3098.3790592515434,468.14712348495715,5001.696790703973,3990.6294506329937,58.52187167212592,2038.791420183274,829.0968028238632,37.588138756135315,1581.2504345587975,1755.1171909812201,1330.3565461148744,455.36985730790315,53.964441735800456,180.0595099690607,151.23802822927604,24.06235860050377,71.32757173436096,561.2127364237358,1258.9321660230978,875.7281395245581,22.951226949964216,426.8752915087669,8.07874538590779,6.479833187991887,5.64094095492214,5.690354803764301,6.110532026989816,5.575728383113343,9.21504125927974,19.369865223006983,22.320016013775138,16.028278465676724,12164.68638891245,676.1903820766278,3281.501111210632,591.9186354552793,6.9228739386009535,61.95717127051868,116.74520681253638,130.61199859255888,14.464210829417418,603.5253345983723,3695.016111815496,5223.797605318904,476.2909849525345,78.97699520413941,105.28985666516202,2480.7706143606115,12539.823044210229,114.53973275563372,2596.743017241879,721.0634160063247,803.630924650483,830.6485735231669,33.51732395164419,411.5184487832668,56.46535073583145,156.60688734366155,10.130530240439871,324.90553795952275,8.587466256741951,4.97175622598045,4.9318949762359114,15.196415718385948,1.6432591449669463,11.302280167878145,40.93323651082796,21.405670669653297,68.18235651104561,21.911469056361973,69.31578352988342,684.8600892400979,81.89890126124713,59.788775896464955,582.7406070030445,19.752858120703433,21.612549408868322,372.03317519828505,738.7307736313165,200.11737451816987,21.53702089093143,134.53309643672503,156.60074869180582,41.910149382297085,52.83711435246165,456.4770483472089,79.19497764563536,198.45754681500955,24.897556573442525,54.53037905096902,147.66508632382477,271.7823711081095,25.41771274679416,27.16146129507918,26.506228521626166,30.89572119682349,161.5325872423486,288.15194602585774,224.36466901402414,20.557477489346507,268.71660547977007,36.028059355064855,68.97251036002378,98.22189503757411,478.16665488887344,339.9536779166437,6.670692327347637,31.55961877990673,95.41541081545063,35.38615042775176,5.890645815245176,26.378114120468556,124.41328938624126,272.67767144705675,84.21355859318297,182.69815528695565,318.56128378678414,1189.242774485009,5365.283485536663,15761.751795138089,4572.9680477217835,464.0152082671664,529.4879182919934,473.04602889687425,138.4058075082972,194.40717219994548,199.0489659981547,244.79019111992218,130.52933043507545,68.88609613964567,49.66355731412475,231.76449292700906,205.1201838141864,99.19158649480616,20.219023347634202,42.01003348357023,2.3069803737194414,3655.3326921011535,7.66010858097489,4.740129335179164,609.4972166569501,56.710130552548975,43.08445475127733,43.47987620376546,0,19.494609260340408,0,37.38483107698881,5.266236389690114,22.312142240424894,23.61070093395872,21.674726881872168,22.891880762302492,21.175719163704645,23.532501917382035,0,0,0,149.21767731059106,49.75669009291105,204.52979074551558,262.05450866829153,122.90000391039007,55.34954049804698,54.52103178691564,259.1962878382205,247.89830945759226,354.9559115257426,322.8726450618,206.1347008070812,90.09734623172017,55.174422414648326,77.65759929340268,124.89633556540952,158.42706507966986,82.55367679259795,141.40315370018496,134.813113776326,483.4626927557397,776.7388318075244,138.2126466640986,421.7508954288159,22.442314458492532,119.25519643682158,610.3182788434287,140.3676509673472,174.90875082393373,819.5993670725878,148.17862794602718,716.7032890960041,833.1637694131682,835.0550560941051,1095.4944680231852,2891.681345028669,1297.2859018846807,3582.3400506812213,767.3803483522601,507.9086163149488,294.24636938501396,873.5589404093433,377.23172592659927,1506.1374376575623,0,9.04276763245368,9.809208956540374,42.85804895171479,25.96249482470016,629.7974378585858,40.17519398082032,34.594366558977,22.029242479451007,163.34344292681482,686.856125233485,536.423207724836,740.7671250507677,2421.214899916019,2566.908448338633,14.608862131722233,65.93270200576698,82.07076772655878,18.25813228688078,92.15093516234272,168.88802386905735,66.33368151572498,141.21100837887886,174.54150034526808,184.63162833299717,106.01327809309367,313.24225979095536,69.10593069732408,111.1773490836655,17.807823165245445,8.716187025049383,3.2210380401179357,50.093056755112976,13.756440846436087,3.3248603080708836,126.26900259167614,5.586551527729525,242.7948945096979,25.353070815263184,42.33240899981577,4.789464831168335,0.29462300976458033,2265.6378789156747,2276.9527953160605,493.24645892665956,549.155507217997,109.93542777583109,1237.4775680399398,1110.715413249097,644.2269998659009,332.56487178423095,112.90549997314235,109.4957272803957,111.04879831007183,28.908155285043165,36.39073196394417,45.2865925173822,27.78194090550139,27.412958503986285,63.334674389767265,62.791866226217934,89.41141604273336,416.7553351179486,1120.4179163572278,367.4121188671488,113.38800140848089,22.61683406489817,19.505595140103953,56.423966628116595,54.430587911473765,22.59644721562744,540.2667334189834,212.64769574992405,75.57563736158215,49.12835145597656,36.66827538963857,340.95531524183264,294.53454615537174,623.601931023241,648.7863227496736,185.2756402350481,151.2585062318936,294.8744732016826,311.2646562499706,531.9503799429789,179.98779847967896,4.6010412850871285,4.390381811911155,240.65121442884623,132.28979217165207,0,44.966012511214494,1.9938354653780643,3.2669660333954944,59.77777847478408,489.9849259537852,1199.8771952306367,1297.9629239790952,74.47852008329394,77.29553970102921,25.78560997325948,93.96797974185586,372.4143906775305,121.72283130886622,448.9105660032779,64.62485543162549,65.25367711993248,196.80682502241638,418.2581749731998,70.28165668019976,58.68624632392969,3.6014599129014027,2.1245042030154546,1.7930053336247185,6.21823018349014,1.9143047955488097,146.74701838809224,103.42067032040302,3.3494779957111835,4.387554989331066,12.525284602122492,6.812707736059391,20.034976772453817,192.85339594859624,473.34766414906255,11.145877186784666,116.63698956409107,96.81549218107786,5.362384958670312,96.89385998079965,0,0,23.206105780258763,208.37166481239908,125.77817748041572,6.248782481198793,469.871704296682,273.33616350801196,51.170013470346255,8.140273413965502,4.906625305268978,29.554629066155318,2.8907366349216983,40.2262161014242,3.4826244223682896,1.7713738908482162,3.0305373377737683,1.9857463423677502,3.138414773438125,1.71858446736796,11.11763708561763,231.5979429390995,1.68976074938037,0.5730877492433653,114.17229921769496,554.3244299496845,410.35096701903416,20.11722185425173,144.32342626119296,201.13656798983496,164.47346458423644,319.5722707678253,158.95732580648573,207.93877554415943,28.229350411680873,57.902856370978945,1234.5709658729322,887.5605646877584,3413.1014809196076,2538.4497409104524,2050.2946590349866,2338.9362635424695,1157.5644035291357,732.4686792092484,3.6445739297211155,0,0,0,0,775.5318548314605,0,0,0,0,0,391.22871847776764,0,0,0,0,0,0,0,0,0,0,0,0,35.61559810836149,55.80380507631136,0,0,0,0,0,0,0,0,0,0,0,0,0,0,0,0,0,0,0,0,0,0,0,0,0,0,0,0,0,0,0,0,0,0,0,0,0,0,0,0,0,0,0,0,0,0,0,30.456441431859588,59.92929719026521,32.203090014575906,47.81076891763338,0,0,88.59943939752024,0,0,0,1.0778155450059106,0,0,13.499353234055011,0,0,0,33.21792420065295,42.21400969873649,0,0,0,0,0,182.78964782692438,3.1394175921083023,37.024923659387625,7.8437280397410625,0,18.76914455274412,20.909814656346636,13.667975657497122,12.56394991918757,80.42316997141955,23.000491279525658,329.1836942762402,213.48095268313568,100.38261749774108,62.81926423104921,125.24252425969891,173.7616548374744,0,352.62146948166645,21.237451374206294,183.19085322635271,232.6596030164253,1514.6353241009958,117.79735340826016,0.7604473165496773,90.60228498721871,139.0247225046854,132.42602200764432,98.97880899513132,110.28811857625833,78.54340395922283,86.31987900112098,179.93592228508004,7.503742433471463,115.85403943495483,120.1269909640125,112.60771468247479,4.124593363794145,151.4179079142429,57.047784115846184,5.926684971899607,4.241827686607997,116.5747794121673,12.617525211340315,614.3416276928448,442.298373441727,18.76798130795777,413.97477587747795,320.1705956538219,581.4012812146673,133.4803149647939,568.7265366915304,160.40112237046807,520.715780026681,118.21867087250325,274.07548743999496,427.018739283716,41.74111518129408,690.286079250011,367.7880484376693,37.406672127789484,190.38677511370975,27.006722645231697,15.173118372728148,57.76752199875357,380.30975624744167,393.51856068301026,849.1530047042397,425.7430839160949,482.67614312952395,594.2499409607068,34.9768539363125,0,0,0,0,0.12831721023536086,0,0,0,0,0,0,0,0,17.36146418064241,94.05094567593271,121.80571673808663,280.7077888218046,0.2556041057928137,683.6533951400457,373.11245142414464,178.59078314637642,0.29690752730061876,0.3792252581875634,0,48.3545465014291,38.14789653886338,68.57815457259662,68.95671828064928,401.0152256942554,311.6086473753178,112.3795003857821,378.08381629495483,214.40971456758965,562.0451296728322,765.0391312059584,1735.3169019161842,1923.2354590767518,1345.0252839002128,2100.9331552095173,1330.1366160508423,239.54842480399412,1323.968154645859,1482.8980332882666,1502.4350381901722,809.3770393200926,1717.94717692195,0.21448153260787522,34.65754946561795,361.29833739607886,353.7886022722698,802.0240256917343,894.2201273390519,643.2150993593162,7.184084815872541,36.16083023713643,39.625423009563946,20.312573466718323,7.893146759231803,52.83649411084684,0.798888377031847,3.1024955200164173,15.025629589540282,167.64497944065172,335.90329137673916,56.04903267439638,135.77024674190147,981.4019377655095,123.20593226836156,595.2229208685826,1174.0760817757634,40.62172746103237,0.977243221020125,723.4438110235678,258.19440124976944,573.5807278688732,238.8809639703121,274.7217245253856,347.32344040033695,203.57980898633036,107.77300860419346,843.1877237855315,673.3180481150612,775.7626530637942,1217.612256966518,375.4304716217238,129.53222407773924,295.89653348640564,46.14090320812642,163.64208432735862,709.1787255472304,653.8606069881815,598.8440989149387,455.1492049649015,661.6128954441965,356.9198528372107,344.1889305376957,230.71228386328775,410.14514241013825,851.7587499899872,1202.1069616041964,1084.258370845734,751.3761633091373,415.27838971575665,178.70121905301744,330.88394713021347,125.95436411527092,558.0162058729574,393.5149478895235,978.7696904226291,163.6679793120794,0.616038965402338,0.09077303124696136,5.425185991944908,26.590127302981024,39.79978781482319,1211.6047392833618,3203.5815137973896,2768.59499444178,164.66079363577458,448.87413313647005,1584.55390171987,1442.6354812403492,188.34825491598656,484.1565371229569,505.02849128177553,423.8782228103947,194.8557659891998,1482.7997549605223,947.6858574904257,128.88200572511704,102.4091979093301,1239.576868768179,311.7694200965259,413.912915469802,381.26964540657633,781.1372605208222,266.74524815775914,207.04824222590332,228.3314575181934,194.4764461435882,794.4862869437617,398.28503567473814,313.35041160434815,319.54231243812944,324.377782107922,156.11138945725025,163.631114848468,485.5312637690099,96.2475133838854,262.86222853026595,411.0357929256742,162.1553203740118,206.65302814928143,556.0670255056485,1109.651562318841,133.97053002775678,657.0307957100208,45.93901246246716,1305.571006193858,1088.324200274049,172.66178794613012,274.8103378692272,270.3452111160431,1053.3115384769758,1173.9150665241718,1100.6810826529334,703.9662872565902,64.13530177012143,121.58224152247749,912.857738948842,297.90788680783834,56.26139323702095,249.82104879796623,819.8569684327867,4.634679691729745,1264.8227812143189,266.1856077120949,186.59741936696676,703.6459571343424,690.1192647868085,116.62469355480209,331.833194960726,485.6042865916703,250.2805477031017,709.1072487334962,309.6302673383498,2.0067428018169235,195.36770386604647,130.80744563796335,130.77976590443876,167.55049194111666,394.4034457829576,360.56400680890596,744.7763668643488,334.2956907896331,588.945064219129,379.70999107217847,168.6625713572143,4.975652819091026,552.799788808637,225.34006246378982,924.6082946942965,1243.5007450328712,1292.2728915589694,511.50623279361696,341.55130133773054,419.3406506503659,835.310292470488,466.24218772602376,457.1003020469315,0,2.005345819440582,114.41119622182786,49.55233224085493,0,0,24.975202426274276,0,6.303519262090054,0,0,0,0,667.5504070075572,0.01402370579063585,0,734.0619384686881,1056.3470389667111,1696.578333082079,1301.2842080863518,1170.09459487551,1555.475162008341,692.5045126858618,1188.4970384272644,0.34910942764569564,666.1159031851455,0,36.44711601509064,0,312.7302375691433,36.87370398211978,649.9177159713431,0,0,0,0,0,0,0,0,0.21763331393198942,0,0.014168528949623204,0.007927711432652286,0.03922748736350486,0,0.049488138850063625,0.07993317710466548,0.0037369588982623975,0.01595804223700799,0.02418408197670836,0.04021993844548961,0.03406311618046422,0,0.04199557289685077,0.07599000640998259,0,0.01916279195592758,0,0.045012113219149795,0,0.17661323670812293,0.03506781668075534,0.16737777771836332,0.011696070103832364,0.037485250874712585,0.051622552104078345,0.02488371407300503,0.2821333933479615,0.022316081828812236,0.09005014897018308,0.0129994527663413,0,0.004505864052483675,0.011351293965274864,0.0307023574105406,0.012607052639622425,80.07873324634177,238.59520479291035,689.6480977700606,161.85793857274,1045.2359944415598,37.47488755367417,53.60392567038576,3.346804611996118,0.24959210275331262,0,0,0.09522257560760564,0.036883871523375994,0.36095165072166713,0.04442862969703891,1532.13741546025,756.159005325325,208.53211500500146,85.38934599146297,444.8192459415404,57.916422569803565,55.35745483890079,278.6589888017717,50.86139769176158,142.51217118433274,187.62095860180315,70.14381871623053,419.86367342195814,181.54981188508987,607.4297328273788,1444.6015872484393,271.98666358281247,157.02429018080747,796.4306126498492,668.7603318301527,226.14854055130093,571.3532935780519,1771.8825019326646,1921.024560182916,1138.8924414670616,704.1468147468264,405.4634156941766,273.3385137445937,194.84282359029564,152.2929154107297,848.4158360646223,1111.636922793379,749.0965691689879,1840.0788463321494,763.5523761424379,1088.583738296086,1163.426804669725,1135.0148264821605,1425.6481440936138,2047.2874019572123,978.5228867164898,3086.239805698077,1894.6266806514739,274.6551900826815,1046.5656817046076,267.3178443563044,192.83026269631077,164.23621033522772,0.7804303192733945,33.51252030878592,24.66838714368628,37.730589828528984,18.94415515145368,6.282170041954447,82.1180797337489,30.932099943234427,84.02863956554269,2.525120055374879,16.64215535734748,310.55448369080693,22.417335162479723,100.75156324664981,22.15952971070538,210.5451997224166,14.421836892479645,25.58524090837585,41.56862251305185,169.6379414428421,87.52819183702921,107.65340793616174,3597.6662021754723,686.1372048315515,701.8736768957009,935.6104868221913,566.1145025565975,318.01451634360416,1946.0731946734184,1272.0470963038333,477.1052460099905,307.9840809213024,815.8310829200402,1388.0381680396115,1360.846062360846,4419.798523976444,3641.192136652193,1198.1252016117808,2427.303300787141,2075.1003056087834,5826.262928192434,6349.652492400434,2558.1502421727523,1747.2465194880936,1648.2625738034073,1943.139233960301,2288.266979941921,1206.8239774626866,1646.5849765866944,930.6896538287049,1770.722910366452,1589.495981527002,1681.285185053053,1563.9765300115457,1962.5427948456195,4233.461108507193,4306.958714317831,2827.857883352489,4020.816901837359,2405.1837399547767,1945.6765197594916,1069.104414901223,300.17097345682913,911.9826560254654,739.7903902533113,1020.9427401084713,193.9431828417184,332.397583061887,469.95712910526316,481.95690375466836,112.00352327548515,269.66932350020824,195.53817816194783,212.41657309847744,285.10575604310446,570.2369693669235,107.08273499149368,4.1371273269996225,14.53696743056356,255.3050517023845,240.38675521627266,228.89078860677947,103.76015209760662,384.23911191996274,149.60735479451702,62.92644916163819,282.739997421615,406.96172111716425,243.83831546210226,611.8563209659251,136.6670037367254,0,21.743866247085364,166.57451035090676,28.610882807205485,104.02263753054041,143.46466884280778,345.16305803004536,432.988815866728,834.742070908082,290.5705306467578,1345.1024736934698,504.3960223058405,2171.701017289125,347.1492153661435,540.459470198162,911.9060480738632,3641.711805578031,6703.51481034261,8659.947365465747,7030.055048131971,6707.678544529654,8108.652779761441,5950.052500078763,8984.153774434026,7119.947843543457,4946.571235708205,2649.5058038431994,336.2057605279209,624.6701874129031,2068.1387292848913,2283.6657653349394,1606.6513777071953,390.93320413476414,210.17911349512156,462.79500524394047,181.67968074312904,122.43482996605674,1665.1173692412492,892.4484343924613,1292.112443577321,1460.9806755183765,3457.041682521934,3759.8275552994737,5003.006752706428,3458.899311256456,3524.780182945929,2052.9097015472366,3806.692406113944,4233.0011038287075,2195.5753818010435,1974.800586671932,4311.833687848725,2983.797604710935,2745.5531027783645,3244.0143023177056,4575.839512009098,2375.07789300239,2040.4644512188463,910.5763502182189,7.772077733237648,248.49006478045712,73.70205399757373,43.5664462178891,99.35582769183154,240.97101510373525,352.7700338285785,293.2060813001757,233.64102730596937,185.58433217118733,341.4490983975616,353.698626224601,314.33904583852905,1049.0947877070255,267.6404847028427,234.537706691842,688.4190062317339,624.4497882795615,812.8319764815764,940.1062095849004,390.0644792420175,1713.392925175651,430.50188851475343,2051.1705359676403,1185.8644701068883,585.0063989537547,368.5956734664943,636.7018506422504,437.670895406281,324.70340669470755,167.8684974886662,874.335256063312,409.0025951459257,235.84052906995746,172.88033441008116,422.40535040095887,368.7383698882955,347.3695158553466,604.3926607503018,394.87481479586637,245.21370997681183,255.65097802661828,190.2879338897947,246.20364092997394,3415.6053941183955,1114.2388961897757,512.8760923816079,687.670796715745,1358.7702039927378,1376.5925147256114,940.811476381958,1289.1877158149805,497.2342774021177,266.26648994899745,372.556651181002,106.30611279849447,122.80134191408155,340.1782471578765,88.84184380601063,304.7761661917134,337.74860668450935,236.75969790910062,291.0191744364867,1086.9219211239708,440.5054911004575,337.3659742928657,1206.8997290583598,626.4789496256254,859.2864433639041,1074.9278787002688,1154.1835440752902,1114.0965637181312,647.1150568860578,1076.5879723923638,1521.9448021691437,1013.8768935235263,741.9554489580889,1017.5159467345799,1049.055379685976,310.42433205656357,315.21867566680913,169.67563525396665,158.48810324555507,152.81007169774992,100.34938240764586,112.74475269843144,156.32222616275533,927.085118785916,413.2615550903769,54.626073680567494,344.9349571882886,419.0738350094228,1018.8684959682989,1708.3072861590047,1301.576510907332,1243.5436115561924,2140.3762167695986,1852.907596404056,7936.181528188355,1151.49024468487,1289.9179481137428,521.7309668086226,334.1157758854937,1107.8146659289785,2681.9551686664645,3462.745755570621,5248.298161674404,9412.77449025999,4769.940095094106,3627.81103149945,2850.018559163604,1990.8815808691575,3943.4898032054903,1649.629661902293,2448.170790181116,3761.730459786673,15729.302391768533,834.7444450210431,1121.1744165955865,982.300847928251,1068.940235897392,1338.875542023796,585.8203781857472,270.88193877387903,439.7655392704788,1120.9813172510599,1351.7983856958786,1235.8787388267838,1014.358651025391,878.4826450772847,663.9773320919963,180.86508815196058,19.727892689460038,275.2833485581793,309.3519224217865,266.11495139996856,36.462851309436196,49.68063946866556,0.292501185236086,235.6676256694116,162.37981141442015,3149.6172536891063,2623.8260484459033,3238.896852061731,3929.6545738499685,1490.2700674482412,2479.129590777619,2029.9265184751857,1275.782229375511,1054.2861223555178,705.64035750855885,790.8009915352668,525.0523590032863,789.7540819402686,702.8764833657623,795.1615934721502,642.6727209440749,216.5950918688956,708.9500588630806,236.61098877936928,303.6241294570683,212.40631469070377,365.4775697821345,572.5907895756903,346.76707708143744,75.46181952159941,71.074346922249,56.48403199731955,636.5713627424567,73.73725337994611,481.5583097345503,386.23768884752883,272.3219336769934,527.8375472668786,311.7601071650644,388.08069847140695,701.618261628419,959.3795429483786,1931.825145713709,1777.2757947392865,1832.2752359593119,3436.829580987836,607.1461928657875,866.7343771956622,677.5705477368474,762.0944450392342,709.4018415494845,141.33575648607444,74.26952771657236,136.6148323938255,90.62864903453597,83.85835989613332,67.24841418591737,140.93130231879874,2.331812417583038,1204.6259787263064,190.41686289726093,145.22024894520032,46.32035174178994,55.20725523565192,2035.9961960064797,953.3266627940721,1683.425145205358,776.4317451839319,202.80368661276478,195.42744440931742,619.1569162935468,438.541439695619,771.4525076253642,1043.1972898444026,288.978550407975,975.185731995364,1430.4675800197188,1826.0788777880584,1124.3891331576815,1033.5239903928573,934.2322730884221,482.98022596867406,944.3984034393885,1133.776705527365,2407.076904655886,761.1783009256817,329.48363155915683,86.28766663162844,58.649693014423434,45.96199095010901,231.40419218593786,77.50397351478965,71.35781240757314,2686.981963829233,3266.1399069822173,1864.1716834290348,734.0973596679847,1512.0067934545639,1160.3313187282533,86.02326968488349,134.4412312414264,974.3683864869657,817.0289725173662,1915.55949831369,2647.060833030565,1622.5545618428007,781.0218423137036,771.8783133132735,488.9345177382613,280.15562760416316,63.920838367543226,260.816817362169,751.8869076691776,1022.3348961423404,1046.5560747474387,1563.9818947438862,1749.9958287063253,1220.6077074373568,103.07961717028165,1646.8913679961836,3100.2566737297734,784.6575371175327,26.252577634861435,21.998801862170485,90.40295824511836,18.34907641070158,18.46280538829173,29.376423889892763,22.900600774955528,854.3922018817459,3.9461655954235826,571.7860203932793,35.86593649882607,664.9844735455479,39.9842694324308,50.12450176163538,25.258360715852575,232.31916554410938,34.70620402319845,172.87756977351177,79.06152795737083,91.44018369275015,127.39633330377931,401.81671037882603,118.37364150917752,203.2042888579329,58.251844255085764,200.01485223562236,470.36389164054066,286.08508328699736,347.7181327374017,312.95800483581013,555.5667812830915,117.42645053098325,201.3670664012339,56.994644286445705,224.69024895987607,17.233062373314308,35.80182965105266,63.9744187492088,84.68810246387605,73.59430767694059,445.4093864713657,238.5048963138407,142.5394548784546,113.66337664904205,66.663497040813,66.96093155622353,59.78449490640122,60.16203019682477,65.68872019784295,166.68536742655238,52.09187635614816,57.101362340411484,235.0763605974326,56.19829632907222,158.52873513927452,240.76939855408256,564.2017699027307,1814.471176493236,2171.6068698538666,1741.9573694478202,1287.160511714844,181.50492081928465,215.89530865577433,69.00177493147295,209.4016462630915,489.57824001880704,401.36815808066876,170.3552549956768,583.8758091536002,188.39425517344105,543.5973807860116,591.0520516631818,219.6051126573867,524.8359332639714,547.0392815396776,153.735362801113,559.2917781234056,202.76709932909424,179.21694576768408,23.32358989449782,273.3258875954825,190.96848358311289,406.9719313071878,712.130780783424,549.3479667903886,117.41554366255598,384.02368553876073,118.6316265831004,95.92558119973899,331.8770804806356,263.3384530787107,520.3078088176462,514.3646542883791,275.45227220798586,279.238439156283,116.58561971030349,143.40888161440057,64.51472534059178,505.31323507723766,878.5506657379722,1466.642898287509,906.3825744408125,1208.0107467973985,1772.8671115031932,2201.3768518193265,3944.180723281021,2266.7536693117268,87.70746938538407,190.58523787712795,302.45230630247676,635.3165181801576,271.53161214158405,287.9761146340311,292.5041388610713,387.69541488057956,696.7192172911099,310.9677818333997,314.87339168002967,299.3157473130285,1382.4731197425367,341.6653702062292,134.99426420213007,394.8988475723843,752.4575327449481,430.22180373556375,86.31047912915852,188.4397766606938,24.64475787883142,251.36287132958347,678.9219457973943,979.1519908201466,664.96247667521,668.6080938662732,575.2424904454473,985.1268842738598,366.10135385990026,83.54908447379854,292.9468742835018,318.7816670636395,111.03724008335162,197.0923833129635,117.58856534739151,321.5997310543829,387.07638183538774,682.7509798043595,416.499974018884,361.21010726794515,276.8592101236093,57.86214345737383,1499.7140918876166,2150.534142833868,1506.553094759825,1246.398937251621,2042.3979668136228,1788.8312326722591,1346.7748684622718,2014.7408041217313,1443.7781958361836,2181.915251879188,815.3150611304194,607.2282328396808,237.85953194341496,897.5183896621878,45.0664884860279,485.9732094193323,706.5626387342967,655.9463930939153,1028.036573520045,809.2907137032659,38.14281924727434,270.1694143908736,55.51313419707532,137.53357155168402,352.91755007524756,302.3046871360314,348.89655291372515,81.48819170944002,6.539495986842495,27.172230868000227,42.18831667938685,129.32609240901525,664.259973903017,121.54199776575886,748.4257326976364,798.1335264609728,231.16744391699177,131.67536323816617,687.3256116599425,182.8853618233354,61.290187919279006,42.54093722219192,315.5095335364968,621.3754154985139,259.8364926996649,168.32044669978356,103.57878147141805,173.3004285785063,72.21662006627533,80.42241811975279,126.69484271189263,206.9174228038297,329.0604952386086,310.5636223875084,205.09488858258115,726.888881739504,691.8946002978352,46.51950485875504,79.91179348560823,212.17526424478189,346.117107960509,106.92479410319798,245.7402715242454,220.11486441412453,81.67366379223796,90.67462145498955,83.48740928158571,263.681296114657,516.0629300669319,84.56707756974686,162.13002623056897,608.6473769797869,1747.4459607368706,141.115668478557,244.9610759348275,507.3127999028773,350.59144085022587,49.88270212683778,55.20419171769049,248.8309006173767,409.9899537978664,80.29718687403107,203.3248297257587,400.4166934032976,191.31294497714902,783.8397203206475,1126.6018452828987,1071.8367503253116,1468.2698905543286,324.9108342926635,516.2477221110445,354.34885461420095,146.39338353187182,164.82026277180213,667.220256585139,733.5380127060414,131.4429896115876,26.176005919648368,41.163215723847834,101.78451007455068,30.389172933849604,70.1526479719837,9.809098935552518,43.56668237803144,116.61620681411956,139.79461957355133,466.91347700330346,178.06073664634226,263.2041211450107,589.7290769573094,211.65796618837732,12.544577670831831,212.67441628772167,0,0,0.06448375009013338,0,0,0.004425520886724336,0.09937856439761827,0.1704255461964594,0,0,0.02166705346604503,0,0,0,0,0.05709269652617639,0,0,0,0,0.0029634936878138026,0.11883738293939941,0.6498614660264048,0,0,0.0022806262054107735,0,0,0,0,0,0,2.7533467206755993,0,0,0,0,0,0,0,0,0,0,0,0,0.7243186646330685,369.5185735918152,1.6381063745911724,117.10991248515602,4.142898108298074,0,0,0,0,0,0,0,0,0.10066039639020119,0,0,0,0,0,0,0,0,0.06550136348087159,0,0,8.247314142888845,9.87293011799733e-4,0.7439227771066194,0.8845673647271993,0.4222768744017156,0,0,0.352544414099421,0.007586016364868002,0,0,0,0.33385306897212336,1.040436133028339,1.1457328891215928,0,0.007283716437957175,0.573682901092948,0.005254446315480583,0,0,0,0,0,1.0714519168203709,0.044429416504698636,0.08787620632430027,0,0,0,0,0.0630810087116478,3.878052043423415,9.78551816109623,2.4434990448075835,0.34359183430811224,1.173817498724174,7.957450867360914,0.5695498875393691,0,0,64.81215279832539,83.2920352509001,53.24843279976562,39.44945754681536,54.14804358477391,1365.2656938942464,1168.6638414097415,1628.9273738130903,384.36831362877575,1398.8743622693435,1245.7273010615768,565.1998078351684,369.181171110444,620.8560166749625,2787.3423681041295,1525.9666815420187,1488.129922702327,2.7359817745596025,14.300244895305541,3.0760952246949658,8.380923218159674,8.362730715082128,101.06129595043215,110.56244921742709,425.1695968644907,66.03577481596395,0,135.20704265797946,536.3702495836458,166.42210678190153,89.90201203516756,133.4523325146284,526.1503915524535,432.0249974797688,1380.3446797672052,883.3346766401556,1654.0398901026247,7.28123673689713,97.60215803688101,19.256435058293523,0,0,23.350616856696934,58.388062530388595,1.0180695061541398,0,0,0,0,413.0601863227658,0,0,7.336306992508607,0.11333176448765278,307.9284360922843,1360.095003941673,64.19330853286021,1312.3079037493833,313.46143678236274,1319.9098169115534,1393.8308684118645,650.8898521843817,224.5954040867403,0,987.7507362485981,523.192741195852,187.51764371922425,53.54824725691522,35.838805684672366,286.8262528421827,170.19639341701955,361.93519969136617,37.06913633636659,53.26281436446796,197.15626031338084,532.1398117474939,1191.0016406040309,35.46106345471174,6.55644719451438,257.48035218162283,334.92337859972,175.6380904130526,442.1874342982777,158.28276713770975,2085.3461835500266,3002.0441851147084,2808.524046257215,10003.805614914221,2387.056303643527,10090.951055304236,3366.607982111987,3310.976420059509,1485.2771547086656,2896.1421757916837,1785.6824451201876,2003.6037012575457,2658.573065569997,1060.0739166548708,1475.1679301459037,2314.9337564911298,1573.6494948539398,855.2208355155443,345.77245164804407,304.71001154487107,277.1465670665366,420.2669193671454,1301.1366963158785,861.0678191200093,2128.1308698228304,1089.3631136987942,2209.886704818981,2168.61337521668,2579.2870124444394,1846.38903666947,6353.427530640642,2939.0128530100837,13136.684467877989,5963.737536912902,13752.69553268114,455.6421470708396,13.101171920591302,396.7477864655649,52.49615667568461,1881.4072507309254,294.7072726684118,1.0076006044750685,560.2401368532649,221.3145607269891,550.4326493123399,1.7750043835847553,395.5803875287526,386.6331488767181,215.45751143428538,369.5614220156558,267.9781345536317,385.85136219484934,228.96037713243263,492.37005567093945,464.34676948776774,79.91033615428046,615.7583067951674,315.5909355273234,270.1198972551497,262.5815266758106,1.2214641821442045,0,0,38.167122206934,11.657387836224478,25.424794431729588,0,0.7773844745626229,5.442414653164882,3.7792390148611075,774.2143200836254,360.51486637460704,334.01240408249464,12.32939392332659,31.62248721455874,45.15078088610253,5.711222162231164,87.17275289958877,59.784689060677366,110.20988562857299,448.658767939005,97.03293196362148,43.42257693438242,144.19224674606016,281.11059193602915,783.5295388866466,607.7207821042324,922.1246863218689,775.7403318820157,1296.7282282914446,297.01896608354,255.8337903858117,1329.905680234576,939.7364019043318,585.3585392802175,103.17954235715,173.03016818106516,394.7644452144086,141.32940272939086,9.038833734039441,28.627410723996373,123.67881750648719,19.960427493802047,4.228520514134462,11.096286106954805,4.421832327315352,12.558792609059628,143.21684546094866,754.0650501288121,334.15345425991546,111.57370508918288,32.12603070946785,5.933887411775219,14.782280326863043,26.630974333010034,29.004857826571246,13.830708422137953,29.154844677960188,29.42055932299982,27.34260250860524,0,0,0,28.38098381869027,44.83642093150961,59.080773154479886,46.22586349739335,46.87270828660264,44.60826228024581,0.9496741087705198,0.953364765134488,2.0160733238660247,156.39361199358004,1364.4442887517157,1725.6100716503709,77.39752007923788,5.90252216168151,46.781149281275624,21.639988705130364,22.402836215095636,1088.0866371919453,3746.4415131685464,167.4770143308903,601.7429588488072,164.87187958509702,4.494877368313486,295.11166745261363,7.444074087498734,74.04508652628247,20.45044246646895,0,0,38.86569762985378,105.35177553252677,1325.3683977880787,1496.2917922958545,1176.8503641328193,480.57433972269405,810.2489353509775,340.0172462523907,236.05463933062535,213.46702024559127,1975.9805894656383,34.57132791461637,37.937832150630804,38.29680497680721,9.261784372328425,91.96415522870403,770.2998400287781,619.146298358233,822.074691603247,125.57359923457894,110.13694254572442,209.3688108209935,40.438336507401736,13.742608022672265,79.47598188929805,2.2860483538655627,1.95802306291517,0,0,602.2869028764034,1100.0895950309682,1212.4602227523949,656.414573920934,286.7565181031841,0,0,0,0,0,0,0,8.59943739612982,1106.439931859724,3825.127795674097,435.5949329568549,9.238927756423601,24.564153422483564,47.16379906738035,49.099054392572995,149.37748914279652,9459.682785584913,8983.199282179354,5063.8292239618595,11.606621729965964,22.34327700665883,661.7529386627149,214.3350740544925,12.501134028907082,18.467377245651413,16.355800163588437,13.374997078192859,19.555974857793114,50.459606750301944,16.667238536456498,87.39730526627956,756.329250661688,22.709484620548977,111.58466148588,1095.3807861151356,40.5944676870263,388.5760954768103,383.63534455607464,191.15647257541343,24.116581727729123,48.38087975083061,913.5829503704747,334.67192624625864,494.6736865048452,268.9283805043847,149.6481651603624,226.97818813834783,73.56144709358189,2369.5280092983253,37.94192852170221,4293.587919130566,3503.4917849711533,6823.896223747324,1577.858207203276,134.64367544989582,576.3382515257732,608.6969931098837,310.7580729299596,2040.3299487175675,436.1581030346491,335.4380075110501,20.916366108102725,15.040292615133998,11.424245866740684,294.37934169272074,5.935600223313111,9.406159535290714,356.5785251787747,120.56460848233571,348.1845518591602,30.656778004852878,4.277434731571411,1613.594383740788,10.609543889735606,20.486405127579715,495.5925289110209,13.198289598905985,427.5392739606221,537.2193968071937,9.245353699480413,457.40087374427094,10.975110986785207,9.336161064482644,17.43857259472943,29.2276887980605,402.218719134943,912.2272305797235,70.85968764032135,750.7605785857513,37.105390821462805,797.9167880450102,263.9500731751648,31.64931417023498,21.239371642140142,28.17338936376253,18.346237822037807,12.648811557651953,40.90082064065045,509.393545739302,19.95645522498235,296.6640457748636,12.222447469179603,22.44627967948883,523.6767459297744,3137.3608188183516,205.97117054606758,1153.3546049693207,136.31591472694706,17.77456801732041,11.899732264491263,17.196646072381014,92.07700290233575,835.371783927657,6.908158886682142,32.56025880365626,2093.208298259529,2772.945085216636,56.89738492468434,1053.8127220628005,20.18148573580953,16.423327963984146,16.366533013709514,14.96854633389289,64.3315198024955,38.57023660025301,14.910363171469239,13.826853803781844,14.525485520788523,34.91591189008692,13.488560685822858,117.13293941770831,659.5438726149663,42.76261436298525,37.6145099350504,26.378232067001996,65.31121497885574,76.15889556117429,1747.429910130854,1300.0169242705726,64.26969247216097,510.12673163046185,265.19518051049806,78.55309119030137,86.528690473341,625.666361435472,641.5723431493236,958.9665156003728,57.41772518958756,2593.32959635776,859.1807486118449,3971.2813103198664,858.926433702159,339.1436505001534,3817.1520322092283,105.46408150698392,12.184654927589074,13.789618498614722,4.936718240102655,923.5408913597295,733.6902384960342,630.1014720984567,352.11259625201694,347.3412145162723,260.0281990710259,302.74731511100737,164.1080877498963,7.7652399838990025,144.87057671047438,240.15449002634352,18.49516982571612,171.11313531704468,0,171.11313531704468,104.35108717170067,258.7957269251435,103.94547950527414,118.78139882214808,228.1568819940238,314.08646115794585,120.44332439024438,392.95570678007346,129.51760540646205,126.24113019481855,410.8951163818004,24.13839622215821,208.66204573828966,131.15457248672033,165.3074107875539,1799.4130404541702,87.85619916484255,0,0,0,0,0,0,0,17.224553912798807,0,0,0,0,12.779029565847168,21.838855218211155,29.229174856574872,96.86770178123055,273.4125230032186,5832.674771443506,2964.499594490885,228.78255355811365,14.031487565109972,4.913247451966282,3.473370519281719,6.371244523638856,6.058948809844398,18.48608197109114,28.480745855303848,2116.2060253659874,5220.712743099331,2692.386285798575,732.4052160444845,492.48615370166954,443.7542686389577,9.721073190174675,8.223158073162674,5.349817374023814,3.692359597638076,3.67521873510995,2.451174613016811,2.4743825484328195,2.506562323972034,2.462418932744709,2.685012772165555,564.1314229559871,669.7864728618247,2.4446247501701173,2.3291379191377177,0.37125866463556806,0,0.4706173495481272,1.1617645123520934,0.34593301772322027,0,0.12019752330413523,5.82845162494292,37.03280625770174,3.26072945946307,3.6382374491115645,3.6184114140675874,3.6205334281225836,3.6288142486204005,3.5928805118946676,43.35516924203877
12,215.2691188440464,15.934347321864275,122.40018874028644,246.15230590740052,242.9763165613297,4.815399398851488,392.39658099688046,279.8254039947872,268.8532238919872,195.4958649550345,116.01356422885937,206.71205087953842,150.7663781272727,91.09566507606526,4.226775164539094,68.23247322404825,79.55545379786992,1099.1929964468413,189.1723063044984,941.193102226879,22.027561164286112,678.3113935526671,192.2336014518317,267.2904118182289,86.72540916658377,212.67549632739593,40.090541025086175,164.96926915640967,322.99301592867465,788.9398553973195,2159.585804580211,1363.696036519827,2333.931861458485,2992.168509447199,2896.6692807166096,3209.613095201552,1376.8927332674589,150.3862069514297,71.78091776691596,50.25490402515938,349.81934279198447,83.06681388540925,205.5073230895357,1214.6242809179346,754.799554740447,341.25233903145676,21.203213849725866,34.31504122431347,190.35001310076171,32.544308558275425,236.62955949481733,147.9389353817438,1.1561343896125678,168.4024903713202,1.5428915506930627,452.87442456061785,260.9695664453321,8.636351750072912,1.1688328184060617,10.461303536412585,1.1866210562668558,209.00457734944018,11320.796423653452,0.7204449917659996,1.2474621221743691,1.242558599001623,3.8681411718706142,1.1797926403507757,3.1106544412553236,0.773970435509162,0,2451.4790970820472,4563.124589013334,358.6525402401142,0.008206577005546384,1.8373003751972437,0.030121499849686456,9.711370710621962,0,0,8.717824303756299,261.12668479847395,0,11.55176276205256,0,0,0.8933785969374789,1.2517502780309504,0,0,0,1.727505434506453,0,27.000705650428205,0,40.734954086419016,10.120447248107661,3.7076613744627873,45.66465286537248,28.096518511326444,2.6486100942446527,0.049322354677942354,42.11113789466107,34.565217378916934,532.6249066812669,37.27183836080459,0.2938230168583581,22.7707668309583,12.822998005286843,1823.4714021861823,408.10291340791713,6.122220107102956,4606.572437499931,7516.559020063297,5.856296605159196,463.56018623997045,3515.822679045766,10.724025026859753,15.430710583505624,76.77551080380226,0,26.62702690121977,4.677221271618755,0,0,0,0,0,30.998812328557335,0,615.2662124000602,0,40.10542825691794,10.524557514561971,0,0,0.03468678205739719,0,0,1.0848858101212993,0.7011748876007998,0,3.969131455061331,0,0,0.7987223401649419,203.87305393134815,8.304638297381837,0,0,0,0,7.2597549040112845,290.0726912443684,2256.074450185278,1312.2070818158165,91.63868986544904,0,44.62724657781694,324.7674402695688,11.534336387119454,8.389419240169305,0,0,0,34.34348098431419,64.7050554438216,0.07969796232570749,0,0,0,0,0,2.5531395030630795,0,0,0,0,0,0,0,0,0.06947422455371804,0,0,0,34.17195032694086,310.1556609824067,39.37949205342181,38.77866173370501,810.3549878818635,743.7643577496901,580.1928399910614,55.63042945581484,1162.3520839982255,587.391536305962,73.11017023744296,0,0,0,0,0,0,0,14.38991756703351,182.21938248431402,9.895000870031268,0,0,0,0,0,0.06715670292665826,0,12.4757211304276,10.821254029579148,0.5369748383922851,2.6442811169889953,0.2434029620784411,0,76.01846319687851,1687.8609289785159,1757.7469566965972,525.1533537695374,125.12034802019149,0,0,12.603125213640906,0,0,6.6261020894559595,10.497787343293938,0,0.25299268102723454,0,0,0,0,57.905597419199424,0,11.832053642885802,0,21.769810785104518,0.7612036754355422,0.013825703814581985,1.1386855425888223,41.65418984541887,359.52736074484073,212.50851921154836,236.95644333672243,437.1683577574394,162.27288360284166,44.43857244760599,27.687202418394534,505.27774199433253,0,0.12598272915511424,285.82949174847283,241.926549684218,1487.4152612148462,2955.0965818103514,3994.282730778414,1167.8336760336529,233.24863339567673,475.38225599614265,10.362598811968823,1.1498114752650288,1.0471187328593416,12.832908464824193,0,0,0,0,0.36182599126807424,0.8294236506375244,238.78269854048077,200.58576403648522,263.45201869557405,498.591448289236,44.56180120186081,906.6201057677122,1048.930200724715,29.79940318138451,9.982051315622348,13.543788886446313,20.528244540374143,26.595672282013826,7.814763206340358,48.5379432592766,29.666121814736414,304.38828976175597,97.97110436117794,246.1844780927257,971.0324658832099,952.7890362654845,1456.6113056633176,2859.0137147970245,2592.884810927308,2383.2923084683325,1253.3182751594393,2096.037190069341,1210.639439778929,296.43798722055203,765.9146422599827,567.77832845216,472.4576146516237,159.47947338961933,48.420304709197694,40.183226124660706,37.07252147586208,16.74343090384013,65.85833468943476,50.492128195356706,2.606576195619979,432.44244052341253,87.0878550854686,762.1102463423064,434.78114661594805,1088.8915702388806,6243.071504801854,1903.5075972257443,36.56290060570158,0.9122001975921029,0,0,0,0,0,0,0.0838656089785173,0.14167134296772754,0,0,0,0,0.08547320526672461,0,0,0,0,1.1570825611805042,1.146390177532361,0,1.2005068823644225,0,0,0,0,16.815895463189,0,0,37.1019949081476,257.2139073396514,19.523948846456364,0,0.17366714913695572,1.2309420596259875,2.799611036647342,43.347163464851825,0,0,1.389465913351926,1.491664055295272,1.0571479980998904,4.916060783372718,0,31.37477217703207,0,13.63920603904109,12.521733003846482,5.770188032267513,13.778703689001873,47.59386644651558,0,4.959272629672407,18.997379095022655,32.47627007039321,0,0,28.646109742316696,0,0,0,39.14851869471382,30.024083983016357,0,0,12.037072855940286,3.4811520686784676,41.346978364507834,18.97696085189607,30.91450597936856,20.02250416817733,6.63092988484245,594.9744490062486,0,1.8253919445693803,0,2.8135731200260454,4.48532371689315,0,49.5604641072408,11.595057589415315,4.0075950716157,44.24437724844133,32.64515871314885,95.90200982793938,23.917231885287848,0,0,0,38.69733008252034,15.338280627531754,24.355937105707227,0.8722873388417822,5.335487670450025,0,0,2.04586258706398,3.16492206548137,0,0,3.007160263443827,0,0,0,25.842331667463235,26.745054929415968,0,0,0,0,0,0,0,0,2759.7366588739724,3201.1015354520177,4784.881417265686,5131.577797667888,4127.206157590371,924.8156004245072,3739.668206100153,17640.934858309818,0,655.0848937298197,24.059872740714393,137.41464461229756,788.6886544485258,133.7582932100283,63.820460679865285,850.0692709124357,91.93140226247773,102.56500509787878,392.71726458104274,106.88464497902166,42.051290700840646,331.86869744504645,144.65954582413855,526.7479625265432,921.4984938721436,151.06289309966888,515.2606705152484,196.60974660402397,351.1372714486107,710.8046679187977,1114.986984235352,1015.4557899794155,334.6462686235456,6159.346384672539,2924.0242040936564,336.8641676002304,718.843740686624,84.35564543212048,792.8464088795915,433.86813111023713,60.433693227398905,33.5404307945942,861.3913357345326,890.9945028936551,62.85541121062074,1101.8023210973965,107.2898082484847,995.1542981422674,7006.147400826937,19287.632796972295,1180.0150842412943,1016.4709717051813,77.2326840277457,392.37911817706345,709.7354792332486,1192.4442554956886,415.42959500010693,91.35432926295171,29.318827521712418,326.50981285309024,0,1110.0714982021589,572.7232490384943,754.9758068299407,128.70156601623728,100.00429569807409,160.32545219501975,538.2854381940696,591.1634992374302,231.15285027290062,57.184666899163695,26.15028422329757,23.796073592017624,15.998930461389037,7.028924737013912,6.2702095126362565,49.21517861582663,7.0416445213341765,581.3814306180997,670.7358376388883,356.81357786797304,2176.0982434767907,9626.717682638951,3390.6543910065734,4440.435029569252,975.8850929156312,7.898855270671104,61.22474759249716,9.177504032324237,0.25057131856986964,110.25364669193205,2.641893852512201,1117.7875526182106,885.1440425028353,144.21475132638773,48.500133738823514,27.176318393172657,170.52579094325066,111.81361996646326,693.5826277008052,132.70061871406512,5.156579106604726,65.7412853141313,187.12252528455966,496.2127640370096,461.33213716391367,475.72345884542983,239.10195511890132,10.731760778827734,148.60546364464375,567.930431104755,141.52774612172325,20.269691218038822,4.933819445957296,18.25581466502887,57.668097159493726,1002.989367897163,1193.9692243523061,2718.9821004971986,2066.7814182422553,1507.2170751273645,1126.925468070536,75.23342212474356,229.0262210010547,784.2368404260864,1495.0321107163634,529.6090705291411,305.4873815618933,93.55551767237759,40.34970153875564,25.00823892777716,250.50772223286762,4340.245089009735,1315.2120495470392,268.6127843747778,3176.654271340106,3751.3981547674316,966.3507836953452,3630.75724833435,319.5551247585841,171.20061239011312,175.24796612314242,0.12927738432293914,66.71277162792785,48.592685726807325,0.1674757373146445,0.09886564588437019,2.372540726396507,3.8011001549476333,24.821727040276908,8.421884004639042,26.45453711128853,167.9634319345927,293.30281918458854,831.1073964885057,1028.1688792188547,84.55763044839684,534.013251663482,3141.2986504314586,2823.320339069698,632.3478983536846,187.57313169169967,17.552075353588197,14.133841558549044,1.4900793674968997,51.392237767361394,15.104924383658494,735.6674375037287,915.0852282119686,524.4717101096687,404.00819024404484,233.82206709480238,1035.9787259584753,376.11736805944884,106.47839322424421,1312.7766267363722,184.35676321811792,2.27397863244482,41.434259430508,68.36234058982305,17.55203411294518,4.812727053501503,22.326761469503413,27.937425970821348,4206.581980041942,95.91192137283764,23.924126203654026,4.8263763444180965,21.224069139789695,947.2371891002718,1502.0556918917396,157.11641507407708,35.26931561965112,30.373764165543655,163.56802952572843,110.02574033760305,659.4399973514128,73.65914784583505,1009.5538608531798,60.73166315073835,1102.4578086169372,2804.435092720048,3208.012475679933,2434.232912534039,316.18053291478077,101.07236206143575,38.587131042447474,40.26579222416212,1046.9820814085251,74.64411435788634,107.69968509280534,76.3990038313378,877.2508022208538,285.30093267887656,620.8864885676528,42.10096705689715,596.7290386693302,851.8191379101411,226.16353521103755,35.99994481994937,60.347224479081234,1436.479737887615,561.2834620059896,615.8555422040263,258.13047556831276,204.31781323277048,106.16711446547372,115.48794023736382,8.170979556070412,12.975087011152647,32.49030073481436,2.9389030320939225,19.721144685699496,535.7553322915011,1141.4486012642526,108.56821922505137,830.53296485322,54.83425352712926,4.810167658705977,100.45397444246218,0,0,0,0.00877843503227256,0.17514447704153616,0.0176894709061373,0.4848760371899719,0.03572555806044534,0.025271079148089775,0.06143692870267804,0.0660982560898225,0.24468537829086554,0.09478485856415997,0.12109832966975224,0.0399763761949049,0,0.04055930503504532,0.2479443654147612,0,0.008190036127413128,0.022651979805403028,0,0,0,1.9035445131748578,3.4381724866218386,4.819677300587135,1237.4733175600497,1331.5318547833692,87.37043413046977,15.532547718872763,83.64491537418442,49.91980750896733,67.65913369470454,2.78811910424607,2.0641067449207737,3.014233974967918,2.520756518596547,2.728278820481312,482.11509483907065,776.7622499333236,1338.6371827947114,7.495011142366458,77.77506948022828,1204.7007984892489,1081.336360925227,1910.0123981386148,677.2822154621315,2474.7975856478215,831.0806500246957,66.8623435061113,2.8189006877181018,34.75756825156479,33.47760101061349,41.424034298204134,56.78901816761989,150.5890984711369,234.6719305355003,55.58076624216089,32.27944673239603,1.0475686876000885,43.750831402898946,106.16500516586947,1.6712740374358075,2.622185542866917,2.6587073475756386,4.810910461435028,0.6650648643055441,3.2181305353031884,1.3498423285389431,0.43786020618846766,0.48512863233221315,89.15327616577412,10.475071890941372,918.5592780770226,97.38937132544922,327.89071083622787,19.054982188095497,26.847302630286713,589.7046359988559,166.3092134030321,3052.9820977511017,184.26594385215313,1642.6452968228236,9438.72817034252,1549.3330691986218,35.50948617526748,0,112.13110486468915,0.13249725823153735,0,0,0,0.01481186514464384,0,0,0,0,0,0,0,0,0,0,0,0,0,0,0,0,0,0,0,0,0,0,0,0,0,0,0,0,0,0,0.02991723197633518,2.4358307757856723,68.01943028015059,0.7690448520735744,174.67229360326044,1.1415610022134932,0,0,0,0,0,0.2063717819981932,0,0,0,0,0,0,2.4704800666696416,60.28225810485794,17.68892813480999,109.07425641940992,57.60140086716485,609.565891283008,2554.908195272799,1848.6582305190145,1282.2967334982156,462.3859002505129,248.24447291422436,1232.409665819654,2158.113018851248,1948.706528068829,6108.827881064862,0,0,2763.775504316378,3285.853412847344,608.4907334748508,1762.9747047964747,2455.5015535774714,2060.4744768172523,1917.350364149832,1883.4657602939965,0,0,0.05105755831114353,0,0.15769159931976665,0.01949114922035245,0.01288038942428575,0.049192381564252714,0,0,0,0.05833950409757464,0.17990426716368832,0,0.16345909091022454,0,0.29348343856985987,0.037294751573322765,0,0.3940167326646321,0.05422084154755292,0,0.04050609611613891,0.031072666256747296,0.05659833730177356,0.029804433885687386,0.016011139723988176,0.33443647968217194,0.1171692589931317,0.07711910470423171,0.11376303948654858,1.0601129286012547,0.5748994779335348,0.012117603594947447,0.07115129313703213,0.08419063811382357,0.06736258956930838,4.582818938152755,7.078352376414727,8.883205449004356,82.02748194384674,50.87052018654985,173.57134355919504,9.089919278369194,15.451272291177922,28.70875803869662,1140.2343109557676,0,1088.664842537113,302.7956581795309,32.81883138212181,1037.4792641586903,455.4078712482018,1245.4634284146484,743.1242186735981,675.6150467255139,355.23152021909425,33.06899630547423,17.90603652454102,204.06690722444225,26.67386065188955,10.379800085095011,82.63423281104795,9.396377008806917,133.69875468608035,29.055843467772167,59.274362778940855,95.68977642501429,120.06420922179444,6.831252538086563,4.8223574879871975,14.941621360907249,17.001363091490212,25.605197187696973,24.689795092035883,32.89141831858656,115.39255795691815,38.155033355744216,18.79463769225448,14.145845564786738,64.50017934933456,358.43493861552616,481.58897004043257,805.858085494511,359.2268275078726,176.8921204130329,564.1991281197264,516.3220684002124,690.0409637977036,401.79383111145216,10.207325315705917,14.501021167254354,4.805590441220699,7.68175411680661,24.12211716738955,69.26550555767383,39.27511480953241,20.329764696006514,16.184404685894094,8.943256226438779,31.030270255494504,19.71097905645747,169.1553266470332,52.83620834849966,377.4673900459087,22.274623954685396,129.36828000920056,149.59454370899303,78.96035016363105,47.98255525057355,0,0,0,0,0.08735155428559421,0,0,0,0,0,0,0,0,0,0,0,0,0,0,0,0,0,0,0,0,0,0,0,0,0,0,0,0.549666090645301,0,0,0,0,2.070567521287928,0,0,0,0,0,0,9.688321710547608,2.7333613916890283,2.7692974937745296,0,0,0,0,0,0,0,0,0,0,0,0,0,0,0,0,0,0,0,0,0,0,0,0,0,0,0,0,0,0,0,0,0,0,0,0,0,0,0,0,0,0,0,0,0,0,0,1.1406841811165047,0,1.6682730131935635,0,4.042045301299986,0.28047062760291125,0,0,0,0,0,0,0,0,0,0,2.4029050599892745,0,31.674568790054977,0,0,20.332675422624504,44.122495743508956,1.1316764234170087,4.303787100111878,16.52984064476313,178.37032486115277,44.73769888510831,85.49268529458602,67.1093503379422,82.33739416828918,45.369007689317556,313.7233588856673,268.8791714578361,369.4653195769214,344.9681917581682,228.54513942415045,320.0023442514125,1089.1538868594348,478.2765490711186,548.0676385037563,1479.398004986087,342.34042314009986,134.72008302063333,0,0,0,0,0,0,0,0,0,0,0,0,0,0,0,0,0,0,0,0,0,0,0,0,0,0,0,0,0,0,0,0,0,0,0,0,0,0,0,0,0,0,0,0,0,0,0,0,0,0,0,0,0,0,0,0,0,0,0,0,0,0,0,0,0,0,0,0,0,0,0,0,0,0,0,0,0,0,0,0,0,0,0,0,0,0,0,0,0,0,0,0,0,0,0.14307417094040153,0,0,0,0,0,0,0,0,0,0,0,0,0,0,0,0,0,0,0,0,0,0,0,0,0,0,0,0,0,0,0,0,0,0,0,0,0,0,0,0,0,0,0,0,0,0,0,0,0,0,0,0,0,0,0,0,0,0,0,0,0,0,0,0,0,0,0,0,0,0,0,0,0,0,0,0,0,0,0,0,0,0,0,0,0,0,0,0,0,0,0,0,0.020501262928377433,0,0,0,0,0,0.013064818145892703,0,0.11765716637949945,0.12849427586831197,0,0.0151270966955683,0,0,0,0,0.017131304653524356,0.0998978919423588,0,0,0,0.05571079341425303,0,0,0,0,0,0,0,0,0,0,0,0,0,0,0,0,0,0,0,0,0,0,0,0,0,0,0,0,0,0,0,0,0,0,0,0,0,0,0,0,0,0,0,0,0,0,0,0,0,0,0,0,0,0,0,0,0,0,0,0,0,0,0,0,0,0,0,0,0,0,0,0,0,0,0,0,0,0,0,0,0,0,425.19257435563355,1847.8478903249345,68.65393720935778,0,0,0,0,0,0,0,0,0,0,0,0,0,0,0,0,0,0,0,0,0,0,0,0,0,0,0,0,0,0,0,7.867777713850492,12.754671934577768,0,0,0,0,0,0,0,0,0,0,0,0,61.2215999311987,148.51249880837304,33.31691360708575,113.3004403875696,44.510362722935355,122.1513623867929,17.56535610349416,403.8993354793948,43.03218722119951,63.444187287071635,145.86957975513553,79.92431902390413,7.496853375248914,25.438561051964836,8.856142294413846,11.832482171468907,0,8.197037678427158,4.130318150102454,15.181234102064755,186.368989760468,44.94923590193063,4.441697923139378,0,0,2.109550223964717,8.715195528153018,3.8748336160474843,0,2.1535749966034654,81.31815155130485,56.326207104781226,31.35900181848829,87.61966652502296,17.665724081713453,181.26120694016583,6.888939569072536,25.684200172116768,56.1147158299752,6.509092366219205,0,231.776871046928,157.56066380845473,10.792111552820517,0,41.06990670440644,47.548855370819894,572.5963964651371,1316.0758490057906,24.613288964271675,0,16.832277610536973,0.21461426371697354,94.09336946521157,1189.4673594796182,476.2917924025053,0,17.669291556286893,0,0,111.83458429148384,0,8.533957242855333,182.08107060579232,174.27573067729543,8.926258443156959,0,0,0,0,0.006642857396714684,0,8.832703981349518,2.185119228979118,8.247617733893872,0,0,0,0,0,11.579081346204427,9.312259451999125,0,0,0,0,0,0,0,0,0,0,0,0,0,0,0,0,0,0,0,0,0,0,0,0,0,0,0,0,0,0,0,0,0,0,0,0,0,0,0,0,0,0,0,0,0,0,0,0,0,0,0,0,0,0,0,0,0,0,0,0,0,0,0,0,0,0,0,0,0,0,0,0,0,0,0,0,0,0,0,0,0,0,0,0,0,0,0,0,0,0,0,0,0,0,0,0,0,0,0,0,0,0,0,79.36487311308701,0,0,0,0,0,0,0,0,0,0,0,0,0,0,0,9.184312881009332,0,0,0,0,0,0,0,0,0,5.820382312092644,79.33330109598656,212.81850044200684,288.20246319198094,1483.3573523408352,452.6355554007194,112.97272965530564,8.398926920232428,61.60759230643095,11.445657098444011,25.628794768218327,8.925172404329919,35.620724007341835,25.648687219870013,33.01761981827936,50.336732733223045,16.136099236203318,9.928828942683445,216.57477873115846,31.92409526570088,1419.5289842203786,2729.586085227359,20.137609418710245,507.7507179349339,61.26009059965345,464.3526904847523,674.9809344746521,10.132234137947897,1431.1802641167728,1289.4446369514535,500.5574054370376,612.6019302096144,1343.2238183158904,3388.246772529461,2924.296789624364,4773.518929898137,1772.361497194562,1396.5406708055848,853.2674088926008,300.51884321130234,26.72121501165603,1060.4237533594614,9.99366828014022,32.071643400958806,9.84016063757487,5.672384965945164,20.14626446347967,13.33072845116522,54.358418536644365,9.938550141465974,535.9300736538755,278.36719606483325,356.61108874984836,189.63336445874097,487.25432407053574,843.9236064631773,337.67433725974627,950.6933348714114,198.4127250064673,421.64477684254456,1877.558633328457,404.581102619536,653.0217358171526,1489.124169120368,3212.4793650184342,1370.8347591674126,2256.7199111022323,2406.57520981389,3141.0764881961913,1753.5950007492422,3996.981503831388,2515.089946577085,10376.007220743752,11012.621856714528,8645.140524232587,4974.491488727802,2381.677941731687,1212.2764063356997,526.8333621305371,0,355.84066485747815,392.8449046909192,2709.434114279826,1424.950919268315,2664.0497170419726,2176.0734313086555,346.32530628413224,1104.3447001517877,537.0173687799003,224.40951965417818,607.9360054977876,1015.1903662996242,884.3910820997124,1427.4499078053764,2594.75767536483,3748.2840171396374,3803.5845519067143,1591.1549057610275,854.5953504836692,1609.2026546779543,891.57982037818,3415.531555713499,1416.2794896238986,910.5219945468278,1018.7423374687259,1386.3451846043833,313.2086462849781,65.39448632902312,161.33407035175622,160.1072272143378,512.4974136504046,168.93187566308498,544.3299973345469,79.37117688942352,437.8160929214717,1575.6880604518135,661.9683378933726,1554.251712786613,468.1483433541382,229.38117311998604,1091.0741244448504,451.90931658038846,1876.5010749792289,1949.6369868397114,2210.6940217059137,1663.1308840803028,1227.536704902481,1302.913531121576,85.55576153602823,1401.7067168973717,108.27719076413184,1331.4168002621934,1819.8951841103317,796.832786995103,474.4774515749112,722.125283930012,1878.3807065506985,421.05192646831483,2291.125829687762,2798.127269075318,746.1239356000373,609.6330533208088,495.4581452375504,184.21078294345043,5092.0779766892765,1764.9383809757317,214.06819192754097,5.244631721153158,183.36046084911914,30.913098714299387,111.0065486717728,33.106753377920995,25.718101965705383,33.22792513931681,607.7300838464938,1089.8935943780568,64.53424737928009,665.4028344765499,79.06373617969889,22.904295002699953,799.2152136855302,34.12151484818896,870.7572527625443,692.7556819048498,62.32158889306341,741.962039769931,699.3809080862688,1199.7361556153737,1173.8187637237786,587.8698518252913,149.12014473483242,27.386843527128196,7.578662096331379,755.047860474678,1844.483917994373,1886.2250330000118,81.10785826850794,24.777178067471112,20.210589529158717,14.954004892335059,18.620384508513744,15.271937064925433,797.0691774813994,180.20325074015108,50.7712234709499,16.09104934360592,26.434803139254527,15.282462697534667,15.289110304790627,86.30564740027206,437.6046764793997,18.264261194672738,84.50467424077348,256.34234371997104,422.40165750676243,993.568621026644,883.9748111029515,604.0173645523956,332.13716187012056,7.488898341321489,353.34521948464607,39.1751808346246,40.04962923927298,43.21684142393941,98.2974172470259,46.6695144527142,1063.9874047965934,40.19091274047283,10.378863192381834,8.889405602797451,768.4774917908674,3051.8430477426314,2767.497663416687,3032.975760039737,439.1499675435781,11.059989245809728,4.545258194360078,900.8503496359964,789.0797376238153,344.0137814469711,435.7062175167901,482.45052294388836,306.5792450939325,450.0503288634746,629.8480554070499,0.46253396225836674,1.1105026594615475,0.6194805579564061,35.12535541037811,113.20738111498497,0.08617365408168082,4.287948051214887,18.153333022320133,1.5454426014698635,0.9207664776802502,76.73663379593778,7.467066346147812,10.029318544791664,115.02430479588692,163.1589943217564,2.5905593186129545,49.1956279666635,48.522562432457704,77.1298831738733,536.2551225065565,9.615608758653904,113.50080876584093,217.17865443590486,110.27182102720217,107.40842909136032,6572.844144852898,1518.8326951338568,873.1072100705794,172.50364477468491,211.58865928460904,7.5994021400725575,40.341078613175924,13.070628108793462,0.9477620741053239,0.7071254143970068,0.8180490509960899,0,368.5276450244295,7204.13260567631,0,0.9890684790135329,410.1819895540597,278.0362394711974,778.2483393420472,311.88967672355744,510.30360377035583,215.16733557971762,1.8017386496821817,15.80707341842623,39.48648145133694,3.9363195558484345,4.96487935226616,45.495581536955825,21.795217689117262,2.1350009262963296,2.7476904041759767,2.2561192026321586,14.966611114122571,20.529773488010395,101.43497753925871,6.472881547901223,31.613066811457678,133.65313171022075,9.546895037263452,31.482340379140133,87.6555843010397,4.558513853138499,3.2864530386639403,4.623386551953133,9.143574734913635,5.822260822294123,5.944176420672982,5.8448718830866255,11.586422546538978,192.28927835415712,9558.10465677692,153.1551394488609,21.295070126408174,172.47623129244806,10088.730509502388,2517.17066922239,328.5947868128537,231.86889105330474,292.69955969541496,197.35769247154673,1670.1248621900102,8562.695130808945,659.0822979104072,257.3769485553821,7700.871573098825,326.61015942919073,224.6267265368414,49.492581980680434,45.46079977841867,297.2585395135252,46.79093631903054,28.439565382727814,0,4.2001571664160116,10.362802531873294,1.4584737386028952,0,1.5837061866792002,1.725835114726478,36.07737131472364,1.7894316753246986,1.619806164253327,30.296835418456837,10.342342041445917,63.36964231295521,118.52906140739461,1608.9414323803942,358.97120275127304,24.415054795002217,3.1067219824476426,21.545660177090884,48.607913309806406,32.43375616296833,4.633706077172289,64.45626929116504,50.727856272153346,47.07503547778711,39.064891730712766,22.42459508184209,12.163630420832336,11.11497745507443,45.16611930896325,7.780789965902499,2.953475347428103,0.8817201298655043,12.768918758832092,2.297889099858122,42.08764136550675,14.791208776671734,42.61832758785821,14.575347064159113,41.3587853995249,32.08214185961177,23.13351914940936,7.301967339064204,22.29860562788255,10.75062327111498,16.992347923871215,18.814533210868728,11.8602140412477,6.3628503075033125,25.215957050474284,40.289501174238296,74.31815849371674,50.47873724044239,12.23957747806776,9.56241105592092,123.36819759892091,1.2369492017662662,1.064126289652373,1.4950546185271578,15.422951494314711,0,1.2630302696854374,0,0,0,1.7494186738232786,1.0128768290841208,2.1082235433009684,68.77285711578102,23.71968231368924,18.476999159922055,211.25858664912568,1.4272980457108218,2.084723429905075,5.607413749450813,257.5802052873957,8.611846521893037,105.63756561167862,59.375479620814446,113.9179417361024,170.69225416893238,353.3984637832811,161.83020526074753,249.64164439888117,302.68323946981945,338.3921524277824,260.3959525988302,210.34619723586283,223.64945886683486,223.9912739519274,193.76704938849875,230.1336617968132,486.7792743144577,386.71516190235013,183.99359290571704,27.776817398050696,86.80070717903482,39.27593767179711,69.54636889912582,103.82953063054859,227.2266498937735,166.63867488925175,146.2147644492412,92.92543874627277,63.91579660508939,57.123354011817526,34.719439339986764,72.38654848692862,8.97478632467735,100.12728343166611,234.39643162749127,305.8555453457287,335.88783350772457,82.3805611845336,198.7554080312704,115.98481973797553,49.0020626317686,63.23068570655499,0,0,0,0,0,0,0,0,0,0,0,0,0,0,0,0,0,0,0,0.20674309874060823,0,0.09744269197909586,0,0,0,0,0,0,0,0,0,0,0,0,0,0,0,0,0,0,0,0,0,0,0,0,0,0,0,0,0,0,0,0,0,0,0,0,0,0,0,0,0,0,0,0,0,0,0,0,0,0,0,0,0,0,0,0,0,0,0,0,0,0,0,0,0,0,0,0,0,0,0,0.4860861653504329,0,0,0,0,0,0,0,0,0,0,0,0,0,0,0,0,0,0,0,1.5011151530268858,93.14549432581543,0.5481460463711824,0,0,0,0,0,0,0,0,0,0,0,0,0.32356428120516717,3.6490226448733964,50.615571708915894,0.15113143799547898,0,0,0,0,0,0,0,0,0,1.0773077810034195,109.43596745440249,24.06783151312231,169.33530773285548,0,0,0,0,0,0,0,0,0,0,0,0,0,0,0,0,0,0,0,0,0,0,0.9899524512866026,0,0,0,0,0,0,0,0,0,0,0,0,0,0,0,0,0,0,0,0.6174989838547613,0,0,0,0,0,0,0,0,0,0,0,0,0,0,0,0,0,0,0,0,0,0,0,0,0,0,0,0,0,0,0.010184962304818931,0,0,0,0,0,0,0,0,0,0,0,0,0,0,0,0,0,0,0,0,0,0,0,0,0,0,0,0,0,0,0,0,0,12.88544887990648,0,0,0,0,0,0,0.1314411981460466,0,0,0,0,0,0,0,0,0,0,73.840856269094,0,0,0,0,0,0,0,0,0,0,0,0,0,0,0,0,0,0,0,0,0,0,0,0,0,0.2084799786925043,0,0,0,0,0,0,0,0,0,0,0,0,0,0,0,0,0,0,0,0,0,0,0,0,0,0,0,0,0,0,0,0,0,0,0,0,0,0,0,0,0,0,5.982352212485024,0,0,0,0,0,0,0,0,0,0,0,0,0,0,0,0,0,0,0,0,0,0,0,0,0,0,0,0,0,0,0,0,0,0,0,0,0,0,0,0,0,0,0,0,0,0,0,0,0,0,0,0,0,0,0,0,0,0,0,0,0,0,0,0,0,0,0,0,0,0,0,0,0,0,0,0,0,0,0,0,0,0,0,0,0,14.950516634965071,55.001606068107854,34.67971615892879,10.052626125864895,29.127929800361777,41.43097582083307,23.081454274532863,40.751861864472026,81.45531566046382,44.97112436327614,85.20894248627675,44.80630819033681,228.16958942872552,143.18825309554197,108.46213356467582,46.75222484046868,54.20039110348403,19.519095864760292,120.82428612610087,276.56134075014506,116.4311729936825,152.27424013190483,14.34496914564627,10.45761052887721,147.45992729098924,230.22693222241122,106.59698570507011,294.88657088100825,182.94595586911566,477.07399344783585,176.55644361168348,101.68672677633636,4.54993884353342,41.60462768232756,187.30073736131965,127.37790728278817,344.90976905623216,118.07246635265713,448.8911912162624,185.71453225088064,752.8318499474917,755.411750567745,464.4486970327257,281.9352443029282,152.37998601885835,152.3688238971383,306.8862594934657,672.7291961818796,1592.1107875375455,1936.6451369128379,4652.244794325626,104.18848782882458,361.89237390952087,465.3303033064583,542.9450086704138,927.7039811418871,1712.0006044792342,60.36231320318285,67.78300210984276,13.647057398670364,48.228222697330594,264.48148123521,102.83503397824886,1096.2590373780677,41.16922151039387,15.86647494596026,23.014357782394008,16.576972445657397,168.3242193727518,96.42502757562617,5.904716368425437,1.6621042953470166,8.994525425142594,69.9537480520667,9.249883583264591,52.542985164664124,53.48587248690425,128.23393375097282,184.30212370686434,447.0672186127024,871.8198718910083,1807.8971812051716,2688.0370796510915,3503.7092374874483,1995.7503984556893,1104.2970831621287,269.439603553806,192.46864925273266,38.64295554557826,27.34640371078502,9.567735323607643,364.8706268529179,346.31968592201963,23.0287972939377,91.63829368334933,199.2364836080388,4.803800804839463,71.46810844577004,102.35468462511625,35.380119867987986,12.62751566386595,41.63611777608279,43.07047726343376,23.897197150605226,20.660921538060922,10.713677910581811,90.5610047293075,35.35955440184106,13.046918563142752,13.74602337849141,498.47472748274254,11.57860240857463,8.1922390215595,9.81161962986265,19.8924537226182,3.263971706988042,3.1683362564183986,96.72876066057597,2.007815110390717,2.391759457752432,3.2927319113001907,13.510000335526552,27.751699311280518,366.04819605435836,216.2655646750081,165.33910950346348,26.52275666655194,18.189760096470135,4.883057952663373,105.88104085652833,706.4603266497328,263.569381890621,12.228138590530197,12.17761029493352,762.3662995577016,17.19013908703284,1616.3523328392337,437.63988993167357,1811.1263857721785,16.746658577462412,26.89004873772511,3.09862891333262,1.4832092301626911,165.12205551415175,2.458265114144879,22.23417461470316,8.87286378419021,7.511974258819547,127.93714523134413,527.0474416619929,1185.9382066729665,1054.1135701994533,155.20720512846677,500.52448256103474,0,1.1433575197830292,0,1.144160425808604,1.1681677566359658,1.1407125825779874,1.2126435106825655,0,0.033582623153306596,0.45064991634861223,11.054804329871226,30.493637228986017,7.229344922308712,2.0980725237356137,1.4084339194104238,0.5565048052590775,0.02754885072415795,233.90577816267535,3.444809858587389,62.55428755320418,779.6090129791654,2.685657528458997,5.254795576930222,4.0328239275365,386.2824808360924,565.9978931290541,709.3513706157987,273.5449551320785,99.89951330488921,222.02984430604053,873.0406076301637,48.62886592488302,699.7832891358364,141.71123263025166,882.9859756897393,1126.5551294418767,862.478282378947,1332.087427294558,534.487272426741,544.237381580719,193.42945665545153,1918.8266670352712,7318.956397327553,23460.87725834102,1777.057649394837,66.97794475605832,108.7851205545361,8.94943945605547,12.271683708067414,75.35459583058616,47.07758670290948,172.833949106874,255.90059674556042,263.1085324984731,33.40474245692622,111.27125980630134,1575.993076399585,19.08095317890542,41.97115093974891,7.196447544291874,44.02678880248969,196.25722261114896,216.21596878411637,99.25408161860896,32.97358119425673,19.29415525232805,106.26431340366139,43.29022671761009,101.07771482621345,26.527399061123702,10.129509231840592,161.65792615598204,7.628112608547296,18.322627604457608,45.843771391548884,41.80596133503098,10.411855411636711,17.171343860477414,57.071462932032006,31.926862064708992,387.2868177537814,76.7793515492979,31.392486445113548,76.56689966198901,133.66526786475927,27.933796861179662,2.3446332337843416,2.3866624408511528,2.9179787734972287,3.052111157522582,8.913078546844758,28.10476568790732,13.925517265620703,83.18023387506685,16.862463194915257,12.030134893207013,11.97691538695993,11.974843735060253,11.220000398082545,8.760583398860657,62.281096000062234,58.02178938567747,6.157287626700255,1.2798377907919485,0,2.022165683373702,11.863202930934468,55.88179182433697,39.59962706282804,15.165235012399805,9.58861998995064,15.331548808200052,32.078297114752345,27.725167450631588,9.681377123625959,9.467692034819917,10.382941005830576,8.879480335434671,9.335976042359897,0,0,9.177030466726519,9.298511859857538,9.55856346637016,9.521988228479938,9.529516903818765,9.2502857073207565,14.187701124276227,0,0,0,0,0,0,0,0,12.971997748531859,0,0,0,13.154406525978105,11.369899363420563,13.390264766882655,13.574859840115497,14.527513779341813,11.12668381075511,12.896358993463569,13.286934155666229,7.615418558765523,7.60666221501642,8.313584921495758,10.415514065104393,5.920040830308387,9.754821214102563,9.680887950516569,3.576502844783972,8.425962668967028,0,9.369600039656808,10.047352030868518,0,14.007860106486154,8.846432098889926,0,13.19244255510019,13.857745448034873,13.513505078743243,13.496126659885688,13.309245568744618,15.945829386895232,13.76741772368716,14.232821877160422,14.109817055846788,14.242720667221109,11.504636910027076,11.946703931256707,14.136769669598445,0,18.487738525728492,0,0,16.470113369441908,15.87591628646088,17.21911726228764,0,0,13.343657870999284,11.699185845959507,0,13.96580317180884,13.556161637976755,12.960769555580645,0,13.904439956570087,13.25720224952141,13.032313569077733,12.858263254072831,13.260275369609035,13.260275369609035,0,0,13.215142632976741,13.225581031813574,13.096671195087223,16.537813368890294,0,1106.255104008862,12.794653562852723,33.109503329380786,95.156009416304,13.649911032343681,14.332170303162199,14.18909534158623,13.7673259247143,12.13964086171648,12.311428892311286,12.45581719572713,12.391323428163602,12.451127163370113,0,12.097202150892038,12.447250565174263,11.954329533599228,12.514999901088808,12.236152064393764,11.806457983062229,0,28.208572528962772,11.856418404446657,11.86338063430682,12.061658978125859,11.91027041215213,12.257198320737277,10.93910762279208,12.429052781404712,12.94294201968959,12.290991098825769,12.682111163577364,12.656726259678864,12.296104339751917,12.125569579123887,12.582093435971306,13.903284638977961,44.18227075338681,83.06930833635283,18.631689086783595,25.209688405391837,351.0215200014806,73.50865000802644,1.3105749453399775,4.413449691260373,147.88100873733606,81.24508274363961,170.70972476882537,46.37222141229437,68.34795033671332,45.698463451193554,338.7359596893249,68.86819741461703,84.16984199020172,1146.8066145743244,1590.823850170704,22.02307890866402,108.69583075986216,205.17423598994225,12.60994152608745,6.784446993490593,59.15862113056004,19.219650840223988,36.790635752991236,13.68336104821859,1.7342735375951126,0.6403360308896902,3.7947856083908915,10.261991116741983,84.91453466455043,2.0826291230632057,0.08160881832741847,9.058187173215927,0,59.418100608833825,907.0341549598916,92.71941042830109,0,0,211.64262616313485,85.8807319028058,766.6381964772316,726.2017246639136,310.6763602245293,1214.1797063405943,755.8755385092098,295.8660076906095,110.54991224541409,80.59980469816246,224.90213623451749,2055.1974667493632,1341.6070281648529,290.8925229250448,0,1193.6464424736591,185.87199926746857,107.24996529293423,50.017756883459384,177.39897302249418,8.366017143700626,327.3075339279175,304.0885989275072,348.6555555137991,119.01126688908857,100.3178445890601,83.49557886997995,106.10410910248704,479.7389440151536,121.66814812683982,81.80799149154647,121.50717178175361,360.6820557858476,830.3753132691783,1219.4419891289945,202.25086706613362,116.6195325823241,333.00285415545363,784.1485471278955,240.98173282755695,103.82736706503623,158.7215505715017,1111.8111863610256,158.2772507185673,295.71408264987525,22.415189490384027,138.78836528063545,105.04592292105373,41.258012431120065,267.6296675268253,30.020669719908454,112.79784612580298,63.57559835536887,166.6636473404397,358.41698018215106,1185.3558334150293,14.88690945871521,110.7837965474159,132.99793948147845,167.49444692580568,309.19463963838183,135.3428837145614,130.14529635258373,120.47052264817584,157.36666577440005,361.80336304656083,386.75222379406586,1034.5267141228294,332.9884883759363,164.98477138874668,214.0695353677778,142.9317196203697,672.5200930280015,743.7416668646206,80.22039767329957,761.9569529742639,1611.0396776360865,654.4372629138677,1576.803624696892,1859.1522875748065,671.5828306434224,159.98756680337328,930.914771715415,832.9426674566655,736.9130597126328,28.832604650548927,777.9432936849474,210.39641763865183,327.85170273598044,1448.1007267675345,478.21082378084606,582.9811984004604,1497.5119736345373,329.71920801698303,210.00380639635148,106.94616525353388,382.95179645952425,226.41180125579012,48.44012653777784,50.31473938874639,284.07361311863895,311.8997679895855,147.09366711866886,114.08475239769805,546.0632309317468,948.2246345512087,83.7319360394157,67.36713110273816,314.63284469726136,451.0493435361737,372.0260332846527,272.16729030325064,845.5813557179786,146.63667184898094,673.7203648075237,213.10348697776806,29.454283966896313,0,301.5293987620111,285.9655299136835,211.52656847358003,122.98040046405963,64.931935810631785,178.06291687793663,189.89939835467607,106.43065679399821,51.86980563422404,301.31023309705733,1090.4959954780556,209.11909869015588,658.2394481594989,145.86497693389512,176.49841294512953,360.59873913339055,199.9371781748739,317.31763265223435,432.5365311358537,102.90049686248607,380.4026259069115,165.3588787157092,122.62427436392998,34.95414960108441,31.44302812713086,174.21189722282224,2.2076909580861237,126.31496623121727,133.8816282070882,235.34866608071758,354.1373647354055,48.03789021677125,595.0449156324906,635.0746691951005,189.2174627337258,108.75095331740158,148.2157186031345,60.345467321745446,16.731164254662367,11.157805192244878,32.42848686482536,19.619550283259688,121.79727348882531,51.64170598254304,99.99237038685916,63.56684989447274,302.68015951113296,490.0317419164338,72.82832618149858,93.03035552074951,219.14081324211597,30.71453836859246,214.29022040026342,143.156835652535,10.481738186442493,2.2017742761187344,27.227123084344456,36.7659743907162,617.685860930505,2292.191910329333,0,833.9922799964058,228.16173903666265,27.125635565211304,825.1312930622584,0,627.6462443478885,70.7644120902559,52.53065407892536,0,0,105.55559059281202,58.95036106346214,9.540079644953435,5.88156922374327,48.06789699406804,104.28981842467212,1.0822234191354274,0,0,0,0,0,0,0,0,0,0,0,0,3.8400702150675388,5.661310366594266,5.77434421596383,5.676387678724488,5.661310366594266,4.495847556996891,6.034043733288438,6.395239115771601,6.118399647630265,6.393184462790991,6.909819936258955,0,47.797889502569184,15.050234589926557,0,4.0171144310160605,0,8.982091089290785,23.442632491485405,28.01558610656199,23.362722950139414,23.627215959985307,0,0,6.700250676523822,6.63135776558303,7.895999715239067,9.986768685707947,8.411344632793275,3.7906432367764156,0,20.777732630114606,20.0740908623774,0,0,24.724547003894514,18.249785112863012,0,6.134683773376088,0,8.501107381515174,5.025852965273303,10.081082788207663,7.035617846252221,4.35925567622619,4.0054307311224475,3.414269150174855,3.701902144190793,5.799693458761568,3.413216363116636,3.366222106584168,4.0557381199680895,3.1690256287917666,3.944604794751094,59.66210758877319,0,0,0,0.057371812220421134,2.9581981021388923,2.9604402294682934,0,9.776237073656565,4.930824789312396,8.835982863587155,4.807105925140999,4.914628043706187,0,27.856315036160392,0,0,0,0,0,0,0,0,0,0,5.682754426323174,3.8939375072694165,0,5.763342681478229,6.557589600285858,0,0,5.016305466217714,0,4.546083159360293,0,3.684137146721493,12.774052511169653,5.202998386047186,5.579567960991887,5.382223328170647,4.015743901216896,4.044119626088884,24.910275384631134,5.416886915109776,6.204127095814019,0,2.1556928021191486,0,3.294823369980794,0,0,3.2937248208736483,3.4590798402881835,32.131810483228506,0,38.9020245383434,0,0,5.352928079268708,10.216703999060563,0,72.28311592500869,0,12.863464859995082,5.413586660531986,5.759104632990586,0,7.0925750741770965,0.5030266773936569,0,0,4.960926773784004,0.472262679040344,0,13.754966480979853,0,0,0,0,9.172916150850542,58.76920072035021,0,3.857939923224201,12.861880119875819,0,0,7.274153517783964,98.63335724778442,0,0,6.850446406014028,9.517328972662105,42.08580293464236,39.048303413952986,36.249328349343145,1.5221569158496653,26.173187294219876,12.123216139227143,0,0,0,6.8404100699497095,0,28.583244785604467,6.87159513260272,11.9411324657483,78.34908705848878,53.77701045878312,102.76174107047719,12.928190837209499,12.11821795019382,13.895114763258203,5.8373203587045035,14.294236373063255,0,8.995695932821047,0,6.890492469639017,5.104831691496376,6.288131833349389,6.115142922975579,6.36427200045535,11.003072300549492,60.479471169382066,60.032863948683676,130.84394933545437,72.90509846386084,198.57626490576328,0,131.05149177128715,79.57743918256365,4.693510393808189,10.760229257587602,112.63609485188823,9.548226109592754,50.151457988312984,8.556193937507585,0,8.976919223524632,117.98506300828367,8.144115944390371,9.539291391201168,0,10.541017507399642,9.478962330424809,111.28435335844839,10.25303465714906,0,170.69720848950405,7.101632784234749,284.7551331993266,10.518405746545193,106.85673447595171,9.771390821092435,99.21557228250771,99.42046910483586,283.30928981332636,53.71254736661528,34.986299956014975,11.332189399065209,9.55720546489817,10.702062753516453,8.181359443741737,7.436469529379486,0,0,0,0.9029327742186385,0,0,10.839778985458874,0,9.127154280055658,8.393266414712025,8.893104771306701,0,21.09647123465216,0,4.145693213591454,100.55662698558757,115.7731979864007,0,107.47251556833201,124.72501519787284,0,120.49618857452185,111.65653939238014,8.766097429062821,99.35650556195368,109.89935303799598,100.59576196447156,0,107.74794070507117,11.558120840841772,101.08890153099186,8.755584764236593,11.817019053447995,19.589175986006463,0,8.896406535958844,15.570233171380961,18.032575707261454,8.84926074559325,14.575144698533927,107.44238344454429,0,10.699513734764244,0,0,0,0,8.791496428680423,0,9.102386564645036,0,5.835106588856973,11.965674796382823,9.952914312379534,9.425966398542545,0,0,9.586040042777993,10.463670362037265,0,7.949294751662024,12.560467230089033,0,5.218096605342057,9.904838019401021,0,6.993167830888781,9.755716170737891,0,76.20188249862557,73.25497613203899,6.228080308185071,0,0,0,0,7.900541203098174,0,0,0,0,0,49.1166776064523,0,0,0,60.22405363652287,0,0,0,0,63.36623226242175,0,0,0,0,0,0,0,0,0,0,1.4404083933764502,0,0,20.84968312771652,0,6.268310730581432,0,4.376703011182861,4.062588854398886,4.179474807847835,0,0,3.9538385114092534,47.827166199545715,3.456399593248442,10.825969305716233,2.4013162659777585,0,3.080750800912949,0,0,3.3566616004037093,2.868780315913962,3.019637937324126,0,2.8183602660044325,0.6691690704373943,3.030717866393813,0.5394816480952384,0,16.913452120739173,0,2.8602483289500276,0,104.43620273721336,24.308403767144586,76.76759975218891,23.25789954939985,61.75285523799738,12.863609835183047,0,18.880860569381536,0,0,0,21.752435797201848,22.017177229531953,17.526815543573697,37.69299247619808,0,0,0,67.92579966106801,0,0,0,0,0,0,0,0,86.46251186196777,0,0,0,0,0,0,0,18.129225870122433,0,0,0,13.0131590311519,0,0,0,0,0,0,17.832379246005388,0,0,0,0,0,13.793798145324553,0,0,0,0,14.31860370295246,0,0,117.6121441530183,0,0,0,0,0,0,0,0,0,0,0,0,0,0,0,0,0,0,0,0,3.4939232684374972,0,3.647171925596549,2.518167435955731,3.497213561219502,0,0,3.7473216592232177,4.117105094578803,0,0,0,0,3.446258198243885,6.279828749886099,3.2770420415209585,2.427505198634375,3.662362689107899,3.262809773442458,3.4954924561489915,3.1049798599759,4.305926306073728,0,0,4.579210763599931,0,12.51457789553701,11.588771751369375,0,5.914485461676322,7.846914487040835,5.676993829661037,7.448230089437956,3.507780570665101,0,0,1.772269683242237,2.198511840881999,2.8380297046682332,3.488842470152205,2.9953400900554374,3.467476001318624,0,0,3.788411195735369,3.2654034820183013,3.4840709543417105,8.268820491625,3.7185476358622567,3.287435770548036,0,2.3918176247931746,0,3.088346453842873,4.05805916652959,2.2762542145504563,0,0,0,0,3.2103242572576414,0,5.89373497632747,37.32303598310797,16.669934938595198,4.947703354802486,0.9760470423368698,5.766815081346342,13.871138821047472,2.4213182368867936,0,11.084012451302357,4.289808324463148,26.215331873125177,13.601809754361163,5.197902335118137,0,10.09539634894059,9.267525500247402,7.267325149572994,110.62374761116136,7.39502355777375,7.175588297944526,5.532787079002498,6.798175045928062,5.336350299243451,4.086720048386306,5.998075053219343,6.160813524833096,0,5.470822198561334,6.386610291436739,2.956315167972181,7.066573071116163,0,5.7570498465417295,4.839154792305171,2.8966684316531284,5.586037435501325,0,2.7370325839232197,17.213931323817043,15.60133757156582,0,0,3.8798193501018563,6.074300332576062,14.197820970062931,13.98303074196694,13.13725570072099,22.460978527511852,32.992757522209345,0,36.54665263809107,4.38517228229669,8.212467142438042,4.915720522743789,4.978242288102111,3.816149465024321,0,4.702255574103979,6.029295705939932,5.033368707249022,3.979521694763707,5.026163909352109,4.583865130849125,0.39336543587430023,11.28269121476182,0.013320847712609728,13.702864691783704,14.476361924352737,14.671945357797165,14.506984023885439,14.506984023885439,0,0,14.541328347945246,14.587862722681445,130.86171538966195,0,13.608316322324495,0.6634824351891727,13.764632190071787,8.648470573467952,13.52340026364348,4.405915387262898,3.9719426253236656,13.280669668968114,3.966979397807154,3.0693588614676766,4.3126491201500174,16.075823018936877,3.6741222886648774,0,3.796503169692101,3.2887863676695606,1.2680759709738667,13.454299441139229,9.3365850965600945,3.152196022408676,3.138152762933029,10.31140230895868,3.209441219641612,2.1526565767164634,2.989827145907232,2.9783588470458655,2.5279085218771744,2.8780982552386747,2.7891869040122503,2.6239346342158525,2.625929340883361,2.647711638908309,0,2.89392817530669,2.8831075497218186,0,0,2.818336867230182,9.361319806054512,2.9536353143867116,1.7083938053902805,1.8657387901566456,2.982591697555759,13.80478137717457,17.205487303474516,0,13.673000234366565,8.880670815502814,2.415099663161139,9.575412788821618,2.234342130632657,14.007678825158637,2.7913957255676967,2.226669956623875,2.217349523567191,12.283690712918649,2.2387841680370664,2.4812092603478666,9.739773418580116,0.9869803455369173,2.2630418157903267,2.0168120299291044,2.130798976210358,2.0221212237055997,1.7054145875399662,2.0175944005072286,0,2.1501803683309713,2.1048531027310102,2.673620151681088,0,177.19083862748084,0,0,0,0,2.060612754869705,2.180721264390108,2.1853012869704633,0,2.175310954185123,3.0797668057105563,1.8208786166364785,0,2.4430914094299174,0,2.4653295344621253,0,1.8626079018915598,0,0,2.1737922258740303,0,0,0,0,0,1.836983552269246,0,0,0,2.6620532805519397,0,0,1.481446497229412,1.6867897604452604,0,0,0,0,0,0,0,0,0,0,0,1.1140273427719019,0,0,0,0.2546314550139242,0,4.378693135544691,1.5801368990356213,2.384109873854372,1.1565455945724006,0,4.877632866110703,5.661438159052943,0,0,0,8.570978570387608,3.5260881912104813,5.8493240344255515,1.8489160830634506,6.151008520678065,2.086699255357023,6.063735326120448,3.93186145467283,3.675004684619091,0,4.721714691269457,0,1.5406899180729559,4.011897363565396,4.331381937623462,5.497938315024215,1.6653899313055696,0,5.2872815640761,5.453115226908146,0,1.8963270456249988,6.962199771933151,5.83110124678712,5.812096122016027,0,6.156238104896149,0,0,5.519335770169937,6.101575497418994,6.147702343819794,0.9420256475607801,5.480618480497371,3.7929971246537537,3.869172255497127,1.730320774583108,0,1.7040251046624848,0,0,1.6865421491614554,5.29270992408914,3.8275636173784258,4.29381377443155,0,0,4.108548122029646,4.186913254707904,1.0262579857681968,4.264845235399626,4.3683865253513705,4.605775009833967,3.1928485721617483,0.2080613783227693,0,0.21433518761216427,4.0745625373283385,4.779285292308587,2.2560569197403026,3.5172007165529324,3.9301874553497353,0.2949725328578092,6.598157210411654,0,0,4.116510859948955,0.5294142775105064,0.26356949587076334,0,0.9137729148437359,0,0,0,4.909606616105373,4.580238330036723,0.7744622840006179,0,6.78482708058157,3.9135229994142158,0,0,0,4.006840275070703,0,0,0,0.4983260426500391,0,0,6.867938095120659,4.0083339209928335,0.24311644355831388,0,5.533476102027199,0.5229137872316967,0.30522024046137225,4.9819303369084365,0,0,2.048344944198275,5.189871145914249,2.446610604267474,0,0.8292025030349591,13.479547488490418,0.7837067270708792,9.623675576696892,0.8039864460276627,25.22827027600067,1.0077745853030236,0,5.219551798267363,8.540427540843352,0,0,0,0.7854471190771987,0.7910352084862645,0,7.595221641721615,0,0.8244061496215978,0,1.072245215046837,0,8.491481367107847,0,0,0,0.9991157606660239,7.728320248087032,0,0,8.503669085330023,6.523597186572108,0,0,1.169543447276757,0,6.952714232120099,0.6586947270394502,0,0,0,0.8061679925343701,0,0,0.6865538426350709,0,8.217018540087828,0,0,0,2.372308249752328,0,9.808858924671286,0,10.401169500020448,8.64309216461001,0,0,0,8.66202520863576,0.545580119038132,0,0,0,0,0,0,0,10.149064234817768,2.655374578705599,0,9.119988431917948,8.567158257229716,1.395151576489641,8.250806883293741,2.62557199392544,0,9.12569260859117,2.754548332271277,20.253455062382212,9.309000273473835,7.343146695216582,8.161025169238467,8.938377778574734,1.6797560063471397,2.918051328645594,16.676066168185084,18.474715201936874,19.452270734093123,18.064064486790382,12.891719317949844,12.747843724217638,5.739914489125065,12.747843724217638,14.479986745698563,0,12.796095824593907,9.200834552396664,0,24.94406974303294,5.029628746358916,5.353311717947311,4.2161276116742386,12.719030354813125,1.8017552948993514,12.719030354813125,33.21466774608328,0,1.6425708305567142,4.700795943695597,0,0,0.3013202447116114,28.640127682817983,26.518135123777594,0.29772085963090095,10.76694017849468,0,0,0,0,0,0,0,9.640197820390373,0,0,7.332981415563372,0,0,0,0,0,0,0,0,0,7.377583266717875,7.133091269673083,5.575615190187058,10.69111940050838,11.168019433115441,11.47299077878017,7.557391327795122,6.504624804599144,7.557391327795122,6.3067152382715985,7.557391327795122,8.010909010291346,7.025960557445028,8.357388235044764,0,8.357388235044764,8.947621596950471,11.570026767682197,8.545327551496678,1.8078217180557543,0,1.3340759400188245,0,1.029666666795456,2.1310679925831275,0,1.7604867691985504,0,0,0,0,0,0,0,0,0,0,0,0,0,0,0,0,0,0,0,0,0,0,0,0,0,0,0,0,0,0,0,13.677709858180643,0,5.101713021698641,8.70586053681455,0,0,0,0,0,0,0,0,0,0,0,0,7.67529036394054,18.588413912254484,23.83540329432089,14.071681717867536,3.6327718441545547,0,15.254477403953402,18.175231246128234,12.255672078799876,11.808224917148793,16.99638689956539,17.61603003300534,16.378437309800468,16.70906637158536,17.26186165416402,22.051494212248624,19.194559821800148,23.618489349688705,0,0,0,0,0,0,0,0,0.6297225401640216,0.8049869021082611,1.512566872899303,0.6498999908204632,0,0.6038148665517742,0,0,0.7782106286182002,0.08756275646657156,1.3934804982553122,1.630554541892098,0.10250311844161926,0.946368750908243,1.7402857263517726,0.3270087148863598,0,1.5331150158639995,0.7037675084211439,0.7705036052325962,0.7492985275142169,0,0.6840302976004969,0.7091366563606394,0.8647521437666822,1.354522929060364,1.0430246669621714,0.7939385946902561,0.7942718264746587,0.7807848984020271,0.7530731049535123,0,0.9334721461771042,0.5518127064691114,0.5460833850086654,0,0.5817011501924052,0,0.4583413452530023,0,0,0,0,0,0,0,0,0,0,0,0,0,34.64055458212134,0,0,32.60046116297086,36.26104570788171,31.210197726860798,31.078763536100016,24.687712651039156,26.560651283697336,0,0,42.8427861577623,37.282157145105145,0,35.33636602881551,33.615832176121835,0,0,34.742892187118535,0,0,32.269401654270105,31.358679128456433,0,0,0,0,0,1.3763830547448153,1.1578516722809664,0,1.2738090962432582,0,0,0,0,1.104013314145867,12.141791868310504,0,0,0,0,0,0,0,0,0,0,0,0,0,0,14.200893013738032,14.632717422531814,14.545802244967351,0,0,0,13.825696952072414,12.964787390629311,13.083237188409566,0,0,14.369102769452896,0,13.939071304602615,0,13.059428019407889,0,12.724954897782453,0,0,14.666830553298558,9.923350495667508,0,13.532292144690226,11.820233964710717,9.098598638861569,10.35519412114412,11.51896076641479,9.201441924245543,10.546742063280423,13.136525956824247,7.675609779467424,37.36776784811649,9.872683740416047,0,9.615888834552077,11.504257365985644,9.125417667527074,16.93195605743681,9.734300638999986,10.486590174674424,14.691039682550779,12.257340257208247,0,0,9.940203336096891,12.387562425498919,11.328337256127673,9.167278909890188,11.81959557105745,10.390175539773061,0,2.3190407143498906,14.092256606465122,9.898792546439365,5.691409060937153,9.648510312698212,0,5.691409060937153,15.466745303978398,0,9.202369382225314,5.691409060937153,5.691409060937153,5.691409060937153,7.7805146731177715,0,5.691409060937153,11.150487940394854,5.691409060937153,5.691409060937153,5.859249046977175,5.790629718912413,9.57908749550238,5.691409060937153,0,5.796835029453228,5.272575184732013,5.802783893410364,8.601662625675681,15.454497347826527,0,9.259979953258371,0,10.14137576611497,9.105693718631821,0,0,0,8.238519828187924,0,0,0,9.03742554259359,0,0,0,4.9389678397033014,0,0,0,0,0,0,0,0,0,0,0,0,16.810916649822317,22.343145540109127,0,0,16.810916649822317,19.384127054782045,20.547095581866813,23.29498243850386,0,0,0,0,0,0,0,0,0,0,0,10.849415595898721,0,12.717068333114515,0,24.3112440885782,25.8242630838264,41.6154094088417,55.289438709437825,48.96769972095604,24.442455000174952,0.7614457352314753,8.022708361493008,0,7.53598716336035,0,0,37.316430614547684,0,0,0,0,204.24963724238697,915.7542782808656,175.15249680381183,4.999177421386193,1.1220401093397414,0,242.42537005889886,28.350481933193656,292.73191151887914,993.2516802596591,74.92218595311203,3372.493899199508,225.97930983502184,3907.593219800428,140.17464762678966,1110.3462671030418,934.053505584667,16.752584600792694,13.919775764656,7.619315700286935,53.955508917170235,10.623568372459054,31.488953357412008,34.29458141048102,99.75620660717813,1.5753669666885837,9.944912458669823,31.27624858209215,180.79677715772348,7.145142960180745,4.787741024305358,14.208954754989938,11.413955602287652,14.752611177661429,126.66067960150846,116.47170804628175,56.05607947931765,26.076539050274068,61.942309094826705,201.77519778799228,127.20569827112678,57.38499456021197,28.966089688922104,62.657731969285514,355.8979142295755,113.93859475878956,102.74240834031826,255.23440692838403,209.61641281763394,121.2407532344177,106.10490859727437,74.008090049064,235.60182892432294,29.380686085131643,158.12775379145674,121.3031494467487,337.5793017725497,49.009011870769186,66.96842249639185,255.63421684849294,11.399899127075486,126.01067432516469,166.38849304769008,32.587659959777426,116.5210488157432,247.68419995434732,134.38179727420663,118.81434645026506,219.98451946943248,300.716673357583,443.4637187139845,594.1618528152476,1273.8633805018028,52.498386264650534,212.283664420688,254.0211314577072,478.7071592908651,710.8285493229286,16.24972160195327,84.57580911564986,265.5437776713266,157.0837587142506,172.96311659169402,99.71339552965004,148.75262374774934,272.0366675582318,229.70412530340334,10.031432160049915,9.817807130011609,50.264631620768455,225.39010126663695,74.32509028628981,11.634746966642593,80.34285764122146,1715.3377736737855,503.27679587687504,58.740044408580985,177.84734898000397,533.1781921619606,511.54073070214145,821.2829140761271,200.13667783266493,3546.856851670364,8943.847571765147,13030.746615537346,2266.947950046423,306.7300660957136,36.27008808602702,157.2170374118057,87.04412606739776,525.2361144043327,322.43596198308774,420.58608597919937,1965.019162829487,13.96865627252924,23.134770263912326,5.270627712383428,3.9052909380903618,24.46686623803979,70.26185525673402,61.518535995126705,64.68118114784828,34.44393842678151,14.656687017890562,81.52659991295941,19.804334599841162,10.056513884327748,10.707322132433132,20.767329148680865,67.92169527502503,12.994365936481701,49.72586325684412,847.453541396876,9.699578735892466,13.797967854562181,41.47010172212876,6.153115396579643,54.78948725380248,62.851524593680466,381.3011081416422,2758.3830663289395,197.6757389810398,12.041377929558015,9.889098160778019,28.924279460987517,13.13679432820952,60.29203438992354,29.76297708499934,70.8121280940442,56.577701727764335,43.37899827289416,31.239590141984294,178.39320116035734,23.284002965412686,3.684764367463628,22.359709835483763,75.65166190306738,1.4548169371040265,6.362248590215293,387.43913043013026,3.875721884685431,1.374681901825806,1.9603396969830122,34.40955203357703,1.5155330546197217,3.4610888564682782,23.417215307611794,2.777561308142586,1.5657244270370863,20.313643015803862,54.362389462421966,27.183979407543035,9.132875991049541,16.040502739334435,30.862858719595597,51.17388597466887,2.413483341148663,20.209375156887802,56.015867198985546,4.2105855321176495,25.292125369681465,1.986318762631626,51.11994218973962,132.0785784282666,104.52775134105606,2.548408366395613,82.24905619912053,150.99721267328005,148.9619224818089,183.1191491272086,203.97599773544516,231.75467079990602,165.21844092316263,121.14395269951599,17.883778660927824,14.172697889757364,52.70646181665291,65.65892982374434,8.006266878278678,8.22228948061101,56.98869542537325,103.779118533201,14.552462649415617,9.865454293569833,185.1563591160919,236.99497879396,360.1010998986464,8.403736134441372,1889.1230813878115,5.718521763416021,14.762590203257563,13.045193611760773,259.2395294114676,35.500711930122705,27.546963410643677,43.61014395760535,32.82777338703599,4.128451205677352,7.613950052574296,3.742873298829201,0,0,638.1874562973788,13.137075459178126,10.489355867677734,945.4564336707095,2609.8342089249936,1719.8928784771877,5811.5526795708965,9216.210892182295,12537.748001187316,1213.0022667707872,7417.057739964616,7336.764797259776,2417.2298015313095,0,644.6337387508427,0.09747439587747608,8.624801676226696,26.56233756591647,10.938237294233408,21.239903716784156,32.261836876441436,45.2103820581992,14.195362188739638,10.741447849937426,19.22662708205822,20.177900616806987,50.01267631138026,108.68432458450651,27.66459220039522,141.77836453886675,23.174644507376684,20.89944930656208,17.937812507064113,32.44944240867063,19.090164285059533,20.965425206336924,18.418621128130884,22.03116930510157,20.23175372826518,17.718173418399257,21.80890152656613,24.257414198645808,53.605433203421406,20.327347548366923,21.985976346756452,24.438995095903337,26.48866412970494,27.227505567605423,180.40161928750112,3957.1745089333467,160.7555403342501,11.919267952802176,7.668032927936643,26.800260738399984,204.8364103761864,41.05457557365547,40.40414841353796,570.1294993768989,1742.234880535694,11933.405922381442,537.0959605657957,6718.054105214655,96.45928215962913,24.060361667325715,91.81994937127197,25.156669462032156,27.12109474174619,30.516012729473427,160.9555887669308,15.517375156631221,19.671877648836485,27.23033018008875,25.806888207559965,25.82885107164132,27.005672759494782,39.11575482976321,32.412530562533256,150.92503256285065,2680.4614327883637,684.9757661650236,63.57723081300095,17.195716351280307,28.347176023480895,15.58922389692595,10.945060970159602,72.63137210431742,102.7715666015554,629.9677518875777,341.9645234503938,7.549692913376187,61.0216318020132,9.612320159175985,239.44490746981157,31.103761751042974,50.86593776286506,1.073514500323901,1.3891460484169178,1.0066228550595104,0.507920700483164,463.00272515738044,17600.698630814415,129.25920528311556,11.191637738741607,709.5266445509642,465.34717184011896,0.3993756313562002,98.9704002575194,350.5415688420888,470.64321966515263,240.5649890639588,167.05725242945263,40.33698930190299,0,1.2051540133397574,2.792178195147849,4.77454823856455,5.924648895920961,3.174968354071119,38.840371379052584,10.245153229217491,4.8064393204155165,3.4085985282203386,3.273096968481013,6.897550432988993,3.5234986752626543,64.24529536456575,5.374947060476573,5.541781520811123,5.8324461993163625,5.669555199335776,2.3648702488990594,2.299362889756042,1.804076825669971,31.3378848660327,44.69484023759322,81.82682544912058,204.5049196118725,1423.908916213357,16.27535950402284,124.09041561008975,16.53012439914886,105.74377190057778,269.80335194120306,436.7829451832513,220.12593709299358,238.8683320384264,156.3572642568753,195.75973738265637,112.79960132731368,29.764741954061616,105.36201176148629,775.9050218128004,35.96353716003292,750.9281270169988,415.93201252736554,662.0671357420509,24.217533930295495,1011.013246844437,125.68284260988999,462.10958423837445,2890.6205541207587,992.6974782782853,1417.9044680961385,7225.991345552153,5761.150073695927,2130.964942673358,885.6608237167463,812.4137319712052,273.9343202023188,178.56134645477775,365.05161247913844,13949.796921821451,29394.52935038014,818.0558503440798,1890.3444396019033,27627.675581552958,484.31189769185346,140.63113902060593,80.817107715737,238.2337193640614,27.97331311665065,23.491865266147265,83.90568543458205,1818.225350689297,317.03928715610147,1207.2101811045175,22.34769861800446,15.620414954323113,11.991225687755584,151.20724346270873,206.19021387183437,213.46684948421918,313.4216119496681,554.4488399877187,321.76143083913064,2676.17838006898,511.5240693454346,472.56798701006915,79.30045153801633,462.94426171724916,96.42045550188034,1215.2322952516872,1765.9126132661097,1092.8882887449233,443.1155687542082,2524.3220169341234,1227.8959900817708,1719.5620281464414,4483.922190926043,2940.2647614830735,9810.990386669562,6524.800784494688,1192.4652302574584,1136.1057471871375,777.6682878576198,1648.044387800718,1041.122043272561,3011.5340569103732,433.7892756063344,2762.1854015249833,2326.22282109716,2079.5636112226484,5840.673560850436,2016.4238570120747,5581.16590663715,3189.597550253674,588.8517485753913,1642.7237738396966,755.468492389181,1374.9652582709139,3295.5596134572224,2361.3086543828144,3506.823262076746,1690.9179080428648,436.561042887075,969.3884084461704,1803.2542823200702,2272.338716589763,3980.9769051970793,38.35834208636053,305.4216929709771,324.0318254536648,470.4086139459152,93.24934352713873,377.0323578986129,75.0718915163922,296.77013509534834,3246.116930883264,871.8368026863068,1209.7610602425489,576.2302094500412,1760.3116802536492,729.1853530971646,1729.1975471429143,1576.9956265903952,3094.1655730977172,1308.6134431625217,2921.9647867177678,576.1668290064791,1722.603925676668,1711.7601138406403,23028.302984197875,1810.9554347816013,107.84299537601869,538.7149790225357,42.38077813370436,142.99494702667732,1934.0251443133184,103.66151740384713,33.23367497302502,81.2309208120805,40.7389603789214,773.7844772641176,271.9569178310689,25.775281155431806,476.34501179796354,328.08197943350456,1573.1892653302727,251.52101302927193,185.54016082752764,464.1620884190823,1166.5683283363678,338.1259887000873,28.7230895421058,493.35409905898615,275.63975137249935,767.854204860761,550.453786617226,174.41729957910005,1430.774273161259,2331.243552146723,518.6156072820273,1759.7805242617899,563.3628537254649,2529.9870883359986,5637.105357804125,1310.6052219628198,587.3833274793573,201.7993807991256,1003.8900275202518,5617.600556974062,10426.849114700271,8198.466875093503,1070.1955832798144,686.5335082774651,430.39001319451125,341.768951685691,1738.0461955070264,193.86135679383946,1601.1757958908381,1517.1878961253399,1018.0500883517332,327.0439765448791,128.72177747191478,498.57657597430966,27.166201632563844,77.6865419701894,489.65010223600723,30.925854457916085,114.39390474553527,23.78572632568921,233.6800047079392,215.95845008249606,164.3638080820161,263.81287061008726,78.83491400935343,54.454071226765755,260.3519826989245,1969.2469679583648,494.3787891002973,89.78478071276014,830.4464310759976,561.6508259538595,1807.3571257881265,712.54325426905,1267.9093131327509,1822.7331559979584,2334.1033076159315,267.21240802737674,43.73181014638304,120.85303984101738,710.5710019788532,167.14055268528907,40.59285718236749,135.97396599780302,27.289765145568214,23.93795180228388,21.231616042153608,84.579731975099,1.9149681717352514,0.26505383570701485,0,46.47935095608838,0,119.94132365926862,197.88663975714047,30.796065783036184,119.51414965133645,0,13.588388386870275,0,0,0,118.57686740185606,161.49567444715166,0,8.768512190977273,0,139.45100829287662,0,110.45972767734395,0,524.6955424656686,18.67906962137235,201.52366132514217,118.99257915971916,27.353909035787694,24.363440936379707,6.412001392156219,26.20188157550271,46.66746090735256,10.30142081341101,48.69789968389389,58.81755989464618,6.312949940483636,699.212028689223,5.445868170937545,1.4483421761751873,20.486583755253054,12.649429226032439,3.0384200731283157,11.801122729723001,8.383769437102409,234.54095770649099,5.100045951943686,6.02269096459765,9.111714845517172,18.996526638291627,54.008465156122114,5.328981007102119,10.59483274201184,7.578117228894318,35.25594634976396,12.726175416894684,43.846200359304305,508.7241090286841,11.472971153245457,35.13498459956877,36.945298439981876,87.91453017423203,1082.6257243699702,62.71754234059703,9.561830811390202,4.026428815914224,24.334312956399838,4.263158951814722,1.2666972817392004,23.838514769802135,32.36534016292066,24.583194412102436,14.766028553758902,24.037900768711843,0,1.949262346361522,0,1.8945634319367113,1.049733622276663,2.5585986088589583,2.483853138806912,2.979211308370246,1.774666447057412,3.395515129890036,23.957445006755776,44.142357637915275,7.229613884065871,3.5176811614720185,915.577413374093,19.88660247341032,4.984443529732577,1988.759456191208,3.465347655432425,0,40.80074804836633,6.519449192302105,5.228261716956195,3.9192149946751558,3.1736431380354237,10.627845652531155,20.615038699277278,11.609683354878833,1.2862529214979384,10.658894766478316,6.2194259161147905,10.929906352529605,2.71519919549654,0,76.02044573330363,123.901673322367,976.7851855577965,5.464237770085577,965.965389848461,5245.940782861768,30.013742544465426,18206.345198786454,50.84501612244117,5868.175549443221,969.7988659491492,2137.0844467040297,253.82228425129128,624.8264361349517,841.5006633840796,406.98418620078553,1246.2935735789827,1854.9450431768864,68.29819712123016,2082.0480922437914,3039.4960263773014,830.6916882443669,438.35358668228474,182.0126363259722,951.9381288311356,859.5974921500698,3490.405783081421,934.2691660546724,497.6429767329633,636.2964820725352,272.68823964429714,223.56076513209126,6006.723741975524,434.957377456462,685.311753645163,53.532697695347025,59.279091824919156,105.83891821815219,51.00475986509761,62.280346236629214,2141.124516379601,5018.363852012381,7420.8294165310635,4019.324514083589,63.854585909561926,440.4578001110603,798.3788462197369,332.4119781524686,2210.472244301309,1899.199281766835,548.1567907189229,692.5455096784685,1516.5724704034153,590.2997222667689,364.0988353124666,320.7612943139764,493.93093297250124,291.34215441298824,3.30872761241883,1.2024039812862246,25.22580010576456,106.91321150903346,21.974636854042995,128.00040661461645,3.0651032980767052,8.250794975680646,2.3229150569180157,1.159100655790945,1.1159542263719937,0.1581120378127976,0.2854587543419562,0.1510359352535084,5.200737824947276,9.800260841517018,5.660589294358801,0.974166320282368,3.4615661219675813,1.898752876317957,440.5246793172264,6.1639153441275205,15.015277547944617,2.092407355328204,3.493536503277659,33.669769803267585,111.84633126644187,277.55071080225304,273.93932209379835,10.105476393342558,23.51885951288309,12.525983398350002,58.440662430143504,2.792270868349306,106.05835379492729,31.836846408018552,0.14196076456353218,0.9542491248519571,0.35714300119773923,0.7968082900913102,1.663886828356795,14.931068704531999,29.5395787406979,3.485463359795967,1.1835506699575196,1.8453379115707076,0,213.27319762169077,675.037165239266,3328.3128653277045,40.658766578568404,0,396.9318715781951,217.1469067587884,4.790448731876716,994.1068233205184,36.323635897014846,20.585675049402596,3.0742518877132827,2549.6281307338313,276.3274086933123,250.3489031591371,1288.7810498482424,26.946141091659594,720.5654770700683,3719.998478770165,28.114289561381234,930.4171359412502,85.89308165690129,955.1865826208203,26.884910530700886,1.3696288266085295,3.510647841505512,6.558361430285152,0,6.876692870639395,0.9162017211862165,11.39805543382113,10.733746798840254,1.1721950670161148,7.07793797274348,4.27517439783023,29.411417650463505,5.621896239476841,13.177006122397719,4.951219641748079,7.746448496490694,14.70997554922565,36.801973581945454,31.103301829965172,5.499108103798495,28.468801693023547,28.184988025470002,28.296215887726664,18.83246887931462,8.71187793762423,26.947607258676538,26.527043065826035,42.57653734903127,1.5779209309355542,2.5696032692112545,1.5937862567413268,20.611148146994008,29.318723770330756,15.018347179990554,25.162124805234455,6.17294617106335,7.461554994464506,7.254206937908607,9.101630987774975,5.438417449649418,3.6679849421006816,7.2081328562214,6.495305372440077,7.242845757753556,5.9095012789472,7.082443160885703,7.007006780078402,7.465078577196894,6.399346084844816,5.5590204720133665,0,7.226766818204376,6.951895563796005,7.4716515779433825,8.109348471839281,7.828397678019698,3.5088640791582546,2.979083716604576,11.552790709526796,6.366263932330904,12.343539585927616,4.767066450428706,9.209508630574776,6.5566663277104515,8.056567033708841,6.60075107758031,9.765005022744777,8.757968419750375,11.319472691703945,10.569792141588806,17.2912361412926,8.196748657769605,11.237974100393336,0,8.603865385899631,12.493209909489307,12.264132227455413,9.593793412002293,11.756080769926035,19.143835701593833,11.600355501690531,7.945975441145456,11.318547295911818,12.865870479508896,9.195381015916192,3.773579771781464,11.268379534072869,5.947141272509936,2.4526967480413826,5.540577339015191,177.88129675074327,11.045091967793033,14.569630109737867,19.150176575983878,12.404568591205484,18.218360099479035,14.366030736110794,6.227049149900126,10.427418490102399,8.076626027341756,1.9425292514973607,4.513163022469492,2.3251232415243166,1.674359398717937,4.404441353122092,2.482340334961633,1.3646917274259522,0.5291002737871185,1.1850061667631633,1.6366276108882902,0.04629593964977195,7.072545408155454,7.682344247414723,1.9159354703685048,322.6815741562724,16.9653026001576,2.7274036554207246,5.36532910060137,29.353101022228177,0.9698075651075608,2.744574437079829,0.12905574125206412,0.05883465382518654,0.08763482438849479,0.277676924369521,0.22526330741592518,0.28332416522038156,0.29037405503559766,3.4411285535008673,0.1454465470675823,0.38658524924165005,3.5566477966471006,0.9323405017346088,0.36461300010746983,11.818236006486888,0.19507045610572402,0.12517065414000314,1.1516646249973257,0.34085253875053695,0.19831144405406154,0.02322801343587876,0.03357626080681074,0.17561803789876748,0,2.799311192003903,0.24421889931838806,3.6595102395848964,0.2715516884227354,0.10054373502999762,0.1050237497749324,0.6079019013612286,0,0,0,0.04322407465379812,0.21711883378589755,45.71475894797447,0,0,0.2098942753016544,0.12693574890364384,0.1804972358997491,0.032432019506961125,0.011527622161004853,1.9083759943425291,0,3.1316663560220395,2.4164987557678956,4.2944474372926855,0,0.7679671998153738,1.8649652593949395,2.6292837108803893,3.8760521965112202,1.8618319827665932,1.703449374086886,6.160650699106744,3.697403638684317,1.124251219399054,5.867230292150245,10.698041282007283,10.672823835046291,0,3.52094441556887,0.4751260776983619,1.078353219061615,81.50020243848999,2.6853113859798987,99.97169943973492,0.5038023252966208,0,0.8598455287894681,2.144730837317348,0,2.9989382801754054,0.05491760652764456,0.02568443449560135,0,0,0,0.12748102418362262,0,2.0469140839190207,3.810011290352124,34.723478477285106,4.859973487553465,3.6188743820657923,3.652667025431041,26.0000077073743,56.3304471525378,155.00073635863322,216.96338718810074,21.378146575416316,18.36678109335048,22.995420092050505,25.859007471936735,16.984565564349257,30.97118433505512,301.4641422341764,612.5172931990156,6833.685475060567,875.22577692801,52.08494494503789,23.051097611599054,61.66099043267949,62.34954687737376,10.519036284579274,11.967015255849066,73.31603689169634,16.70358415589942,12.41574592642801,3.5564586811231056,3.398426330788666,5.121945009051839,5.480144102417792,5.347413788629287,78.01567600231796,3.725394292283424,1.786529389034655,1.7593546950495997,1.314516839319047,7.335936109821559,6.423998845442813,15.244921515244167,5.966800206845353,29.170322537780756,144.5098621955801,21.81066229705295,334.8803722921714,75.33520664486906,0,0,4.2672821374602155,6.0627554120988405,2.3646828722459947,49.45212268309414,28.29323910584241,144.87206296333733,2.5840693264237653,3.7707737659845875,2.5397767038506704,4.3489387826598485,2.02809532877506,4.376935438267301,17.88401159888513,108.17350610192864,24.3865080831412,6.598145054047415,3.7077291240947954,0.9782272794401917,0.8290585563660209,1.7617554448479844,1.6509253474567138,1.351297703732153,1.0168909545567275,0.1929577703906666,1.0043132472191492,10.504404653046306,16.362539770326123,53.59643142719011,314.5354226234124,10.973808828555818,2.265786530164448,28.24850326900604,55.99722086037522,31.391114199218027,42.50892286362212,55.02879921079312,20.982842496008793,33.717871004610764,108.89807616348463,733.1577851105571,374.1297865772398,57.76205476068844,91.64720517384707,38.439378666698786,95.47654497998316,170.89079493777137,162.5877291853017,17.637774278835103,257.10878555650635,2416.401384343472,1123.7017462453475,269.9298482195566,41.92114590529874,146.2321918733539,95.73616503734688,11.142987601559708,8.259421213646103,5.4126629350436914,62.85505081625679,344.46193627907815,465.22202259757665,1024.8146009651753,3028.1188525521575,2512.8287252502587,1443.8869923195866,1742.5557507548706,2400.5388355959835,4868.118446887542,10200.288432614974,5843.64501033205,4249.236795508006,1483.0343757910728,540.2922855341523,113.6392480201462,139.44908452849953,276.0954284724382,183.16567264888707,281.5030410207099,324.6235553434856,225.07554340856527,411.4509598482942,379.71878875333573,168.2846625161827,38.36282475560648,80.240495049762,36.3748057528014,3.2051071293618634,6.545312517744747,7.23543188104457,184.23205502196208,1238.7904759903572,160.90966752716523,135.28809034944732,147.3722171460405,76.14559573322067,159.88621444542815,734.5371366905547,2011.4536198685955,1692.7097681001162,1500.638570695991,863.8792708733051,258.0788360752674,85.82480561507631,39.143274040492486,14.212467601882212,126.91166386616538,65.53983745682514,155.3312396249347,127.97610186113027,158.1667360477525,62.14808657015143,104.75695881955167,24.4739363760029,23.237616788064972,14.69311577162454,65.57577151791116,80.44995287357732,230.8618149211486,290.53698284938804,256.6791197909728,213.5118130905512,319.9676332912643,194.03807392836325,501.7959499860521,290.0657247088813,153.13867331268094,340.2525198833418,88.365797981277,84.82567717449037,80.86940143468418,52.86486239825347,210.6648618075968,261.8013806036424,223.9029769616149,237.35314192850214,189.53702660916528,256.3286045112062,47.05127929892086,318.0650586201277,44.87762153260196,75.85439727738687,198.73385382749453,136.3850888631985,162.51306786982906,250.4115488093908,166.91524000182403,379.73948178974763,275.33706048585526,870.4183483003275,849.5713978992715,381.9659191951524,599.8019382494707,63.01900598932891,29.57516784822584,263.5366613063123,45.172487739430636,54.38448601399197,71.54490781318076,433.33989471349435,356.1453899345536,27.347043812462218,15.186456719481702,122.16516425902125,788.9865803981296,173.50190945869002,235.21623692667816,334.32702603356546,186.53217899821905,110.5175929908849,195.37026211379685,156.74871417635882,236.27429341767257,135.0568673164506,667.7472555615769,157.20672407596464,143.44805173017897,317.3444548630235,400.5985456053449,176.99163678464507,109.3981580246581,71.42890320124545,123.21736091686617,108.30848192109366,141.53398717782463,37.99652907161589,28.989076798421777,17.756715944730143,27.058084556455512,77.06475790041998,375.4525427074479,357.0755085883756,447.9868151502414,312.04197538406413,350.7600069692782,354.1242957517323,293.4120746584878,516.8667874622101,437.37177658907285,88.52153629159297,26.702588508299698,840.6876036168661,403.18108741447577,674.9960973812,326.58784825380735,1.3678016511314623,97.80847094109632,184.03257284091256,22.551862428827153,0,28.5256244227817,25.849467713931144,27.792732394549553,8.76165289532422,0,11.39638627186119,11.742514386025665,8.774467108193258,0,18.639258992862327,648.8029776268669,12.569190027296695,15.402429959251068,25.27853012694142,7.898716559573898,25.96902561760943,54.46164205920723,29.78643704806009,34.390024475309914,43.54348193980477,20.51320004985655,1.3226727442974036,0,11.569357049022955,11.464651584721764,10.361116379870525,9.651619406264018,12.910607992086586,39.30760038977324,41.269551113197856,2.693041896486848,1.343722670872842,2.779494661010224,2.586023399380099,0,1.3073274403043937,1.2122843757565502,1.3843023574903879,43.34508472863188,4.049430010594225,4.662613845810197,71.82358944822894,106.13772439529988,371.5876447396785,112.43310918142689,119.8614602801428,19.100575213296967,31.219748088075562,60.988156302563624,7.587000871356209,12.524356126111995,8.257482641752791,9.767875685711527,14.3814596544746,14.079587225898335,23.941689698200012,186.629023463535,100.24538332884048,14.750961782596717,43.254619154967905,100.14172949160314,50.464911287089606,293.73273389855655,93.29599378094679,55.78134993258298,69.43042424587858,186.4161222495264,264.3891854971667,162.67777211839797,242.65118466242143,81.7502178476742,11.33159338234551,18.304042284370688,84.28688804727211,333.15477055855087,192.77461319104998,19.455219812156358,58.550027152112,438.9741694951053,68.66453082087695,85.76750814828652,1171.8648076488178,2483.6746478123414,2783.7160749095942,506.37335488348896,175.14366413088362,84.79016903164361,63.641651234278754,197.5457427118027,30.01612585311842,482.77822744489265,397.34928254904446,793.022979680956,1441.6469898921216,581.5363512221205,404.5807765906791,103.5755395485699,52.19791506646677,61.01943626882895,463.3749151744237,253.74939277164097,126.17131459630585,418.1227615653087,501.0269471518559,939.2177434343376,477.8831108141307,4255.616219608563,289.0009293724067,103.79368564372508,47.52777437643509,74.62382118877915,54.68169765968829,2167.3359215729565,913.7384863024843,247.4707976081082,577.7113188797642,497.1245940890091,318.1028495637281,274.3737407033984,154.58576490398767,71.96707808833352,93.4563303901277,15.47137378019686,4.659977405963363,21.140143892065414,4.920673814652138,40.42777988776704,148.39742290359214,64.80962981441985,10.568811595408055,14.886142119284308,4.94863733181584,17.60440747872788,238.3349132737071,7.5742932238716225,798.2707731207795,3.7523132222367015,4.711754811141583,10.221987573593735,7.027620121651527,1.5329213114489673,2.936197408229143,21.120375409135843,21.212125529172862,18.355029942999447,8.306774399859632,0,2.611421721077955,0.7042253845747513,7.297555480325063,22.371648319397472,23.42132111877566,5.737911817141524,21.545110663453606,146.5273190170571,218.61495790763465,182.7580445616321,2381.9832696910353,244.51587315182337,149.8372270637987,179.95703629872742,25.052793688879024,6.352226739742984,0.1995607559014796,38.42403823825822,582.9562205352302,1062.0488607397565,1198.893599288178,162.60458395684142,109.71097537622522,291.55519077524053,64.15530335870264,284.6751804005454,503.891675022934,935.8615926653093,941.2648583110093,141.13964006163835,7.0957620048798695,0,23.374411750522043,15.811735714794736,140.80647626063273,81.06528035397093,8.044040006636205,2.26877458898753,22.12674366165546,30.246260138348255,0,0,127.88129492903205,105.63312012593653,95.03902624210286,7.867443010280768,2417.2364464866546,2852.5057923409195,632.297713940894,0,339.8045153288236,6.394524257134804,4.787235772425505,8.854708120627837,127.21125797599261,9.201522337381508,9.0926844695093,1053.4740010969372,807.3902013518158,715.7662644575095,4.969747479475193,6.119136191299453,369.79831040850473,117.0886094036621,47.94735975600074,70.68862673487084,819.5833024096836,158.49570830454778,49.781032664985325,260.76459751358317,138.5737272038832,160.4955284160032,10.142526560068992,10.975553521907448,180.22708348875307,20.13383446662673,298.17492596020503,4.352521525635532,1.544777966096253,1760.1731199213878,1033.3913733317186,3679.9374011417244,4646.822920777212,2176.754348732967,293.8888648765855,122.47073014072456,110.06753569664185,214.23947528517013,191.6198798832599,87.49663750404726,272.3569585612885,314.2384171109631,1995.8508410381662,3451.7796700810845,841.9806321787822,405.85192765162657,1042.7395280570167,108.41726267737458,59.16314251413008,230.05119179669995,4727.088168350398,1383.2023913838902,186.09085500649803,267.1127180810724,699.85052290309,799.371672968584,0.7856359254803807,0.08490063870588073,0.21842589121067738,1.139267655766434,3.2915444170487795,267.4850454168068,15.782511519371223,40.63490351212169,47.69184062747192,37.88005804330106,49.72452085603622,150.42424097927784,1055.709293629875,179.66215697175886,155.81424375639781,726.0363875777691,1059.0123090340214,3616.6057058101983,2325.1760469510164,458.4667466377396,326.2568957809006,255.09938553879763,19.557343288685185,384.5276543099363,16.55302233269726,14.634790797374473,2212.1165412001014,8541.09287813006,583.1519820883283,28.22894379198344,485.18575896314707,7011.512615933395,6258.906137388473,169.1203016050591,0,0,1.2739727557659364,2415.8922069120936,8.60065016673764,4.309303278126559,7.652355536605652,247.7911204554461,103.36048705230026,7.0033778187281,489.6411403944397,3.8093817848530107,35.12622708169606,40.58348017285364,110.42869768327179,0,184.59881212400387,48.131507855463454,258.3692915010414,30.816151015101994,0,12.81009583148973,0,0.035216515969640205,200.10611337138258,309.5829670108553,82.71704213032484,162.57110964883947,4.132929528403435,153.04499873380362,14.658755364919967,893.3592438305253,646.7027296728995,445.86198326388046,263.86044168833104,248.70967538078736,106.55963782942361,37.01557315864884,1.0178960569393063,136.31734195865073,262.7891923474642,460.3299304775166,279.6573674846518,102.51117387379844,14.369434834463867,137.3008811787609,153.5709058973836,280.6561648886585,219.67442307965237,2.0126853625729595,2415.359245031106,3245.411120120809,10677.784494884041,11755.829373420733,9150.49408111807,0.7811277317269996,0.5039116451984327,1.857336981090332,403.9183223901197,25.323443570227997,785.3114013846315,293.5005269061622,612.9588434689853,2514.653467640592,197.10042122468533,17.376711405845672,2.27362187562262,512.3820735577973,58.122966643261776,19.314151054265338,9.63790891653663,1.8145587970759018,1.7809789410271493,1.9511916180750042,2.053820164740591,4.079627065434186,1.80493873148973,3.0828732249650224,2.9171084048807243,6.196635797675121,3.3067819597863157,103.9582778111475,19.120661425344853,8.634343731839254,10.113959998861148,76.22352688666263,510.5691354236577,14.751474662311711,9.7738581345919,7.9760972946533215,23.641407089000907,580.6991583535247,13.533483053138346,61.91895564334838,57.70026864884842,109.96732519349086,14.510820111098415,18.663292902335265,18.750735779123513,6.69033614259764,9.255422692813527,45.35050799570223,9.805863007464572,656.5622957181652,9.248817164821133,121.09493768884913,7.861071221304857,11.97610225789499,799.3433339641523,5.729942444808667,32.122311049384706,75.1974874545643,2.8365225857327756,33.19033297773995,7.440741687516803,42.84944064376599,18.979040989785148,1403.4537699669324,187.26481739126416,4665.879576017503,4734.407202240015,3111.8472215491306,1088.7294258006452,2033.6404472072072,4.443914098838032,2.3942166871964314,2.247830000461498,6.354715016704666,431.63513395676154,466.8195868934521,22.38095437816945,15.363458361667282,1.4008036515683222,5.758585548056968,146.166210413855,428.32424058070995,62.6923792929423,47.37331811396393,4.557691181849112,7.548318985933335,68.40312178227356,78.669539032591,659.4333797034122,23.095721125222603,105.01601951831006,97.48130577107928,27.884312027339146,111.16778961253503,3.7372248745299186,3.6104923808814666,6.163183440968425,1.52192756755821,143.0722552703457,7.007095730320651,387.81742351776313,137.5309667341055,254.96572578679817,132.55698834795228,538.1153150134793,2280.4139477146887,1500.3149209096962,902.1967603245079,314.2729557744055,141.2608174171912,488.33416620673717,186.4897745981454,393.5396585162575,1106.8760790027857,799.8168800385649,2448.138261563187,1477.6661117738197,435.94411850900235,324.2218185247714,330.1099785515911,204.8189860378905,24.711302147045686,185.38033290602834,99.34988315114317,49.35380814530197,362.6046330538971,2380.6959634090676,920.9918685973595,115.1703273270783,1634.684134776348,818.0789828851391,185.21618604877088,19.3335410072143,429.55129928970945,870.7521841819222,1769.3327885616645,291.18221601187116,165.02255529361548,229.06526355426462,222.67073351458993,695.3943947392668,257.078811190713,20.634800489413355,133.1739349588203,371.7300936533945,957.7837158826522,863.3959470900742,870.9669677652126,1861.436478989719,2381.4187574676603,3927.3426982649007,2552.0719108523276,954.5135857564129,790.2389795994899,5959.681400379634,2380.1997519970787,616.2343704664507,31.04789505502887,39.00524795745545,57.5005077347515,524.3864071580618,61.03028553674295,366.2625251769762,622.2094303638338,34.414291952932786,269.71104705294715,75.78627071854362,377.2836477985356,1134.922106640654,1118.0139768160816,43.72793767357692,10.575755205551179,7.461798800610947,33.8490270762452,43.55108658507986,49.29655231926695,54.27815065436201,60.691547710967136,439.16530251264004,2278.2153014720516,1488.0353043153807,513.694889456332,257.9401251718143,34.27850081945068,346.0011109304853,0,0,993.6571059937852,0,380.56321968754577,0,446.4388549922127,359.41457111561476,1416.1214450020716,373.0526785435369,0,258.7649573104018,208.92019718694274,1094.6782306465911,605.1248179147525,636.2962864743783,1033.9428729013573,240.22207476706637,3986.3528801605253,1136.8663794806955,268.4871382913019,753.017622543732,717.2892921974895,820.6742576752044,507.6168554182374,2447.9694933962337,798.171804923625,1220.8392607390983,0,1372.1148993388388,1290.2188204818588,418.81966724181484,605.6233212277889,428.53352863894355,561.010470760347,585.9664536132187,0,644.0648456165324,512.6717803981572,0,374.3318894249852,3259.52067564757,670.9973084502968,1046.0517335069824,243.09798255858252,578.8434499462759,191.64877094429085,0,764.7739682023596,1647.2287379409886,896.2793780114813,1414.2953072277594,0,1362.2735759109853,1261.4495798349442,507.86820914727866,14.56536753405792,1092.8523692569318,0,1056.9399542099486,1090.1973087595156,564.8231222407261,485.2215151712034,492.8169648586092,986.8244834679759,1178.0781467719826,624.9411037515345,657.1623634932738,0,497.07061111081237,522.2088360444038,1112.7504099905793,339.0278424572047,854.794674838911,670.2712524956477,454.72704488081,720.5201004560552,767.1190391006564,0,513.1830626949734,0,1483.0931497002625,16.124368904270202,1281.488451612544,1.30130818171291,924.5758223022347,21.69069598899792,1065.6267795510555,823.2622858381093,1063.2218583728668,777.4071080434559,232.30781767290438,1052.4148298422206,668.1595005818552,650.0494794632299,0,597.8218853131336,738.2618241001463,450.6689611799683,0,0,514.4051184676206,654.9459733479594,690.6586903586089,404.251024053584,1022.7604270432352,632.298656709373,894.6631398204654,604.3781051260494,546.2229497319545,633.7952242904882,540.2159300833076,517.3381529176518,732.4943546932524,724.2837072198154,827.212806124379,721.7850584781479,537.1196144655247,511.36292698303276,1206.7319508036144,1417.9086809543135,830.9201566292314,841.9477873610308,780.8852571203063,398.99563896160726,492.10768560185664,861.7365079740579,1070.895509383619,739.7197309038002,753.5393400469709,1100.3780486064547,752.9969091994257,753.7571783349271,909.2902668996697,486.9746926118857,1131.592821871788,1117.6700691212243,0,1025.0114216958036,974.9134194525118,0,953.1184069370989,1194.517958739913,1508.743925036431,1766.0185790016283,1155.773207620725,1449.240037897049,1428.5287289911853,1321.1763801465333,1144.5746569684914,2675.745554717496,1239.7804594761162,1132.8721420289553,1192.8344814367347,0,1788.7840038218123,2335.434385994265,0,24.09982452986751,0,566.335214626636,1491.2565248347257,979.2293897707018,906.7388582476336,958.9684604033307,1590.2018476515518,932.3637142029496,617.067897043637,528.0541110083121,506.43841712809586,1275.9671486455711,753.82477010345394,950.716800473349,763.0347624557269,898.8316691064456,864.0131318241095,830.4478593301324,664.781006571027,1057.4274267639385,3177.840457216386,5374.544323836815,1088.9297689448797,719.6115610085435,668.7782101988339,552.2211292676881,8308.740763803458,585.0326659500778,1305.4887960677984,589.2279207202714,591.709972270167,621.295631243596,507.5866987221348,637.6418407210666,288.0623958984423,766.0458520263759,632.8029469182142,0,1279.2294375481688,620.9878129578831,607.7009812362528,0,306.80690062450367,0,490.5090698427929,466.43018548631164,701.1620649960187,549.8577543833991,550.1165029837188,759.4071106809293,517.8345127902165,758.5712450750631,820.598193213702,636.2927742647076,879.9668564283885,749.3290412363967,649.504838980611,0,501.5104864049972,0,1196.5770740396097,626.89692236833,739.6766275129786,765.6324356636864,643.6010012607145,389.89383826532327,0,0,424.6283245308389,413.4092719902561,416.88580058914005,0,423.14856777188487,382.247901798055,404.27034504179284,414.8624979166636,402.1808609101811,413.05508739901717,426.30975533804167,0,438.4645671185777,436.49646278255864,466.9002274960427,0,67.97498098336298,0,0,143.06767389053084,1052.139097084709,0,977.7756004024578,505.645074871897,180.83018822711867,457.64979885294525,651.7234683946467,1972.4742855109473,787.1287636942329,4.98172054251014,458.30526210173076,51.708649257148174,793.3691443594282,460.29734798293714,777.0354644929729,364.0711129274846,0,692.8632681198131,426.981825733182,502.1093843170288,610.238617353483,371.30903955624893,705.5134058212512,396.03809757476307,662.3367405850407,550.410239958814,715.3988872414168,518.3330402403212,518.3330402403212,514.4832236251041,402.6121970762152,556.2350342633591,420.87824103934764,432.4138589551652,391.7545187647843,556.3880534121635,367.82554346882955,467.26599011632806,371.55539343231624,580.0777041211724,524.4688654007626,442.38449219831205,436.80506855282067,577.4294514109203,373.4251909680981,414.41782216743894,623.0707885620382,0,446.99958970452855,430.52941998771587,370.88998790972704,464.29979806996124,553.0881910715602,477.262071647929,407.9504051965257,644.2335727020053,562.0524680508503,401.53570755901546,952.0789721538863,417.77061661608,356.72625139772595,362.35130160433204,624.0754500799454,588.1555998536746,364.46360553525585,357.10622212137343,371.02475979843723,354.783925867389,545.8374494099586,0,0,0,0,0,534.7576141558559,523.2063295384078,519.4633209485687,271.7772566552305,217.51173266961212,0,0,856.058784186093,736.8140381331275,531.32395836095,0,589.397395503366,596.6743464161162,436.75182956538595,810.7270410158987,660.0920654614115,679.956969544609,509.48708008870005,245.513727408474,0,723.0693846152953,256.09699999958184,1600.1151133243022,640.564181926461,1879.4502519931193,978.1361966797069,1152.165041133873,1049.5015169790881,292.86798027699797,0,280.1018516388192,618.8437791626665,282.11535342366085,233.6085140951394,266.9509089821998,609.8995393846666,364.0290347721539,333.18225163240925,310.54752748624685,402.2442282696323,1187.5174923135255,359.2458588239245,265.915683039721,0,319.71737795707213,512.4364980282212,1234.6098614052326,748.6827519444267,2220.127868617965,1233.3691450477609,483.9480178792263,1507.4833118292777,335.3051747005435,395.8057265557591,1946.6758024108724,439.88760683447856,346.69516574784507,363.23084669252177,406.32688081486583,321.5826185129221,293.440546724315,279.7982744899812,254.9904678605774,47.984182612686084,0,1718.8095067003853,1879.4787113503464,0,794.128332406777,1663.5952965293347,1420.7920839666208,825.7776888267085,1553.1614089764525,1029.9942764495822,0,1.573271311338678,0,0,0,0,0,0,0,0,0,0,0,0,0,0,45.44519415241495,0,0,0,0,0,0,0,0,0,0,79.52813691727559,178.51413490255047,32.939979256580855,28.211833066926935,9.137390845672023,210.1257571110687,1188.4396112977095,1379.3453652108901,150.99648288989414,768.4233925411619,0,185.53260604573939,55.806187707826595,49.25359084956794,55.07099177272012,457.8658291286757,25.347229756798566,146.05400280926386,27.112128081724862,77.21850003867388,57.965173472828056,140.31792210162058,139.03584201975875,199.5794509422134,0,0,298.34552249941635,50.14813889143287,2515.9597341500335,149.08525506095359,207.569884165167,50.77266674125177,1100.5475759810204,50.52217631809206,50.74703990665252,99.487112233699,0,0,30.539869737612452,47.74750413490138,82.72935046590905,23.559469004487468,212.31184015251532,37.45830326788878,11.768250012131318,36.69545683816179,39.04804594868103,36.76179727526407,18.30620123829842,36.02826744417819,19.719692345069475,30.50979003608808,20.462230013347842,21.718802402636555,31.562960430922654,27.4452281438625,28.836234926278152,50.61225022340264,33.22652688786314,34.61275252196629,23.62648118438618,27.937851799388373,27.419731243956726,168.27586865818813,54.06218343005439,40.52160405222763,24.196874640332627,247.47066219605279,204.0115589832704,53.15888983830888,688.5120619149386,314.88738708928986,139.57762462593732,387.01684231154223,391.3640693238318,200.87269838651886,78.3778506477818,174.46251652336812,53.86548946250392,245.3877896622874,0,14.17219811584686,1.1232289155959068,0,0,0,0,0,13.06773444733236,1089.4133086940428,77.54443739445924,1.881819983960329,78.28985142299157,508.7785739476187,201.656536989877,2999.5674000908,3073.6512284242144,1252.6405542394273,48.19897621074202,0,0,0,0,0,0,0,0,0,10.023145739999062,0,0,0,0,3.247179167293984,13.02580233894859,0,0,0,0,2.693678159777203,0,0,0,55.65350382568974,0.5048639830716026,55.019453911695464,37.63782980998744,39.65631361654476,0.8464265684107342,111.54100031729834,57.214254949095775,219.12695068246967,38.29848376243986,40.710770675868346,80.55989785655017,149.75614563764034,298.44040706478563,140.87877272813247,5.939175777006691,0,5.102416430085853,83.69992666500153,1.7199539365724812,0.3845903876284731,0.04672756550442849,66.00151203468938,37.455490207277926,0,41.0254168205586,495.47374197926473,102.6373738343563,16.8315509554173,11.414915356023135,5.307075084717285,28.240845012714754,7.604806356868784,25.043365619467384,7.030914456665954,0.14441066497456492,0.2980199198460215,225.9505977264048,69.09715079487835,92.34438025984849,7.044339729993521,37.407990615580985,95.38530095434946,0.6806156039187408,49.65720649935035,21.396129116982568,59.02866748834603,1326.5749691267363,4232.61002762166,5840.960702993804,178.23851761764863,117.52333675298415,8.605732053112536,162.7748697883484,94.98464221845614,805.4001386834323,191.19997056155646,62.47731376155784,1.2248500377740534,545.2178172924108,301.5237137766485,336.86200931235163,110.13939055783857,0.03941723790697225,1.8785964358423355,0.04686049369919262,55.09942972035999,0,0,57.60885001176383,57.3449699035867,14.527537448422468,0,0,0,0,0,0,0,0,0,0,0,0,0,1.3895344540058414,1.4776353349809477,0,153.16229255078005,2.6059035027287645,2.531506577435994,2.510674138168659,2.4936483455096283,0,51.54394181852887,51.806628838872214,51.388608531636606,51.44543916466098,51.75438180643079,48.213569105302525,0,0,0,0,0,0,59.928209629634885,51.649732780311275,0,137.45409182648038,60.815354849080734,0,46.41427383367809,51.148860758288144,56.317727779342974,2.026358873114029,0,0,53.64556102340174,76.89297952149647,19.329037037315864,61.07149106128391,40.85895142862671,52.58291380957256,57.80574826277083,64.51024171386642,63.900186821904,43.31765596248942,61.019366927960654,61.019366927960654,2.9719080371102526,2.9719080371102526,53.53598655612414,50.03175432411712,49.7887133840032,51.828015520878296,12.563017676320941,36.86590068988075,2.1656155424104284,0.915201707572781,36.5310067544456,29.178133572979494,0,0,26.170063171201846,0,41.13361702342635,0,71.67806994512262,0,41.151442759264064,353.4079196758819,51.43792559853626,71.80920550739545,34.52807093029563,76.57588718326053,37.430414967452926,85.37961049191317,51.58265941769349,2.651404265056757,51.039249777816856,5.652959052466594,46.94767032015145,52.435036776226646,35.98031765635205,31.809449631052967,38.26158448425864,48.44533967514298,30.345542745335738,45.148054134883,82.24586180380031,65.92645755902659,0,24.95435322207812,45.85940320122941,28.858798869363454,54.942620830515544,48.923662068043825,60.71713401437595,0,80.09869689400037,52.556257926752835,45.88132424909446,58.59649719601388,96.80064249202071,50.79537191576525,138.35222230499446,55.01303619966468,62.88826879479434,2.02132574939775,576.54152395983715,132.87799260460383,84.67278435208588,122.5317789751631,53.15394782858446,235.00690448985267,146.0539531629161,482.9342522611136,475.2102349261676,373.72669866885116,80.86093456253018,5.061643317169441,146.12049585008134,226.13115004574337,430.0879448597198,1167.480319536606,3175.8885411001156,531.3808649493233,3261.321061191502,51.5103838530075,3196.924930123906,414.91708411222254,431.99994064410834,104.7051015296418,94.12111589223181,282.48736640789974,41.324788326448676,15.561507791796604,4.666655707997269,344.78802584866827,103.05011694745554,0.1980224498907536,39.68948383297368,0,0,0,0,13.365154240917157,467.68181490370097,7559.726031084576,14718.029801415834,8426.149272580393,77.65622990963737,2.0869421662647927,221.08810248189147,116.78128424079371,1452.587677160992,197.47797735980322,650.1056097772399,2081.2153884526338,102.29910304029968,395.9170910427255,193.86182314979973,78.65561418781908,27.752313048832516,1.5763583480195076,586.7468911721968,942.9199941724436,1377.987977139297,561.4088894888682,1.6914532743311192,29.843860914625402,14.773009472449948,492.94860131036205,18.83202503236526,17.96359162809328,542.375310987755,4726.258332275748,360.8539636869957,33.492358253181685,99.48116109519476,38.012856554563264,426.917678713813,337.2920444351622,29.398118005183328,1983.0774999865043,498.1098675207796,87.90632882392352,10.388871690335385,170.16194410762864,273.1083094947751,5.416268209092482,3.8832519713455484,83.82886023573641,4.840220013194334,1.9969003092244104,8.614390888129924,152.72705998296317,23.69330202722317,17.319546760294752,4.5090218135281335,9.293406251823102,14.70058642982846,9.11822282193368,4.890845347855614,31.377883027607336,4.149732758889812,4.526720882851339,4.471836343466146,4.619307874049691,4.339654740476745,4.500302950691319,1.018918544463356,2.11584993389481,30.66815762750333,24.960956437777575,374.42205137998536,462.0517060761044,16.307622390034876,16.431479982720685,13.881403712221367,94.63870871538572,1277.4469764073658,9.27336414331817,590.534392605207,19.845453859423408,88.17237906601393,175.04051134280107,3.767188179927544,3.801383191808062,4.519174092270344,112.56111784080925,2.015257656560638,8.655446732636934,14.364173885428746,28.06482013279974,18.297058289935404,41.280754709681815,12.200254199110976,17.92943503462564,12.901317158896648,565.2974414296788,6868.564572506313,308.4374763730985,1194.0541517685965,11744.273387352509,2261.293913930823,58.711037138230495,21.26985097020362,11.794150852133399,51.83441355169411,76.03409309100557,211.18226199950453,164.25022102039284,902.6091892637575,1336.0196484489252,188.3021949596167,12.449629214472756,328.81164151841733,289.7102890624885,48.330339105955915,73.15440577387085,3.9687902112046123,2.338574100751425,53.06845467384337,49.06807031187111,2.0271883126877146,1.7890783331331597,16.710272480695377,0,0,0,0,0,0,0,0,0.2373281674263411,0,57.473054579618726,77.27108230485487,0,0.8783088954284776,0,1.7573578176979994,570.9446230930776,176.94814322187062,0.16502258319985894,98.53527240090575,518.8465515976923,263.3584944803668,882.7517574385625,495.9482849274307,365.65629057307456,307.2457693264883,431.1576449181922,583.4994892638103,500.4800396445344,588.4832606451657,93.37168076914746,848.824257769137,1495.0330867815917,945.8778714783116,3264.8468216938095,2430.6486038140615,1037.7607293232595,549.3505737768446,513.8580568056638,823.3967820135451,365.2668810803274,976.1465152917525,872.1466649129837,243.94342380621688,154.78354485329177,0.64245860963497,163.59254302959118,73.9777804010869,133.02479504114092,427.279355102386,142.51085521111764,136.46531021316247,212.50223811753415,279.7343361110365,605.4506876945717,461.6194236463964,597.750723079361,302.1358823245408,107.54684746110104,603.5036227558928,593.97468528712,82.73355317053583,48.0499241594701,422.8349846094616,283.7715579803107,332.6792044392805,799.4837979709531,1076.0158301026686,1531.4520995032613,1791.0682056171804,1274.1895446871958,828.4893101440721,1025.8070499470896,1463.3728466425314,2498.899084470624,2529.5295925666787,5578.609392847354,2256.6291992879455,1014.5457420142266,601.1173832568716,493.9837485782638,865.9519159119874,514.833653527286,218.46236591641147,145.22977234759554,606.9091404912062,244.75019350612664,273.1662952824815,142.69054231955863,452.23923237112626,1824.6242391193332,303.7344453452666,203.9383707901586,212.75404508933633,297.3456023504378,214.5038800597132,871.0280000038665,146.25053547961133,91.85356068120493,137.22135986470093,410.7471416438693,236.54602724689585,323.52195135594064,48.367542094131636,229.62015152170378,661.5329834644156,111.2069215000463,154.9756096586479,297.4412792656323,471.0725368383689,337.4879631457818,448.8223465119702,294.1146863422888,315.3281794303294,481.014220894902,438.56817250037074,20.371756194683655,401.4459550555971,55.071017066940236,583.3665192154355,7.398910205452272,1054.8852976442688,1817.7989646152396,1344.6343010109726,3808.7468018049403,2562.0524735839385,1262.7215453033402,457.7598896655309,463.9423002518269,843.4378021178227,527.2216358886322,86.63350277089431,304.7417971038177,1333.8986193388532,905.7165357861678,554.8237825684647,1129.3298677712196,1581.328078959615,237.12450667277133,110.37742076780775,264.4702010433996,391.75790943873346,335.21251114446443,333.5441135503793,503.62198128532873,303.3651563387172,40.21731487569135,44.462157385751205,14.484171543782221,14.603172497887018,15.999442851351718,18.65158999882993,0,0,18.534948306500674,1.8385793302442048,0,0,69.17188985080095,569.4229303225198,178.90258978182538,29.07570565335127,291.44371217359515,209.31498065276884,34.96413205897362,67.93923325409727,0.6664378442693449,21.64322513402312,2.320043830071894,91.14599282761984,5.3564091124301845,397.97544288533277,1657.4944904168347,339.82979648462907,221.15609017298178,14.442256689981315,0.6336333642209662,0.46345968618871153,30.850884520963735,110.08661410940603,0,0,0,0,0,2.8642170065399966,173.82543522834004,101.6775157859099,928.4880460079837,1109.2096456472343,228.89995928549703,752.287275931291,16.190318888666692,96.75540100198285,37.72783535007017,131.13438633782283,35.56174018996632,162.7489325491715,11.093845126757987,22.02750479267559,9.914764026840773,151.06703963510387,6.362313442520173,0.7603473613867412,1.703443169942664,202.09484396636714,25.034916845411605,36.62584213294606,206.4389510325162,686.437461055829,444.7554731787119,655.8496420588388,431.1719740767434,196.40403476315055,114.3312952042275,6.972863673247608,130.46890783108356,1126.6061669109833,2204.058747490333,2798.488986309332,2504.9703959525677,1568.851568283358,167.22705064531542,6.452885285126654,0.014712624133369484,1.3872155119479457,85.75804276374029,423.5007934481434,13.622800704941321,147.0126067655198,8.579622761694475,3.9172527139860627,15.102075480626374,59.15443658825656,8.144876869753201,0.010201264259724634,0.4456843511023396,190.71384911623812,14.328425800484082,172.8507770739849,227.48384804522018,3.3105050353289824,162.93490402897837,0,22.418351073196572,0,0.9125714985097533,0,0,6.3599895701519635,0,4.98998183818276,107.58197918227837,52.09953725608254,115.5893722074784,74.59894760705426,118.14392668214349,0,71.8397351074717,102.33416596636373,0,99.74682281355132,0,0,53.616723483327355,97.29783587085626,100.44601074519059,0,0,0,10.5896498425116,27.016175186105656,34.76819958393197,178.74124053977008,17.968879179117756,0,34.86191475123641,4.743489101736503,13.909085710114143,389.83699737636493,545.5262799208314,536.1404757269693,495.7148486027161,361.60148332941094,301.0935412895623,83.57599867703766,160.54079288435693,276.8801367250699,65.93778866988589,152.67710124801116,108.9615513130495,43.19324715632212,0.6673366833735948,10.569949483146738,0.025358614390301265,0,3.6170466301794706,0,0,0,0,0,0,0,0,0,0,0,0,0,0,0,0,0,0,0,0,0,0,0,0,0,0,0,0,0,0,0,0,0,0,0,0,0,0,0,0,0,0,0,0,12248.202933330589,52842.0099383059,30820.362033588324,41.427471410585945,1713.096890533395,65.78670319151152,50108.30509343255,33.54073303226828,402.33630866339956,32.83689752779744,39.73172742184401,53.63463572483681,72.68284814085116,84.36195511076772,44.71189515959919,545.8731143003847,7476.161740549439,1240.6603645614475,8999.812882476914,1062.1146608001065,2446.3920537019544,1748.7048250045502,3802.564299372307,719.2160955923134,187.85921975492687,82.24739477284537,64.40811234263886,1586.6704733578129,2323.502606781794,106.4683938507076,124.73247926191593,231.992231941983,105.71353419992418,226.54430406047538,186.92219220412738,171.5900163986547,105.90538202399637,127.56134493064394,248.80804547925155,392.6395753868122,329.9239969266491,8030.754670148364,4285.143482293211,81.01262879592865,68.58281989974981,76.98621643804688,1518.3036694969358,1469.2429940628658,129.3589272024179,189.52531108308585,161.53162880880058,0.6146129740908696,1.0288401387475583,0.01119232910516514,6.290843189393048,5.315889954100148,9.211867496339252,0,0,1.7322941158293332,9.421557836107397,232.73906892665582,93.2456948119244,43.6832012779177,182.36476986303182,370.92148271068515,395.77514177986814,59.01792299634742,68.68996782735735,16.309923473720083,346.86372907234625,129.4114989320187,0.00737149827270987,0.007553329996660604,10.693436545052938,7.157638414943632,64.57736583899049,3.2109112541423324,0.7552933126516288,88.79664892794345,11.189789020330094,1.2862517831873348,3.7597269179378476,186.6612460689915,55.25677439073568,155.02590811154712,405.1191054411928,553.3622595908815,915.2592399988473,847.912097011075,476.89160268639466,423.76790944199706,1223.198537826696,802.5012337247709,882.4171787043613,889.1744102976522,493.3701056080635,524.3629154297182,898.8312501573886,277.64245469643976,1069.379538167318,73.99865812525188,132.5417251431024,0.17333840106472947,128.10612196217463,31.45349659973158,8.831778865057782,395.3028019670694,88.18492994506038,87.06958626583398,293.9663934566049,421.34074237467064,737.6289024764139,783.8568450537189,67.1808186414622,1613.3923670073445,256.5579168572623,16.90166706981327,7.757860722285933,93.5293052161995,391.00290373821827,621.0898450973847,136.8616951412278,45.90243424382192,121.6911687506127,992.0207063943294,396.15038421879194,453.66616892578963,246.39502512060724,478.0242460062594,274.0513349524659,359.9881992067169,596.1300491489762,1436.2943531326769,670.7843405919728,1619.99020699119,1725.4596073745358,2034.6543723526443,1264.1175799602468,718.6091727811562,1448.9793995095436,816.3824899163656,632.0480103178943,627.7831521921103,539.9868820608602,756.3630213651182,310.0918529577654,188.61832351420074,0,0,0,293.4490393433582,17.540479255960612,617.4779811801259,186.42973458321015,130.80502595349736,462.91546885912726,79.37422357473494,134.34038020898953,763.7090551336898,1014.170697292899,858.4194315671803,865.7533443515972,807.3406918539864,492.68720776763104,90.2930842903733,91.02017138245978,255.76823221891098,0,201.78037243012056,2.5073451937722755,0,0.7473967011163188,26.505664969522773,236.4304013312125,8.299179840338331,0,0,0,0,0,0,0,0,0,0,0,0,0,0,0,0,0,0,0,0,0,0,0,0,0,0,0,0,0,0,0,0,0,0.19786378560974613,0,0,0,0,0,0,0,0,0,0,0,0,73.95359490995666,0,0,66.25576320979725,0,38.91599445263461,0,2.9647370073035897,10.945954400900778,18.311343060143823,0.006447394173568445,0,0.13214863571278698,0,0,0.01047647065741723,0,5.074417480189931,0,0,0,61.400534357387464,0,0,325.05608268159557,0,0,0,0,0,0,0,0,0,0,0,0,0,0,0,0,0,0,0,0,0,0,0,0.1531414320710103,0,0,0,0,0,0,0,0,0,0,0,0,0,0,0,0,0,0,0,0,0,0,0,0,0,0,0,0,0,0,0,0,0,0,0,0,0,0,0,0,0,0,0,0,0,0,0,0,0,0,0,0,0,0,0,0,0,0,0,0,0,1.047871770316361,59.5489946365422,1.67345922302036,0,0,0,0,0,0,2.209667590117032,4.112890248525749,7.398657683735745,39.645559550451665,425.9452082478393,368.1271450772035,462.36632586261555,825.8823788242382,69.86376497647487,290.6807810032534,415.69355694406624,79.1161072125259,139.8613928448474,105.20262585851765,147.54918451494615,9.324480515389554,2.75913529691549,2.4230840390185326,5.774550857266919,2.412892858080141,2.11256551145974,2.1198537099507546,1.8926610018904648,2.1485313284464396,282.84640347099713,7131.884891940692,3500.863755564147,2.777364054177321,1175.6365932039926,34148.62722300981,20764.105865566326,10072.209052419952,2.6005817305289156,7.860923662316287,1.6715783380287705,7.701373999553753,2.8331737711252454,6.57086741469425,6.270314703333944,5.24840775982312,624.0743307230516,10.251275087399296,52.22775838803304,51.80157565337199,7.09958059001042,17.695320727696227,1.5241977625383927,0.029353016235411103,2.861402473943943,168.01967228781157,23.980008338843316,321.77950136053727,21.24361313000526,138.3778417304077,44.064518931087235,7.614921559461764,965.5777018964822,107.95448091154375,2462.3148408620755,1897.2284997861375,550.544032291363,58.303021827514094,0.0658025976666307,0.09256646063904188,0.1543644285914486,0,1.1134201053696529,34.53015201522667,1.4267705461982592,1.2509203034085608,1.8748323197174992,1.2375033300847083,1.1875207499122455,84.10421551050375,5.661070586450092,4.811358202586662,0.9145939960125427,9.224044197638179,0.013219608594759548,1.0141423112157553,1.713094805092062,1.8882657264370264,52.14862487732853,2.246071258101486,2.3355008313564958,2.331037508001398,101.78431450836335,33.84513639952902,72.44327536564782,0.019673550838939773,1.8912053215614404,1.1755645552692622,7.484851986303135,1.1855132032920574,82.21447653500013,1.1757793727333739,1.1683605724560653,1.176017751536734,1.1861065501269572,2.2447161942647726,1.1831241010390383,3.441142171179802,3.183963220544296,3.347791459805984,25.05894583678933,0.09172928288234225,1.0403660317397623,1.1775130088269667,1.1521978599813283,1.154061333672389,1.1493430198587358,1.303682436902858,1147.254894485733,3879.2667320506657,2264.2736134236793,17.00097808979285,3117.5741923668056,657.9333749678166,1.1788361404250172,1.178666564952904,0,0,0,5.5122628667470295,2.3497494533336,2.1982602737207864,3.4628794918830335,2.319537739328225,1.698696782051604,1.3966607491661496,2.317230546916659,2.3217475148820976,2.3226069547662718,11.601531731302474,2.779586395100296,4.369576470602549,4.5777790620173,34.11682358123859,2.320488323078009,2.3670638066177805,2.322240468606312,149.07021851590378,2.349800107565007,2.396162171290501,3.5848500417425178,3.5572777730116756,2.3182365994540377,3.588498594956733,3.456817216300948,3.5520600844411923,2.313617816979067,2.3123679367995056,3.4350864243571695,3.602714025466186,5.638844006515517,3.5535534108791214,5.828939268712056,36.29428702739385,5.966351933240803,3.5558339934313548,46.570512362132995,0.1213029217088978,3.5079312178496775,3.3116799974001276,2.2120402009784,4.142680573132376,0,0,0,0,0,0.05320450015834521,229.5899431753477,159.30098482141895,585.2882467568799,9.960955690049788,6.66821980684119,109.97267927091885,93.76379594156644,77.29101599112023,434.15521209902624,8138.918832856339,8662.910360359263,523.8410643025667,19.29009601873462,88.43954089524746,153.75415184105782,157.65392559323465,23.01453474219569,7.203306272145339,12.853994561302153,0,35.05864295338602,19.86412473258406,8.122521832745582,5.914336017504258,5.549186297254945,15.201860679393038,33.161559294042995,17.75693563149474,13.337596094811575,22.690238621821514,272.4072027333819,1876.1030496639503,739.5518399146961,39.108928964728904,41.20595305201982,43.983009237723294,23.54659977696755,1100.0710945276521,2921.2914510072815,67.05071545609226,34.65512451174609,790.1218782806685,31.78735235696221,25.519940621793513,45.26954449732585,27.5753595811666,11.092941496784523,22.59058991068246,14.766348799095526,119.58823406829255,526.5674706303785,132.32272394452863,802.6405495315827,11.690741394827024,78.75428894473774,2154.795731526507,1113.9054121972672,1714.5525108888523,2406.3623395685904,4710.987978265843,10594.402227092383,12.92792344974454,11.122670712671257,43359.8116879385,41853.65638294512,202.43643826665595,10337.986751758415,16.797743678192646,5.169270219208626,46.46306942913892,48.482808910738214,354.7157715381703,1219.1298822630567,478.0327043669254,157.9981513224456,49.288375021510035,153.9779665409084,557.3036774612522,1751.901937379507,33.796151202233524,600.2565895205893,31.63585471162723,33.967391787742756,27.50227188095359,28.4852799815928,21.996846616675338,7.512991980421301,16.36257910110321,262.4003534766667,32.05400908930479,23.326859793546454,17.596600033242172,24.014022014931147,49.53259384251725,31.199436861581123,19.527718073463273,177.02558689448813,30.291622000663995,277.35433190661973,45.92833362320121,26.400536706211643,41.78498739231458,336.3517358233079,53.463318691588185,77.89182740200792,353.4868761553616,18.032056153477928,107.48728931001216,37.94103141451656,654.9938328578626,395.3645428596699,46.33788131266107,32.79187509086113,57.71543605735651,202.7137815355181,218.37751826331757,139.52451898298676,38.5679281366394,36.48285703736504,43.257608993714804,38.36253010182629,45.815593649168825,41.78378405921808,49.07826820341848,40.973763003053875,238.36249394769953,120.75835787273174,131.50410099348167,298.4318976312014,146.89805284019855,3.827677139977877,18.29811803436131,8.902371097520064,3.5323790464693015,5.556800585296206,10.41323452608098,527.7745349450814,231.95744197555908,24.104709933509806,6.017801302781722,20.33727898462675,21.106780950405913,20.94900791320063,6.5390558589675285,12.779704668602305,17.18286816064463,35.2771118248413,144.8090068230241,136.76488184167363,15.156133477478035,55.83922656691546,23.557079971510724,187.24730696939707,3.6255803686099326,10.711736256665917,29.220901975615863,30.74274082697464,18.805480539587517,13.497572476118135,24.776789038664372,28.906099512904728,32.265937716802355,30.610156133711197,16.63748522353557,34.90118071157333,10.399660438878353,26.315814342841584,32.17082373847871,34.129523902296334,35.63690919526565,28.218177902087593,25.51963574118668,816.2841452928491,160.80188154673672,73.17533391075948,44.35490785409777,34.594918134108916,36.07011058860096,30.606589101662685,60.83375145420785,40.13806215935772,24.13180691043697,30.15204142809818,27.750210097335103,36.26030622240488,63.659868577091416,26.643652724070645,1715.1371028617089,934.349739015456,1005.1355627158389,165.66805113781942,586.7115211371408,22.646425156440976,30.02628278703975,43.914328699242866,32.82228150678146,30.71575036473814,45.357680940005764,1820.1495330763094,34.82105961951961,43.38312824955585,36.21173814664686,14.916791323320304,31.615762700019143,264.65698006132493,1185.2134250696042,551.3146232487006,44.808250603894116,54.280626837704936,39.499195463474734,986.0390932853853,8672.37457739042,3801.8725784003636,2253.529183683718,1735.3334530737898,1875.6594638251952,106.67970115479677,57.76201303070471,42.56481026414359,65.52321731866843,72.39546361622776,83.16776736811887,117.59423434433732,280.12713583961346,2986.775726685052,380.5764814395535,84.93464405172566,110.86630743792176,70.17008720697275,70.03258662365859,39.69018426325767,1363.064326371403,1295.9958361721415,34.12200271498148,24.329075919267115,21.975587080282708,22.9867897909094,23.623046824875082,25.76774724477326,38.03882542133388,35.858151131110795,36.57573650624566,82.26161260080329,35.642729636511696,26.208641620842517,731.7605815365049,248.70842823526831,90.14992760001965,29.714193294699125,25.329903986760886,46.97383754775394,24.92858565311478,168.84379060451394,714.4183306825677,55.245169635147825,42.09787757867217,86.15020955821763,13.151643358612871,162.49654220685665,17.846077604890123,19.16591553017587,18.68968445839042,101.01204187533165,41.58497055430518,135.77367862998165,26.31505329097984,28.750551616079107,31.36641111931394,33.43967356934995,36.3694772175454,66.31727651447896,38.444243690777036,135.48159295437645,31.93548128068065,342.55506281429393,437.9707712717219,87.17568171385228,38.020099114958306,28.02408151508548,34.7860599336248,56.71219615097748,735.6021450293792,623.7612409564808,370.1199735869514,28.040581595736363,33.04756505184499,379.92012065927815,12.74394010036064,23.450449414748046,29.1635317342422,237.27900621120716,18.667617514920504,335.82533182583234,14.955994385234995,22.747465513092745,27.043395589364884,27.31798367958885,35.588053495340525,25.670270554889445,28.192498281959363,29.28949644202224,91.34070516873514,50.45711842562551,14.18135100965889,20.293612940015876,14.498905500998978,39.61751012019272,37.72833536371566,27.21310556043521,271.9514965883522,670.0483418370939,41.42002462066211,28.603837022251035,359.65494914226207,1394.6802875736103,92.36979653245841,12.133574866998819,20.087333866612024,15.789530043947517,16.66253985707584,17.645606373471306,18.357553455277177,15.26389354732024,542.5625437284043,65.80016018395165,38.535650062028324,245.44873256786,45.183541709020695,326.81484770209585,49.724016434358504,73.00330329366837,69.52667044314828,62.94160143869303,38.86967075847085,27.570268977840225,474.10538948527267,33.62366512169751,82.08659543004765,29.780733722139285,29.64251938556881,111.6494739858825,19.097383182754132,19.448901852283175,26.474559788507808,463.01830987381067,230.91155024683096,117.21421643797233,26.19587143743086,32.960386697103864,57.19999316875881,36.767212879095304,1080.050006454122,1833.8533435292904,62.75450290416617,31.28722743430896,420.94351641988317,4754.430349525103,443.78220051201964,30.898792011588707,29.53793002060542,37.89849385063791,42.60042558223551,22.857089903020015,26.109472446685192,24.898310668271765,35.386732100860605,30.628546266183886,27.11788798024024,28.84728575035787,28.245386041727468,82.48414236301,27.021254916781825,32.360276179497355,26.724164496143345,34.39991230687796,1552.2470086899752,260.40960604094823,35.13281036449357,30.952255570689527,37.21833410866617,29.227240044151124,38.217943399307025,33.80235983797665,34.466704453735225,31.68843062707882,181.96796314680896,1255.2338147821806,648.2133276856332,32.04355667823944,42.621527569453804,95.42047172450766,32.70522793467259,30.402833195846885,30.869388175954285,22.430325646503125,21.587797012368092,34.01656215831963,117.65755658496944,289.5782296112292,29.45536522666439,347.6899083522078,305.38507009468145,46.21231485086125,23.941721116445073,27.26337358155777,21.712216369131013,24.903470516380423,45.55308227831896,28.54898273853522,64.33905314147684,30.669988923271944,37.64156171057719,33.34118222166461,100.77853818574043,36.95993876008765,139.67103024257224,28.516000902438897,57.023088236727865,22.131558318753,42.679678955664734,25.078996736338656,89.24378398968304,34.106268155111366,49.58373406540671,32.62727646855747,25.364344964021935,31.34140472988157,142.9882177634092,166.51968116967464,45.10461373469923,20.906427109778797,26.705212804878457,20.396849422115416,33.12375387129485,27.44983874302929,29.252617795765516,13.422319191615543,29.209304905606317,189.38179900116302,17.005698379793746,16.888443068118352,22.089448801231264,28.31977334930693,17.262662292595234,36.13561423206614,14.67185684206869,20.02440754307883,29.17301856383379,15.11784798805919,19.48376135890778,20.47840979971373,236.42912267087823,397.43709768351704,386.02527278545637,75.29312682672273,109.8283689117481,677.9331159351935,441.4462577522598,70.66126269187819,88.65436523760195,96.268067201896,3.499754229449627,2.8166396389086477,4.152142957619365,7.621124031170368,441.34156841981803,282.7435300038873,152.32068735834255,40.90103224215969,40.99642050299964,334.9657648070651,192.90232766753792,171.81764665491323,461.3302037855435,648.5201318175858,863.0585199381524,3221.5264100020604,2482.786893407507,738.7427520321793,874.9449148132525,661.0618531748185,415.39196304434375,166.32765218179586,389.4023081830137,233.0761893901379,21.074012615972094,15.439194813959697,23.6846162664279,123.77507112210156,89.36658382166999,57.853464382154364,19.63368251306354,153.71244517627235,122.21903165508863,84.18364928016021,380.01777146662886,239.2309388300309,74.29623034684667,31.838977016931743,123.16224657790117,77.71663372133318,145.0357280441727,2102.696572409641,3250.1236513618524,1843.9990583925005,401.258173913005,288.9686024540317,131.30906067040033,57.758380722789,2592.9421433997627,871.954176581056,799.9405937340762,416.71476456597577,1518.4871287403764,3889.08921428278,2211.830424907828,3420.4528001144163,943.8502188251581,3260.122540442695,1700.9789962630703,1289.7233425541451,444.2158084033726,66.39242625250245,2.647518047451484,1.920315946295318,1.7111838069330936,39.549439070660526,72.2828094035844,17.520437138229155,28.20736014632946,156.54454825588974,89.82613253981388,95.70823565192639,82.83286312711974,122.06235743157842,220.9327130083631,175.0447959109281,149.8236938645382,34.591178758263496,256.83709929791746,116.5156358203199,0,207.9021431429538,10.537752548981475,170.19516450889424,3.1164354912139145,3.916707983616596,163.77937764059584,136.15104054408863,308.69023869373336,166.0758546030672,135.76529639701045,208.5324904138827,202.37316237370402,177.67543360909772,516.9922983327941,795.3888505689674,322.22243758835134,444.77854501482267,42.6210640218192,5.586595888934131,647.1909668135106,192.00979769028734,330.3573403632088,312.17537342951175,813.552108580492,162.35717623186534,73.60559794569771,122.33677956789604,110.41175613312284,82.42845618153157,81.05797174163176,96.3423132102897,119.55529430281824,333.27067607731465,148.03447062272267,136.55040963690547,72.57365593540494,97.36309655803392,396.4045199535069,124.45017255676952,167.6146927187847,137.72366130379643,169.06509652641893,425.06039076945893,315.7570447882678,353.16307763207215,333.8135544630134,299.35487334064976,334.8821103159708,169.21755964939652,94.05808451358583,210.17291226217162,21.41094099473982,0,169.7665193867228,1638.759244220888,405.8065326772604,67.77587779447154,1.407749623291918,1.4348883941354116,4.340088598553883,0,345.8139132336414,135.67587031434985,13.163066797616976,2.03085591788421,2.3712225534049107,18.100044585516272,1.4435511491899378,0,0,0,0,0,0,0,0,0,0,0,0,0,0,0,0,0,0,0,0,0,0,0,0,0,0,0,0,0,0,0,0,0,0,0,0,0,0,0,0,0,0,0,0,0,0,0,0,0,0,0,0,0,0,0,0,0,0,0,0,0,0,0,0,0,0,0,0,0,0,0,0,0,0,0,0,0,0,0,0,0,0,0,0,0,0,0,0,0,0,0,0,0,0,0,0,0,0,0,0,0,0,0,0,0,0,0,0,0,0,0,0,0,0,0,0,0,0,0,0,0,0,0,0,0,0,0,0,0,0,0,0,0,0,0,0,0,99.69635563732119,0,0,0,0,0,0,0,0,0,0,0,0,0,0,0,0,0,0,0,0,0,0,0,0,0,0,0,0,0,0,0,0,0,0,3.47120347402564,0,2.950419072041637,6.085060188018549,0,0,1.721194988723195,75.62948495665022,11.833003710845572,120.56973221659737,8.72283458465221,38.985346948045645,0.0832934375762139,0,0,0,2.019336979973085,4.853356592614396,18.519216735236498,19.49939918445611,12.518567605296246,76.08085947733086,6.114160605694285,0.9202371135820518,0.45947590053972204,0,0.011381749070123926,0,0,0,0,0,0,0,0,0,0,0,0,0,0,0,0,0,0,0,0,0,0,0,0,0,0,0,0,0,0,0,0,0,0,0,0,0,0,0,0,0,0,0,0,0,0,0,1.472253394380201,5.997653688248903,24.6446245518395,48.7819824866101,55.62309196342525,177.74511106032693,59.3044203141513,138.0452863891685,249.98953778408222,34.129673348305275,98.32204507509205,100.27774781024499,47.22557760899867,112.95375784547468,34.71164628649766,81.67346066137361,6.470632133793998,7.468326052094061,77.14885930395141,3.5908732609394507,0,0,0,0,0,3.54524753741818,3.0729666402302906,0,0,0,0,0,0,0,0,46.126821511867185,47.617613806599735,0,0,0,0,0,0,0,0,0,0,0,0,0,0,0,0,0,0,0,23.824896472264353,530.6981540641389,12.263711175481726,0,0,0,0,0,0,0,0,0,0,0,0,0,0,0,0,0,0,0,0,0,0,0,0,0,0,0,0,0,0,0,0,0,0,0,0,0,0,0,0,0,0,0,0,0,0,0,0,0,0,0,0,0,0,0,0,0,0,0,0,0,0,0,0,0,0,0,0,0,0,0,0,0,0,0,0,0,0,0,0,0,0,0,0,0,0,0,0,0,0,0,0,0,0,0,0,0,0,0,0,0,0,0,0,0,0,0,0,0,0,0,0,0,0,0,0,0,0,0,0,0,0,0,0,0,0,0,0,0,0,0,0,0,0,0,0,0,0,0,0,0,0,0,0,0,0,0,0,0,0,0,0,0,0,0,0,0,0,0,0,0,0,0,0,0,0,0,0,0,0,0,0,0,0,0,0,0,0,0,0,79.58958482686351,0.10209869900059054,1.8355827250444727,0,0,0,0,0,3.8256588871814023,0,0,0,0,53.09731369578579,370.5114175587011,68.20153813126743,226.93240794250053,102.3101145530547,434.3306376202023,28.154073010075862,15.710052833815583,877.6520603682072,41.47744337236909,111.88784071652388,1301.9115870499456,5.821381550846831,169.85601482740384,195.18022974513232,38.8865860500664,284.6102874756965,306.458767282929,129.37796115532606,111.52739316336631,60.95967690345386,1531.4939542563532,17.619908731360454,145.26907792743077,20.617403179497703,344.1932540331458,65.8394474251091,32.22823075092751,56.83175610282409,59.0644784451247,0,0,0,0,0,0,0,0,0,0,0,0,0,0,0,0,0,0,0,149.22463826171082,197.01804843744955,769.2938787981566,930.3640449484569,894.8494296179783,406.41979465363596,62.67911295343897,25.275518216794413,0.18988915218614713,179.10234048352237,1.9877371865392455,123.09709744122904,2.659815667822717,257.26002514302775,20.467305287317906,104.43604121950034,18.525424993031468,5.407241122196281,24.047966745450378,10.255116035928939,41.144792713991436,133.9052578478469,2.2295522789335447,69.3839268058212,60.85484672634253,23.801281537848322,194.2937145366324,214.15847782491988,106.38611456325579,39.08823449209655,10.775312868936837,9.085358750892235,102.39759647231358,0,0,0,0,0,0,0,0,0,0,0,0,0,0,0,0,0,0,0,0,0,0,0,0,0,0,0,0,0,0,0,0,0,0,0,0,0,0,0,0,0,0,0,0,0,0,0,0,0,0,0,0,0,0,0,0,0,0,0,0,0,0,0,0,0,0,0,0,0,0,0,0,0,0,0,0,0,0,0,0,0,0,0,0,0,0,0,0,0,0,0,0,0,0,0,0,0,0,0,0,0,0,0,0,0,0,0,0,0,0,0,0,0,0,0,0,0,0,0,0,0,0,0,0,0,0,0,0,0,0,0,0,0,0,0,0,0,0,0,0,0,0,0,0,0,0,0,0,0,0,0,0,0,0,0,0,0,0,0,0,0,0,0,0,0,0,0,0,0,0,0,0,0,0,13.717881467641586,49.85322339121058,111.81409813596797,128.80773310728273,0.4785604881605514,0.4144505561497033,0.1142833070297054,0.15903329802052216,58.345437586080735,4.247515851464731,0.4516323746870668,143.95893815597765,0.9556077886973594,3.0415622126810766,48.6195782412361,7.218496995883035,1199.9513042999515,2950.7992778519,244.3510102120556,2.5287098462481974,2.6757512009314115,5.034515941850948,3.83537429302834,2.0510679757610646,16.655144606034643,146.85164514887376,0,0,0.35439760090490763,348.9053209232441,1.140782540699068,46.61425440742754,40.89930457143388,9.042561065694978,9.36776244548163,190.8613470667419,11.741824667301243,47.16208629854288,87.64243131008324,14.669188273261007,10.762847289840884,603.5981650282278,769.8170012436369,205.57677929028918,106.29636636850333,12.258943461906826,13.51814593889963,25.457719900809696,16.428050941350172,661.7463987224329,10.871704028857128,11.426702401277694,62.211914079389395,301.3484792168754,2537.232228526295,700.7769760577555,1588.7576851584286,25896.07469135675,2148.329350501183,542.0373091091944,31.59115677908041,232.59879206486406,43.473768800821645,381.84201097934357,70.92002872742273,26.57817586993222,16.465584082271178,0,396.3626546086589,56.00182101323772,1347.5829312188223,1586.112329457797,13204.133267827556,1165.0186456167598,44.20167691951453,20.403977564334905,12.702418367328134,87.73620648088368,2814.151226945439,3736.6983934922528,1966.6949905891386,129.4081998607011,170.16456678204594,958.6640599089583,20.260875700010203,20.06423880291588,20.461577550060355,20.657588583954475,11.403455140349063,20.956056115499248,20.310846218169342,20.86084297843101,20.894669614374486,6.589247423636661,59.03422957905528,8.450348166138019,9.34307585335842,60.502302841046564,70.89513517224047,27.523881160518243,5.968525250533081,54.12259666968626,47.841035896783076,16.748065199029984,50.47576865821837,39.04700007753781,34.54710141099082,51.369709327133734,38.25507727916411,19.47978144210329,44.27998960216615,10.923999920296854,42.13099314437291,32.9016944486946,33.855959347708136,29.607612979938626,34.904653521477634,5.759483616637151,37.3976043799647,0,30.539354132681616,29.364553757187984,27.82733997489646,27.072441590856442,33.70483670868323,29.52532058381956,0,33.80224156665442,32.7150923385382,148.25579369493605,3.8620244985343324,4.637778286068378,136.15772901482833,10.386356336416474,13.082893608276171,3269.530087026796,750.0221312108312,80.53388996435243,1.8642355116405873,1.288100192404645,0.016548171620454643,0,1.2705421230993725,0.08963487063127168,0,0,6.741005634344416e-4,0.21325186997685655,1.3114343096370749,1.959252295714434,0.41882216637800046,0.002882686164119296,1.0523662655177763,2.546057070592777,2.7759236121431226,0.5732561460494169,0.0609761822661648,0.09202363551611778,0,0,1005.3429605308902,2034.3221491675126,0,0,0.40594471314620767,3.5189007314960854,5.184569429649051,8.000909272850368,5.151570221219096,0.4225230873328073,0.03876580425137266,0.012869610654619537,0.5499549623166753,0.6680801479983975,0.2312586696110988,29.87572728671221,171.0891779572554,3017.1984469391327,4702.445076491606,2383.9114941723583,4745.923057443706,434.790254042665,146.1106298770794,20.83301119603256,4.335454676458019,82.77721840517464,63.71359833954129,1.3086495047372613,15.867434621194327,758.6105777232558,0.7156576241631443,0.5723380986885678,8.563431226005553,16.85028233362817,6.144572153720284,236.32893578116594,212.93526695534294,9.6637413776348,13.13450225725713,123.67992208313849,108.97039030443268,782.8247246392452,2809.128593347318,146.02076864697455,103.14771194062709,65.98564376013637,0,177.64399013540515,169.5580504479706,2307.0337824124335,1683.4640697535326,1142.92927932485,240.92942846833736,250.54529632206072,143.25930943060985,322.939694166503,251.3784809260749,752.4870924776138,309.94514599888174,259.60259099676557,216.7984254675006,239.37084103218237,724.8762103829832,891.9446194435372,137.6936878442352,646.3179742972469,181.85434412337347,589.6579764884967,629.4601154843843,55.12092313616532,81.18675261512469,193.914765530215,214.80458548536052,47.35421535682201,86.33468876408445,22.42787710024527,10.603850483231728,55.62274196498505,105.51478171828323,551.4022706851846,1408.2909332182032,657.962383569984,1254.5396534011288,1064.9529387092566,18.430848737183833,125.5914926353314,258.5449936717061,84.7297112560509,126.13540295024167,919.6989601019951,376.39970664962794,378.5750696255025,335.1490692103072,18.62008870075723,344.95307352797204,394.4210128654643,553.324694411391,685.6973819399784,387.3075124119476,158.93579929362127,321.34905772230536,152.3205162962626,99.85298483490877,55.52956043411896,414.9485822859817,1888.3527648442894,234.9123555163979,469.5565076290095,568.9613281516195,681.0799899372437,391.287122752087,52.220730249052224,155.14884642983213,76.2791187568401,16.48160136061333,114.97577402361824,77.5419805374997,60.235722528098954,218.04521114502356,178.59651943450314,20.101768556418662,140.07162658940894,21.642124969503183,76.81638692066439,213.1744416703096,640.2301965037483,328.5215253489239,235.61485368190134,116.93862225115627,64.32757224946128,381.7642153344664,50.82616158901863,424.75965609706026,87.64027626388179,1002.5058585972802,349.9201279983974,96.57527670000539,42.895719634240386,60.24404033354173,62.75774611654444,172.44829853587373,220.08749896846427,281.98226239447513,569.6189303905265,164.9631809994346,42.21797049863025,118.86368603501685,61.841102678644795,143.81255006217555,66.38914661994704,69.81475658580976,84.36938903675673,28.178756025294895,55.827702102544215,34.61716623850234,213.8806362914934,372.35174497425186,308.52413299157155,242.75554146001568,343.4949930049956,435.08393752365566,630.2091152477193,221.5147731667597,150.92571487042292,515.2761100002775,431.71765541934644,246.2931710456399,465.8475566404343,222.48746579914013,431.3082378637758,95.63238616888106,256.9216204568591,287.62325605980186,669.8125937694059,660.289444746657,1236.8634297389278,276.5212501244813,176.3153925577421,306.9334347124824,2263.9201710191132,523.8995964845586,735.8006466981648,740.9164484511431,228.21153869207987,121.85769958125421,21.523490793089678,105.79016171669075,163.61290140789342,9.058931001777323,43.262778866225354,80.25696762025835,22.112802782427384,408.5538921516049,541.0513321611162,339.32534512418636,121.87367394220456,50.06488191754814,84.26896212846518,273.17710587650004,796.651656532375,321.9596951247291,5758.052089727176,1170.2332015100021,907.9765208599802,776.2407724792218,252.13124276971942,281.68877048215654,204.25393490945524,315.477656051134,245.55093543566937,351.56348771904993,359.29821820489707,491.73121619687845,601.7516983453926,514.8112578601306,130.47037063404628,92.12900555244305,202.0153056569516,122.5550828365389,120.95523048228321,72.63408715988487,109.42612772277519,123.87591089004616,5.336720740447996,247.46978059136703,120.30385206244962,4.264152560321288,6.246965300397527,280.72190064683275,160.54813669759432,215.6649884938955,210.06365085337077,557.9471055731212,1494.1600897370051,1305.6807101548152,1608.914377432513,1159.2263950245278,230.56785662268277,324.0029862202138,490.0368404280453,776.674630537389,1373.5463388593969,529.9565580887332,276.461406800261,15.743035433848716,122.07679664290832,475.6934486762863,94.03469553592933,205.6854501069384,863.6954815700146,210.4299128324991,8.855572181678946,180.0395602455933,1427.274019809821,410.02246782648444,66.30082900564581,39.084661491838965,569.1229002683178,193.54965332639844,83.81053049608649,105.45738255200651,326.05648757836127,76.06988636469447,113.31715890234504,338.2884999208093,286.0013575776844,624.1564228613748,1209.3698958548775,1054.4051782935464,3.8540613677024704,8.906249745645608,6.727098071433625,48.59622859174681,6.569756593730911,6.534337138857459,51.54165920265627,345.4609919634558,876.7753731808561,1702.6619662711141,4133.129386408412,955.0852602855238,7.188642166213787,514.4251249473822,13.93135706234346,631.1572525428509,43.60527578555657,331.14023198087244,48.04431109356087,73.19570543374574,142.66688543141927,13.284230396176381,21.962494905128747,184.56778389066704,84.69257973473464,219.5680230683854,144.72020145666298,153.94518583057376,160.28730032968858,11.35718454322499,9.240526967276177,90.25315448615238,0,0,0,0,0,12.628303149367897,2.5129200422690174,5.850517382382269,3.1677394434885606,18.28876690740519,490.12718541765634,47.298391545553805,87.13698147483103,8.646714652988958,126.55616186667801,35.65034394956937,306.2789582531274,2359.6913240283507,1128.9045242117845,1236.7461099290188,818.62707035717915,742.86517333983,263.57185706411224,241.96575484715586,424.2387546224371,389.7352557561393,288.6653808623541,606.6896808838464,561.637451421851,87.45344883879945,493.229666379846,1335.9539271302995,794.1580084734811,96.29182328374294,71.14605203124462,69.01617026982099,78.52848590796447,37.11513335802198,76.12162930078023,34.050325504469214,78.12616304033108,71.11274990745758,107.4682174825992,95.25680050948668,230.92779462925245,1713.298890184894,2243.6915635325217,2817.265001184019,855.8641811022297,763.982159701905,310.2510855588602,273.1953507022593,1686.429669979836,1228.0791207475907,1662.6763186738385,223.01907240190334,156.66159225718602,154.2995720354792,90.60870422715784,930.6404928390622,235.28156609070683,117.56593587769261,181.83466271958417,591.3453932341763,175.47037509460858,736.02413616440106,354.90745925119893,146.21565307431015,2430.714499851174,1144.165338160415,1347.5144336148255,1300.1122717087846,923.7576643995362,2058.909456212002,935.1419288188354,463.78986868547065,922.7585557068066,3987.0043239679894,891.3533706077551,574.4519504208664,11.497862287580988,45.76017570064965,55.051972072786405,36.1330720857271,41.395087858178755,35.91928455811726,20.991477925696984,7.9655436535515065,143.349564930977,4.2334300767237005,30.922091949584654,4.980610588175866,222.54638021215973,667.8736749901741,3342.084470179205,4.392720700744234,23.205920700641006,1.984450485665784,39.90307757769691,759.9016981739488,988.8424464935497,891.9249870375409,403.00611337769607,371.07697301292734,22.88277751078716,556.9582513855328,1183.4170745625972,756.0162947799142,2574.166112841082,1253.5771015404684,2077.8239050307193,655.1577517236402,1019.4065209162985,1043.0349625633303,1737.2411391107498,2728.932779269132,574.304056922288,592.094339485218,2952.4602897581103,1794.297594747491,599.6367102458706,1682.98375765488,1819.2410394302651,1045.8294346802165,1976.081805541907,3098.3790592515434,468.14712348495715,5001.696790703973,3990.6294506329937,58.52187167212592,2038.791420183274,829.0968028238632,37.588138756135315,1581.2504345587975,1755.1171909812201,1330.3565461148744,455.36985730790315,53.964441735800456,180.0595099690607,151.23802822927604,24.06235860050377,71.32757173436096,561.2127364237358,1258.9321660230978,875.7281395245581,22.951226949964216,426.8752915087669,8.07874538590779,6.479833187991887,5.64094095492214,5.690354803764301,6.110532026989816,5.575728383113343,9.21504125927974,19.369865223006983,22.320016013775138,16.028278465676724,12164.68638891245,676.1903820766278,3281.501111210632,591.9186354552793,6.9228739386009535,61.95717127051868,116.74520681253638,130.61199859255888,14.464210829417418,603.5253345983723,3695.016111815496,5223.797605318904,476.2909849525345,78.97699520413941,105.28985666516202,2480.7706143606115,12539.823044210229,114.53973275563372,2596.743017241879,721.0634160063247,803.630924650483,830.6485735231669,33.51732395164419,411.5184487832668,56.46535073583145,156.60688734366155,10.130530240439871,324.90553795952275,8.587466256741951,4.97175622598045,4.9318949762359114,15.196415718385948,1.6432591449669463,11.302280167878145,40.93323651082796,21.405670669653297,68.18235651104561,21.911469056361973,69.31578352988342,684.8600892400979,81.89890126124713,59.788775896464955,582.7406070030445,19.752858120703433,21.612549408868322,372.03317519828505,738.7307736313165,200.11737451816987,21.53702089093143,134.53309643672503,156.60074869180582,41.910149382297085,52.83711435246165,456.4770483472089,79.19497764563536,198.45754681500955,24.897556573442525,54.53037905096902,147.66508632382477,271.7823711081095,25.41771274679416,27.16146129507918,26.506228521626166,30.89572119682349,161.5325872423486,288.15194602585774,224.36466901402414,20.557477489346507,268.71660547977007,36.028059355064855,68.97251036002378,98.22189503757411,478.16665488887344,339.9536779166437,6.670692327347637,31.55961877990673,95.41541081545063,35.38615042775176,5.890645815245176,26.378114120468556,124.41328938624126,272.67767144705675,84.21355859318297,182.69815528695565,318.56128378678414,1189.242774485009,5365.283485536663,15761.751795138089,4572.9680477217835,464.0152082671664,529.4879182919934,473.04602889687425,138.4058075082972,194.40717219994548,199.0489659981547,244.79019111992218,130.52933043507545,68.88609613964567,49.66355731412475,231.76449292700906,205.1201838141864,99.19158649480616,20.219023347634202,42.01003348357023,2.3069803737194414,3655.3326921011535,7.66010858097489,4.740129335179164,609.4972166569501,56.710130552548975,43.08445475127733,43.47987620376546,0,19.494609260340408,0,37.38483107698881,5.266236389690114,22.312142240424894,23.61070093395872,21.674726881872168,22.891880762302492,21.175719163704645,23.532501917382035,0,0,0,149.21767731059106,49.75669009291105,204.52979074551558,262.05450866829153,122.90000391039007,55.34954049804698,54.52103178691564,259.1962878382205,247.89830945759226,354.9559115257426,322.8726450618,206.1347008070812,90.09734623172017,55.174422414648326,77.65759929340268,124.89633556540952,158.42706507966986,82.55367679259795,141.40315370018496,134.813113776326,483.4626927557397,776.7388318075244,138.2126466640986,421.7508954288159,22.442314458492532,119.25519643682158,610.3182788434287,140.3676509673472,174.90875082393373,819.5993670725878,148.17862794602718,716.7032890960041,833.1637694131682,835.0550560941051,1095.4944680231852,2891.681345028669,1297.2859018846807,3582.3400506812213,767.3803483522601,507.9086163149488,294.24636938501396,873.5589404093433,377.23172592659927,1506.1374376575623,0,9.04276763245368,9.809208956540374,42.85804895171479,25.96249482470016,629.7974378585858,40.17519398082032,34.594366558977,22.029242479451007,163.34344292681482,686.856125233485,536.423207724836,740.7671250507677,2421.214899916019,2566.908448338633,14.608862131722233,65.93270200576698,82.07076772655878,18.25813228688078,92.15093516234272,168.88802386905735,66.33368151572498,141.21100837887886,174.54150034526808,184.63162833299717,106.01327809309367,313.24225979095536,69.10593069732408,111.1773490836655,17.807823165245445,8.716187025049383,3.2210380401179357,50.093056755112976,13.756440846436087,3.3248603080708836,126.26900259167614,5.586551527729525,242.7948945096979,25.353070815263184,42.33240899981577,4.789464831168335,0.29462300976458033,2265.6378789156747,2276.9527953160605,493.24645892665956,549.155507217997,109.93542777583109,1237.4775680399398,1110.715413249097,644.2269998659009,332.56487178423095,112.90549997314235,109.4957272803957,111.04879831007183,28.908155285043165,36.39073196394417,45.2865925173822,27.78194090550139,27.412958503986285,63.334674389767265,62.791866226217934,89.41141604273336,416.7553351179486,1120.4179163572278,367.4121188671488,113.38800140848089,22.61683406489817,19.505595140103953,56.423966628116595,54.430587911473765,22.59644721562744,540.2667334189834,212.64769574992405,75.57563736158215,49.12835145597656,36.66827538963857,340.95531524183264,294.53454615537174,623.601931023241,648.7863227496736,185.2756402350481,151.2585062318936,294.8744732016826,311.2646562499706,531.9503799429789,179.98779847967896,4.6010412850871285,4.390381811911155,240.65121442884623,132.28979217165207,0,44.966012511214494,1.9938354653780643,3.2669660333954944,59.77777847478408,489.9849259537852,1199.8771952306367,1297.9629239790952,74.47852008329394,77.29553970102921,25.78560997325948,93.96797974185586,372.4143906775305,121.72283130886622,448.9105660032779,64.62485543162549,65.25367711993248,196.80682502241638,418.2581749731998,70.28165668019976,58.68624632392969,3.6014599129014027,2.1245042030154546,1.7930053336247185,6.21823018349014,1.9143047955488097,146.74701838809224,103.42067032040302,3.3494779957111835,4.387554989331066,12.525284602122492,6.812707736059391,20.034976772453817,192.85339594859624,473.34766414906255,11.145877186784666,116.63698956409107,96.81549218107786,5.362384958670312,96.89385998079965,0,0,23.206105780258763,208.37166481239908,125.77817748041572,6.248782481198793,469.871704296682,273.33616350801196,51.170013470346255,8.140273413965502,4.906625305268978,29.554629066155318,2.8907366349216983,40.2262161014242,3.4826244223682896,1.7713738908482162,3.0305373377737683,1.9857463423677502,3.138414773438125,1.71858446736796,11.11763708561763,231.5979429390995,1.68976074938037,0.5730877492433653,114.17229921769496,554.3244299496845,410.35096701903416,20.11722185425173,144.32342626119296,201.13656798983496,164.47346458423644,319.5722707678253,158.95732580648573,207.93877554415943,28.229350411680873,57.902856370978945,1234.5709658729322,887.5605646877584,3413.1014809196076,2538.4497409104524,2050.2946590349866,2338.9362635424695,1157.5644035291357,732.4686792092484,3.6445739297211155,0,0,0,0,775.5318548314605,0,0,0,0,0,391.22871847776764,0,0,0,0,0,0,0,0,0,0,0,0,35.61559810836149,55.80380507631136,0,0,0,0,0,0,0,0,0,0,0,0,0,0,0,0,0,0,0,0,0,0,0,0,0,0,0,0,0,0,0,0,0,0,0,0,0,0,0,0,0,0,0,0,0,0,0,30.456441431859588,59.92929719026521,32.203090014575906,47.81076891763338,0,0,88.59943939752024,0,0,0,1.0778155450059106,0,0,13.499353234055011,0,0,0,33.21792420065295,42.21400969873649,0,0,0,0,0,182.78964782692438,3.1394175921083023,37.024923659387625,7.8437280397410625,0,18.76914455274412,20.909814656346636,13.667975657497122,12.56394991918757,80.42316997141955,23.000491279525658,329.1836942762402,213.48095268313568,100.38261749774108,62.81926423104921,125.24252425969891,173.7616548374744,0,352.62146948166645,21.237451374206294,183.19085322635271,232.6596030164253,1514.6353241009958,117.79735340826016,0.7604473165496773,90.60228498721871,139.0247225046854,132.42602200764432,98.97880899513132,110.28811857625833,78.54340395922283,86.31987900112098,179.93592228508004,7.503742433471463,115.85403943495483,120.1269909640125,112.60771468247479,4.124593363794145,151.4179079142429,57.047784115846184,5.926684971899607,4.241827686607997,116.5747794121673,12.617525211340315,614.3416276928448,442.298373441727,18.76798130795777,413.97477587747795,320.1705956538219,581.4012812146673,133.4803149647939,568.7265366915304,160.40112237046807,520.715780026681,118.21867087250325,274.07548743999496,427.018739283716,41.74111518129408,690.286079250011,367.7880484376693,37.406672127789484,190.38677511370975,27.006722645231697,15.173118372728148,57.76752199875357,380.30975624744167,393.51856068301026,849.1530047042397,425.7430839160949,482.67614312952395,594.2499409607068,34.9768539363125,0,0,0,0,0.12831721023536086,0,0,0,0,0,0,0,0,17.36146418064241,94.05094567593271,121.80571673808663,280.7077888218046,0.2556041057928137,683.6533951400457,373.11245142414464,178.59078314637642,0.29690752730061876,0.3792252581875634,0,48.3545465014291,38.14789653886338,68.57815457259662,68.95671828064928,401.0152256942554,311.6086473753178,112.3795003857821,378.08381629495483,214.40971456758965,562.0451296728322,765.0391312059584,1735.3169019161842,1923.2354590767518,1345.0252839002128,2100.9331552095173,1330.1366160508423,239.54842480399412,1323.968154645859,1482.8980332882666,1502.4350381901722,809.3770393200926,1717.94717692195,0.21448153260787522,34.65754946561795,361.29833739607886,353.7886022722698,802.0240256917343,894.2201273390519,643.2150993593162,7.184084815872541,36.16083023713643,39.625423009563946,20.312573466718323,7.893146759231803,52.83649411084684,0.798888377031847,3.1024955200164173,15.025629589540282,167.64497944065172,335.90329137673916,56.04903267439638,135.77024674190147,981.4019377655095,123.20593226836156,595.2229208685826,1174.0760817757634,40.62172746103237,0.977243221020125,723.4438110235678,258.19440124976944,573.5807278688732,238.8809639703121,274.7217245253856,347.32344040033695,203.57980898633036,107.77300860419346,843.1877237855315,673.3180481150612,775.7626530637942,1217.612256966518,375.4304716217238,129.53222407773924,295.89653348640564,46.14090320812642,163.64208432735862,709.1787255472304,653.8606069881815,598.8440989149387,455.1492049649015,661.6128954441965,356.9198528372107,344.1889305376957,230.71228386328775,410.14514241013825,851.7587499899872,1202.1069616041964,1084.258370845734,751.3761633091373,415.27838971575665,178.70121905301744,330.88394713021347,125.95436411527092,558.0162058729574,393.5149478895235,978.7696904226291,163.6679793120794,0.616038965402338,0.09077303124696136,5.425185991944908,26.590127302981024,39.79978781482319,1211.6047392833618,3203.5815137973896,2768.59499444178,164.66079363577458,448.87413313647005,1584.55390171987,1442.6354812403492,188.34825491598656,484.1565371229569,505.02849128177553,423.8782228103947,194.8557659891998,1482.7997549605223,947.6858574904257,128.88200572511704,102.4091979093301,1239.576868768179,311.7694200965259,413.912915469802,381.26964540657633,781.1372605208222,266.74524815775914,207.04824222590332,228.3314575181934,194.4764461435882,794.4862869437617,398.28503567473814,313.35041160434815,319.54231243812944,324.377782107922,156.11138945725025,163.631114848468,485.5312637690099,96.2475133838854,262.86222853026595,411.0357929256742,162.1553203740118,206.65302814928143,556.0670255056485,1109.651562318841,133.97053002775678,657.0307957100208,45.93901246246716,1305.571006193858,1088.324200274049,172.66178794613012,274.8103378692272,270.3452111160431,1053.3115384769758,1173.9150665241718,1100.6810826529334,703.9662872565902,64.13530177012143,121.58224152247749,912.857738948842,297.90788680783834,56.26139323702095,249.82104879796623,819.8569684327867,4.634679691729745,1264.8227812143189,266.1856077120949,186.59741936696676,703.6459571343424,690.1192647868085,116.62469355480209,331.833194960726,485.6042865916703,250.2805477031017,709.1072487334962,309.6302673383498,2.0067428018169235,195.36770386604647,130.80744563796335,130.77976590443876,167.55049194111666,394.4034457829576,360.56400680890596,744.7763668643488,334.2956907896331,588.945064219129,379.70999107217847,168.6625713572143,4.975652819091026,552.799788808637,225.34006246378982,924.6082946942965,1243.5007450328712,1292.2728915589694,511.50623279361696,341.55130133773054,419.3406506503659,835.310292470488,466.24218772602376,457.1003020469315,0,2.005345819440582,114.41119622182786,49.55233224085493,0,0,24.975202426274276,0,6.303519262090054,0,0,0,0,667.5504070075572,0.01402370579063585,0,734.0619384686881,1056.3470389667111,1696.578333082079,1301.2842080863518,1170.09459487551,1555.475162008341,692.5045126858618,1188.4970384272644,0.34910942764569564,666.1159031851455,0,36.44711601509064,0,312.7302375691433,36.87370398211978,649.9177159713431,0,0,0,0,0,0,0,0,0.21763331393198942,0,0.014168528949623204,0.007927711432652286,0.03922748736350486,0,0.049488138850063625,0.07993317710466548,0.0037369588982623975,0.01595804223700799,0.02418408197670836,0.04021993844548961,0.03406311618046422,0,0.04199557289685077,0.07599000640998259,0,0.01916279195592758,0,0.045012113219149795,0,0.17661323670812293,0.03506781668075534,0.16737777771836332,0.011696070103832364,0.037485250874712585,0.051622552104078345,0.02488371407300503,0.2821333933479615,0.022316081828812236,0.09005014897018308,0.0129994527663413,0,0.004505864052483675,0.011351293965274864,0.0307023574105406,0.012607052639622425,80.07873324634177,238.59520479291035,689.6480977700606,161.85793857274,1045.2359944415598,37.47488755367417,53.60392567038576,3.346804611996118,0.24959210275331262,0,0,0.09522257560760564,0.036883871523375994,0.36095165072166713,0.04442862969703891,1532.13741546025,756.159005325325,208.53211500500146,85.38934599146297,444.8192459415404,57.916422569803565,55.35745483890079,278.6589888017717,50.86139769176158,142.51217118433274,187.62095860180315,70.14381871623053,419.86367342195814,181.54981188508987,607.4297328273788,1444.6015872484393,271.98666358281247,157.02429018080747,796.4306126498492,668.7603318301527,226.14854055130093,571.3532935780519,1771.8825019326646,1921.024560182916,1138.8924414670616,704.1468147468264,405.4634156941766,273.3385137445937,194.84282359029564,152.2929154107297,848.4158360646223,1111.636922793379,749.0965691689879,1840.0788463321494,763.5523761424379,1088.583738296086,1163.426804669725,1135.0148264821605,1425.6481440936138,2047.2874019572123,978.5228867164898,3086.239805698077,1894.6266806514739,274.6551900826815,1046.5656817046076,267.3178443563044,192.83026269631077,164.23621033522772,0.7804303192733945,33.51252030878592,24.66838714368628,37.730589828528984,18.94415515145368,6.282170041954447,82.1180797337489,30.932099943234427,84.02863956554269,2.525120055374879,16.64215535734748,310.55448369080693,22.417335162479723,100.75156324664981,22.15952971070538,210.5451997224166,14.421836892479645,25.58524090837585,41.56862251305185,169.6379414428421,87.52819183702921,107.65340793616174,3597.6662021754723,686.1372048315515,701.8736768957009,935.6104868221913,566.1145025565975,318.01451634360416,1946.0731946734184,1272.0470963038333,477.1052460099905,307.9840809213024,815.8310829200402,1388.0381680396115,1360.846062360846,4419.798523976444,3641.192136652193,1198.1252016117808,2427.303300787141,2075.1003056087834,5826.262928192434,6349.652492400434,2558.1502421727523,1747.2465194880936,1648.2625738034073,1943.139233960301,2288.266979941921,1206.8239774626866,1646.5849765866944,930.6896538287049,1770.722910366452,1589.495981527002,1681.285185053053,1563.9765300115457,1962.5427948456195,4233.461108507193,4306.958714317831,2827.857883352489,4020.816901837359,2405.1837399547767,1945.6765197594916,1069.104414901223,300.17097345682913,911.9826560254654,739.7903902533113,1020.9427401084713,193.9431828417184,332.397583061887,469.95712910526316,481.95690375466836,112.00352327548515,269.66932350020824,195.53817816194783,212.41657309847744,285.10575604310446,570.2369693669235,107.08273499149368,4.1371273269996225,14.53696743056356,255.3050517023845,240.38675521627266,228.89078860677947,103.76015209760662,384.23911191996274,149.60735479451702,62.92644916163819,282.739997421615,406.96172111716425,243.83831546210226,611.8563209659251,136.6670037367254,0,21.743866247085364,166.57451035090676,28.610882807205485,104.02263753054041,143.46466884280778,345.16305803004536,432.988815866728,834.742070908082,290.5705306467578,1345.1024736934698,504.3960223058405,2171.701017289125,347.1492153661435,540.459470198162,911.9060480738632,3641.711805578031,6703.51481034261,8659.947365465747,7030.055048131971,6707.678544529654,8108.652779761441,5950.052500078763,8984.153774434026,7119.947843543457,4946.571235708205,2649.5058038431994,336.2057605279209,624.6701874129031,2068.1387292848913,2283.6657653349394,1606.6513777071953,390.93320413476414,210.17911349512156,462.79500524394047,181.67968074312904,122.43482996605674,1665.1173692412492,892.4484343924613,1292.112443577321,1460.9806755183765,3457.041682521934,3759.8275552994737,5003.006752706428,3458.899311256456,3524.780182945929,2052.9097015472366,3806.692406113944,4233.0011038287075,2195.5753818010435,1974.800586671932,4311.833687848725,2983.797604710935,2745.5531027783645,3244.0143023177056,4575.839512009098,2375.07789300239,2040.4644512188463,910.5763502182189,7.772077733237648,248.49006478045712,73.70205399757373,43.5664462178891,99.35582769183154,240.97101510373525,352.7700338285785,293.2060813001757,233.64102730596937,185.58433217118733,341.4490983975616,353.698626224601,314.33904583852905,1049.0947877070255,267.6404847028427,234.537706691842,688.4190062317339,624.4497882795615,812.8319764815764,940.1062095849004,390.0644792420175,1713.392925175651,430.50188851475343,2051.1705359676403,1185.8644701068883,585.0063989537547,368.5956734664943,636.7018506422504,437.670895406281,324.70340669470755,167.8684974886662,874.335256063312,409.0025951459257,235.84052906995746,172.88033441008116,422.40535040095887,368.7383698882955,347.3695158553466,604.3926607503018,394.87481479586637,245.21370997681183,255.65097802661828,190.2879338897947,246.20364092997394,3415.6053941183955,1114.2388961897757,512.8760923816079,687.670796715745,1358.7702039927378,1376.5925147256114,940.811476381958,1289.1877158149805,497.2342774021177,266.26648994899745,372.556651181002,106.30611279849447,122.80134191408155,340.1782471578765,88.84184380601063,304.7761661917134,337.74860668450935,236.75969790910062,291.0191744364867,1086.9219211239708,440.5054911004575,337.3659742928657,1206.8997290583598,626.4789496256254,859.2864433639041,1074.9278787002688,1154.1835440752902,1114.0965637181312,647.1150568860578,1076.5879723923638,1521.9448021691437,1013.8768935235263,741.9554489580889,1017.5159467345799,1049.055379685976,310.42433205656357,315.21867566680913,169.67563525396665,158.48810324555507,152.81007169774992,100.34938240764586,112.74475269843144,156.32222616275533,927.085118785916,413.2615550903769,54.626073680567494,344.9349571882886,419.0738350094228,1018.8684959682989,1708.3072861590047,1301.576510907332,1243.5436115561924,2140.3762167695986,1852.907596404056,7936.181528188355,1151.49024468487,1289.9179481137428,521.7309668086226,334.1157758854937,1107.8146659289785,2681.9551686664645,3462.745755570621,5248.298161674404,9412.77449025999,4769.940095094106,3627.81103149945,2850.018559163604,1990.8815808691575,3943.4898032054903,1649.629661902293,2448.170790181116,3761.730459786673,15729.302391768533,834.7444450210431,1121.1744165955865,982.300847928251,1068.940235897392,1338.875542023796,585.8203781857472,270.88193877387903,439.7655392704788,1120.9813172510599,1351.7983856958786,1235.8787388267838,1014.358651025391,878.4826450772847,663.9773320919963,180.86508815196058,19.727892689460038,275.2833485581793,309.3519224217865,266.11495139996856,36.462851309436196,49.68063946866556,0.292501185236086,235.6676256694116,162.37981141442015,3149.6172536891063,2623.8260484459033,3238.896852061731,3929.6545738499685,1490.2700674482412,2479.129590777619,2029.9265184751857,1275.782229375511,1054.2861223555178,705.64035750855885,790.8009915352668,525.0523590032863,789.7540819402686,702.8764833657623,795.1615934721502,642.6727209440749,216.5950918688956,708.9500588630806,236.61098877936928,303.6241294570683,212.40631469070377,365.4775697821345,572.5907895756903,346.76707708143744,75.46181952159941,71.074346922249,56.48403199731955,636.5713627424567,73.73725337994611,481.5583097345503,386.23768884752883,272.3219336769934,527.8375472668786,311.7601071650644,388.08069847140695,701.618261628419,959.3795429483786,1931.825145713709,1777.2757947392865,1832.2752359593119,3436.829580987836,607.1461928657875,866.7343771956622,677.5705477368474,762.0944450392342,709.4018415494845,141.33575648607444,74.26952771657236,136.6148323938255,90.62864903453597,83.85835989613332,67.24841418591737,140.93130231879874,2.331812417583038,1204.6259787263064,190.41686289726093,145.22024894520032,46.32035174178994,55.20725523565192,2035.9961960064797,953.3266627940721,1683.425145205358,776.4317451839319,202.80368661276478,195.42744440931742,619.1569162935468,438.541439695619,771.4525076253642,1043.1972898444026,288.978550407975,975.185731995364,1430.4675800197188,1826.0788777880584,1124.3891331576815,1033.5239903928573,934.2322730884221,482.98022596867406,944.3984034393885,1133.776705527365,2407.076904655886,761.1783009256817,329.48363155915683,86.28766663162844,58.649693014423434,45.96199095010901,231.40419218593786,77.50397351478965,71.35781240757314,2686.981963829233,3266.1399069822173,1864.1716834290348,734.0973596679847,1512.0067934545639,1160.3313187282533,86.02326968488349,134.4412312414264,974.3683864869657,817.0289725173662,1915.55949831369,2647.060833030565,1622.5545618428007,781.0218423137036,771.8783133132735,488.9345177382613,280.15562760416316,63.920838367543226,260.816817362169,751.8869076691776,1022.3348961423404,1046.5560747474387,1563.9818947438862,1749.9958287063253,1220.6077074373568,103.07961717028165,1646.8913679961836,3100.2566737297734,784.6575371175327,26.252577634861435,21.998801862170485,90.40295824511836,18.34907641070158,18.46280538829173,29.376423889892763,22.900600774955528,854.3922018817459,3.9461655954235826,571.7860203932793,35.86593649882607,664.9844735455479,39.9842694324308,50.12450176163538,25.258360715852575,232.31916554410938,34.70620402319845,172.87756977351177,79.06152795737083,91.44018369275015,127.39633330377931,401.81671037882603,118.37364150917752,203.2042888579329,58.251844255085764,200.01485223562236,470.36389164054066,286.08508328699736,347.7181327374017,312.95800483581013,555.5667812830915,117.42645053098325,201.3670664012339,56.994644286445705,224.69024895987607,17.233062373314308,35.80182965105266,63.9744187492088,84.68810246387605,73.59430767694059,445.4093864713657,238.5048963138407,142.5394548784546,113.66337664904205,66.663497040813,66.96093155622353,59.78449490640122,60.16203019682477,65.68872019784295,166.68536742655238,52.09187635614816,57.101362340411484,235.0763605974326,56.19829632907222,158.52873513927452,240.76939855408256,564.2017699027307,1814.471176493236,2171.6068698538666,1741.9573694478202,1287.160511714844,181.50492081928465,215.89530865577433,69.00177493147295,209.4016462630915,489.57824001880704,401.36815808066876,170.3552549956768,583.8758091536002,188.39425517344105,543.5973807860116,591.0520516631818,219.6051126573867,524.8359332639714,547.0392815396776,153.735362801113,559.2917781234056,202.76709932909424,179.21694576768408,23.32358989449782,273.3258875954825,190.96848358311289,406.9719313071878,712.130780783424,549.3479667903886,117.41554366255598,384.02368553876073,118.6316265831004,95.92558119973899,331.8770804806356,263.3384530787107,520.3078088176462,514.3646542883791,275.45227220798586,279.238439156283,116.58561971030349,143.40888161440057,64.51472534059178,505.31323507723766,878.5506657379722,1466.642898287509,906.3825744408125,1208.0107467973985,1772.8671115031932,2201.3768518193265,3944.180723281021,2266.7536693117268,87.70746938538407,190.58523787712795,302.45230630247676,635.3165181801576,271.53161214158405,287.9761146340311,292.5041388610713,387.69541488057956,696.7192172911099,310.9677818333997,314.87339168002967,299.3157473130285,1382.4731197425367,341.6653702062292,134.99426420213007,394.8988475723843,752.4575327449481,430.22180373556375,86.31047912915852,188.4397766606938,24.64475787883142,251.36287132958347,678.9219457973943,979.1519908201466,664.96247667521,668.6080938662732,575.2424904454473,985.1268842738598,366.10135385990026,83.54908447379854,292.9468742835018,318.7816670636395,111.03724008335162,197.0923833129635,117.58856534739151,321.5997310543829,387.07638183538774,682.7509798043595,416.499974018884,361.21010726794515,276.8592101236093,57.86214345737383,1499.7140918876166,2150.534142833868,1506.553094759825,1246.398937251621,2042.3979668136228,1788.8312326722591,1346.7748684622718,2014.7408041217313,1443.7781958361836,2181.915251879188,815.3150611304194,607.2282328396808,237.85953194341496,897.5183896621878,45.0664884860279,485.9732094193323,706.5626387342967,655.9463930939153,1028.036573520045,809.2907137032659,38.14281924727434,270.1694143908736,55.51313419707532,137.53357155168402,352.91755007524756,302.3046871360314,348.89655291372515,81.48819170944002,6.539495986842495,27.172230868000227,42.18831667938685,129.32609240901525,664.259973903017,121.54199776575886,748.4257326976364,798.1335264609728,231.16744391699177,131.67536323816617,687.3256116599425,182.8853618233354,61.290187919279006,42.54093722219192,315.5095335364968,621.3754154985139,259.8364926996649,168.32044669978356,103.57878147141805,173.3004285785063,72.21662006627533,80.42241811975279,126.69484271189263,206.9174228038297,329.0604952386086,310.5636223875084,205.09488858258115,726.888881739504,691.8946002978352,46.51950485875504,79.91179348560823,212.17526424478189,346.117107960509,106.92479410319798,245.7402715242454,220.11486441412453,81.67366379223796,90.67462145498955,83.48740928158571,263.681296114657,516.0629300669319,84.56707756974686,162.13002623056897,608.6473769797869,1747.4459607368706,141.115668478557,244.9610759348275,507.3127999028773,350.59144085022587,49.88270212683778,55.20419171769049,248.8309006173767,409.9899537978664,80.29718687403107,203.3248297257587,400.4166934032976,191.31294497714902,783.8397203206475,1126.6018452828987,1071.8367503253116,1468.2698905543286,324.9108342926635,516.2477221110445,354.34885461420095,146.39338353187182,164.82026277180213,667.220256585139,733.5380127060414,131.4429896115876,26.176005919648368,41.163215723847834,101.78451007455068,30.389172933849604,70.1526479719837,9.809098935552518,43.56668237803144,116.61620681411956,139.79461957355133,466.91347700330346,178.06073664634226,263.2041211450107,589.7290769573094,211.65796618837732,12.544577670831831,212.67441628772167,0,0,0.06448375009013338,0,0,0.004425520886724336,0.09937856439761827,0.1704255461964594,0,0,0.02166705346604503,0,0,0,0,0.05709269652617639,0,0,0,0,0.0029634936878138026,0.11883738293939941,0.6498614660264048,0,0,0.0022806262054107735,0,0,0,0,0,0,2.7533467206755993,0,0,0,0,0,0,0,0,0,0,0,0,0.7243186646330685,369.5185735918152,1.6381063745911724,117.10991248515602,4.142898108298074,0,0,0,0,0,0,0,0,0.10066039639020119,0,0,0,0,0,0,0,0,0.06550136348087159,0,0,8.247314142888845,9.87293011799733e-4,0.7439227771066194,0.8845673647271993,0.4222768744017156,0,0,0.352544414099421,0.007586016364868002,0,0,0,0.33385306897212336,1.040436133028339,1.1457328891215928,0,0.007283716437957175,0.573682901092948,0.005254446315480583,0,0,0,0,0,1.0714519168203709,0.044429416504698636,0.08787620632430027,0,0,0,0,0.0630810087116478,3.878052043423415,9.78551816109623,2.4434990448075835,0.34359183430811224,1.173817498724174,7.957450867360914,0.5695498875393691,0,0,64.81215279832539,83.2920352509001,53.24843279976562,39.44945754681536,54.14804358477391,1365.2656938942464,1168.6638414097415,1628.9273738130903,384.36831362877575,1398.8743622693435,1245.7273010615768,565.1998078351684,369.181171110444,620.8560166749625,2787.3423681041295,1525.9666815420187,1488.129922702327,2.7359817745596025,14.300244895305541,3.0760952246949658,8.380923218159674,8.362730715082128,101.06129595043215,110.56244921742709,425.1695968644907,66.03577481596395,0,135.20704265797946,536.3702495836458,166.42210678190153,89.90201203516756,133.4523325146284,526.1503915524535,432.0249974797688,1380.3446797672052,883.3346766401556,1654.0398901026247,7.28123673689713,97.60215803688101,19.256435058293523,0,0,23.350616856696934,58.388062530388595,1.0180695061541398,0,0,0,0,413.0601863227658,0,0,7.336306992508607,0.11333176448765278,307.9284360922843,1360.095003941673,64.19330853286021,1312.3079037493833,313.46143678236274,1319.9098169115534,1393.8308684118645,650.8898521843817,224.5954040867403,0,987.7507362485981,523.192741195852,187.51764371922425,53.54824725691522,35.838805684672366,286.8262528421827,170.19639341701955,361.93519969136617,37.06913633636659,53.26281436446796,197.15626031338084,532.1398117474939,1191.0016406040309,35.46106345471174,6.55644719451438,257.48035218162283,334.92337859972,175.6380904130526,442.1874342982777,158.28276713770975,2085.3461835500266,3002.0441851147084,2808.524046257215,10003.805614914221,2387.056303643527,10090.951055304236,3366.607982111987,3310.976420059509,1485.2771547086656,2896.1421757916837,1785.6824451201876,2003.6037012575457,2658.573065569997,1060.0739166548708,1475.1679301459037,2314.9337564911298,1573.6494948539398,855.2208355155443,345.77245164804407,304.71001154487107,277.1465670665366,420.2669193671454,1301.1366963158785,861.0678191200093,2128.1308698228304,1089.3631136987942,2209.886704818981,2168.61337521668,2579.2870124444394,1846.38903666947,6353.427530640642,2939.0128530100837,13136.684467877989,5963.737536912902,13752.69553268114,455.6421470708396,13.101171920591302,396.7477864655649,52.49615667568461,1881.4072507309254,294.7072726684118,1.0076006044750685,560.2401368532649,221.3145607269891,550.4326493123399,1.7750043835847553,395.5803875287526,386.6331488767181,215.45751143428538,369.5614220156558,267.9781345536317,385.85136219484934,228.96037713243263,492.37005567093945,464.34676948776774,79.91033615428046,615.7583067951674,315.5909355273234,270.1198972551497,262.5815266758106,1.2214641821442045,0,0,38.167122206934,11.657387836224478,25.424794431729588,0,0.7773844745626229,5.442414653164882,3.7792390148611075,774.2143200836254,360.51486637460704,334.01240408249464,12.32939392332659,31.62248721455874,45.15078088610253,5.711222162231164,87.17275289958877,59.784689060677366,110.20988562857299,448.658767939005,97.03293196362148,43.42257693438242,144.19224674606016,281.11059193602915,783.5295388866466,607.7207821042324,922.1246863218689,775.7403318820157,1296.7282282914446,297.01896608354,255.8337903858117,1329.905680234576,939.7364019043318,585.3585392802175,103.17954235715,173.03016818106516,394.7644452144086,141.32940272939086,9.038833734039441,28.627410723996373,123.67881750648719,19.960427493802047,4.228520514134462,11.096286106954805,4.421832327315352,12.558792609059628,143.21684546094866,754.0650501288121,334.15345425991546,111.57370508918288,32.12603070946785,5.933887411775219,14.782280326863043,26.630974333010034,29.004857826571246,13.830708422137953,29.154844677960188,29.42055932299982,27.34260250860524,0,0,0,28.38098381869027,44.83642093150961,59.080773154479886,46.22586349739335,46.87270828660264,44.60826228024581,0.9496741087705198,0.953364765134488,2.0160733238660247,156.39361199358004,1364.4442887517157,1725.6100716503709,77.39752007923788,5.90252216168151,46.781149281275624,21.639988705130364,22.402836215095636,1088.0866371919453,3746.4415131685464,167.4770143308903,601.7429588488072,164.87187958509702,4.494877368313486,295.11166745261363,7.444074087498734,74.04508652628247,20.45044246646895,0,0,38.86569762985378,105.35177553252677,1325.3683977880787,1496.2917922958545,1176.8503641328193,480.57433972269405,810.2489353509775,340.0172462523907,236.05463933062535,213.46702024559127,1975.9805894656383,34.57132791461637,37.937832150630804,38.29680497680721,9.261784372328425,91.96415522870403,770.2998400287781,619.146298358233,822.074691603247,125.57359923457894,110.13694254572442,209.3688108209935,40.438336507401736,13.742608022672265,79.47598188929805,2.2860483538655627,1.95802306291517,0,0,602.2869028764034,1100.0895950309682,1212.4602227523949,656.414573920934,286.7565181031841,0,0,0,0,0,0,0,8.59943739612982,1106.439931859724,3825.127795674097,435.5949329568549,9.238927756423601,24.564153422483564,47.16379906738035,49.099054392572995,149.37748914279652,9459.682785584913,8983.199282179354,5063.8292239618595,11.606621729965964,22.34327700665883,661.7529386627149,214.3350740544925,12.501134028907082,18.467377245651413,16.355800163588437,13.374997078192859,19.555974857793114,50.459606750301944,16.667238536456498,87.39730526627956,756.329250661688,22.709484620548977,111.58466148588,1095.3807861151356,40.5944676870263,388.5760954768103,383.63534455607464,191.15647257541343,24.116581727729123,48.38087975083061,913.5829503704747,334.67192624625864,494.6736865048452,268.9283805043847,149.6481651603624,226.97818813834783,73.56144709358189,2369.5280092983253,37.94192852170221,4293.587919130566,3503.4917849711533,6823.896223747324,1577.858207203276,134.64367544989582,576.3382515257732,608.6969931098837,310.7580729299596,2040.3299487175675,436.1581030346491,335.4380075110501,20.916366108102725,15.040292615133998,11.424245866740684,294.37934169272074,5.935600223313111,9.406159535290714,356.5785251787747,120.56460848233571,348.1845518591602,30.656778004852878,4.277434731571411,1613.594383740788,10.609543889735606,20.486405127579715,495.5925289110209,13.198289598905985,427.5392739606221,537.2193968071937,9.245353699480413,457.40087374427094,10.975110986785207,9.336161064482644,17.43857259472943,29.2276887980605,402.218719134943,912.2272305797235,70.85968764032135,750.7605785857513,37.105390821462805,797.9167880450102,263.9500731751648,31.64931417023498,21.239371642140142,28.17338936376253,18.346237822037807,12.648811557651953,40.90082064065045,509.393545739302,19.95645522498235,296.6640457748636,12.222447469179603,22.44627967948883,523.6767459297744,3137.3608188183516,205.97117054606758,1153.3546049693207,136.31591472694706,17.77456801732041,11.899732264491263,17.196646072381014,92.07700290233575,835.371783927657,6.908158886682142,32.56025880365626,2093.208298259529,2772.945085216636,56.89738492468434,1053.8127220628005,20.18148573580953,16.423327963984146,16.366533013709514,14.96854633389289,64.3315198024955,38.57023660025301,14.910363171469239,13.826853803781844,14.525485520788523,34.91591189008692,13.488560685822858,117.13293941770831,659.5438726149663,42.76261436298525,37.6145099350504,26.378232067001996,65.31121497885574,76.15889556117429,1747.429910130854,1300.0169242705726,64.26969247216097,510.12673163046185,265.19518051049806,78.55309119030137,86.528690473341,625.666361435472,641.5723431493236,958.9665156003728,57.41772518958756,2593.32959635776,859.1807486118449,3971.2813103198664,858.926433702159,339.1436505001534,3817.1520322092283,105.46408150698392,12.184654927589074,13.789618498614722,4.936718240102655,923.5408913597295,733.6902384960342,630.1014720984567,352.11259625201694,347.3412145162723,260.0281990710259,302.74731511100737,164.1080877498963,7.7652399838990025,144.87057671047438,240.15449002634352,18.49516982571612,171.11313531704468,0,171.11313531704468,104.35108717170067,258.7957269251435,103.94547950527414,118.78139882214808,228.1568819940238,314.08646115794585,120.44332439024438,392.95570678007346,129.51760540646205,126.24113019481855,410.8951163818004,24.13839622215821,208.66204573828966,131.15457248672033,165.3074107875539,1799.4130404541702,87.85619916484255,0,0,0,0,0,0,0,17.224553912798807,0,0,0,0,12.779029565847168,21.838855218211155,29.229174856574872,96.86770178123055,273.4125230032186,5832.674771443506,2964.499594490885,228.78255355811365,14.031487565109972,4.913247451966282,3.473370519281719,6.371244523638856,6.058948809844398,18.48608197109114,28.480745855303848,2116.2060253659874,5220.712743099331,2692.386285798575,732.4052160444845,492.48615370166954,443.7542686389577,9.721073190174675,8.223158073162674,5.349817374023814,3.692359597638076,3.67521873510995,2.451174613016811,2.4743825484328195,2.506562323972034,2.462418932744709,2.685012772165555,564.1314229559871,669.7864728618247,2.4446247501701173,2.3291379191377177,0.37125866463556806,0,0.4706173495481272,1.1617645123520934,0.34593301772322027,0,0.12019752330413523,5.82845162494292,37.03280625770174,3.26072945946307,3.6382374491115645,3.6184114140675874,3.6205334281225836,3.6288142486204005,3.5928805118946676,43.35516924203877
13,215.2691188440464,15.934347321864275,122.40018874028644,246.15230590740052,242.9763165613297,4.815399398851488,392.39658099688046,279.8254039947872,268.8532238919872,195.4958649550345,116.01356422885937,206.71205087953842,150.7663781272727,91.09566507606526,4.226775164539094,68.23247322404825,79.55545379786992,1099.1929964468413,189.1723063044984,941.193102226879,22.027561164286112,678.3113935526671,192.2336014518317,267.2904118182289,86.72540916658377,212.67549632739593,40.090541025086175,164.96926915640967,322.99301592867465,788.9398553973195,2159.585804580211,1363.696036519827,2333.931861458485,2992.168509447199,2896.6692807166096,3209.613095201552,1376.8927332674589,150.3862069514297,71.78091776691596,50.25490402515938,349.81934279198447,83.06681388540925,205.5073230895357,1214.6242809179346,754.799554740447,341.25233903145676,21.203213849725866,34.31504122431347,190.35001310076171,32.544308558275425,236.62955949481733,147.9389353817438,1.1561343896125678,168.4024903713202,1.5428915506930627,452.87442456061785,260.9695664453321,8.636351750072912,1.1688328184060617,10.461303536412585,1.1866210562668558,209.00457734944018,11320.796423653452,0.7204449917659996,1.2474621221743691,1.242558599001623,3.8681411718706142,1.1797926403507757,3.1106544412553236,0.773970435509162,0,2451.4790970820472,4563.124589013334,358.6525402401142,0.008206577005546384,1.8373003751972437,0.030121499849686456,9.711370710621962,0,0,8.717824303756299,261.12668479847395,0,11.55176276205256,0,0,0.8933785969374789,1.2517502780309504,0,0,0,1.727505434506453,0,27.000705650428205,0,40.734954086419016,10.120447248107661,3.7076613744627873,45.66465286537248,28.096518511326444,2.6486100942446527,0.049322354677942354,42.11113789466107,34.565217378916934,532.6249066812669,37.27183836080459,0.2938230168583581,22.7707668309583,12.822998005286843,1823.4714021861823,408.10291340791713,6.122220107102956,4606.572437499931,7516.559020063297,5.856296605159196,463.56018623997045,3515.822679045766,10.724025026859753,15.430710583505624,76.77551080380226,0,26.62702690121977,4.677221271618755,0,0,0,0,0,30.998812328557335,0,615.2662124000602,0,40.10542825691794,10.524557514561971,0,0,0.03468678205739719,0,0,1.0848858101212993,0.7011748876007998,0,3.969131455061331,0,0,0.7987223401649419,203.87305393134815,8.304638297381837,0,0,0,0,7.2597549040112845,290.0726912443684,2256.074450185278,1312.2070818158165,91.63868986544904,0,44.62724657781694,324.7674402695688,11.534336387119454,8.389419240169305,0,0,0,34.34348098431419,64.7050554438216,0.07969796232570749,0,0,0,0,0,2.5531395030630795,0,0,0,0,0,0,0,0,0.06947422455371804,0,0,0,34.17195032694086,310.1556609824067,39.37949205342181,38.77866173370501,810.3549878818635,743.7643577496901,580.1928399910614,55.63042945581484,1162.3520839982255,587.391536305962,73.11017023744296,0,0,0,0,0,0,0,14.38991756703351,182.21938248431402,9.895000870031268,0,0,0,0,0,0.06715670292665826,0,12.4757211304276,10.821254029579148,0.5369748383922851,2.6442811169889953,0.2434029620784411,0,76.01846319687851,1687.8609289785159,1757.7469566965972,525.1533537695374,125.12034802019149,0,0,12.603125213640906,0,0,6.6261020894559595,10.497787343293938,0,0.25299268102723454,0,0,0,0,57.905597419199424,0,11.832053642885802,0,21.769810785104518,0.7612036754355422,0.013825703814581985,1.1386855425888223,41.65418984541887,359.52736074484073,212.50851921154836,236.95644333672243,437.1683577574394,162.27288360284166,44.43857244760599,27.687202418394534,505.27774199433253,0,0.12598272915511424,285.82949174847283,241.926549684218,1487.4152612148462,2955.0965818103514,3994.282730778414,1167.8336760336529,233.24863339567673,475.38225599614265,10.362598811968823,1.1498114752650288,1.0471187328593416,12.832908464824193,0,0,0,0,0.36182599126807424,0.8294236506375244,238.78269854048077,200.58576403648522,263.45201869557405,498.591448289236,44.56180120186081,906.6201057677122,1048.930200724715,29.79940318138451,9.982051315622348,13.543788886446313,20.528244540374143,26.595672282013826,7.814763206340358,48.5379432592766,29.666121814736414,304.38828976175597,97.97110436117794,246.1844780927257,971.0324658832099,952.7890362654845,1456.6113056633176,2859.0137147970245,2592.884810927308,2383.2923084683325,1253.3182751594393,2096.037190069341,1210.639439778929,296.43798722055203,765.9146422599827,567.77832845216,472.4576146516237,159.47947338961933,48.420304709197694,40.183226124660706,37.07252147586208,16.74343090384013,65.85833468943476,50.492128195356706,2.606576195619979,432.44244052341253,87.0878550854686,762.1102463423064,434.78114661594805,1088.8915702388806,6243.071504801854,1903.5075972257443,36.56290060570158,0.9122001975921029,0,0,0,0,0,0,0.0838656089785173,0.14167134296772754,0,0,0,0,0.08547320526672461,0,0,0,0,1.1570825611805042,1.146390177532361,0,1.2005068823644225,0,0,0,0,16.815895463189,0,0,37.1019949081476,257.2139073396514,19.523948846456364,0,0.17366714913695572,1.2309420596259875,2.799611036647342,43.347163464851825,0,0,1.389465913351926,1.491664055295272,1.0571479980998904,4.916060783372718,0,31.37477217703207,0,13.63920603904109,12.521733003846482,5.770188032267513,13.778703689001873,47.59386644651558,0,4.959272629672407,18.997379095022655,32.47627007039321,0,0,28.646109742316696,0,0,0,39.14851869471382,30.024083983016357,0,0,12.037072855940286,3.4811520686784676,41.346978364507834,18.97696085189607,30.91450597936856,20.02250416817733,6.63092988484245,594.9744490062486,0,1.8253919445693803,0,2.8135731200260454,4.48532371689315,0,49.5604641072408,11.595057589415315,4.0075950716157,44.24437724844133,32.64515871314885,95.90200982793938,23.917231885287848,0,0,0,38.69733008252034,15.338280627531754,24.355937105707227,0.8722873388417822,5.335487670450025,0,0,2.04586258706398,3.16492206548137,0,0,3.007160263443827,0,0,0,25.842331667463235,26.745054929415968,0,0,0,0,0,0,0,0,2759.7366588739724,3201.1015354520177,4784.881417265686,5131.577797667888,4127.206157590371,924.8156004245072,3739.668206100153,17640.934858309818,0,655.0848937298197,24.059872740714393,137.41464461229756,788.6886544485258,133.7582932100283,63.820460679865285,850.0692709124357,91.93140226247773,102.56500509787878,392.71726458104274,106.88464497902166,42.051290700840646,331.86869744504645,144.65954582413855,526.7479625265432,921.4984938721436,151.06289309966888,515.2606705152484,196.60974660402397,351.1372714486107,710.8046679187977,1114.986984235352,1015.4557899794155,334.6462686235456,6159.346384672539,2924.0242040936564,336.8641676002304,718.843740686624,84.35564543212048,792.8464088795915,433.86813111023713,60.433693227398905,33.5404307945942,861.3913357345326,890.9945028936551,62.85541121062074,1101.8023210973965,107.2898082484847,995.1542981422674,7006.147400826937,19287.632796972295,1180.0150842412943,1016.4709717051813,77.2326840277457,392.37911817706345,709.7354792332486,1192.4442554956886,415.42959500010693,91.35432926295171,29.318827521712418,326.50981285309024,0,1110.0714982021589,572.7232490384943,754.9758068299407,128.70156601623728,100.00429569807409,160.32545219501975,538.2854381940696,591.1634992374302,231.15285027290062,57.184666899163695,26.15028422329757,23.796073592017624,15.998930461389037,7.028924737013912,6.2702095126362565,49.21517861582663,7.0416445213341765,581.3814306180997,670.7358376388883,356.81357786797304,2176.0982434767907,9626.717682638951,3390.6543910065734,4440.435029569252,975.8850929156312,7.898855270671104,61.22474759249716,9.177504032324237,0.25057131856986964,110.25364669193205,2.641893852512201,1117.7875526182106,885.1440425028353,144.21475132638773,48.500133738823514,27.176318393172657,170.52579094325066,111.81361996646326,693.5826277008052,132.70061871406512,5.156579106604726,65.7412853141313,187.12252528455966,496.2127640370096,461.33213716391367,475.72345884542983,239.10195511890132,10.731760778827734,148.60546364464375,567.930431104755,141.52774612172325,20.269691218038822,4.933819445957296,18.25581466502887,57.668097159493726,1002.989367897163,1193.9692243523061,2718.9821004971986,2066.7814182422553,1507.2170751273645,1126.925468070536,75.23342212474356,229.0262210010547,784.2368404260864,1495.0321107163634,529.6090705291411,305.4873815618933,93.55551767237759,40.34970153875564,25.00823892777716,250.50772223286762,4340.245089009735,1315.2120495470392,268.6127843747778,3176.654271340106,3751.3981547674316,966.3507836953452,3630.75724833435,319.5551247585841,171.20061239011312,175.24796612314242,0.12927738432293914,66.71277162792785,48.592685726807325,0.1674757373146445,0.09886564588437019,2.372540726396507,3.8011001549476333,24.821727040276908,8.421884004639042,26.45453711128853,167.9634319345927,293.30281918458854,831.1073964885057,1028.1688792188547,84.55763044839684,534.013251663482,3141.2986504314586,2823.320339069698,632.3478983536846,187.57313169169967,17.552075353588197,14.133841558549044,1.4900793674968997,51.392237767361394,15.104924383658494,735.6674375037287,915.0852282119686,524.4717101096687,404.00819024404484,233.82206709480238,1035.9787259584753,376.11736805944884,106.47839322424421,1312.7766267363722,184.35676321811792,2.27397863244482,41.434259430508,68.36234058982305,17.55203411294518,4.812727053501503,22.326761469503413,27.937425970821348,4206.581980041942,95.91192137283764,23.924126203654026,4.8263763444180965,21.224069139789695,947.2371891002718,1502.0556918917396,157.11641507407708,35.26931561965112,30.373764165543655,163.56802952572843,110.02574033760305,659.4399973514128,73.65914784583505,1009.5538608531798,60.73166315073835,1102.4578086169372,2804.435092720048,3208.012475679933,2434.232912534039,316.18053291478077,101.07236206143575,38.587131042447474,40.26579222416212,1046.9820814085251,74.64411435788634,107.69968509280534,76.3990038313378,877.2508022208538,285.30093267887656,620.8864885676528,42.10096705689715,596.7290386693302,851.8191379101411,226.16353521103755,35.99994481994937,60.347224479081234,1436.479737887615,561.2834620059896,615.8555422040263,258.13047556831276,204.31781323277048,106.16711446547372,115.48794023736382,8.170979556070412,12.975087011152647,32.49030073481436,2.9389030320939225,19.721144685699496,535.7553322915011,1141.4486012642526,108.56821922505137,830.53296485322,54.83425352712926,4.810167658705977,100.45397444246218,0,0,0,0.00877843503227256,0.17514447704153616,0.0176894709061373,0.4848760371899719,0.03572555806044534,0.025271079148089775,0.06143692870267804,0.0660982560898225,0.24468537829086554,0.09478485856415997,0.12109832966975224,0.0399763761949049,0,0.04055930503504532,0.2479443654147612,0,0.008190036127413128,0.022651979805403028,0,0,0,1.9035445131748578,3.4381724866218386,4.819677300587135,1237.4733175600497,1331.5318547833692,87.37043413046977,15.532547718872763,83.64491537418442,49.91980750896733,67.65913369470454,2.78811910424607,2.0641067449207737,3.014233974967918,2.520756518596547,2.728278820481312,482.11509483907065,776.7622499333236,1338.6371827947114,7.495011142366458,77.77506948022828,1204.7007984892489,1081.336360925227,1910.0123981386148,677.2822154621315,2474.7975856478215,831.0806500246957,66.8623435061113,2.8189006877181018,34.75756825156479,33.47760101061349,41.424034298204134,56.78901816761989,150.5890984711369,234.6719305355003,55.58076624216089,32.27944673239603,1.0475686876000885,43.750831402898946,106.16500516586947,1.6712740374358075,2.622185542866917,2.6587073475756386,4.810910461435028,0.6650648643055441,3.2181305353031884,1.3498423285389431,0.43786020618846766,0.48512863233221315,89.15327616577412,10.475071890941372,918.5592780770226,97.38937132544922,327.89071083622787,19.054982188095497,26.847302630286713,589.7046359988559,166.3092134030321,3052.9820977511017,184.26594385215313,1642.6452968228236,9438.72817034252,1549.3330691986218,35.50948617526748,0,112.13110486468915,0.13249725823153735,0,0,0,0.01481186514464384,0,0,0,0,0,0,0,0,0,0,0,0,0,0,0,0,0,0,0,0,0,0,0,0,0,0,0,0,0,0,0.02991723197633518,2.4358307757856723,68.01943028015059,0.7690448520735744,174.67229360326044,1.1415610022134932,0,0,0,0,0,0.2063717819981932,0,0,0,0,0,0,2.4704800666696416,60.28225810485794,17.68892813480999,109.07425641940992,57.60140086716485,609.565891283008,2554.908195272799,1848.6582305190145,1282.2967334982156,462.3859002505129,248.24447291422436,1232.409665819654,2158.113018851248,1948.706528068829,6108.827881064862,0,0,2763.775504316378,3285.853412847344,608.4907334748508,1762.9747047964747,2455.5015535774714,2060.4744768172523,1917.350364149832,1883.4657602939965,0,0,0.05105755831114353,0,0.15769159931976665,0.01949114922035245,0.01288038942428575,0.049192381564252714,0,0,0,0.05833950409757464,0.17990426716368832,0,0.16345909091022454,0,0.29348343856985987,0.037294751573322765,0,0.3940167326646321,0.05422084154755292,0,0.04050609611613891,0.031072666256747296,0.05659833730177356,0.029804433885687386,0.016011139723988176,0.33443647968217194,0.1171692589931317,0.07711910470423171,0.11376303948654858,1.0601129286012547,0.5748994779335348,0.012117603594947447,0.07115129313703213,0.08419063811382357,0.06736258956930838,4.582818938152755,7.078352376414727,8.883205449004356,82.02748194384674,50.87052018654985,173.57134355919504,9.089919278369194,15.451272291177922,28.70875803869662,1140.2343109557676,0,1088.664842537113,302.7956581795309,32.81883138212181,1037.4792641586903,455.4078712482018,1245.4634284146484,743.1242186735981,675.6150467255139,355.23152021909425,33.06899630547423,17.90603652454102,204.06690722444225,26.67386065188955,10.379800085095011,82.63423281104795,9.396377008806917,133.69875468608035,29.055843467772167,59.274362778940855,95.68977642501429,120.06420922179444,6.831252538086563,4.8223574879871975,14.941621360907249,17.001363091490212,25.605197187696973,24.689795092035883,32.89141831858656,115.39255795691815,38.155033355744216,18.79463769225448,14.145845564786738,64.50017934933456,358.43493861552616,481.58897004043257,805.858085494511,359.2268275078726,176.8921204130329,564.1991281197264,516.3220684002124,690.0409637977036,401.79383111145216,10.207325315705917,14.501021167254354,4.805590441220699,7.68175411680661,24.12211716738955,69.26550555767383,39.27511480953241,20.329764696006514,16.184404685894094,8.943256226438779,31.030270255494504,19.71097905645747,169.1553266470332,52.83620834849966,377.4673900459087,22.274623954685396,129.36828000920056,149.59454370899303,78.96035016363105,47.98255525057355,0,0,0,0,0.08735155428559421,0,0,0,0,0,0,0,0,0,0,0,0,0,0,0,0,0,0,0,0,0,0,0,0,0,0,0,0.549666090645301,0,0,0,0,2.070567521287928,0,0,0,0,0,0,9.688321710547608,2.7333613916890283,2.7692974937745296,0,0,0,0,0,0,0,0,0,0,0,0,0,0,0,0,0,0,0,0,0,0,0,0,0,0,0,0,0,0,0,0,0,0,0,0,0,0,0,0,0,0,0,0,0,0,0,1.1406841811165047,0,1.6682730131935635,0,4.042045301299986,0.28047062760291125,0,0,0,0,0,0,0,0,0,0,2.4029050599892745,0,31.674568790054977,0,0,20.332675422624504,44.122495743508956,1.1316764234170087,4.303787100111878,16.52984064476313,178.37032486115277,44.73769888510831,85.49268529458602,67.1093503379422,82.33739416828918,45.369007689317556,313.7233588856673,268.8791714578361,369.4653195769214,344.9681917581682,228.54513942415045,320.0023442514125,1089.1538868594348,478.2765490711186,548.0676385037563,1479.398004986087,342.34042314009986,134.72008302063333,0,0,0,0,0,0,0,0,0,0,0,0,0,0,0,0,0,0,0,0,0,0,0,0,0,0,0,0,0,0,0,0,0,0,0,0,0,0,0,0,0,0,0,0,0,0,0,0,0,0,0,0,0,0,0,0,0,0,0,0,0,0,0,0,0,0,0,0,0,0,0,0,0,0,0,0,0,0,0,0,0,0,0,0,0,0,0,0,0,0,0,0,0,0,0.14307417094040153,0,0,0,0,0,0,0,0,0,0,0,0,0,0,0,0,0,0,0,0,0,0,0,0,0,0,0,0,0,0,0,0,0,0,0,0,0,0,0,0,0,0,0,0,0,0,0,0,0,0,0,0,0,0,0,0,0,0,0,0,0,0,0,0,0,0,0,0,0,0,0,0,0,0,0,0,0,0,0,0,0,0,0,0,0,0,0,0,0,0,0,0,0.020501262928377433,0,0,0,0,0,0.013064818145892703,0,0.11765716637949945,0.12849427586831197,0,0.0151270966955683,0,0,0,0,0.017131304653524356,0.0998978919423588,0,0,0,0.05571079341425303,0,0,0,0,0,0,0,0,0,0,0,0,0,0,0,0,0,0,0,0,0,0,0,0,0,0,0,0,0,0,0,0,0,0,0,0,0,0,0,0,0,0,0,0,0,0,0,0,0,0,0,0,0,0,0,0,0,0,0,0,0,0,0,0,0,0,0,0,0,0,0,0,0,0,0,0,0,0,0,0,0,0,425.19257435563355,1847.8478903249345,68.65393720935778,0,0,0,0,0,0,0,0,0,0,0,0,0,0,0,0,0,0,0,0,0,0,0,0,0,0,0,0,0,0,0,7.867777713850492,12.754671934577768,0,0,0,0,0,0,0,0,0,0,0,0,61.2215999311987,148.51249880837304,33.31691360708575,113.3004403875696,44.510362722935355,122.1513623867929,17.56535610349416,403.8993354793948,43.03218722119951,63.444187287071635,145.86957975513553,79.92431902390413,7.496853375248914,25.438561051964836,8.856142294413846,11.832482171468907,0,8.197037678427158,4.130318150102454,15.181234102064755,186.368989760468,44.94923590193063,4.441697923139378,0,0,2.109550223964717,8.715195528153018,3.8748336160474843,0,2.1535749966034654,81.31815155130485,56.326207104781226,31.35900181848829,87.61966652502296,17.665724081713453,181.26120694016583,6.888939569072536,25.684200172116768,56.1147158299752,6.509092366219205,0,231.776871046928,157.56066380845473,10.792111552820517,0,41.06990670440644,47.548855370819894,572.5963964651371,1316.0758490057906,24.613288964271675,0,16.832277610536973,0.21461426371697354,94.09336946521157,1189.4673594796182,476.2917924025053,0,17.669291556286893,0,0,111.83458429148384,0,8.533957242855333,182.08107060579232,174.27573067729543,8.926258443156959,0,0,0,0,0.006642857396714684,0,8.832703981349518,2.185119228979118,8.247617733893872,0,0,0,0,0,11.579081346204427,9.312259451999125,0,0,0,0,0,0,0,0,0,0,0,0,0,0,0,0,0,0,0,0,0,0,0,0,0,0,0,0,0,0,0,0,0,0,0,0,0,0,0,0,0,0,0,0,0,0,0,0,0,0,0,0,0,0,0,0,0,0,0,0,0,0,0,0,0,0,0,0,0,0,0,0,0,0,0,0,0,0,0,0,0,0,0,0,0,0,0,0,0,0,0,0,0,0,0,0,0,0,0,0,0,0,0,79.36487311308701,0,0,0,0,0,0,0,0,0,0,0,0,0,0,0,9.184312881009332,0,0,0,0,0,0,0,0,0,5.820382312092644,79.33330109598656,212.81850044200684,288.20246319198094,1483.3573523408352,452.6355554007194,112.97272965530564,8.398926920232428,61.60759230643095,11.445657098444011,25.628794768218327,8.925172404329919,35.620724007341835,25.648687219870013,33.01761981827936,50.336732733223045,16.136099236203318,9.928828942683445,216.57477873115846,31.92409526570088,1419.5289842203786,2729.586085227359,20.137609418710245,507.7507179349339,61.26009059965345,464.3526904847523,674.9809344746521,10.132234137947897,1431.1802641167728,1289.4446369514535,500.5574054370376,612.6019302096144,1343.2238183158904,3388.246772529461,2924.296789624364,4773.518929898137,1772.361497194562,1396.5406708055848,853.2674088926008,300.51884321130234,26.72121501165603,1060.4237533594614,9.99366828014022,32.071643400958806,9.84016063757487,5.672384965945164,20.14626446347967,13.33072845116522,54.358418536644365,9.938550141465974,535.9300736538755,278.36719606483325,356.61108874984836,189.63336445874097,487.25432407053574,843.9236064631773,337.67433725974627,950.6933348714114,198.4127250064673,421.64477684254456,1877.558633328457,404.581102619536,653.0217358171526,1489.124169120368,3212.4793650184342,1370.8347591674126,2256.7199111022323,2406.57520981389,3141.0764881961913,1753.5950007492422,3996.981503831388,2515.089946577085,10376.007220743752,11012.621856714528,8645.140524232587,4974.491488727802,2381.677941731687,1212.2764063356997,526.8333621305371,0,355.84066485747815,392.8449046909192,2709.434114279826,1424.950919268315,2664.0497170419726,2176.0734313086555,346.32530628413224,1104.3447001517877,537.0173687799003,224.40951965417818,607.9360054977876,1015.1903662996242,884.3910820997124,1427.4499078053764,2594.75767536483,3748.2840171396374,3803.5845519067143,1591.1549057610275,854.5953504836692,1609.2026546779543,891.57982037818,3415.531555713499,1416.2794896238986,910.5219945468278,1018.7423374687259,1386.3451846043833,313.2086462849781,65.39448632902312,161.33407035175622,160.1072272143378,512.4974136504046,168.93187566308498,544.3299973345469,79.37117688942352,437.8160929214717,1575.6880604518135,661.9683378933726,1554.251712786613,468.1483433541382,229.38117311998604,1091.0741244448504,451.90931658038846,1876.5010749792289,1949.6369868397114,2210.6940217059137,1663.1308840803028,1227.536704902481,1302.913531121576,85.55576153602823,1401.7067168973717,108.27719076413184,1331.4168002621934,1819.8951841103317,796.832786995103,474.4774515749112,722.125283930012,1878.3807065506985,421.05192646831483,2291.125829687762,2798.127269075318,746.1239356000373,609.6330533208088,495.4581452375504,184.21078294345043,5092.0779766892765,1764.9383809757317,214.06819192754097,5.244631721153158,183.36046084911914,30.913098714299387,111.0065486717728,33.106753377920995,25.718101965705383,33.22792513931681,607.7300838464938,1089.8935943780568,64.53424737928009,665.4028344765499,79.06373617969889,22.904295002699953,799.2152136855302,34.12151484818896,870.7572527625443,692.7556819048498,62.32158889306341,741.962039769931,699.3809080862688,1199.7361556153737,1173.8187637237786,587.8698518252913,149.12014473483242,27.386843527128196,7.578662096331379,755.047860474678,1844.483917994373,1886.2250330000118,81.10785826850794,24.777178067471112,20.210589529158717,14.954004892335059,18.620384508513744,15.271937064925433,797.0691774813994,180.20325074015108,50.7712234709499,16.09104934360592,26.434803139254527,15.282462697534667,15.289110304790627,86.30564740027206,437.6046764793997,18.264261194672738,84.50467424077348,256.34234371997104,422.40165750676243,993.568621026644,883.9748111029515,604.0173645523956,332.13716187012056,7.488898341321489,353.34521948464607,39.1751808346246,40.04962923927298,43.21684142393941,98.2974172470259,46.6695144527142,1063.9874047965934,40.19091274047283,10.378863192381834,8.889405602797451,768.4774917908674,3051.8430477426314,2767.497663416687,3032.975760039737,439.1499675435781,11.059989245809728,4.545258194360078,900.8503496359964,789.0797376238153,344.0137814469711,435.7062175167901,482.45052294388836,306.5792450939325,450.0503288634746,629.8480554070499,0.46253396225836674,1.1105026594615475,0.6194805579564061,35.12535541037811,113.20738111498497,0.08617365408168082,4.287948051214887,18.153333022320133,1.5454426014698635,0.9207664776802502,76.73663379593778,7.467066346147812,10.029318544791664,115.02430479588692,163.1589943217564,2.5905593186129545,49.1956279666635,48.522562432457704,77.1298831738733,536.2551225065565,9.615608758653904,113.50080876584093,217.17865443590486,110.27182102720217,107.40842909136032,6572.844144852898,1518.8326951338568,873.1072100705794,172.50364477468491,211.58865928460904,7.5994021400725575,40.341078613175924,13.070628108793462,0.9477620741053239,0.7071254143970068,0.8180490509960899,0,368.5276450244295,7204.13260567631,0,0.9890684790135329,410.1819895540597,278.0362394711974,778.2483393420472,311.88967672355744,510.30360377035583,215.16733557971762,1.8017386496821817,15.80707341842623,39.48648145133694,3.9363195558484345,4.96487935226616,45.495581536955825,21.795217689117262,2.1350009262963296,2.7476904041759767,2.2561192026321586,14.966611114122571,20.529773488010395,101.43497753925871,6.472881547901223,31.613066811457678,133.65313171022075,9.546895037263452,31.482340379140133,87.6555843010397,4.558513853138499,3.2864530386639403,4.623386551953133,9.143574734913635,5.822260822294123,5.944176420672982,5.8448718830866255,11.586422546538978,192.28927835415712,9558.10465677692,153.1551394488609,21.295070126408174,172.47623129244806,10088.730509502388,2517.17066922239,328.5947868128537,231.86889105330474,292.69955969541496,197.35769247154673,1670.1248621900102,8562.695130808945,659.0822979104072,257.3769485553821,7700.871573098825,326.61015942919073,224.6267265368414,49.492581980680434,45.46079977841867,297.2585395135252,46.79093631903054,28.439565382727814,0,4.2001571664160116,10.362802531873294,1.4584737386028952,0,1.5837061866792002,1.725835114726478,36.07737131472364,1.7894316753246986,1.619806164253327,30.296835418456837,10.342342041445917,63.36964231295521,118.52906140739461,1608.9414323803942,358.97120275127304,24.415054795002217,3.1067219824476426,21.545660177090884,48.607913309806406,32.43375616296833,4.633706077172289,64.45626929116504,50.727856272153346,47.07503547778711,39.064891730712766,22.42459508184209,12.163630420832336,11.11497745507443,45.16611930896325,7.780789965902499,2.953475347428103,0.8817201298655043,12.768918758832092,2.297889099858122,42.08764136550675,14.791208776671734,42.61832758785821,14.575347064159113,41.3587853995249,32.08214185961177,23.13351914940936,7.301967339064204,22.29860562788255,10.75062327111498,16.992347923871215,18.814533210868728,11.8602140412477,6.3628503075033125,25.215957050474284,40.289501174238296,74.31815849371674,50.47873724044239,12.23957747806776,9.56241105592092,123.36819759892091,1.2369492017662662,1.064126289652373,1.4950546185271578,15.422951494314711,0,1.2630302696854374,0,0,0,1.7494186738232786,1.0128768290841208,2.1082235433009684,68.77285711578102,23.71968231368924,18.476999159922055,211.25858664912568,1.4272980457108218,2.084723429905075,5.607413749450813,257.5802052873957,8.611846521893037,105.63756561167862,59.375479620814446,113.9179417361024,170.69225416893238,353.3984637832811,161.83020526074753,249.64164439888117,302.68323946981945,338.3921524277824,260.3959525988302,210.34619723586283,223.64945886683486,223.9912739519274,193.76704938849875,230.1336617968132,486.7792743144577,386.71516190235013,183.99359290571704,27.776817398050696,86.80070717903482,39.27593767179711,69.54636889912582,103.82953063054859,227.2266498937735,166.63867488925175,146.2147644492412,92.92543874627277,63.91579660508939,57.123354011817526,34.719439339986764,72.38654848692862,8.97478632467735,100.12728343166611,234.39643162749127,305.8555453457287,335.88783350772457,82.3805611845336,198.7554080312704,115.98481973797553,49.0020626317686,63.23068570655499,0,0,0,0,0,0,0,0,0,0,0,0,0,0,0,0,0,0,0,0.20674309874060823,0,0.09744269197909586,0,0,0,0,0,0,0,0,0,0,0,0,0,0,0,0,0,0,0,0,0,0,0,0,0,0,0,0,0,0,0,0,0,0,0,0,0,0,0,0,0,0,0,0,0,0,0,0,0,0,0,0,0,0,0,0,0,0,0,0,0,0,0,0,0,0,0,0,0,0,0,0.4860861653504329,0,0,0,0,0,0,0,0,0,0,0,0,0,0,0,0,0,0,0,1.5011151530268858,93.14549432581543,0.5481460463711824,0,0,0,0,0,0,0,0,0,0,0,0,0.32356428120516717,3.6490226448733964,50.615571708915894,0.15113143799547898,0,0,0,0,0,0,0,0,0,1.0773077810034195,109.43596745440249,24.06783151312231,169.33530773285548,0,0,0,0,0,0,0,0,0,0,0,0,0,0,0,0,0,0,0,0,0,0,0.9899524512866026,0,0,0,0,0,0,0,0,0,0,0,0,0,0,0,0,0,0,0,0.6174989838547613,0,0,0,0,0,0,0,0,0,0,0,0,0,0,0,0,0,0,0,0,0,0,0,0,0,0,0,0,0,0,0.010184962304818931,0,0,0,0,0,0,0,0,0,0,0,0,0,0,0,0,0,0,0,0,0,0,0,0,0,0,0,0,0,0,0,0,0,12.88544887990648,0,0,0,0,0,0,0.1314411981460466,0,0,0,0,0,0,0,0,0,0,73.840856269094,0,0,0,0,0,0,0,0,0,0,0,0,0,0,0,0,0,0,0,0,0,0,0,0,0,0.2084799786925043,0,0,0,0,0,0,0,0,0,0,0,0,0,0,0,0,0,0,0,0,0,0,0,0,0,0,0,0,0,0,0,0,0,0,0,0,0,0,0,0,0,0,5.982352212485024,0,0,0,0,0,0,0,0,0,0,0,0,0,0,0,0,0,0,0,0,0,0,0,0,0,0,0,0,0,0,0,0,0,0,0,0,0,0,0,0,0,0,0,0,0,0,0,0,0,0,0,0,0,0,0,0,0,0,0,0,0,0,0,0,0,0,0,0,0,0,0,0,0,0,0,0,0,0,0,0,0,0,0,0,0,14.950516634965071,55.001606068107854,34.67971615892879,10.052626125864895,29.127929800361777,41.43097582083307,23.081454274532863,40.751861864472026,81.45531566046382,44.97112436327614,85.20894248627675,44.80630819033681,228.16958942872552,143.18825309554197,108.46213356467582,46.75222484046868,54.20039110348403,19.519095864760292,120.82428612610087,276.56134075014506,116.4311729936825,152.27424013190483,14.34496914564627,10.45761052887721,147.45992729098924,230.22693222241122,106.59698570507011,294.88657088100825,182.94595586911566,477.07399344783585,176.55644361168348,101.68672677633636,4.54993884353342,41.60462768232756,187.30073736131965,127.37790728278817,344.90976905623216,118.07246635265713,448.8911912162624,185.71453225088064,752.8318499474917,755.411750567745,464.4486970327257,281.9352443029282,152.37998601885835,152.3688238971383,306.8862594934657,672.7291961818796,1592.1107875375455,1936.6451369128379,4652.244794325626,104.18848782882458,361.89237390952087,465.3303033064583,542.9450086704138,927.7039811418871,1712.0006044792342,60.36231320318285,67.78300210984276,13.647057398670364,48.228222697330594,264.48148123521,102.83503397824886,1096.2590373780677,41.16922151039387,15.86647494596026,23.014357782394008,16.576972445657397,168.3242193727518,96.42502757562617,5.904716368425437,1.6621042953470166,8.994525425142594,69.9537480520667,9.249883583264591,52.542985164664124,53.48587248690425,128.23393375097282,184.30212370686434,447.0672186127024,871.8198718910083,1807.8971812051716,2688.0370796510915,3503.7092374874483,1995.7503984556893,1104.2970831621287,269.439603553806,192.46864925273266,38.64295554557826,27.34640371078502,9.567735323607643,364.8706268529179,346.31968592201963,23.0287972939377,91.63829368334933,199.2364836080388,4.803800804839463,71.46810844577004,102.35468462511625,35.380119867987986,12.62751566386595,41.63611777608279,43.07047726343376,23.897197150605226,20.660921538060922,10.713677910581811,90.5610047293075,35.35955440184106,13.046918563142752,13.74602337849141,498.47472748274254,11.57860240857463,8.1922390215595,9.81161962986265,19.8924537226182,3.263971706988042,3.1683362564183986,96.72876066057597,2.007815110390717,2.391759457752432,3.2927319113001907,13.510000335526552,27.751699311280518,366.04819605435836,216.2655646750081,165.33910950346348,26.52275666655194,18.189760096470135,4.883057952663373,105.88104085652833,706.4603266497328,263.569381890621,12.228138590530197,12.17761029493352,762.3662995577016,17.19013908703284,1616.3523328392337,437.63988993167357,1811.1263857721785,16.746658577462412,26.89004873772511,3.09862891333262,1.4832092301626911,165.12205551415175,2.458265114144879,22.23417461470316,8.87286378419021,7.511974258819547,127.93714523134413,527.0474416619929,1185.9382066729665,1054.1135701994533,155.20720512846677,500.52448256103474,0,1.1433575197830292,0,1.144160425808604,1.1681677566359658,1.1407125825779874,1.2126435106825655,0,0.033582623153306596,0.45064991634861223,11.054804329871226,30.493637228986017,7.229344922308712,2.0980725237356137,1.4084339194104238,0.5565048052590775,0.02754885072415795,233.90577816267535,3.444809858587389,62.55428755320418,779.6090129791654,2.685657528458997,5.254795576930222,4.0328239275365,386.2824808360924,565.9978931290541,709.3513706157987,273.5449551320785,99.89951330488921,222.02984430604053,873.0406076301637,48.62886592488302,699.7832891358364,141.71123263025166,882.9859756897393,1126.5551294418767,862.478282378947,1332.087427294558,534.487272426741,544.237381580719,193.42945665545153,1918.8266670352712,7318.956397327553,23460.87725834102,1777.057649394837,66.97794475605832,108.7851205545361,8.94943945605547,12.271683708067414,75.35459583058616,47.07758670290948,172.833949106874,255.90059674556042,263.1085324984731,33.40474245692622,111.27125980630134,1575.993076399585,19.08095317890542,41.97115093974891,7.196447544291874,44.02678880248969,196.25722261114896,216.21596878411637,99.25408161860896,32.97358119425673,19.29415525232805,106.26431340366139,43.29022671761009,101.07771482621345,26.527399061123702,10.129509231840592,161.65792615598204,7.628112608547296,18.322627604457608,45.843771391548884,41.80596133503098,10.411855411636711,17.171343860477414,57.071462932032006,31.926862064708992,387.2868177537814,76.7793515492979,31.392486445113548,76.56689966198901,133.66526786475927,27.933796861179662,2.3446332337843416,2.3866624408511528,2.9179787734972287,3.052111157522582,8.913078546844758,28.10476568790732,13.925517265620703,83.18023387506685,16.862463194915257,12.030134893207013,11.97691538695993,11.974843735060253,11.220000398082545,8.760583398860657,62.281096000062234,58.02178938567747,6.157287626700255,1.2798377907919485,0,2.022165683373702,11.863202930934468,55.88179182433697,39.59962706282804,15.165235012399805,9.58861998995064,15.331548808200052,32.078297114752345,27.725167450631588,9.681377123625959,9.467692034819917,10.382941005830576,8.879480335434671,9.335976042359897,0,0,9.177030466726519,9.298511859857538,9.55856346637016,9.521988228479938,9.529516903818765,9.2502857073207565,14.187701124276227,0,0,0,0,0,0,0,0,12.971997748531859,0,0,0,13.154406525978105,11.369899363420563,13.390264766882655,13.574859840115497,14.527513779341813,11.12668381075511,12.896358993463569,13.286934155666229,7.615418558765523,7.60666221501642,8.313584921495758,10.415514065104393,5.920040830308387,9.754821214102563,9.680887950516569,3.576502844783972,8.425962668967028,0,9.369600039656808,10.047352030868518,0,14.007860106486154,8.846432098889926,0,13.19244255510019,13.857745448034873,13.513505078743243,13.496126659885688,13.309245568744618,15.945829386895232,13.76741772368716,14.232821877160422,14.109817055846788,14.242720667221109,11.504636910027076,11.946703931256707,14.136769669598445,0,18.487738525728492,0,0,16.470113369441908,15.87591628646088,17.21911726228764,0,0,13.343657870999284,11.699185845959507,0,13.96580317180884,13.556161637976755,12.960769555580645,0,13.904439956570087,13.25720224952141,13.032313569077733,12.858263254072831,13.260275369609035,13.260275369609035,0,0,13.215142632976741,13.225581031813574,13.096671195087223,16.537813368890294,0,1106.255104008862,12.794653562852723,33.109503329380786,95.156009416304,13.649911032343681,14.332170303162199,14.18909534158623,13.7673259247143,12.13964086171648,12.311428892311286,12.45581719572713,12.391323428163602,12.451127163370113,0,12.097202150892038,12.447250565174263,11.954329533599228,12.514999901088808,12.236152064393764,11.806457983062229,0,28.208572528962772,11.856418404446657,11.86338063430682,12.061658978125859,11.91027041215213,12.257198320737277,10.93910762279208,12.429052781404712,12.94294201968959,12.290991098825769,12.682111163577364,12.656726259678864,12.296104339751917,12.125569579123887,12.582093435971306,13.903284638977961,44.18227075338681,83.06930833635283,18.631689086783595,25.209688405391837,351.0215200014806,73.50865000802644,1.3105749453399775,4.413449691260373,147.88100873733606,81.24508274363961,170.70972476882537,46.37222141229437,68.34795033671332,45.698463451193554,338.7359596893249,68.86819741461703,84.16984199020172,1146.8066145743244,1590.823850170704,22.02307890866402,108.69583075986216,205.17423598994225,12.60994152608745,6.784446993490593,59.15862113056004,19.219650840223988,36.790635752991236,13.68336104821859,1.7342735375951126,0.6403360308896902,3.7947856083908915,10.261991116741983,84.91453466455043,2.0826291230632057,0.08160881832741847,9.058187173215927,0,59.418100608833825,907.0341549598916,92.71941042830109,0,0,211.64262616313485,85.8807319028058,766.6381964772316,726.2017246639136,310.6763602245293,1214.1797063405943,755.8755385092098,295.8660076906095,110.54991224541409,80.59980469816246,224.90213623451749,2055.1974667493632,1341.6070281648529,290.8925229250448,0,1193.6464424736591,185.87199926746857,107.24996529293423,50.017756883459384,177.39897302249418,8.366017143700626,327.3075339279175,304.0885989275072,348.6555555137991,119.01126688908857,100.3178445890601,83.49557886997995,106.10410910248704,479.7389440151536,121.66814812683982,81.80799149154647,121.50717178175361,360.6820557858476,830.3753132691783,1219.4419891289945,202.25086706613362,116.6195325823241,333.00285415545363,784.1485471278955,240.98173282755695,103.82736706503623,158.7215505715017,1111.8111863610256,158.2772507185673,295.71408264987525,22.415189490384027,138.78836528063545,105.04592292105373,41.258012431120065,267.6296675268253,30.020669719908454,112.79784612580298,63.57559835536887,166.6636473404397,358.41698018215106,1185.3558334150293,14.88690945871521,110.7837965474159,132.99793948147845,167.49444692580568,309.19463963838183,135.3428837145614,130.14529635258373,120.47052264817584,157.36666577440005,361.80336304656083,386.75222379406586,1034.5267141228294,332.9884883759363,164.98477138874668,214.0695353677778,142.9317196203697,672.5200930280015,743.7416668646206,80.22039767329957,761.9569529742639,1611.0396776360865,654.4372629138677,1576.803624696892,1859.1522875748065,671.5828306434224,159.98756680337328,930.914771715415,832.9426674566655,736.9130597126328,28.832604650548927,777.9432936849474,210.39641763865183,327.85170273598044,1448.1007267675345,478.21082378084606,582.9811984004604,1497.5119736345373,329.71920801698303,210.00380639635148,106.94616525353388,382.95179645952425,226.41180125579012,48.44012653777784,50.31473938874639,284.07361311863895,311.8997679895855,147.09366711866886,114.08475239769805,546.0632309317468,948.2246345512087,83.7319360394157,67.36713110273816,314.63284469726136,451.0493435361737,372.0260332846527,272.16729030325064,845.5813557179786,146.63667184898094,673.7203648075237,213.10348697776806,29.454283966896313,0,301.5293987620111,285.9655299136835,211.52656847358003,122.98040046405963,64.931935810631785,178.06291687793663,189.89939835467607,106.43065679399821,51.86980563422404,301.31023309705733,1090.4959954780556,209.11909869015588,658.2394481594989,145.86497693389512,176.49841294512953,360.59873913339055,199.9371781748739,317.31763265223435,432.5365311358537,102.90049686248607,380.4026259069115,165.3588787157092,122.62427436392998,34.95414960108441,31.44302812713086,174.21189722282224,2.2076909580861237,126.31496623121727,133.8816282070882,235.34866608071758,354.1373647354055,48.03789021677125,595.0449156324906,635.0746691951005,189.2174627337258,108.75095331740158,148.2157186031345,60.345467321745446,16.731164254662367,11.157805192244878,32.42848686482536,19.619550283259688,121.79727348882531,51.64170598254304,99.99237038685916,63.56684989447274,302.68015951113296,490.0317419164338,72.82832618149858,93.03035552074951,219.14081324211597,30.71453836859246,214.29022040026342,143.156835652535,10.481738186442493,2.2017742761187344,27.227123084344456,36.7659743907162,617.685860930505,2292.191910329333,0,833.9922799964058,228.16173903666265,27.125635565211304,825.1312930622584,0,627.6462443478885,70.7644120902559,52.53065407892536,0,0,105.55559059281202,58.95036106346214,9.540079644953435,5.88156922374327,48.06789699406804,104.28981842467212,1.0822234191354274,0,0,0,0,0,0,0,0,0,0,0,0,3.8400702150675388,5.661310366594266,5.77434421596383,5.676387678724488,5.661310366594266,4.495847556996891,6.034043733288438,6.395239115771601,6.118399647630265,6.393184462790991,6.909819936258955,0,47.797889502569184,15.050234589926557,0,4.0171144310160605,0,8.982091089290785,23.442632491485405,28.01558610656199,23.362722950139414,23.627215959985307,0,0,6.700250676523822,6.63135776558303,7.895999715239067,9.986768685707947,8.411344632793275,3.7906432367764156,0,20.777732630114606,20.0740908623774,0,0,24.724547003894514,18.249785112863012,0,6.134683773376088,0,8.501107381515174,5.025852965273303,10.081082788207663,7.035617846252221,4.35925567622619,4.0054307311224475,3.414269150174855,3.701902144190793,5.799693458761568,3.413216363116636,3.366222106584168,4.0557381199680895,3.1690256287917666,3.944604794751094,59.66210758877319,0,0,0,0.057371812220421134,2.9581981021388923,2.9604402294682934,0,9.776237073656565,4.930824789312396,8.835982863587155,4.807105925140999,4.914628043706187,0,27.856315036160392,0,0,0,0,0,0,0,0,0,0,5.682754426323174,3.8939375072694165,0,5.763342681478229,6.557589600285858,0,0,5.016305466217714,0,4.546083159360293,0,3.684137146721493,12.774052511169653,5.202998386047186,5.579567960991887,5.382223328170647,4.015743901216896,4.044119626088884,24.910275384631134,5.416886915109776,6.204127095814019,0,2.1556928021191486,0,3.294823369980794,0,0,3.2937248208736483,3.4590798402881835,32.131810483228506,0,38.9020245383434,0,0,5.352928079268708,10.216703999060563,0,72.28311592500869,0,12.863464859995082,5.413586660531986,5.759104632990586,0,7.0925750741770965,0.5030266773936569,0,0,4.960926773784004,0.472262679040344,0,13.754966480979853,0,0,0,0,9.172916150850542,58.76920072035021,0,3.857939923224201,12.861880119875819,0,0,7.274153517783964,98.63335724778442,0,0,6.850446406014028,9.517328972662105,42.08580293464236,39.048303413952986,36.249328349343145,1.5221569158496653,26.173187294219876,12.123216139227143,0,0,0,6.8404100699497095,0,28.583244785604467,6.87159513260272,11.9411324657483,78.34908705848878,53.77701045878312,102.76174107047719,12.928190837209499,12.11821795019382,13.895114763258203,5.8373203587045035,14.294236373063255,0,8.995695932821047,0,6.890492469639017,5.104831691496376,6.288131833349389,6.115142922975579,6.36427200045535,11.003072300549492,60.479471169382066,60.032863948683676,130.84394933545437,72.90509846386084,198.57626490576328,0,131.05149177128715,79.57743918256365,4.693510393808189,10.760229257587602,112.63609485188823,9.548226109592754,50.151457988312984,8.556193937507585,0,8.976919223524632,117.98506300828367,8.144115944390371,9.539291391201168,0,10.541017507399642,9.478962330424809,111.28435335844839,10.25303465714906,0,170.69720848950405,7.101632784234749,284.7551331993266,10.518405746545193,106.85673447595171,9.771390821092435,99.21557228250771,99.42046910483586,283.30928981332636,53.71254736661528,34.986299956014975,11.332189399065209,9.55720546489817,10.702062753516453,8.181359443741737,7.436469529379486,0,0,0,0.9029327742186385,0,0,10.839778985458874,0,9.127154280055658,8.393266414712025,8.893104771306701,0,21.09647123465216,0,4.145693213591454,100.55662698558757,115.7731979864007,0,107.47251556833201,124.72501519787284,0,120.49618857452185,111.65653939238014,8.766097429062821,99.35650556195368,109.89935303799598,100.59576196447156,0,107.74794070507117,11.558120840841772,101.08890153099186,8.755584764236593,11.817019053447995,19.589175986006463,0,8.896406535958844,15.570233171380961,18.032575707261454,8.84926074559325,14.575144698533927,107.44238344454429,0,10.699513734764244,0,0,0,0,8.791496428680423,0,9.102386564645036,0,5.835106588856973,11.965674796382823,9.952914312379534,9.425966398542545,0,0,9.586040042777993,10.463670362037265,0,7.949294751662024,12.560467230089033,0,5.218096605342057,9.904838019401021,0,6.993167830888781,9.755716170737891,0,76.20188249862557,73.25497613203899,6.228080308185071,0,0,0,0,7.900541203098174,0,0,0,0,0,49.1166776064523,0,0,0,60.22405363652287,0,0,0,0,63.36623226242175,0,0,0,0,0,0,0,0,0,0,1.4404083933764502,0,0,20.84968312771652,0,6.268310730581432,0,4.376703011182861,4.062588854398886,4.179474807847835,0,0,3.9538385114092534,47.827166199545715,3.456399593248442,10.825969305716233,2.4013162659777585,0,3.080750800912949,0,0,3.3566616004037093,2.868780315913962,3.019637937324126,0,2.8183602660044325,0.6691690704373943,3.030717866393813,0.5394816480952384,0,16.913452120739173,0,2.8602483289500276,0,104.43620273721336,24.308403767144586,76.76759975218891,23.25789954939985,61.75285523799738,12.863609835183047,0,18.880860569381536,0,0,0,21.752435797201848,22.017177229531953,17.526815543573697,37.69299247619808,0,0,0,67.92579966106801,0,0,0,0,0,0,0,0,86.46251186196777,0,0,0,0,0,0,0,18.129225870122433,0,0,0,13.0131590311519,0,0,0,0,0,0,17.832379246005388,0,0,0,0,0,13.793798145324553,0,0,0,0,14.31860370295246,0,0,117.6121441530183,0,0,0,0,0,0,0,0,0,0,0,0,0,0,0,0,0,0,0,0,3.4939232684374972,0,3.647171925596549,2.518167435955731,3.497213561219502,0,0,3.7473216592232177,4.117105094578803,0,0,0,0,3.446258198243885,6.279828749886099,3.2770420415209585,2.427505198634375,3.662362689107899,3.262809773442458,3.4954924561489915,3.1049798599759,4.305926306073728,0,0,4.579210763599931,0,12.51457789553701,11.588771751369375,0,5.914485461676322,7.846914487040835,5.676993829661037,7.448230089437956,3.507780570665101,0,0,1.772269683242237,2.198511840881999,2.8380297046682332,3.488842470152205,2.9953400900554374,3.467476001318624,0,0,3.788411195735369,3.2654034820183013,3.4840709543417105,8.268820491625,3.7185476358622567,3.287435770548036,0,2.3918176247931746,0,3.088346453842873,4.05805916652959,2.2762542145504563,0,0,0,0,3.2103242572576414,0,5.89373497632747,37.32303598310797,16.669934938595198,4.947703354802486,0.9760470423368698,5.766815081346342,13.871138821047472,2.4213182368867936,0,11.084012451302357,4.289808324463148,26.215331873125177,13.601809754361163,5.197902335118137,0,10.09539634894059,9.267525500247402,7.267325149572994,110.62374761116136,7.39502355777375,7.175588297944526,5.532787079002498,6.798175045928062,5.336350299243451,4.086720048386306,5.998075053219343,6.160813524833096,0,5.470822198561334,6.386610291436739,2.956315167972181,7.066573071116163,0,5.7570498465417295,4.839154792305171,2.8966684316531284,5.586037435501325,0,2.7370325839232197,17.213931323817043,15.60133757156582,0,0,3.8798193501018563,6.074300332576062,14.197820970062931,13.98303074196694,13.13725570072099,22.460978527511852,32.992757522209345,0,36.54665263809107,4.38517228229669,8.212467142438042,4.915720522743789,4.978242288102111,3.816149465024321,0,4.702255574103979,6.029295705939932,5.033368707249022,3.979521694763707,5.026163909352109,4.583865130849125,0.39336543587430023,11.28269121476182,0.013320847712609728,13.702864691783704,14.476361924352737,14.671945357797165,14.506984023885439,14.506984023885439,0,0,14.541328347945246,14.587862722681445,130.86171538966195,0,13.608316322324495,0.6634824351891727,13.764632190071787,8.648470573467952,13.52340026364348,4.405915387262898,3.9719426253236656,13.280669668968114,3.966979397807154,3.0693588614676766,4.3126491201500174,16.075823018936877,3.6741222886648774,0,3.796503169692101,3.2887863676695606,1.2680759709738667,13.454299441139229,9.3365850965600945,3.152196022408676,3.138152762933029,10.31140230895868,3.209441219641612,2.1526565767164634,2.989827145907232,2.9783588470458655,2.5279085218771744,2.8780982552386747,2.7891869040122503,2.6239346342158525,2.625929340883361,2.647711638908309,0,2.89392817530669,2.8831075497218186,0,0,2.818336867230182,9.361319806054512,2.9536353143867116,1.7083938053902805,1.8657387901566456,2.982591697555759,13.80478137717457,17.205487303474516,0,13.673000234366565,8.880670815502814,2.415099663161139,9.575412788821618,2.234342130632657,14.007678825158637,2.7913957255676967,2.226669956623875,2.217349523567191,12.283690712918649,2.2387841680370664,2.4812092603478666,9.739773418580116,0.9869803455369173,2.2630418157903267,2.0168120299291044,2.130798976210358,2.0221212237055997,1.7054145875399662,2.0175944005072286,0,2.1501803683309713,2.1048531027310102,2.673620151681088,0,177.19083862748084,0,0,0,0,2.060612754869705,2.180721264390108,2.1853012869704633,0,2.175310954185123,3.0797668057105563,1.8208786166364785,0,2.4430914094299174,0,2.4653295344621253,0,1.8626079018915598,0,0,2.1737922258740303,0,0,0,0,0,1.836983552269246,0,0,0,2.6620532805519397,0,0,1.481446497229412,1.6867897604452604,0,0,0,0,0,0,0,0,0,0,0,1.1140273427719019,0,0,0,0.2546314550139242,0,4.378693135544691,1.5801368990356213,2.384109873854372,1.1565455945724006,0,4.877632866110703,5.661438159052943,0,0,0,8.570978570387608,3.5260881912104813,5.8493240344255515,1.8489160830634506,6.151008520678065,2.086699255357023,6.063735326120448,3.93186145467283,3.675004684619091,0,4.721714691269457,0,1.5406899180729559,4.011897363565396,4.331381937623462,5.497938315024215,1.6653899313055696,0,5.2872815640761,5.453115226908146,0,1.8963270456249988,6.962199771933151,5.83110124678712,5.812096122016027,0,6.156238104896149,0,0,5.519335770169937,6.101575497418994,6.147702343819794,0.9420256475607801,5.480618480497371,3.7929971246537537,3.869172255497127,1.730320774583108,0,1.7040251046624848,0,0,1.6865421491614554,5.29270992408914,3.8275636173784258,4.29381377443155,0,0,4.108548122029646,4.186913254707904,1.0262579857681968,4.264845235399626,4.3683865253513705,4.605775009833967,3.1928485721617483,0.2080613783227693,0,0.21433518761216427,4.0745625373283385,4.779285292308587,2.2560569197403026,3.5172007165529324,3.9301874553497353,0.2949725328578092,6.598157210411654,0,0,4.116510859948955,0.5294142775105064,0.26356949587076334,0,0.9137729148437359,0,0,0,4.909606616105373,4.580238330036723,0.7744622840006179,0,6.78482708058157,3.9135229994142158,0,0,0,4.006840275070703,0,0,0,0.4983260426500391,0,0,6.867938095120659,4.0083339209928335,0.24311644355831388,0,5.533476102027199,0.5229137872316967,0.30522024046137225,4.9819303369084365,0,0,2.048344944198275,5.189871145914249,2.446610604267474,0,0.8292025030349591,13.479547488490418,0.7837067270708792,9.623675576696892,0.8039864460276627,25.22827027600067,1.0077745853030236,0,5.219551798267363,8.540427540843352,0,0,0,0.7854471190771987,0.7910352084862645,0,7.595221641721615,0,0.8244061496215978,0,1.072245215046837,0,8.491481367107847,0,0,0,0.9991157606660239,7.728320248087032,0,0,8.503669085330023,6.523597186572108,0,0,1.169543447276757,0,6.952714232120099,0.6586947270394502,0,0,0,0.8061679925343701,0,0,0.6865538426350709,0,8.217018540087828,0,0,0,2.372308249752328,0,9.808858924671286,0,10.401169500020448,8.64309216461001,0,0,0,8.66202520863576,0.545580119038132,0,0,0,0,0,0,0,10.149064234817768,2.655374578705599,0,9.119988431917948,8.567158257229716,1.395151576489641,8.250806883293741,2.62557199392544,0,9.12569260859117,2.754548332271277,20.253455062382212,9.309000273473835,7.343146695216582,8.161025169238467,8.938377778574734,1.6797560063471397,2.918051328645594,16.676066168185084,18.474715201936874,19.452270734093123,18.064064486790382,12.891719317949844,12.747843724217638,5.739914489125065,12.747843724217638,14.479986745698563,0,12.796095824593907,9.200834552396664,0,24.94406974303294,5.029628746358916,5.353311717947311,4.2161276116742386,12.719030354813125,1.8017552948993514,12.719030354813125,33.21466774608328,0,1.6425708305567142,4.700795943695597,0,0,0.3013202447116114,28.640127682817983,26.518135123777594,0.29772085963090095,10.76694017849468,0,0,0,0,0,0,0,9.640197820390373,0,0,7.332981415563372,0,0,0,0,0,0,0,0,0,7.377583266717875,7.133091269673083,5.575615190187058,10.69111940050838,11.168019433115441,11.47299077878017,7.557391327795122,6.504624804599144,7.557391327795122,6.3067152382715985,7.557391327795122,8.010909010291346,7.025960557445028,8.357388235044764,0,8.357388235044764,8.947621596950471,11.570026767682197,8.545327551496678,1.8078217180557543,0,1.3340759400188245,0,1.029666666795456,2.1310679925831275,0,1.7604867691985504,0,0,0,0,0,0,0,0,0,0,0,0,0,0,0,0,0,0,0,0,0,0,0,0,0,0,0,0,0,0,0,13.677709858180643,0,5.101713021698641,8.70586053681455,0,0,0,0,0,0,0,0,0,0,0,0,7.67529036394054,18.588413912254484,23.83540329432089,14.071681717867536,3.6327718441545547,0,15.254477403953402,18.175231246128234,12.255672078799876,11.808224917148793,16.99638689956539,17.61603003300534,16.378437309800468,16.70906637158536,17.26186165416402,22.051494212248624,19.194559821800148,23.618489349688705,0,0,0,0,0,0,0,0,0.6297225401640216,0.8049869021082611,1.512566872899303,0.6498999908204632,0,0.6038148665517742,0,0,0.7782106286182002,0.08756275646657156,1.3934804982553122,1.630554541892098,0.10250311844161926,0.946368750908243,1.7402857263517726,0.3270087148863598,0,1.5331150158639995,0.7037675084211439,0.7705036052325962,0.7492985275142169,0,0.6840302976004969,0.7091366563606394,0.8647521437666822,1.354522929060364,1.0430246669621714,0.7939385946902561,0.7942718264746587,0.7807848984020271,0.7530731049535123,0,0.9334721461771042,0.5518127064691114,0.5460833850086654,0,0.5817011501924052,0,0.4583413452530023,0,0,0,0,0,0,0,0,0,0,0,0,0,34.64055458212134,0,0,32.60046116297086,36.26104570788171,31.210197726860798,31.078763536100016,24.687712651039156,26.560651283697336,0,0,42.8427861577623,37.282157145105145,0,35.33636602881551,33.615832176121835,0,0,34.742892187118535,0,0,32.269401654270105,31.358679128456433,0,0,0,0,0,1.3763830547448153,1.1578516722809664,0,1.2738090962432582,0,0,0,0,1.104013314145867,12.141791868310504,0,0,0,0,0,0,0,0,0,0,0,0,0,0,14.200893013738032,14.632717422531814,14.545802244967351,0,0,0,13.825696952072414,12.964787390629311,13.083237188409566,0,0,14.369102769452896,0,13.939071304602615,0,13.059428019407889,0,12.724954897782453,0,0,14.666830553298558,9.923350495667508,0,13.532292144690226,11.820233964710717,9.098598638861569,10.35519412114412,11.51896076641479,9.201441924245543,10.546742063280423,13.136525956824247,7.675609779467424,37.36776784811649,9.872683740416047,0,9.615888834552077,11.504257365985644,9.125417667527074,16.93195605743681,9.734300638999986,10.486590174674424,14.691039682550779,12.257340257208247,0,0,9.940203336096891,12.387562425498919,11.328337256127673,9.167278909890188,11.81959557105745,10.390175539773061,0,2.3190407143498906,14.092256606465122,9.898792546439365,5.691409060937153,9.648510312698212,0,5.691409060937153,15.466745303978398,0,9.202369382225314,5.691409060937153,5.691409060937153,5.691409060937153,7.7805146731177715,0,5.691409060937153,11.150487940394854,5.691409060937153,5.691409060937153,5.859249046977175,5.790629718912413,9.57908749550238,5.691409060937153,0,5.796835029453228,5.272575184732013,5.802783893410364,8.601662625675681,15.454497347826527,0,9.259979953258371,0,10.14137576611497,9.105693718631821,0,0,0,8.238519828187924,0,0,0,9.03742554259359,0,0,0,4.9389678397033014,0,0,0,0,0,0,0,0,0,0,0,0,16.810916649822317,22.343145540109127,0,0,16.810916649822317,19.384127054782045,20.547095581866813,23.29498243850386,0,0,0,0,0,0,0,0,0,0,0,10.849415595898721,0,12.717068333114515,0,24.3112440885782,25.8242630838264,41.6154094088417,55.289438709437825,48.96769972095604,24.442455000174952,0.7614457352314753,8.022708361493008,0,7.53598716336035,0,0,37.316430614547684,0,0,0,0,204.24963724238697,915.7542782808656,175.15249680381183,4.999177421386193,1.1220401093397414,0,242.42537005889886,28.350481933193656,292.73191151887914,993.2516802596591,74.92218595311203,3372.493899199508,225.97930983502184,3907.593219800428,140.17464762678966,1110.3462671030418,934.053505584667,16.752584600792694,13.919775764656,7.619315700286935,53.955508917170235,10.623568372459054,31.488953357412008,34.29458141048102,99.75620660717813,1.5753669666885837,9.944912458669823,31.27624858209215,180.79677715772348,7.145142960180745,4.787741024305358,14.208954754989938,11.413955602287652,14.752611177661429,126.66067960150846,116.47170804628175,56.05607947931765,26.076539050274068,61.942309094826705,201.77519778799228,127.20569827112678,57.38499456021197,28.966089688922104,62.657731969285514,355.8979142295755,113.93859475878956,102.74240834031826,255.23440692838403,209.61641281763394,121.2407532344177,106.10490859727437,74.008090049064,235.60182892432294,29.380686085131643,158.12775379145674,121.3031494467487,337.5793017725497,49.009011870769186,66.96842249639185,255.63421684849294,11.399899127075486,126.01067432516469,166.38849304769008,32.587659959777426,116.5210488157432,247.68419995434732,134.38179727420663,118.81434645026506,219.98451946943248,300.716673357583,443.4637187139845,594.1618528152476,1273.8633805018028,52.498386264650534,212.283664420688,254.0211314577072,478.7071592908651,710.8285493229286,16.24972160195327,84.57580911564986,265.5437776713266,157.0837587142506,172.96311659169402,99.71339552965004,148.75262374774934,272.0366675582318,229.70412530340334,10.031432160049915,9.817807130011609,50.264631620768455,225.39010126663695,74.32509028628981,11.634746966642593,80.34285764122146,1715.3377736737855,503.27679587687504,58.740044408580985,177.84734898000397,533.1781921619606,511.54073070214145,821.2829140761271,200.13667783266493,3546.856851670364,8943.847571765147,13030.746615537346,2266.947950046423,306.7300660957136,36.27008808602702,157.2170374118057,87.04412606739776,525.2361144043327,322.43596198308774,420.58608597919937,1965.019162829487,13.96865627252924,23.134770263912326,5.270627712383428,3.9052909380903618,24.46686623803979,70.26185525673402,61.518535995126705,64.68118114784828,34.44393842678151,14.656687017890562,81.52659991295941,19.804334599841162,10.056513884327748,10.707322132433132,20.767329148680865,67.92169527502503,12.994365936481701,49.72586325684412,847.453541396876,9.699578735892466,13.797967854562181,41.47010172212876,6.153115396579643,54.78948725380248,62.851524593680466,381.3011081416422,2758.3830663289395,197.6757389810398,12.041377929558015,9.889098160778019,28.924279460987517,13.13679432820952,60.29203438992354,29.76297708499934,70.8121280940442,56.577701727764335,43.37899827289416,31.239590141984294,178.39320116035734,23.284002965412686,3.684764367463628,22.359709835483763,75.65166190306738,1.4548169371040265,6.362248590215293,387.43913043013026,3.875721884685431,1.374681901825806,1.9603396969830122,34.40955203357703,1.5155330546197217,3.4610888564682782,23.417215307611794,2.777561308142586,1.5657244270370863,20.313643015803862,54.362389462421966,27.183979407543035,9.132875991049541,16.040502739334435,30.862858719595597,51.17388597466887,2.413483341148663,20.209375156887802,56.015867198985546,4.2105855321176495,25.292125369681465,1.986318762631626,51.11994218973962,132.0785784282666,104.52775134105606,2.548408366395613,82.24905619912053,150.99721267328005,148.9619224818089,183.1191491272086,203.97599773544516,231.75467079990602,165.21844092316263,121.14395269951599,17.883778660927824,14.172697889757364,52.70646181665291,65.65892982374434,8.006266878278678,8.22228948061101,56.98869542537325,103.779118533201,14.552462649415617,9.865454293569833,185.1563591160919,236.99497879396,360.1010998986464,8.403736134441372,1889.1230813878115,5.718521763416021,14.762590203257563,13.045193611760773,259.2395294114676,35.500711930122705,27.546963410643677,43.61014395760535,32.82777338703599,4.128451205677352,7.613950052574296,3.742873298829201,0,0,638.1874562973788,13.137075459178126,10.489355867677734,945.4564336707095,2609.8342089249936,1719.8928784771877,5811.5526795708965,9216.210892182295,12537.748001187316,1213.0022667707872,7417.057739964616,7336.764797259776,2417.2298015313095,0,644.6337387508427,0.09747439587747608,8.624801676226696,26.56233756591647,10.938237294233408,21.239903716784156,32.261836876441436,45.2103820581992,14.195362188739638,10.741447849937426,19.22662708205822,20.177900616806987,50.01267631138026,108.68432458450651,27.66459220039522,141.77836453886675,23.174644507376684,20.89944930656208,17.937812507064113,32.44944240867063,19.090164285059533,20.965425206336924,18.418621128130884,22.03116930510157,20.23175372826518,17.718173418399257,21.80890152656613,24.257414198645808,53.605433203421406,20.327347548366923,21.985976346756452,24.438995095903337,26.48866412970494,27.227505567605423,180.40161928750112,3957.1745089333467,160.7555403342501,11.919267952802176,7.668032927936643,26.800260738399984,204.8364103761864,41.05457557365547,40.40414841353796,570.1294993768989,1742.234880535694,11933.405922381442,537.0959605657957,6718.054105214655,96.45928215962913,24.060361667325715,91.81994937127197,25.156669462032156,27.12109474174619,30.516012729473427,160.9555887669308,15.517375156631221,19.671877648836485,27.23033018008875,25.806888207559965,25.82885107164132,27.005672759494782,39.11575482976321,32.412530562533256,150.92503256285065,2680.4614327883637,684.9757661650236,63.57723081300095,17.195716351280307,28.347176023480895,15.58922389692595,10.945060970159602,72.63137210431742,102.7715666015554,629.9677518875777,341.9645234503938,7.549692913376187,61.0216318020132,9.612320159175985,239.44490746981157,31.103761751042974,50.86593776286506,1.073514500323901,1.3891460484169178,1.0066228550595104,0.507920700483164,463.00272515738044,17600.698630814415,129.25920528311556,11.191637738741607,709.5266445509642,465.34717184011896,0.3993756313562002,98.9704002575194,350.5415688420888,470.64321966515263,240.5649890639588,167.05725242945263,40.33698930190299,0,1.2051540133397574,2.792178195147849,4.77454823856455,5.924648895920961,3.174968354071119,38.840371379052584,10.245153229217491,4.8064393204155165,3.4085985282203386,3.273096968481013,6.897550432988993,3.5234986752626543,64.24529536456575,5.374947060476573,5.541781520811123,5.8324461993163625,5.669555199335776,2.3648702488990594,2.299362889756042,1.804076825669971,31.3378848660327,44.69484023759322,81.82682544912058,204.5049196118725,1423.908916213357,16.27535950402284,124.09041561008975,16.53012439914886,105.74377190057778,269.80335194120306,436.7829451832513,220.12593709299358,238.8683320384264,156.3572642568753,195.75973738265637,112.79960132731368,29.764741954061616,105.36201176148629,775.9050218128004,35.96353716003292,750.9281270169988,415.93201252736554,662.0671357420509,24.217533930295495,1011.013246844437,125.68284260988999,462.10958423837445,2890.6205541207587,992.6974782782853,1417.9044680961385,7225.991345552153,5761.150073695927,2130.964942673358,885.6608237167463,812.4137319712052,273.9343202023188,178.56134645477775,365.05161247913844,13949.796921821451,29394.52935038014,818.0558503440798,1890.3444396019033,27627.675581552958,484.31189769185346,140.63113902060593,80.817107715737,238.2337193640614,27.97331311665065,23.491865266147265,83.90568543458205,1818.225350689297,317.03928715610147,1207.2101811045175,22.34769861800446,15.620414954323113,11.991225687755584,151.20724346270873,206.19021387183437,213.46684948421918,313.4216119496681,554.4488399877187,321.76143083913064,2676.17838006898,511.5240693454346,472.56798701006915,79.30045153801633,462.94426171724916,96.42045550188034,1215.2322952516872,1765.9126132661097,1092.8882887449233,443.1155687542082,2524.3220169341234,1227.8959900817708,1719.5620281464414,4483.922190926043,2940.2647614830735,9810.990386669562,6524.800784494688,1192.4652302574584,1136.1057471871375,777.6682878576198,1648.044387800718,1041.122043272561,3011.5340569103732,433.7892756063344,2762.1854015249833,2326.22282109716,2079.5636112226484,5840.673560850436,2016.4238570120747,5581.16590663715,3189.597550253674,588.8517485753913,1642.7237738396966,755.468492389181,1374.9652582709139,3295.5596134572224,2361.3086543828144,3506.823262076746,1690.9179080428648,436.561042887075,969.3884084461704,1803.2542823200702,2272.338716589763,3980.9769051970793,38.35834208636053,305.4216929709771,324.0318254536648,470.4086139459152,93.24934352713873,377.0323578986129,75.0718915163922,296.77013509534834,3246.116930883264,871.8368026863068,1209.7610602425489,576.2302094500412,1760.3116802536492,729.1853530971646,1729.1975471429143,1576.9956265903952,3094.1655730977172,1308.6134431625217,2921.9647867177678,576.1668290064791,1722.603925676668,1711.7601138406403,23028.302984197875,1810.9554347816013,107.84299537601869,538.7149790225357,42.38077813370436,142.99494702667732,1934.0251443133184,103.66151740384713,33.23367497302502,81.2309208120805,40.7389603789214,773.7844772641176,271.9569178310689,25.775281155431806,476.34501179796354,328.08197943350456,1573.1892653302727,251.52101302927193,185.54016082752764,464.1620884190823,1166.5683283363678,338.1259887000873,28.7230895421058,493.35409905898615,275.63975137249935,767.854204860761,550.453786617226,174.41729957910005,1430.774273161259,2331.243552146723,518.6156072820273,1759.7805242617899,563.3628537254649,2529.9870883359986,5637.105357804125,1310.6052219628198,587.3833274793573,201.7993807991256,1003.8900275202518,5617.600556974062,10426.849114700271,8198.466875093503,1070.1955832798144,686.5335082774651,430.39001319451125,341.768951685691,1738.0461955070264,193.86135679383946,1601.1757958908381,1517.1878961253399,1018.0500883517332,327.0439765448791,128.72177747191478,498.57657597430966,27.166201632563844,77.6865419701894,489.65010223600723,30.925854457916085,114.39390474553527,23.78572632568921,233.6800047079392,215.95845008249606,164.3638080820161,263.81287061008726,78.83491400935343,54.454071226765755,260.3519826989245,1969.2469679583648,494.3787891002973,89.78478071276014,830.4464310759976,561.6508259538595,1807.3571257881265,712.54325426905,1267.9093131327509,1822.7331559979584,2334.1033076159315,267.21240802737674,43.73181014638304,120.85303984101738,710.5710019788532,167.14055268528907,40.59285718236749,135.97396599780302,27.289765145568214,23.93795180228388,21.231616042153608,84.579731975099,1.9149681717352514,0.26505383570701485,0,46.47935095608838,0,119.94132365926862,197.88663975714047,30.796065783036184,119.51414965133645,0,13.588388386870275,0,0,0,118.57686740185606,161.49567444715166,0,8.768512190977273,0,139.45100829287662,0,110.45972767734395,0,524.6955424656686,18.67906962137235,201.52366132514217,118.99257915971916,27.353909035787694,24.363440936379707,6.412001392156219,26.20188157550271,46.66746090735256,10.30142081341101,48.69789968389389,58.81755989464618,6.312949940483636,699.212028689223,5.445868170937545,1.4483421761751873,20.486583755253054,12.649429226032439,3.0384200731283157,11.801122729723001,8.383769437102409,234.54095770649099,5.100045951943686,6.02269096459765,9.111714845517172,18.996526638291627,54.008465156122114,5.328981007102119,10.59483274201184,7.578117228894318,35.25594634976396,12.726175416894684,43.846200359304305,508.7241090286841,11.472971153245457,35.13498459956877,36.945298439981876,87.91453017423203,1082.6257243699702,62.71754234059703,9.561830811390202,4.026428815914224,24.334312956399838,4.263158951814722,1.2666972817392004,23.838514769802135,32.36534016292066,24.583194412102436,14.766028553758902,24.037900768711843,0,1.949262346361522,0,1.8945634319367113,1.049733622276663,2.5585986088589583,2.483853138806912,2.979211308370246,1.774666447057412,3.395515129890036,23.957445006755776,44.142357637915275,7.229613884065871,3.5176811614720185,915.577413374093,19.88660247341032,4.984443529732577,1988.759456191208,3.465347655432425,0,40.80074804836633,6.519449192302105,5.228261716956195,3.9192149946751558,3.1736431380354237,10.627845652531155,20.615038699277278,11.609683354878833,1.2862529214979384,10.658894766478316,6.2194259161147905,10.929906352529605,2.71519919549654,0,76.02044573330363,123.901673322367,976.7851855577965,5.464237770085577,965.965389848461,5245.940782861768,30.013742544465426,18206.345198786454,50.84501612244117,5868.175549443221,969.7988659491492,2137.0844467040297,253.82228425129128,624.8264361349517,841.5006633840796,406.98418620078553,1246.2935735789827,1854.9450431768864,68.29819712123016,2082.0480922437914,3039.4960263773014,830.6916882443669,438.35358668228474,182.0126363259722,951.9381288311356,859.5974921500698,3490.405783081421,934.2691660546724,497.6429767329633,636.2964820725352,272.68823964429714,223.56076513209126,6006.723741975524,434.957377456462,685.311753645163,53.532697695347025,59.279091824919156,105.83891821815219,51.00475986509761,62.280346236629214,2141.124516379601,5018.363852012381,7420.8294165310635,4019.324514083589,63.854585909561926,440.4578001110603,798.3788462197369,332.4119781524686,2210.472244301309,1899.199281766835,548.1567907189229,692.5455096784685,1516.5724704034153,590.2997222667689,364.0988353124666,320.7612943139764,493.93093297250124,291.34215441298824,3.30872761241883,1.2024039812862246,25.22580010576456,106.91321150903346,21.974636854042995,128.00040661461645,3.0651032980767052,8.250794975680646,2.3229150569180157,1.159100655790945,1.1159542263719937,0.1581120378127976,0.2854587543419562,0.1510359352535084,5.200737824947276,9.800260841517018,5.660589294358801,0.974166320282368,3.4615661219675813,1.898752876317957,440.5246793172264,6.1639153441275205,15.015277547944617,2.092407355328204,3.493536503277659,33.669769803267585,111.84633126644187,277.55071080225304,273.93932209379835,10.105476393342558,23.51885951288309,12.525983398350002,58.440662430143504,2.792270868349306,106.05835379492729,31.836846408018552,0.14196076456353218,0.9542491248519571,0.35714300119773923,0.7968082900913102,1.663886828356795,14.931068704531999,29.5395787406979,3.485463359795967,1.1835506699575196,1.8453379115707076,0,213.27319762169077,675.037165239266,3328.3128653277045,40.658766578568404,0,396.9318715781951,217.1469067587884,4.790448731876716,994.1068233205184,36.323635897014846,20.585675049402596,3.0742518877132827,2549.6281307338313,276.3274086933123,250.3489031591371,1288.7810498482424,26.946141091659594,720.5654770700683,3719.998478770165,28.114289561381234,930.4171359412502,85.89308165690129,955.1865826208203,26.884910530700886,1.3696288266085295,3.510647841505512,6.558361430285152,0,6.876692870639395,0.9162017211862165,11.39805543382113,10.733746798840254,1.1721950670161148,7.07793797274348,4.27517439783023,29.411417650463505,5.621896239476841,13.177006122397719,4.951219641748079,7.746448496490694,14.70997554922565,36.801973581945454,31.103301829965172,5.499108103798495,28.468801693023547,28.184988025470002,28.296215887726664,18.83246887931462,8.71187793762423,26.947607258676538,26.527043065826035,42.57653734903127,1.5779209309355542,2.5696032692112545,1.5937862567413268,20.611148146994008,29.318723770330756,15.018347179990554,25.162124805234455,6.17294617106335,7.461554994464506,7.254206937908607,9.101630987774975,5.438417449649418,3.6679849421006816,7.2081328562214,6.495305372440077,7.242845757753556,5.9095012789472,7.082443160885703,7.007006780078402,7.465078577196894,6.399346084844816,5.5590204720133665,0,7.226766818204376,6.951895563796005,7.4716515779433825,8.109348471839281,7.828397678019698,3.5088640791582546,2.979083716604576,11.552790709526796,6.366263932330904,12.343539585927616,4.767066450428706,9.209508630574776,6.5566663277104515,8.056567033708841,6.60075107758031,9.765005022744777,8.757968419750375,11.319472691703945,10.569792141588806,17.2912361412926,8.196748657769605,11.237974100393336,0,8.603865385899631,12.493209909489307,12.264132227455413,9.593793412002293,11.756080769926035,19.143835701593833,11.600355501690531,7.945975441145456,11.318547295911818,12.865870479508896,9.195381015916192,3.773579771781464,11.268379534072869,5.947141272509936,2.4526967480413826,5.540577339015191,177.88129675074327,11.045091967793033,14.569630109737867,19.150176575983878,12.404568591205484,18.218360099479035,14.366030736110794,6.227049149900126,10.427418490102399,8.076626027341756,1.9425292514973607,4.513163022469492,2.3251232415243166,1.674359398717937,4.404441353122092,2.482340334961633,1.3646917274259522,0.5291002737871185,1.1850061667631633,1.6366276108882902,0.04629593964977195,7.072545408155454,7.682344247414723,1.9159354703685048,322.6815741562724,16.9653026001576,2.7274036554207246,5.36532910060137,29.353101022228177,0.9698075651075608,2.744574437079829,0.12905574125206412,0.05883465382518654,0.08763482438849479,0.277676924369521,0.22526330741592518,0.28332416522038156,0.29037405503559766,3.4411285535008673,0.1454465470675823,0.38658524924165005,3.5566477966471006,0.9323405017346088,0.36461300010746983,11.818236006486888,0.19507045610572402,0.12517065414000314,1.1516646249973257,0.34085253875053695,0.19831144405406154,0.02322801343587876,0.03357626080681074,0.17561803789876748,0,2.799311192003903,0.24421889931838806,3.6595102395848964,0.2715516884227354,0.10054373502999762,0.1050237497749324,0.6079019013612286,0,0,0,0.04322407465379812,0.21711883378589755,45.71475894797447,0,0,0.2098942753016544,0.12693574890364384,0.1804972358997491,0.032432019506961125,0.011527622161004853,1.9083759943425291,0,3.1316663560220395,2.4164987557678956,4.2944474372926855,0,0.7679671998153738,1.8649652593949395,2.6292837108803893,3.8760521965112202,1.8618319827665932,1.703449374086886,6.160650699106744,3.697403638684317,1.124251219399054,5.867230292150245,10.698041282007283,10.672823835046291,0,3.52094441556887,0.4751260776983619,1.078353219061615,81.50020243848999,2.6853113859798987,99.97169943973492,0.5038023252966208,0,0.8598455287894681,2.144730837317348,0,2.9989382801754054,0.05491760652764456,0.02568443449560135,0,0,0,0.12748102418362262,0,2.0469140839190207,3.810011290352124,34.723478477285106,4.859973487553465,3.6188743820657923,3.652667025431041,26.0000077073743,56.3304471525378,155.00073635863322,216.96338718810074,21.378146575416316,18.36678109335048,22.995420092050505,25.859007471936735,16.984565564349257,30.97118433505512,301.4641422341764,612.5172931990156,6833.685475060567,875.22577692801,52.08494494503789,23.051097611599054,61.66099043267949,62.34954687737376,10.519036284579274,11.967015255849066,73.31603689169634,16.70358415589942,12.41574592642801,3.5564586811231056,3.398426330788666,5.121945009051839,5.480144102417792,5.347413788629287,78.01567600231796,3.725394292283424,1.786529389034655,1.7593546950495997,1.314516839319047,7.335936109821559,6.423998845442813,15.244921515244167,5.966800206845353,29.170322537780756,144.5098621955801,21.81066229705295,334.8803722921714,75.33520664486906,0,0,4.2672821374602155,6.0627554120988405,2.3646828722459947,49.45212268309414,28.29323910584241,144.87206296333733,2.5840693264237653,3.7707737659845875,2.5397767038506704,4.3489387826598485,2.02809532877506,4.376935438267301,17.88401159888513,108.17350610192864,24.3865080831412,6.598145054047415,3.7077291240947954,0.9782272794401917,0.8290585563660209,1.7617554448479844,1.6509253474567138,1.351297703732153,1.0168909545567275,0.1929577703906666,1.0043132472191492,10.504404653046306,16.362539770326123,53.59643142719011,314.5354226234124,10.973808828555818,2.265786530164448,28.24850326900604,55.99722086037522,31.391114199218027,42.50892286362212,55.02879921079312,20.982842496008793,33.717871004610764,108.89807616348463,733.1577851105571,374.1297865772398,57.76205476068844,91.64720517384707,38.439378666698786,95.47654497998316,170.89079493777137,162.5877291853017,17.637774278835103,257.10878555650635,2416.401384343472,1123.7017462453475,269.9298482195566,41.92114590529874,146.2321918733539,95.73616503734688,11.142987601559708,8.259421213646103,5.4126629350436914,62.85505081625679,344.46193627907815,465.22202259757665,1024.8146009651753,3028.1188525521575,2512.8287252502587,1443.8869923195866,1742.5557507548706,2400.5388355959835,4868.118446887542,10200.288432614974,5843.64501033205,4249.236795508006,1483.0343757910728,540.2922855341523,113.6392480201462,139.44908452849953,276.0954284724382,183.16567264888707,281.5030410207099,324.6235553434856,225.07554340856527,411.4509598482942,379.71878875333573,168.2846625161827,38.36282475560648,80.240495049762,36.3748057528014,3.2051071293618634,6.545312517744747,7.23543188104457,184.23205502196208,1238.7904759903572,160.90966752716523,135.28809034944732,147.3722171460405,76.14559573322067,159.88621444542815,734.5371366905547,2011.4536198685955,1692.7097681001162,1500.638570695991,863.8792708733051,258.0788360752674,85.82480561507631,39.143274040492486,14.212467601882212,126.91166386616538,65.53983745682514,155.3312396249347,127.97610186113027,158.1667360477525,62.14808657015143,104.75695881955167,24.4739363760029,23.237616788064972,14.69311577162454,65.57577151791116,80.44995287357732,230.8618149211486,290.53698284938804,256.6791197909728,213.5118130905512,319.9676332912643,194.03807392836325,501.7959499860521,290.0657247088813,153.13867331268094,340.2525198833418,88.365797981277,84.82567717449037,80.86940143468418,52.86486239825347,210.6648618075968,261.8013806036424,223.9029769616149,237.35314192850214,189.53702660916528,256.3286045112062,47.05127929892086,318.0650586201277,44.87762153260196,75.85439727738687,198.73385382749453,136.3850888631985,162.51306786982906,250.4115488093908,166.91524000182403,379.73948178974763,275.33706048585526,870.4183483003275,849.5713978992715,381.9659191951524,599.8019382494707,63.01900598932891,29.57516784822584,263.5366613063123,45.172487739430636,54.38448601399197,71.54490781318076,433.33989471349435,356.1453899345536,27.347043812462218,15.186456719481702,122.16516425902125,788.9865803981296,173.50190945869002,235.21623692667816,334.32702603356546,186.53217899821905,110.5175929908849,195.37026211379685,156.74871417635882,236.27429341767257,135.0568673164506,667.7472555615769,157.20672407596464,143.44805173017897,317.3444548630235,400.5985456053449,176.99163678464507,109.3981580246581,71.42890320124545,123.21736091686617,108.30848192109366,141.53398717782463,37.99652907161589,28.989076798421777,17.756715944730143,27.058084556455512,77.06475790041998,375.4525427074479,357.0755085883756,447.9868151502414,312.04197538406413,350.7600069692782,354.1242957517323,293.4120746584878,516.8667874622101,437.37177658907285,88.52153629159297,26.702588508299698,840.6876036168661,403.18108741447577,674.9960973812,326.58784825380735,1.3678016511314623,97.80847094109632,184.03257284091256,22.551862428827153,0,28.5256244227817,25.849467713931144,27.792732394549553,8.76165289532422,0,11.39638627186119,11.742514386025665,8.774467108193258,0,18.639258992862327,648.8029776268669,12.569190027296695,15.402429959251068,25.27853012694142,7.898716559573898,25.96902561760943,54.46164205920723,29.78643704806009,34.390024475309914,43.54348193980477,20.51320004985655,1.3226727442974036,0,11.569357049022955,11.464651584721764,10.361116379870525,9.651619406264018,12.910607992086586,39.30760038977324,41.269551113197856,2.693041896486848,1.343722670872842,2.779494661010224,2.586023399380099,0,1.3073274403043937,1.2122843757565502,1.3843023574903879,43.34508472863188,4.049430010594225,4.662613845810197,71.82358944822894,106.13772439529988,371.5876447396785,112.43310918142689,119.8614602801428,19.100575213296967,31.219748088075562,60.988156302563624,7.587000871356209,12.524356126111995,8.257482641752791,9.767875685711527,14.3814596544746,14.079587225898335,23.941689698200012,186.629023463535,100.24538332884048,14.750961782596717,43.254619154967905,100.14172949160314,50.464911287089606,293.73273389855655,93.29599378094679,55.78134993258298,69.43042424587858,186.4161222495264,264.3891854971667,162.67777211839797,242.65118466242143,81.7502178476742,11.33159338234551,18.304042284370688,84.28688804727211,333.15477055855087,192.77461319104998,19.455219812156358,58.550027152112,438.9741694951053,68.66453082087695,85.76750814828652,1171.8648076488178,2483.6746478123414,2783.7160749095942,506.37335488348896,175.14366413088362,84.79016903164361,63.641651234278754,197.5457427118027,30.01612585311842,482.77822744489265,397.34928254904446,793.022979680956,1441.6469898921216,581.5363512221205,404.5807765906791,103.5755395485699,52.19791506646677,61.01943626882895,463.3749151744237,253.74939277164097,126.17131459630585,418.1227615653087,501.0269471518559,939.2177434343376,477.8831108141307,4255.616219608563,289.0009293724067,103.79368564372508,47.52777437643509,74.62382118877915,54.68169765968829,2167.3359215729565,913.7384863024843,247.4707976081082,577.7113188797642,497.1245940890091,318.1028495637281,274.3737407033984,154.58576490398767,71.96707808833352,93.4563303901277,15.47137378019686,4.659977405963363,21.140143892065414,4.920673814652138,40.42777988776704,148.39742290359214,64.80962981441985,10.568811595408055,14.886142119284308,4.94863733181584,17.60440747872788,238.3349132737071,7.5742932238716225,798.2707731207795,3.7523132222367015,4.711754811141583,10.221987573593735,7.027620121651527,1.5329213114489673,2.936197408229143,21.120375409135843,21.212125529172862,18.355029942999447,8.306774399859632,0,2.611421721077955,0.7042253845747513,7.297555480325063,22.371648319397472,23.42132111877566,5.737911817141524,21.545110663453606,146.5273190170571,218.61495790763465,182.7580445616321,2381.9832696910353,244.51587315182337,149.8372270637987,179.95703629872742,25.052793688879024,6.352226739742984,0.1995607559014796,38.42403823825822,582.9562205352302,1062.0488607397565,1198.893599288178,162.60458395684142,109.71097537622522,291.55519077524053,64.15530335870264,284.6751804005454,503.891675022934,935.8615926653093,941.2648583110093,141.13964006163835,7.0957620048798695,0,23.374411750522043,15.811735714794736,140.80647626063273,81.06528035397093,8.044040006636205,2.26877458898753,22.12674366165546,30.246260138348255,0,0,127.88129492903205,105.63312012593653,95.03902624210286,7.867443010280768,2417.2364464866546,2852.5057923409195,632.297713940894,0,339.8045153288236,6.394524257134804,4.787235772425505,8.854708120627837,127.21125797599261,9.201522337381508,9.0926844695093,1053.4740010969372,807.3902013518158,715.7662644575095,4.969747479475193,6.119136191299453,369.79831040850473,117.0886094036621,47.94735975600074,70.68862673487084,819.5833024096836,158.49570830454778,49.781032664985325,260.76459751358317,138.5737272038832,160.4955284160032,10.142526560068992,10.975553521907448,180.22708348875307,20.13383446662673,298.17492596020503,4.352521525635532,1.544777966096253,1760.1731199213878,1033.3913733317186,3679.9374011417244,4646.822920777212,2176.754348732967,293.8888648765855,122.47073014072456,110.06753569664185,214.23947528517013,191.6198798832599,87.49663750404726,272.3569585612885,314.2384171109631,1995.8508410381662,3451.7796700810845,841.9806321787822,405.85192765162657,1042.7395280570167,108.41726267737458,59.16314251413008,230.05119179669995,4727.088168350398,1383.2023913838902,186.09085500649803,267.1127180810724,699.85052290309,799.371672968584,0.7856359254803807,0.08490063870588073,0.21842589121067738,1.139267655766434,3.2915444170487795,267.4850454168068,15.782511519371223,40.63490351212169,47.69184062747192,37.88005804330106,49.72452085603622,150.42424097927784,1055.709293629875,179.66215697175886,155.81424375639781,726.0363875777691,1059.0123090340214,3616.6057058101983,2325.1760469510164,458.4667466377396,326.2568957809006,255.09938553879763,19.557343288685185,384.5276543099363,16.55302233269726,14.634790797374473,2212.1165412001014,8541.09287813006,583.1519820883283,28.22894379198344,485.18575896314707,7011.512615933395,6258.906137388473,169.1203016050591,0,0,1.2739727557659364,2415.8922069120936,8.60065016673764,4.309303278126559,7.652355536605652,247.7911204554461,103.36048705230026,7.0033778187281,489.6411403944397,3.8093817848530107,35.12622708169606,40.58348017285364,110.42869768327179,0,184.59881212400387,48.131507855463454,258.3692915010414,30.816151015101994,0,12.81009583148973,0,0.035216515969640205,200.10611337138258,309.5829670108553,82.71704213032484,162.57110964883947,4.132929528403435,153.04499873380362,14.658755364919967,893.3592438305253,646.7027296728995,445.86198326388046,263.86044168833104,248.70967538078736,106.55963782942361,37.01557315864884,1.0178960569393063,136.31734195865073,262.7891923474642,460.3299304775166,279.6573674846518,102.51117387379844,14.369434834463867,137.3008811787609,153.5709058973836,280.6561648886585,219.67442307965237,2.0126853625729595,2415.359245031106,3245.411120120809,10677.784494884041,11755.829373420733,9150.49408111807,0.7811277317269996,0.5039116451984327,1.857336981090332,403.9183223901197,25.323443570227997,785.3114013846315,293.5005269061622,612.9588434689853,2514.653467640592,197.10042122468533,17.376711405845672,2.27362187562262,512.3820735577973,58.122966643261776,19.314151054265338,9.63790891653663,1.8145587970759018,1.7809789410271493,1.9511916180750042,2.053820164740591,4.079627065434186,1.80493873148973,3.0828732249650224,2.9171084048807243,6.196635797675121,3.3067819597863157,103.9582778111475,19.120661425344853,8.634343731839254,10.113959998861148,76.22352688666263,510.5691354236577,14.751474662311711,9.7738581345919,7.9760972946533215,23.641407089000907,580.6991583535247,13.533483053138346,61.91895564334838,57.70026864884842,109.96732519349086,14.510820111098415,18.663292902335265,18.750735779123513,6.69033614259764,9.255422692813527,45.35050799570223,9.805863007464572,656.5622957181652,9.248817164821133,121.09493768884913,7.861071221304857,11.97610225789499,799.3433339641523,5.729942444808667,32.122311049384706,75.1974874545643,2.8365225857327756,33.19033297773995,7.440741687516803,42.84944064376599,18.979040989785148,1403.4537699669324,187.26481739126416,4665.879576017503,4734.407202240015,3111.8472215491306,1088.7294258006452,2033.6404472072072,4.443914098838032,2.3942166871964314,2.247830000461498,6.354715016704666,431.63513395676154,466.8195868934521,22.38095437816945,15.363458361667282,1.4008036515683222,5.758585548056968,146.166210413855,428.32424058070995,62.6923792929423,47.37331811396393,4.557691181849112,7.548318985933335,68.40312178227356,78.669539032591,659.4333797034122,23.095721125222603,105.01601951831006,97.48130577107928,27.884312027339146,111.16778961253503,3.7372248745299186,3.6104923808814666,6.163183440968425,1.52192756755821,143.0722552703457,7.007095730320651,387.81742351776313,137.5309667341055,254.96572578679817,132.55698834795228,538.1153150134793,2280.4139477146887,1500.3149209096962,902.1967603245079,314.2729557744055,141.2608174171912,488.33416620673717,186.4897745981454,393.5396585162575,1106.8760790027857,799.8168800385649,2448.138261563187,1477.6661117738197,435.94411850900235,324.2218185247714,330.1099785515911,204.8189860378905,24.711302147045686,185.38033290602834,99.34988315114317,49.35380814530197,362.6046330538971,2380.6959634090676,920.9918685973595,115.1703273270783,1634.684134776348,818.0789828851391,185.21618604877088,19.3335410072143,429.55129928970945,870.7521841819222,1769.3327885616645,291.18221601187116,165.02255529361548,229.06526355426462,222.67073351458993,695.3943947392668,257.078811190713,20.634800489413355,133.1739349588203,371.7300936533945,957.7837158826522,863.3959470900742,870.9669677652126,1861.436478989719,2381.4187574676603,3927.3426982649007,2552.0719108523276,954.5135857564129,790.2389795994899,5959.681400379634,2380.1997519970787,616.2343704664507,31.04789505502887,39.00524795745545,57.5005077347515,524.3864071580618,61.03028553674295,366.2625251769762,622.2094303638338,34.414291952932786,269.71104705294715,75.78627071854362,377.2836477985356,1134.922106640654,1118.0139768160816,43.72793767357692,10.575755205551179,7.461798800610947,33.8490270762452,43.55108658507986,49.29655231926695,54.27815065436201,60.691547710967136,439.16530251264004,2278.2153014720516,1488.0353043153807,513.694889456332,257.9401251718143,34.27850081945068,346.0011109304853,0,0,993.6571059937852,0,380.56321968754577,0,446.4388549922127,359.41457111561476,1416.1214450020716,373.0526785435369,0,258.7649573104018,208.92019718694274,1094.6782306465911,605.1248179147525,636.2962864743783,1033.9428729013573,240.22207476706637,3986.3528801605253,1136.8663794806955,268.4871382913019,753.017622543732,717.2892921974895,820.6742576752044,507.6168554182374,2447.9694933962337,798.171804923625,1220.8392607390983,0,1372.1148993388388,1290.2188204818588,418.81966724181484,605.6233212277889,428.53352863894355,561.010470760347,585.9664536132187,0,644.0648456165324,512.6717803981572,0,374.3318894249852,3259.52067564757,670.9973084502968,1046.0517335069824,243.09798255858252,578.8434499462759,191.64877094429085,0,764.7739682023596,1647.2287379409886,896.2793780114813,1414.2953072277594,0,1362.2735759109853,1261.4495798349442,507.86820914727866,14.56536753405792,1092.8523692569318,0,1056.9399542099486,1090.1973087595156,564.8231222407261,485.2215151712034,492.8169648586092,986.8244834679759,1178.0781467719826,624.9411037515345,657.1623634932738,0,497.07061111081237,522.2088360444038,1112.7504099905793,339.0278424572047,854.794674838911,670.2712524956477,454.72704488081,720.5201004560552,767.1190391006564,0,513.1830626949734,0,1483.0931497002625,16.124368904270202,1281.488451612544,1.30130818171291,924.5758223022347,21.69069598899792,1065.6267795510555,823.2622858381093,1063.2218583728668,777.4071080434559,232.30781767290438,1052.4148298422206,668.1595005818552,650.0494794632299,0,597.8218853131336,738.2618241001463,450.6689611799683,0,0,514.4051184676206,654.9459733479594,690.6586903586089,404.251024053584,1022.7604270432352,632.298656709373,894.6631398204654,604.3781051260494,546.2229497319545,633.7952242904882,540.2159300833076,517.3381529176518,732.4943546932524,724.2837072198154,827.212806124379,721.7850584781479,537.1196144655247,511.36292698303276,1206.7319508036144,1417.9086809543135,830.9201566292314,841.9477873610308,780.8852571203063,398.99563896160726,492.10768560185664,861.7365079740579,1070.895509383619,739.7197309038002,753.5393400469709,1100.3780486064547,752.9969091994257,753.7571783349271,909.2902668996697,486.9746926118857,1131.592821871788,1117.6700691212243,0,1025.0114216958036,974.9134194525118,0,953.1184069370989,1194.517958739913,1508.743925036431,1766.0185790016283,1155.773207620725,1449.240037897049,1428.5287289911853,1321.1763801465333,1144.5746569684914,2675.745554717496,1239.7804594761162,1132.8721420289553,1192.8344814367347,0,1788.7840038218123,2335.434385994265,0,24.09982452986751,0,566.335214626636,1491.2565248347257,979.2293897707018,906.7388582476336,958.9684604033307,1590.2018476515518,932.3637142029496,617.067897043637,528.0541110083121,506.43841712809586,1275.9671486455711,753.82477010345394,950.716800473349,763.0347624557269,898.8316691064456,864.0131318241095,830.4478593301324,664.781006571027,1057.4274267639385,3177.840457216386,5374.544323836815,1088.9297689448797,719.6115610085435,668.7782101988339,552.2211292676881,8308.740763803458,585.0326659500778,1305.4887960677984,589.2279207202714,591.709972270167,621.295631243596,507.5866987221348,637.6418407210666,288.0623958984423,766.0458520263759,632.8029469182142,0,1279.2294375481688,620.9878129578831,607.7009812362528,0,306.80690062450367,0,490.5090698427929,466.43018548631164,701.1620649960187,549.8577543833991,550.1165029837188,759.4071106809293,517.8345127902165,758.5712450750631,820.598193213702,636.2927742647076,879.9668564283885,749.3290412363967,649.504838980611,0,501.5104864049972,0,1196.5770740396097,626.89692236833,739.6766275129786,765.6324356636864,643.6010012607145,389.89383826532327,0,0,424.6283245308389,413.4092719902561,416.88580058914005,0,423.14856777188487,382.247901798055,404.27034504179284,414.8624979166636,402.1808609101811,413.05508739901717,426.30975533804167,0,438.4645671185777,436.49646278255864,466.9002274960427,0,67.97498098336298,0,0,143.06767389053084,1052.139097084709,0,977.7756004024578,505.645074871897,180.83018822711867,457.64979885294525,651.7234683946467,1972.4742855109473,787.1287636942329,4.98172054251014,458.30526210173076,51.708649257148174,793.3691443594282,460.29734798293714,777.0354644929729,364.0711129274846,0,692.8632681198131,426.981825733182,502.1093843170288,610.238617353483,371.30903955624893,705.5134058212512,396.03809757476307,662.3367405850407,550.410239958814,715.3988872414168,518.3330402403212,518.3330402403212,514.4832236251041,402.6121970762152,556.2350342633591,420.87824103934764,432.4138589551652,391.7545187647843,556.3880534121635,367.82554346882955,467.26599011632806,371.55539343231624,580.0777041211724,524.4688654007626,442.38449219831205,436.80506855282067,577.4294514109203,373.4251909680981,414.41782216743894,623.0707885620382,0,446.99958970452855,430.52941998771587,370.88998790972704,464.29979806996124,553.0881910715602,477.262071647929,407.9504051965257,644.2335727020053,562.0524680508503,401.53570755901546,952.0789721538863,417.77061661608,356.72625139772595,362.35130160433204,624.0754500799454,588.1555998536746,364.46360553525585,357.10622212137343,371.02475979843723,354.783925867389,545.8374494099586,0,0,0,0,0,534.7576141558559,523.2063295384078,519.4633209485687,271.7772566552305,217.51173266961212,0,0,856.058784186093,736.8140381331275,531.32395836095,0,589.397395503366,596.6743464161162,436.75182956538595,810.7270410158987,660.0920654614115,679.956969544609,509.48708008870005,245.513727408474,0,723.0693846152953,256.09699999958184,1600.1151133243022,640.564181926461,1879.4502519931193,978.1361966797069,1152.165041133873,1049.5015169790881,292.86798027699797,0,280.1018516388192,618.8437791626665,282.11535342366085,233.6085140951394,266.9509089821998,609.8995393846666,364.0290347721539,333.18225163240925,310.54752748624685,402.2442282696323,1187.5174923135255,359.2458588239245,265.915683039721,0,319.71737795707213,512.4364980282212,1234.6098614052326,748.6827519444267,2220.127868617965,1233.3691450477609,483.9480178792263,1507.4833118292777,335.3051747005435,395.8057265557591,1946.6758024108724,439.88760683447856,346.69516574784507,363.23084669252177,406.32688081486583,321.5826185129221,293.440546724315,279.7982744899812,254.9904678605774,47.984182612686084,0,1718.8095067003853,1879.4787113503464,0,794.128332406777,1663.5952965293347,1420.7920839666208,825.7776888267085,1553.1614089764525,1029.9942764495822,0,1.573271311338678,0,0,0,0,0,0,0,0,0,0,0,0,0,0,45.44519415241495,0,0,0,0,0,0,0,0,0,0,79.52813691727559,178.51413490255047,32.939979256580855,28.211833066926935,9.137390845672023,210.1257571110687,1188.4396112977095,1379.3453652108901,150.99648288989414,768.4233925411619,0,185.53260604573939,55.806187707826595,49.25359084956794,55.07099177272012,457.8658291286757,25.347229756798566,146.05400280926386,27.112128081724862,77.21850003867388,57.965173472828056,140.31792210162058,139.03584201975875,199.5794509422134,0,0,298.34552249941635,50.14813889143287,2515.9597341500335,149.08525506095359,207.569884165167,50.77266674125177,1100.5475759810204,50.52217631809206,50.74703990665252,99.487112233699,0,0,30.539869737612452,47.74750413490138,82.72935046590905,23.559469004487468,212.31184015251532,37.45830326788878,11.768250012131318,36.69545683816179,39.04804594868103,36.76179727526407,18.30620123829842,36.02826744417819,19.719692345069475,30.50979003608808,20.462230013347842,21.718802402636555,31.562960430922654,27.4452281438625,28.836234926278152,50.61225022340264,33.22652688786314,34.61275252196629,23.62648118438618,27.937851799388373,27.419731243956726,168.27586865818813,54.06218343005439,40.52160405222763,24.196874640332627,247.47066219605279,204.0115589832704,53.15888983830888,688.5120619149386,314.88738708928986,139.57762462593732,387.01684231154223,391.3640693238318,200.87269838651886,78.3778506477818,174.46251652336812,53.86548946250392,245.3877896622874,0,14.17219811584686,1.1232289155959068,0,0,0,0,0,13.06773444733236,1089.4133086940428,77.54443739445924,1.881819983960329,78.28985142299157,508.7785739476187,201.656536989877,2999.5674000908,3073.6512284242144,1252.6405542394273,48.19897621074202,0,0,0,0,0,0,0,0,0,10.023145739999062,0,0,0,0,3.247179167293984,13.02580233894859,0,0,0,0,2.693678159777203,0,0,0,55.65350382568974,0.5048639830716026,55.019453911695464,37.63782980998744,39.65631361654476,0.8464265684107342,111.54100031729834,57.214254949095775,219.12695068246967,38.29848376243986,40.710770675868346,80.55989785655017,149.75614563764034,298.44040706478563,140.87877272813247,5.939175777006691,0,5.102416430085853,83.69992666500153,1.7199539365724812,0.3845903876284731,0.04672756550442849,66.00151203468938,37.455490207277926,0,41.0254168205586,495.47374197926473,102.6373738343563,16.8315509554173,11.414915356023135,5.307075084717285,28.240845012714754,7.604806356868784,25.043365619467384,7.030914456665954,0.14441066497456492,0.2980199198460215,225.9505977264048,69.09715079487835,92.34438025984849,7.044339729993521,37.407990615580985,95.38530095434946,0.6806156039187408,49.65720649935035,21.396129116982568,59.02866748834603,1326.5749691267363,4232.61002762166,5840.960702993804,178.23851761764863,117.52333675298415,8.605732053112536,162.7748697883484,94.98464221845614,805.4001386834323,191.19997056155646,62.47731376155784,1.2248500377740534,545.2178172924108,301.5237137766485,336.86200931235163,110.13939055783857,0.03941723790697225,1.8785964358423355,0.04686049369919262,55.09942972035999,0,0,57.60885001176383,57.3449699035867,14.527537448422468,0,0,0,0,0,0,0,0,0,0,0,0,0,1.3895344540058414,1.4776353349809477,0,153.16229255078005,2.6059035027287645,2.531506577435994,2.510674138168659,2.4936483455096283,0,51.54394181852887,51.806628838872214,51.388608531636606,51.44543916466098,51.75438180643079,48.213569105302525,0,0,0,0,0,0,59.928209629634885,51.649732780311275,0,137.45409182648038,60.815354849080734,0,46.41427383367809,51.148860758288144,56.317727779342974,2.026358873114029,0,0,53.64556102340174,76.89297952149647,19.329037037315864,61.07149106128391,40.85895142862671,52.58291380957256,57.80574826277083,64.51024171386642,63.900186821904,43.31765596248942,61.019366927960654,61.019366927960654,2.9719080371102526,2.9719080371102526,53.53598655612414,50.03175432411712,49.7887133840032,51.828015520878296,12.563017676320941,36.86590068988075,2.1656155424104284,0.915201707572781,36.5310067544456,29.178133572979494,0,0,26.170063171201846,0,41.13361702342635,0,71.67806994512262,0,41.151442759264064,353.4079196758819,51.43792559853626,71.80920550739545,34.52807093029563,76.57588718326053,37.430414967452926,85.37961049191317,51.58265941769349,2.651404265056757,51.039249777816856,5.652959052466594,46.94767032015145,52.435036776226646,35.98031765635205,31.809449631052967,38.26158448425864,48.44533967514298,30.345542745335738,45.148054134883,82.24586180380031,65.92645755902659,0,24.95435322207812,45.85940320122941,28.858798869363454,54.942620830515544,48.923662068043825,60.71713401437595,0,80.09869689400037,52.556257926752835,45.88132424909446,58.59649719601388,96.80064249202071,50.79537191576525,138.35222230499446,55.01303619966468,62.88826879479434,2.02132574939775,576.54152395983715,132.87799260460383,84.67278435208588,122.5317789751631,53.15394782858446,235.00690448985267,146.0539531629161,482.9342522611136,475.2102349261676,373.72669866885116,80.86093456253018,5.061643317169441,146.12049585008134,226.13115004574337,430.0879448597198,1167.480319536606,3175.8885411001156,531.3808649493233,3261.321061191502,51.5103838530075,3196.924930123906,414.91708411222254,431.99994064410834,104.7051015296418,94.12111589223181,282.48736640789974,41.324788326448676,15.561507791796604,4.666655707997269,344.78802584866827,103.05011694745554,0.1980224498907536,39.68948383297368,0,0,0,0,13.365154240917157,467.68181490370097,7559.726031084576,14718.029801415834,8426.149272580393,77.65622990963737,2.0869421662647927,221.08810248189147,116.78128424079371,1452.587677160992,197.47797735980322,650.1056097772399,2081.2153884526338,102.29910304029968,395.9170910427255,193.86182314979973,78.65561418781908,27.752313048832516,1.5763583480195076,586.7468911721968,942.9199941724436,1377.987977139297,561.4088894888682,1.6914532743311192,29.843860914625402,14.773009472449948,492.94860131036205,18.83202503236526,17.96359162809328,542.375310987755,4726.258332275748,360.8539636869957,33.492358253181685,99.48116109519476,38.012856554563264,426.917678713813,337.2920444351622,29.398118005183328,1983.0774999865043,498.1098675207796,87.90632882392352,10.388871690335385,170.16194410762864,273.1083094947751,5.416268209092482,3.8832519713455484,83.82886023573641,4.840220013194334,1.9969003092244104,8.614390888129924,152.72705998296317,23.69330202722317,17.319546760294752,4.5090218135281335,9.293406251823102,14.70058642982846,9.11822282193368,4.890845347855614,31.377883027607336,4.149732758889812,4.526720882851339,4.471836343466146,4.619307874049691,4.339654740476745,4.500302950691319,1.018918544463356,2.11584993389481,30.66815762750333,24.960956437777575,374.42205137998536,462.0517060761044,16.307622390034876,16.431479982720685,13.881403712221367,94.63870871538572,1277.4469764073658,9.27336414331817,590.534392605207,19.845453859423408,88.17237906601393,175.04051134280107,3.767188179927544,3.801383191808062,4.519174092270344,112.56111784080925,2.015257656560638,8.655446732636934,14.364173885428746,28.06482013279974,18.297058289935404,41.280754709681815,12.200254199110976,17.92943503462564,12.901317158896648,565.2974414296788,6868.564572506313,308.4374763730985,1194.0541517685965,11744.273387352509,2261.293913930823,58.711037138230495,21.26985097020362,11.794150852133399,51.83441355169411,76.03409309100557,211.18226199950453,164.25022102039284,902.6091892637575,1336.0196484489252,188.3021949596167,12.449629214472756,328.81164151841733,289.7102890624885,48.330339105955915,73.15440577387085,3.9687902112046123,2.338574100751425,53.06845467384337,49.06807031187111,2.0271883126877146,1.7890783331331597,16.710272480695377,0,0,0,0,0,0,0,0,0.2373281674263411,0,57.473054579618726,77.27108230485487,0,0.8783088954284776,0,1.7573578176979994,570.9446230930776,176.94814322187062,0.16502258319985894,98.53527240090575,518.8465515976923,263.3584944803668,882.7517574385625,495.9482849274307,365.65629057307456,307.2457693264883,431.1576449181922,583.4994892638103,500.4800396445344,588.4832606451657,93.37168076914746,848.824257769137,1495.0330867815917,945.8778714783116,3264.8468216938095,2430.6486038140615,1037.7607293232595,549.3505737768446,513.8580568056638,823.3967820135451,365.2668810803274,976.1465152917525,872.1466649129837,243.94342380621688,154.78354485329177,0.64245860963497,163.59254302959118,73.9777804010869,133.02479504114092,427.279355102386,142.51085521111764,136.46531021316247,212.50223811753415,279.7343361110365,605.4506876945717,461.6194236463964,597.750723079361,302.1358823245408,107.54684746110104,603.5036227558928,593.97468528712,82.73355317053583,48.0499241594701,422.8349846094616,283.7715579803107,332.6792044392805,799.4837979709531,1076.0158301026686,1531.4520995032613,1791.0682056171804,1274.1895446871958,828.4893101440721,1025.8070499470896,1463.3728466425314,2498.899084470624,2529.5295925666787,5578.609392847354,2256.6291992879455,1014.5457420142266,601.1173832568716,493.9837485782638,865.9519159119874,514.833653527286,218.46236591641147,145.22977234759554,606.9091404912062,244.75019350612664,273.1662952824815,142.69054231955863,452.23923237112626,1824.6242391193332,303.7344453452666,203.9383707901586,212.75404508933633,297.3456023504378,214.5038800597132,871.0280000038665,146.25053547961133,91.85356068120493,137.22135986470093,410.7471416438693,236.54602724689585,323.52195135594064,48.367542094131636,229.62015152170378,661.5329834644156,111.2069215000463,154.9756096586479,297.4412792656323,471.0725368383689,337.4879631457818,448.8223465119702,294.1146863422888,315.3281794303294,481.014220894902,438.56817250037074,20.371756194683655,401.4459550555971,55.071017066940236,583.3665192154355,7.398910205452272,1054.8852976442688,1817.7989646152396,1344.6343010109726,3808.7468018049403,2562.0524735839385,1262.7215453033402,457.7598896655309,463.9423002518269,843.4378021178227,527.2216358886322,86.63350277089431,304.7417971038177,1333.8986193388532,905.7165357861678,554.8237825684647,1129.3298677712196,1581.328078959615,237.12450667277133,110.37742076780775,264.4702010433996,391.75790943873346,335.21251114446443,333.5441135503793,503.62198128532873,303.3651563387172,40.21731487569135,44.462157385751205,14.484171543782221,14.603172497887018,15.999442851351718,18.65158999882993,0,0,18.534948306500674,1.8385793302442048,0,0,69.17188985080095,569.4229303225198,178.90258978182538,29.07570565335127,291.44371217359515,209.31498065276884,34.96413205897362,67.93923325409727,0.6664378442693449,21.64322513402312,2.320043830071894,91.14599282761984,5.3564091124301845,397.97544288533277,1657.4944904168347,339.82979648462907,221.15609017298178,14.442256689981315,0.6336333642209662,0.46345968618871153,30.850884520963735,110.08661410940603,0,0,0,0,0,2.8642170065399966,173.82543522834004,101.6775157859099,928.4880460079837,1109.2096456472343,228.89995928549703,752.287275931291,16.190318888666692,96.75540100198285,37.72783535007017,131.13438633782283,35.56174018996632,162.7489325491715,11.093845126757987,22.02750479267559,9.914764026840773,151.06703963510387,6.362313442520173,0.7603473613867412,1.703443169942664,202.09484396636714,25.034916845411605,36.62584213294606,206.4389510325162,686.437461055829,444.7554731787119,655.8496420588388,431.1719740767434,196.40403476315055,114.3312952042275,6.972863673247608,130.46890783108356,1126.6061669109833,2204.058747490333,2798.488986309332,2504.9703959525677,1568.851568283358,167.22705064531542,6.452885285126654,0.014712624133369484,1.3872155119479457,85.75804276374029,423.5007934481434,13.622800704941321,147.0126067655198,8.579622761694475,3.9172527139860627,15.102075480626374,59.15443658825656,8.144876869753201,0.010201264259724634,0.4456843511023396,190.71384911623812,14.328425800484082,172.8507770739849,227.48384804522018,3.3105050353289824,162.93490402897837,0,22.418351073196572,0,0.9125714985097533,0,0,6.3599895701519635,0,4.98998183818276,107.58197918227837,52.09953725608254,115.5893722074784,74.59894760705426,118.14392668214349,0,71.8397351074717,102.33416596636373,0,99.74682281355132,0,0,53.616723483327355,97.29783587085626,100.44601074519059,0,0,0,10.5896498425116,27.016175186105656,34.76819958393197,178.74124053977008,17.968879179117756,0,34.86191475123641,4.743489101736503,13.909085710114143,389.83699737636493,545.5262799208314,536.1404757269693,495.7148486027161,361.60148332941094,301.0935412895623,83.57599867703766,160.54079288435693,276.8801367250699,65.93778866988589,152.67710124801116,108.9615513130495,43.19324715632212,0.6673366833735948,10.569949483146738,0.025358614390301265,0,3.6170466301794706,0,0,0,0,0,0,0,0,0,0,0,0,0,0,0,0,0,0,0,0,0,0,0,0,0,0,0,0,0,0,0,0,0,0,0,0,0,0,0,0,0,0,0,0,12248.202933330589,52842.0099383059,30820.362033588324,41.427471410585945,1713.096890533395,65.78670319151152,50108.30509343255,33.54073303226828,402.33630866339956,32.83689752779744,39.73172742184401,53.63463572483681,72.68284814085116,84.36195511076772,44.71189515959919,545.8731143003847,7476.161740549439,1240.6603645614475,8999.812882476914,1062.1146608001065,2446.3920537019544,1748.7048250045502,3802.564299372307,719.2160955923134,187.85921975492687,82.24739477284537,64.40811234263886,1586.6704733578129,2323.502606781794,106.4683938507076,124.73247926191593,231.992231941983,105.71353419992418,226.54430406047538,186.92219220412738,171.5900163986547,105.90538202399637,127.56134493064394,248.80804547925155,392.6395753868122,329.9239969266491,8030.754670148364,4285.143482293211,81.01262879592865,68.58281989974981,76.98621643804688,1518.3036694969358,1469.2429940628658,129.3589272024179,189.52531108308585,161.53162880880058,0.6146129740908696,1.0288401387475583,0.01119232910516514,6.290843189393048,5.315889954100148,9.211867496339252,0,0,1.7322941158293332,9.421557836107397,232.73906892665582,93.2456948119244,43.6832012779177,182.36476986303182,370.92148271068515,395.77514177986814,59.01792299634742,68.68996782735735,16.309923473720083,346.86372907234625,129.4114989320187,0.00737149827270987,0.007553329996660604,10.693436545052938,7.157638414943632,64.57736583899049,3.2109112541423324,0.7552933126516288,88.79664892794345,11.189789020330094,1.2862517831873348,3.7597269179378476,186.6612460689915,55.25677439073568,155.02590811154712,405.1191054411928,553.3622595908815,915.2592399988473,847.912097011075,476.89160268639466,423.76790944199706,1223.198537826696,802.5012337247709,882.4171787043613,889.1744102976522,493.3701056080635,524.3629154297182,898.8312501573886,277.64245469643976,1069.379538167318,73.99865812525188,132.5417251431024,0.17333840106472947,128.10612196217463,31.45349659973158,8.831778865057782,395.3028019670694,88.18492994506038,87.06958626583398,293.9663934566049,421.34074237467064,737.6289024764139,783.8568450537189,67.1808186414622,1613.3923670073445,256.5579168572623,16.90166706981327,7.757860722285933,93.5293052161995,391.00290373821827,621.0898450973847,136.8616951412278,45.90243424382192,121.6911687506127,992.0207063943294,396.15038421879194,453.66616892578963,246.39502512060724,478.0242460062594,274.0513349524659,359.9881992067169,596.1300491489762,1436.2943531326769,670.7843405919728,1619.99020699119,1725.4596073745358,2034.6543723526443,1264.1175799602468,718.6091727811562,1448.9793995095436,816.3824899163656,632.0480103178943,627.7831521921103,539.9868820608602,756.3630213651182,310.0918529577654,188.61832351420074,0,0,0,293.4490393433582,17.540479255960612,617.4779811801259,186.42973458321015,130.80502595349736,462.91546885912726,79.37422357473494,134.34038020898953,763.7090551336898,1014.170697292899,858.4194315671803,865.7533443515972,807.3406918539864,492.68720776763104,90.2930842903733,91.02017138245978,255.76823221891098,0,201.78037243012056,2.5073451937722755,0,0.7473967011163188,26.505664969522773,236.4304013312125,8.299179840338331,0,0,0,0,0,0,0,0,0,0,0,0,0,0,0,0,0,0,0,0,0,0,0,0,0,0,0,0,0,0,0,0,0,0.19786378560974613,0,0,0,0,0,0,0,0,0,0,0,0,73.95359490995666,0,0,66.25576320979725,0,38.91599445263461,0,2.9647370073035897,10.945954400900778,18.311343060143823,0.006447394173568445,0,0.13214863571278698,0,0,0.01047647065741723,0,5.074417480189931,0,0,0,61.400534357387464,0,0,325.05608268159557,0,0,0,0,0,0,0,0,0,0,0,0,0,0,0,0,0,0,0,0,0,0,0,0.1531414320710103,0,0,0,0,0,0,0,0,0,0,0,0,0,0,0,0,0,0,0,0,0,0,0,0,0,0,0,0,0,0,0,0,0,0,0,0,0,0,0,0,0,0,0,0,0,0,0,0,0,0,0,0,0,0,0,0,0,0,0,0,0,1.047871770316361,59.5489946365422,1.67345922302036,0,0,0,0,0,0,2.209667590117032,4.112890248525749,7.398657683735745,39.645559550451665,425.9452082478393,368.1271450772035,462.36632586261555,825.8823788242382,69.86376497647487,290.6807810032534,415.69355694406624,79.1161072125259,139.8613928448474,105.20262585851765,147.54918451494615,9.324480515389554,2.75913529691549,2.4230840390185326,5.774550857266919,2.412892858080141,2.11256551145974,2.1198537099507546,1.8926610018904648,2.1485313284464396,282.84640347099713,7131.884891940692,3500.863755564147,2.777364054177321,1175.6365932039926,34148.62722300981,20764.105865566326,10072.209052419952,2.6005817305289156,7.860923662316287,1.6715783380287705,7.701373999553753,2.8331737711252454,6.57086741469425,6.270314703333944,5.24840775982312,624.0743307230516,10.251275087399296,52.22775838803304,51.80157565337199,7.09958059001042,17.695320727696227,1.5241977625383927,0.029353016235411103,2.861402473943943,168.01967228781157,23.980008338843316,321.77950136053727,21.24361313000526,138.3778417304077,44.064518931087235,7.614921559461764,965.5777018964822,107.95448091154375,2462.3148408620755,1897.2284997861375,550.544032291363,58.303021827514094,0.0658025976666307,0.09256646063904188,0.1543644285914486,0,1.1134201053696529,34.53015201522667,1.4267705461982592,1.2509203034085608,1.8748323197174992,1.2375033300847083,1.1875207499122455,84.10421551050375,5.661070586450092,4.811358202586662,0.9145939960125427,9.224044197638179,0.013219608594759548,1.0141423112157553,1.713094805092062,1.8882657264370264,52.14862487732853,2.246071258101486,2.3355008313564958,2.331037508001398,101.78431450836335,33.84513639952902,72.44327536564782,0.019673550838939773,1.8912053215614404,1.1755645552692622,7.484851986303135,1.1855132032920574,82.21447653500013,1.1757793727333739,1.1683605724560653,1.176017751536734,1.1861065501269572,2.2447161942647726,1.1831241010390383,3.441142171179802,3.183963220544296,3.347791459805984,25.05894583678933,0.09172928288234225,1.0403660317397623,1.1775130088269667,1.1521978599813283,1.154061333672389,1.1493430198587358,1.303682436902858,1147.254894485733,3879.2667320506657,2264.2736134236793,17.00097808979285,3117.5741923668056,657.9333749678166,1.1788361404250172,1.178666564952904,0,0,0,5.5122628667470295,2.3497494533336,2.1982602737207864,3.4628794918830335,2.319537739328225,1.698696782051604,1.3966607491661496,2.317230546916659,2.3217475148820976,2.3226069547662718,11.601531731302474,2.779586395100296,4.369576470602549,4.5777790620173,34.11682358123859,2.320488323078009,2.3670638066177805,2.322240468606312,149.07021851590378,2.349800107565007,2.396162171290501,3.5848500417425178,3.5572777730116756,2.3182365994540377,3.588498594956733,3.456817216300948,3.5520600844411923,2.313617816979067,2.3123679367995056,3.4350864243571695,3.602714025466186,5.638844006515517,3.5535534108791214,5.828939268712056,36.29428702739385,5.966351933240803,3.5558339934313548,46.570512362132995,0.1213029217088978,3.5079312178496775,3.3116799974001276,2.2120402009784,4.142680573132376,0,0,0,0,0,0.05320450015834521,229.5899431753477,159.30098482141895,585.2882467568799,9.960955690049788,6.66821980684119,109.97267927091885,93.76379594156644,77.29101599112023,434.15521209902624,8138.918832856339,8662.910360359263,523.8410643025667,19.29009601873462,88.43954089524746,153.75415184105782,157.65392559323465,23.01453474219569,7.203306272145339,12.853994561302153,0,35.05864295338602,19.86412473258406,8.122521832745582,5.914336017504258,5.549186297254945,15.201860679393038,33.161559294042995,17.75693563149474,13.337596094811575,22.690238621821514,272.4072027333819,1876.1030496639503,739.5518399146961,39.108928964728904,41.20595305201982,43.983009237723294,23.54659977696755,1100.0710945276521,2921.2914510072815,67.05071545609226,34.65512451174609,790.1218782806685,31.78735235696221,25.519940621793513,45.26954449732585,27.5753595811666,11.092941496784523,22.59058991068246,14.766348799095526,119.58823406829255,526.5674706303785,132.32272394452863,802.6405495315827,11.690741394827024,78.75428894473774,2154.795731526507,1113.9054121972672,1714.5525108888523,2406.3623395685904,4710.987978265843,10594.402227092383,12.92792344974454,11.122670712671257,43359.8116879385,41853.65638294512,202.43643826665595,10337.986751758415,16.797743678192646,5.169270219208626,46.46306942913892,48.482808910738214,354.7157715381703,1219.1298822630567,478.0327043669254,157.9981513224456,49.288375021510035,153.9779665409084,557.3036774612522,1751.901937379507,33.796151202233524,600.2565895205893,31.63585471162723,33.967391787742756,27.50227188095359,28.4852799815928,21.996846616675338,7.512991980421301,16.36257910110321,262.4003534766667,32.05400908930479,23.326859793546454,17.596600033242172,24.014022014931147,49.53259384251725,31.199436861581123,19.527718073463273,177.02558689448813,30.291622000663995,277.35433190661973,45.92833362320121,26.400536706211643,41.78498739231458,336.3517358233079,53.463318691588185,77.89182740200792,353.4868761553616,18.032056153477928,107.48728931001216,37.94103141451656,654.9938328578626,395.3645428596699,46.33788131266107,32.79187509086113,57.71543605735651,202.7137815355181,218.37751826331757,139.52451898298676,38.5679281366394,36.48285703736504,43.257608993714804,38.36253010182629,45.815593649168825,41.78378405921808,49.07826820341848,40.973763003053875,238.36249394769953,120.75835787273174,131.50410099348167,298.4318976312014,146.89805284019855,3.827677139977877,18.29811803436131,8.902371097520064,3.5323790464693015,5.556800585296206,10.41323452608098,527.7745349450814,231.95744197555908,24.104709933509806,6.017801302781722,20.33727898462675,21.106780950405913,20.94900791320063,6.5390558589675285,12.779704668602305,17.18286816064463,35.2771118248413,144.8090068230241,136.76488184167363,15.156133477478035,55.83922656691546,23.557079971510724,187.24730696939707,3.6255803686099326,10.711736256665917,29.220901975615863,30.74274082697464,18.805480539587517,13.497572476118135,24.776789038664372,28.906099512904728,32.265937716802355,30.610156133711197,16.63748522353557,34.90118071157333,10.399660438878353,26.315814342841584,32.17082373847871,34.129523902296334,35.63690919526565,28.218177902087593,25.51963574118668,816.2841452928491,160.80188154673672,73.17533391075948,44.35490785409777,34.594918134108916,36.07011058860096,30.606589101662685,60.83375145420785,40.13806215935772,24.13180691043697,30.15204142809818,27.750210097335103,36.26030622240488,63.659868577091416,26.643652724070645,1715.1371028617089,934.349739015456,1005.1355627158389,165.66805113781942,586.7115211371408,22.646425156440976,30.02628278703975,43.914328699242866,32.82228150678146,30.71575036473814,45.357680940005764,1820.1495330763094,34.82105961951961,43.38312824955585,36.21173814664686,14.916791323320304,31.615762700019143,264.65698006132493,1185.2134250696042,551.3146232487006,44.808250603894116,54.280626837704936,39.499195463474734,986.0390932853853,8672.37457739042,3801.8725784003636,2253.529183683718,1735.3334530737898,1875.6594638251952,106.67970115479677,57.76201303070471,42.56481026414359,65.52321731866843,72.39546361622776,83.16776736811887,117.59423434433732,280.12713583961346,2986.775726685052,380.5764814395535,84.93464405172566,110.86630743792176,70.17008720697275,70.03258662365859,39.69018426325767,1363.064326371403,1295.9958361721415,34.12200271498148,24.329075919267115,21.975587080282708,22.9867897909094,23.623046824875082,25.76774724477326,38.03882542133388,35.858151131110795,36.57573650624566,82.26161260080329,35.642729636511696,26.208641620842517,731.7605815365049,248.70842823526831,90.14992760001965,29.714193294699125,25.329903986760886,46.97383754775394,24.92858565311478,168.84379060451394,714.4183306825677,55.245169635147825,42.09787757867217,86.15020955821763,13.151643358612871,162.49654220685665,17.846077604890123,19.16591553017587,18.68968445839042,101.01204187533165,41.58497055430518,135.77367862998165,26.31505329097984,28.750551616079107,31.36641111931394,33.43967356934995,36.3694772175454,66.31727651447896,38.444243690777036,135.48159295437645,31.93548128068065,342.55506281429393,437.9707712717219,87.17568171385228,38.020099114958306,28.02408151508548,34.7860599336248,56.71219615097748,735.6021450293792,623.7612409564808,370.1199735869514,28.040581595736363,33.04756505184499,379.92012065927815,12.74394010036064,23.450449414748046,29.1635317342422,237.27900621120716,18.667617514920504,335.82533182583234,14.955994385234995,22.747465513092745,27.043395589364884,27.31798367958885,35.588053495340525,25.670270554889445,28.192498281959363,29.28949644202224,91.34070516873514,50.45711842562551,14.18135100965889,20.293612940015876,14.498905500998978,39.61751012019272,37.72833536371566,27.21310556043521,271.9514965883522,670.0483418370939,41.42002462066211,28.603837022251035,359.65494914226207,1394.6802875736103,92.36979653245841,12.133574866998819,20.087333866612024,15.789530043947517,16.66253985707584,17.645606373471306,18.357553455277177,15.26389354732024,542.5625437284043,65.80016018395165,38.535650062028324,245.44873256786,45.183541709020695,326.81484770209585,49.724016434358504,73.00330329366837,69.52667044314828,62.94160143869303,38.86967075847085,27.570268977840225,474.10538948527267,33.62366512169751,82.08659543004765,29.780733722139285,29.64251938556881,111.6494739858825,19.097383182754132,19.448901852283175,26.474559788507808,463.01830987381067,230.91155024683096,117.21421643797233,26.19587143743086,32.960386697103864,57.19999316875881,36.767212879095304,1080.050006454122,1833.8533435292904,62.75450290416617,31.28722743430896,420.94351641988317,4754.430349525103,443.78220051201964,30.898792011588707,29.53793002060542,37.89849385063791,42.60042558223551,22.857089903020015,26.109472446685192,24.898310668271765,35.386732100860605,30.628546266183886,27.11788798024024,28.84728575035787,28.245386041727468,82.48414236301,27.021254916781825,32.360276179497355,26.724164496143345,34.39991230687796,1552.2470086899752,260.40960604094823,35.13281036449357,30.952255570689527,37.21833410866617,29.227240044151124,38.217943399307025,33.80235983797665,34.466704453735225,31.68843062707882,181.96796314680896,1255.2338147821806,648.2133276856332,32.04355667823944,42.621527569453804,95.42047172450766,32.70522793467259,30.402833195846885,30.869388175954285,22.430325646503125,21.587797012368092,34.01656215831963,117.65755658496944,289.5782296112292,29.45536522666439,347.6899083522078,305.38507009468145,46.21231485086125,23.941721116445073,27.26337358155777,21.712216369131013,24.903470516380423,45.55308227831896,28.54898273853522,64.33905314147684,30.669988923271944,37.64156171057719,33.34118222166461,100.77853818574043,36.95993876008765,139.67103024257224,28.516000902438897,57.023088236727865,22.131558318753,42.679678955664734,25.078996736338656,89.24378398968304,34.106268155111366,49.58373406540671,32.62727646855747,25.364344964021935,31.34140472988157,142.9882177634092,166.51968116967464,45.10461373469923,20.906427109778797,26.705212804878457,20.396849422115416,33.12375387129485,27.44983874302929,29.252617795765516,13.422319191615543,29.209304905606317,189.38179900116302,17.005698379793746,16.888443068118352,22.089448801231264,28.31977334930693,17.262662292595234,36.13561423206614,14.67185684206869,20.02440754307883,29.17301856383379,15.11784798805919,19.48376135890778,20.47840979971373,236.42912267087823,397.43709768351704,386.02527278545637,75.29312682672273,109.8283689117481,677.9331159351935,441.4462577522598,70.66126269187819,88.65436523760195,96.268067201896,3.499754229449627,2.8166396389086477,4.152142957619365,7.621124031170368,441.34156841981803,282.7435300038873,152.32068735834255,40.90103224215969,40.99642050299964,334.9657648070651,192.90232766753792,171.81764665491323,461.3302037855435,648.5201318175858,863.0585199381524,3221.5264100020604,2482.786893407507,738.7427520321793,874.9449148132525,661.0618531748185,415.39196304434375,166.32765218179586,389.4023081830137,233.0761893901379,21.074012615972094,15.439194813959697,23.6846162664279,123.77507112210156,89.36658382166999,57.853464382154364,19.63368251306354,153.71244517627235,122.21903165508863,84.18364928016021,380.01777146662886,239.2309388300309,74.29623034684667,31.838977016931743,123.16224657790117,77.71663372133318,145.0357280441727,2102.696572409641,3250.1236513618524,1843.9990583925005,401.258173913005,288.9686024540317,131.30906067040033,57.758380722789,2592.9421433997627,871.954176581056,799.9405937340762,416.71476456597577,1518.4871287403764,3889.08921428278,2211.830424907828,3420.4528001144163,943.8502188251581,3260.122540442695,1700.9789962630703,1289.7233425541451,444.2158084033726,66.39242625250245,2.647518047451484,1.920315946295318,1.7111838069330936,39.549439070660526,72.2828094035844,17.520437138229155,28.20736014632946,156.54454825588974,89.82613253981388,95.70823565192639,82.83286312711974,122.06235743157842,220.9327130083631,175.0447959109281,149.8236938645382,34.591178758263496,256.83709929791746,116.5156358203199,0,207.9021431429538,10.537752548981475,170.19516450889424,3.1164354912139145,3.916707983616596,163.77937764059584,136.15104054408863,308.69023869373336,166.0758546030672,135.76529639701045,208.5324904138827,202.37316237370402,177.67543360909772,516.9922983327941,795.3888505689674,322.22243758835134,444.77854501482267,42.6210640218192,5.586595888934131,647.1909668135106,192.00979769028734,330.3573403632088,312.17537342951175,813.552108580492,162.35717623186534,73.60559794569771,122.33677956789604,110.41175613312284,82.42845618153157,81.05797174163176,96.3423132102897,119.55529430281824,333.27067607731465,148.03447062272267,136.55040963690547,72.57365593540494,97.36309655803392,396.4045199535069,124.45017255676952,167.6146927187847,137.72366130379643,169.06509652641893,425.06039076945893,315.7570447882678,353.16307763207215,333.8135544630134,299.35487334064976,334.8821103159708,169.21755964939652,94.05808451358583,210.17291226217162,21.41094099473982,0,169.7665193867228,1638.759244220888,405.8065326772604,67.77587779447154,1.407749623291918,1.4348883941354116,4.340088598553883,0,345.8139132336414,135.67587031434985,13.163066797616976,2.03085591788421,2.3712225534049107,18.100044585516272,1.4435511491899378,0,0,0,0,0,0,0,0,0,0,0,0,0,0,0,0,0,0,0,0,0,0,0,0,0,0,0,0,0,0,0,0,0,0,0,0,0,0,0,0,0,0,0,0,0,0,0,0,0,0,0,0,0,0,0,0,0,0,0,0,0,0,0,0,0,0,0,0,0,0,0,0,0,0,0,0,0,0,0,0,0,0,0,0,0,0,0,0,0,0,0,0,0,0,0,0,0,0,0,0,0,0,0,0,0,0,0,0,0,0,0,0,0,0,0,0,0,0,0,0,0,0,0,0,0,0,0,0,0,0,0,0,0,0,0,0,0,99.69635563732119,0,0,0,0,0,0,0,0,0,0,0,0,0,0,0,0,0,0,0,0,0,0,0,0,0,0,0,0,0,0,0,0,0,0,3.47120347402564,0,2.950419072041637,6.085060188018549,0,0,1.721194988723195,75.62948495665022,11.833003710845572,120.56973221659737,8.72283458465221,38.985346948045645,0.0832934375762139,0,0,0,2.019336979973085,4.853356592614396,18.519216735236498,19.49939918445611,12.518567605296246,76.08085947733086,6.114160605694285,0.9202371135820518,0.45947590053972204,0,0.011381749070123926,0,0,0,0,0,0,0,0,0,0,0,0,0,0,0,0,0,0,0,0,0,0,0,0,0,0,0,0,0,0,0,0,0,0,0,0,0,0,0,0,0,0,0,0,0,0,0,1.472253394380201,5.997653688248903,24.6446245518395,48.7819824866101,55.62309196342525,177.74511106032693,59.3044203141513,138.0452863891685,249.98953778408222,34.129673348305275,98.32204507509205,100.27774781024499,47.22557760899867,112.95375784547468,34.71164628649766,81.67346066137361,6.470632133793998,7.468326052094061,77.14885930395141,3.5908732609394507,0,0,0,0,0,3.54524753741818,3.0729666402302906,0,0,0,0,0,0,0,0,46.126821511867185,47.617613806599735,0,0,0,0,0,0,0,0,0,0,0,0,0,0,0,0,0,0,0,23.824896472264353,530.6981540641389,12.263711175481726,0,0,0,0,0,0,0,0,0,0,0,0,0,0,0,0,0,0,0,0,0,0,0,0,0,0,0,0,0,0,0,0,0,0,0,0,0,0,0,0,0,0,0,0,0,0,0,0,0,0,0,0,0,0,0,0,0,0,0,0,0,0,0,0,0,0,0,0,0,0,0,0,0,0,0,0,0,0,0,0,0,0,0,0,0,0,0,0,0,0,0,0,0,0,0,0,0,0,0,0,0,0,0,0,0,0,0,0,0,0,0,0,0,0,0,0,0,0,0,0,0,0,0,0,0,0,0,0,0,0,0,0,0,0,0,0,0,0,0,0,0,0,0,0,0,0,0,0,0,0,0,0,0,0,0,0,0,0,0,0,0,0,0,0,0,0,0,0,0,0,0,0,0,0,0,0,0,0,0,0,79.58958482686351,0.10209869900059054,1.8355827250444727,0,0,0,0,0,3.8256588871814023,0,0,0,0,53.09731369578579,370.5114175587011,68.20153813126743,226.93240794250053,102.3101145530547,434.3306376202023,28.154073010075862,15.710052833815583,877.6520603682072,41.47744337236909,111.88784071652388,1301.9115870499456,5.821381550846831,169.85601482740384,195.18022974513232,38.8865860500664,284.6102874756965,306.458767282929,129.37796115532606,111.52739316336631,60.95967690345386,1531.4939542563532,17.619908731360454,145.26907792743077,20.617403179497703,344.1932540331458,65.8394474251091,32.22823075092751,56.83175610282409,59.0644784451247,0,0,0,0,0,0,0,0,0,0,0,0,0,0,0,0,0,0,0,149.22463826171082,197.01804843744955,769.2938787981566,930.3640449484569,894.8494296179783,406.41979465363596,62.67911295343897,25.275518216794413,0.18988915218614713,179.10234048352237,1.9877371865392455,123.09709744122904,2.659815667822717,257.26002514302775,20.467305287317906,104.43604121950034,18.525424993031468,5.407241122196281,24.047966745450378,10.255116035928939,41.144792713991436,133.9052578478469,2.2295522789335447,69.3839268058212,60.85484672634253,23.801281537848322,194.2937145366324,214.15847782491988,106.38611456325579,39.08823449209655,10.775312868936837,9.085358750892235,102.39759647231358,0,0,0,0,0,0,0,0,0,0,0,0,0,0,0,0,0,0,0,0,0,0,0,0,0,0,0,0,0,0,0,0,0,0,0,0,0,0,0,0,0,0,0,0,0,0,0,0,0,0,0,0,0,0,0,0,0,0,0,0,0,0,0,0,0,0,0,0,0,0,0,0,0,0,0,0,0,0,0,0,0,0,0,0,0,0,0,0,0,0,0,0,0,0,0,0,0,0,0,0,0,0,0,0,0,0,0,0,0,0,0,0,0,0,0,0,0,0,0,0,0,0,0,0,0,0,0,0,0,0,0,0,0,0,0,0,0,0,0,0,0,0,0,0,0,0,0,0,0,0,0,0,0,0,0,0,0,0,0,0,0,0,0,0,0,0,0,0,0,0,0,0,0,0,13.717881467641586,49.85322339121058,111.81409813596797,128.80773310728273,0.4785604881605514,0.4144505561497033,0.1142833070297054,0.15903329802052216,58.345437586080735,4.247515851464731,0.4516323746870668,143.95893815597765,0.9556077886973594,3.0415622126810766,48.6195782412361,7.218496995883035,1199.9513042999515,2950.7992778519,244.3510102120556,2.5287098462481974,2.6757512009314115,5.034515941850948,3.83537429302834,2.0510679757610646,16.655144606034643,146.85164514887376,0,0,0.35439760090490763,348.9053209232441,1.140782540699068,46.61425440742754,40.89930457143388,9.042561065694978,9.36776244548163,190.8613470667419,11.741824667301243,47.16208629854288,87.64243131008324,14.669188273261007,10.762847289840884,603.5981650282278,769.8170012436369,205.57677929028918,106.29636636850333,12.258943461906826,13.51814593889963,25.457719900809696,16.428050941350172,661.7463987224329,10.871704028857128,11.426702401277694,62.211914079389395,301.3484792168754,2537.232228526295,700.7769760577555,1588.7576851584286,25896.07469135675,2148.329350501183,542.0373091091944,31.59115677908041,232.59879206486406,43.473768800821645,381.84201097934357,70.92002872742273,26.57817586993222,16.465584082271178,0,396.3626546086589,56.00182101323772,1347.5829312188223,1586.112329457797,13204.133267827556,1165.0186456167598,44.20167691951453,20.403977564334905,12.702418367328134,87.73620648088368,2814.151226945439,3736.6983934922528,1966.6949905891386,129.4081998607011,170.16456678204594,958.6640599089583,20.260875700010203,20.06423880291588,20.461577550060355,20.657588583954475,11.403455140349063,20.956056115499248,20.310846218169342,20.86084297843101,20.894669614374486,6.589247423636661,59.03422957905528,8.450348166138019,9.34307585335842,60.502302841046564,70.89513517224047,27.523881160518243,5.968525250533081,54.12259666968626,47.841035896783076,16.748065199029984,50.47576865821837,39.04700007753781,34.54710141099082,51.369709327133734,38.25507727916411,19.47978144210329,44.27998960216615,10.923999920296854,42.13099314437291,32.9016944486946,33.855959347708136,29.607612979938626,34.904653521477634,5.759483616637151,37.3976043799647,0,30.539354132681616,29.364553757187984,27.82733997489646,27.072441590856442,33.70483670868323,29.52532058381956,0,33.80224156665442,32.7150923385382,148.25579369493605,3.8620244985343324,4.637778286068378,136.15772901482833,10.386356336416474,13.082893608276171,3269.530087026796,750.0221312108312,80.53388996435243,1.8642355116405873,1.288100192404645,0.016548171620454643,0,1.2705421230993725,0.08963487063127168,0,0,6.741005634344416e-4,0.21325186997685655,1.3114343096370749,1.959252295714434,0.41882216637800046,0.002882686164119296,1.0523662655177763,2.546057070592777,2.7759236121431226,0.5732561460494169,0.0609761822661648,0.09202363551611778,0,0,1005.3429605308902,2034.3221491675126,0,0,0.40594471314620767,3.5189007314960854,5.184569429649051,8.000909272850368,5.151570221219096,0.4225230873328073,0.03876580425137266,0.012869610654619537,0.5499549623166753,0.6680801479983975,0.2312586696110988,29.87572728671221,171.0891779572554,3017.1984469391327,4702.445076491606,2383.9114941723583,4745.923057443706,434.790254042665,146.1106298770794,20.83301119603256,4.335454676458019,82.77721840517464,63.71359833954129,1.3086495047372613,15.867434621194327,758.6105777232558,0.7156576241631443,0.5723380986885678,8.563431226005553,16.85028233362817,6.144572153720284,236.32893578116594,212.93526695534294,9.6637413776348,13.13450225725713,123.67992208313849,108.97039030443268,782.8247246392452,2809.128593347318,146.02076864697455,103.14771194062709,65.98564376013637,0,177.64399013540515,169.5580504479706,2307.0337824124335,1683.4640697535326,1142.92927932485,240.92942846833736,250.54529632206072,143.25930943060985,322.939694166503,251.3784809260749,752.4870924776138,309.94514599888174,259.60259099676557,216.7984254675006,239.37084103218237,724.8762103829832,891.9446194435372,137.6936878442352,646.3179742972469,181.85434412337347,589.6579764884967,629.4601154843843,55.12092313616532,81.18675261512469,193.914765530215,214.80458548536052,47.35421535682201,86.33468876408445,22.42787710024527,10.603850483231728,55.62274196498505,105.51478171828323,551.4022706851846,1408.2909332182032,657.962383569984,1254.5396534011288,1064.9529387092566,18.430848737183833,125.5914926353314,258.5449936717061,84.7297112560509,126.13540295024167,919.6989601019951,376.39970664962794,378.5750696255025,335.1490692103072,18.62008870075723,344.95307352797204,394.4210128654643,553.324694411391,685.6973819399784,387.3075124119476,158.93579929362127,321.34905772230536,152.3205162962626,99.85298483490877,55.52956043411896,414.9485822859817,1888.3527648442894,234.9123555163979,469.5565076290095,568.9613281516195,681.0799899372437,391.287122752087,52.220730249052224,155.14884642983213,76.2791187568401,16.48160136061333,114.97577402361824,77.5419805374997,60.235722528098954,218.04521114502356,178.59651943450314,20.101768556418662,140.07162658940894,21.642124969503183,76.81638692066439,213.1744416703096,640.2301965037483,328.5215253489239,235.61485368190134,116.93862225115627,64.32757224946128,381.7642153344664,50.82616158901863,424.75965609706026,87.64027626388179,1002.5058585972802,349.9201279983974,96.57527670000539,42.895719634240386,60.24404033354173,62.75774611654444,172.44829853587373,220.08749896846427,281.98226239447513,569.6189303905265,164.9631809994346,42.21797049863025,118.86368603501685,61.841102678644795,143.81255006217555,66.38914661994704,69.81475658580976,84.36938903675673,28.178756025294895,55.827702102544215,34.61716623850234,213.8806362914934,372.35174497425186,308.52413299157155,242.75554146001568,343.4949930049956,435.08393752365566,630.2091152477193,221.5147731667597,150.92571487042292,515.2761100002775,431.71765541934644,246.2931710456399,465.8475566404343,222.48746579914013,431.3082378637758,95.63238616888106,256.9216204568591,287.62325605980186,669.8125937694059,660.289444746657,1236.8634297389278,276.5212501244813,176.3153925577421,306.9334347124824,2263.9201710191132,523.8995964845586,735.8006466981648,740.9164484511431,228.21153869207987,121.85769958125421,21.523490793089678,105.79016171669075,163.61290140789342,9.058931001777323,43.262778866225354,80.25696762025835,22.112802782427384,408.5538921516049,541.0513321611162,339.32534512418636,121.87367394220456,50.06488191754814,84.26896212846518,273.17710587650004,796.651656532375,321.9596951247291,5758.052089727176,1170.2332015100021,907.9765208599802,776.2407724792218,252.13124276971942,281.68877048215654,204.25393490945524,315.477656051134,245.55093543566937,351.56348771904993,359.29821820489707,491.73121619687845,601.7516983453926,514.8112578601306,130.47037063404628,92.12900555244305,202.0153056569516,122.5550828365389,120.95523048228321,72.63408715988487,109.42612772277519,123.87591089004616,5.336720740447996,247.46978059136703,120.30385206244962,4.264152560321288,6.246965300397527,280.72190064683275,160.54813669759432,215.6649884938955,210.06365085337077,557.9471055731212,1494.1600897370051,1305.6807101548152,1608.914377432513,1159.2263950245278,230.56785662268277,324.0029862202138,490.0368404280453,776.674630537389,1373.5463388593969,529.9565580887332,276.461406800261,15.743035433848716,122.07679664290832,475.6934486762863,94.03469553592933,205.6854501069384,863.6954815700146,210.4299128324991,8.855572181678946,180.0395602455933,1427.274019809821,410.02246782648444,66.30082900564581,39.084661491838965,569.1229002683178,193.54965332639844,83.81053049608649,105.45738255200651,326.05648757836127,76.06988636469447,113.31715890234504,338.2884999208093,286.0013575776844,624.1564228613748,1209.3698958548775,1054.4051782935464,3.8540613677024704,8.906249745645608,6.727098071433625,48.59622859174681,6.569756593730911,6.534337138857459,51.54165920265627,345.4609919634558,876.7753731808561,1702.6619662711141,4133.129386408412,955.0852602855238,7.188642166213787,514.4251249473822,13.93135706234346,631.1572525428509,43.60527578555657,331.14023198087244,48.04431109356087,73.19570543374574,142.66688543141927,13.284230396176381,21.962494905128747,184.56778389066704,84.69257973473464,219.5680230683854,144.72020145666298,153.94518583057376,160.28730032968858,11.35718454322499,9.240526967276177,90.25315448615238,0,0,0,0,0,12.628303149367897,2.5129200422690174,5.850517382382269,3.1677394434885606,18.28876690740519,490.12718541765634,47.298391545553805,87.13698147483103,8.646714652988958,126.55616186667801,35.65034394956937,306.2789582531274,2359.6913240283507,1128.9045242117845,1236.7461099290188,818.62707035717915,742.86517333983,263.57185706411224,241.96575484715586,424.2387546224371,389.7352557561393,288.6653808623541,606.6896808838464,561.637451421851,87.45344883879945,493.229666379846,1335.9539271302995,794.1580084734811,96.29182328374294,71.14605203124462,69.01617026982099,78.52848590796447,37.11513335802198,76.12162930078023,34.050325504469214,78.12616304033108,71.11274990745758,107.4682174825992,95.25680050948668,230.92779462925245,1713.298890184894,2243.6915635325217,2817.265001184019,855.8641811022297,763.982159701905,310.2510855588602,273.1953507022593,1686.429669979836,1228.0791207475907,1662.6763186738385,223.01907240190334,156.66159225718602,154.2995720354792,90.60870422715784,930.6404928390622,235.28156609070683,117.56593587769261,181.83466271958417,591.3453932341763,175.47037509460858,736.02413616440106,354.90745925119893,146.21565307431015,2430.714499851174,1144.165338160415,1347.5144336148255,1300.1122717087846,923.7576643995362,2058.909456212002,935.1419288188354,463.78986868547065,922.7585557068066,3987.0043239679894,891.3533706077551,574.4519504208664,11.497862287580988,45.76017570064965,55.051972072786405,36.1330720857271,41.395087858178755,35.91928455811726,20.991477925696984,7.9655436535515065,143.349564930977,4.2334300767237005,30.922091949584654,4.980610588175866,222.54638021215973,667.8736749901741,3342.084470179205,4.392720700744234,23.205920700641006,1.984450485665784,39.90307757769691,759.9016981739488,988.8424464935497,891.9249870375409,403.00611337769607,371.07697301292734,22.88277751078716,556.9582513855328,1183.4170745625972,756.0162947799142,2574.166112841082,1253.5771015404684,2077.8239050307193,655.1577517236402,1019.4065209162985,1043.0349625633303,1737.2411391107498,2728.932779269132,574.304056922288,592.094339485218,2952.4602897581103,1794.297594747491,599.6367102458706,1682.98375765488,1819.2410394302651,1045.8294346802165,1976.081805541907,3098.3790592515434,468.14712348495715,5001.696790703973,3990.6294506329937,58.52187167212592,2038.791420183274,829.0968028238632,37.588138756135315,1581.2504345587975,1755.1171909812201,1330.3565461148744,455.36985730790315,53.964441735800456,180.0595099690607,151.23802822927604,24.06235860050377,71.32757173436096,561.2127364237358,1258.9321660230978,875.7281395245581,22.951226949964216,426.8752915087669,8.07874538590779,6.479833187991887,5.64094095492214,5.690354803764301,6.110532026989816,5.575728383113343,9.21504125927974,19.369865223006983,22.320016013775138,16.028278465676724,12164.68638891245,676.1903820766278,3281.501111210632,591.9186354552793,6.9228739386009535,61.95717127051868,116.74520681253638,130.61199859255888,14.464210829417418,603.5253345983723,3695.016111815496,5223.797605318904,476.2909849525345,78.97699520413941,105.28985666516202,2480.7706143606115,12539.823044210229,114.53973275563372,2596.743017241879,721.0634160063247,803.630924650483,830.6485735231669,33.51732395164419,411.5184487832668,56.46535073583145,156.60688734366155,10.130530240439871,324.90553795952275,8.587466256741951,4.97175622598045,4.9318949762359114,15.196415718385948,1.6432591449669463,11.302280167878145,40.93323651082796,21.405670669653297,68.18235651104561,21.911469056361973,69.31578352988342,684.8600892400979,81.89890126124713,59.788775896464955,582.7406070030445,19.752858120703433,21.612549408868322,372.03317519828505,738.7307736313165,200.11737451816987,21.53702089093143,134.53309643672503,156.60074869180582,41.910149382297085,52.83711435246165,456.4770483472089,79.19497764563536,198.45754681500955,24.897556573442525,54.53037905096902,147.66508632382477,271.7823711081095,25.41771274679416,27.16146129507918,26.506228521626166,30.89572119682349,161.5325872423486,288.15194602585774,224.36466901402414,20.557477489346507,268.71660547977007,36.028059355064855,68.97251036002378,98.22189503757411,478.16665488887344,339.9536779166437,6.670692327347637,31.55961877990673,95.41541081545063,35.38615042775176,5.890645815245176,26.378114120468556,124.41328938624126,272.67767144705675,84.21355859318297,182.69815528695565,318.56128378678414,1189.242774485009,5365.283485536663,15761.751795138089,4572.9680477217835,464.0152082671664,529.4879182919934,473.04602889687425,138.4058075082972,194.40717219994548,199.0489659981547,244.79019111992218,130.52933043507545,68.88609613964567,49.66355731412475,231.76449292700906,205.1201838141864,99.19158649480616,20.219023347634202,42.01003348357023,2.3069803737194414,3655.3326921011535,7.66010858097489,4.740129335179164,609.4972166569501,56.710130552548975,43.08445475127733,43.47987620376546,0,19.494609260340408,0,37.38483107698881,5.266236389690114,22.312142240424894,23.61070093395872,21.674726881872168,22.891880762302492,21.175719163704645,23.532501917382035,0,0,0,149.21767731059106,49.75669009291105,204.52979074551558,262.05450866829153,122.90000391039007,55.34954049804698,54.52103178691564,259.1962878382205,247.89830945759226,354.9559115257426,322.8726450618,206.1347008070812,90.09734623172017,55.174422414648326,77.65759929340268,124.89633556540952,158.42706507966986,82.55367679259795,141.40315370018496,134.813113776326,483.4626927557397,776.7388318075244,138.2126466640986,421.7508954288159,22.442314458492532,119.25519643682158,610.3182788434287,140.3676509673472,174.90875082393373,819.5993670725878,148.17862794602718,716.7032890960041,833.1637694131682,835.0550560941051,1095.4944680231852,2891.681345028669,1297.2859018846807,3582.3400506812213,767.3803483522601,507.9086163149488,294.24636938501396,873.5589404093433,377.23172592659927,1506.1374376575623,0,9.04276763245368,9.809208956540374,42.85804895171479,25.96249482470016,629.7974378585858,40.17519398082032,34.594366558977,22.029242479451007,163.34344292681482,686.856125233485,536.423207724836,740.7671250507677,2421.214899916019,2566.908448338633,14.608862131722233,65.93270200576698,82.07076772655878,18.25813228688078,92.15093516234272,168.88802386905735,66.33368151572498,141.21100837887886,174.54150034526808,184.63162833299717,106.01327809309367,313.24225979095536,69.10593069732408,111.1773490836655,17.807823165245445,8.716187025049383,3.2210380401179357,50.093056755112976,13.756440846436087,3.3248603080708836,126.26900259167614,5.586551527729525,242.7948945096979,25.353070815263184,42.33240899981577,4.789464831168335,0.29462300976458033,2265.6378789156747,2276.9527953160605,493.24645892665956,549.155507217997,109.93542777583109,1237.4775680399398,1110.715413249097,644.2269998659009,332.56487178423095,112.90549997314235,109.4957272803957,111.04879831007183,28.908155285043165,36.39073196394417,45.2865925173822,27.78194090550139,27.412958503986285,63.334674389767265,62.791866226217934,89.41141604273336,416.7553351179486,1120.4179163572278,367.4121188671488,113.38800140848089,22.61683406489817,19.505595140103953,56.423966628116595,54.430587911473765,22.59644721562744,540.2667334189834,212.64769574992405,75.57563736158215,49.12835145597656,36.66827538963857,340.95531524183264,294.53454615537174,623.601931023241,648.7863227496736,185.2756402350481,151.2585062318936,294.8744732016826,311.2646562499706,531.9503799429789,179.98779847967896,4.6010412850871285,4.390381811911155,240.65121442884623,132.28979217165207,0,44.966012511214494,1.9938354653780643,3.2669660333954944,59.77777847478408,489.9849259537852,1199.8771952306367,1297.9629239790952,74.47852008329394,77.29553970102921,25.78560997325948,93.96797974185586,372.4143906775305,121.72283130886622,448.9105660032779,64.62485543162549,65.25367711993248,196.80682502241638,418.2581749731998,70.28165668019976,58.68624632392969,3.6014599129014027,2.1245042030154546,1.7930053336247185,6.21823018349014,1.9143047955488097,146.74701838809224,103.42067032040302,3.3494779957111835,4.387554989331066,12.525284602122492,6.812707736059391,20.034976772453817,192.85339594859624,473.34766414906255,11.145877186784666,116.63698956409107,96.81549218107786,5.362384958670312,96.89385998079965,0,0,23.206105780258763,208.37166481239908,125.77817748041572,6.248782481198793,469.871704296682,273.33616350801196,51.170013470346255,8.140273413965502,4.906625305268978,29.554629066155318,2.8907366349216983,40.2262161014242,3.4826244223682896,1.7713738908482162,3.0305373377737683,1.9857463423677502,3.138414773438125,1.71858446736796,11.11763708561763,231.5979429390995,1.68976074938037,0.5730877492433653,114.17229921769496,554.3244299496845,410.35096701903416,20.11722185425173,144.32342626119296,201.13656798983496,164.47346458423644,319.5722707678253,158.95732580648573,207.93877554415943,28.229350411680873,57.902856370978945,1234.5709658729322,887.5605646877584,3413.1014809196076,2538.4497409104524,2050.2946590349866,2338.9362635424695,1157.5644035291357,732.4686792092484,3.6445739297211155,0,0,0,0,775.5318548314605,0,0,0,0,0,391.22871847776764,0,0,0,0,0,0,0,0,0,0,0,0,35.61559810836149,55.80380507631136,0,0,0,0,0,0,0,0,0,0,0,0,0,0,0,0,0,0,0,0,0,0,0,0,0,0,0,0,0,0,0,0,0,0,0,0,0,0,0,0,0,0,0,0,0,0,0,30.456441431859588,59.92929719026521,32.203090014575906,47.81076891763338,0,0,88.59943939752024,0,0,0,1.0778155450059106,0,0,13.499353234055011,0,0,0,33.21792420065295,42.21400969873649,0,0,0,0,0,182.78964782692438,3.1394175921083023,37.024923659387625,7.8437280397410625,0,18.76914455274412,20.909814656346636,13.667975657497122,12.56394991918757,80.42316997141955,23.000491279525658,329.1836942762402,213.48095268313568,100.38261749774108,62.81926423104921,125.24252425969891,173.7616548374744,0,352.62146948166645,21.237451374206294,183.19085322635271,232.6596030164253,1514.6353241009958,117.79735340826016,0.7604473165496773,90.60228498721871,139.0247225046854,132.42602200764432,98.97880899513132,110.28811857625833,78.54340395922283,86.31987900112098,179.93592228508004,7.503742433471463,115.85403943495483,120.1269909640125,112.60771468247479,4.124593363794145,151.4179079142429,57.047784115846184,5.926684971899607,4.241827686607997,116.5747794121673,12.617525211340315,614.3416276928448,442.298373441727,18.76798130795777,413.97477587747795,320.1705956538219,581.4012812146673,133.4803149647939,568.7265366915304,160.40112237046807,520.715780026681,118.21867087250325,274.07548743999496,427.018739283716,41.74111518129408,690.286079250011,367.7880484376693,37.406672127789484,190.38677511370975,27.006722645231697,15.173118372728148,57.76752199875357,380.30975624744167,393.51856068301026,849.1530047042397,425.7430839160949,482.67614312952395,594.2499409607068,34.9768539363125,0,0,0,0,0.12831721023536086,0,0,0,0,0,0,0,0,17.36146418064241,94.05094567593271,121.80571673808663,280.7077888218046,0.2556041057928137,683.6533951400457,373.11245142414464,178.59078314637642,0.29690752730061876,0.3792252581875634,0,48.3545465014291,38.14789653886338,68.57815457259662,68.95671828064928,401.0152256942554,311.6086473753178,112.3795003857821,378.08381629495483,214.40971456758965,562.0451296728322,765.0391312059584,1735.3169019161842,1923.2354590767518,1345.0252839002128,2100.9331552095173,1330.1366160508423,239.54842480399412,1323.968154645859,1482.8980332882666,1502.4350381901722,809.3770393200926,1717.94717692195,0.21448153260787522,34.65754946561795,361.29833739607886,353.7886022722698,802.0240256917343,894.2201273390519,643.2150993593162,7.184084815872541,36.16083023713643,39.625423009563946,20.312573466718323,7.893146759231803,52.83649411084684,0.798888377031847,3.1024955200164173,15.025629589540282,167.64497944065172,335.90329137673916,56.04903267439638,135.77024674190147,981.4019377655095,123.20593226836156,595.2229208685826,1174.0760817757634,40.62172746103237,0.977243221020125,723.4438110235678,258.19440124976944,573.5807278688732,238.8809639703121,274.7217245253856,347.32344040033695,203.57980898633036,107.77300860419346,843.1877237855315,673.3180481150612,775.7626530637942,1217.612256966518,375.4304716217238,129.53222407773924,295.89653348640564,46.14090320812642,163.64208432735862,709.1787255472304,653.8606069881815,598.8440989149387,455.1492049649015,661.6128954441965,356.9198528372107,344.1889305376957,230.71228386328775,410.14514241013825,851.7587499899872,1202.1069616041964,1084.258370845734,751.3761633091373,415.27838971575665,178.70121905301744,330.88394713021347,125.95436411527092,558.0162058729574,393.5149478895235,978.7696904226291,163.6679793120794,0.616038965402338,0.09077303124696136,5.425185991944908,26.590127302981024,39.79978781482319,1211.6047392833618,3203.5815137973896,2768.59499444178,164.66079363577458,448.87413313647005,1584.55390171987,1442.6354812403492,188.34825491598656,484.1565371229569,505.02849128177553,423.8782228103947,194.8557659891998,1482.7997549605223,947.6858574904257,128.88200572511704,102.4091979093301,1239.576868768179,311.7694200965259,413.912915469802,381.26964540657633,781.1372605208222,266.74524815775914,207.04824222590332,228.3314575181934,194.4764461435882,794.4862869437617,398.28503567473814,313.35041160434815,319.54231243812944,324.377782107922,156.11138945725025,163.631114848468,485.5312637690099,96.2475133838854,262.86222853026595,411.0357929256742,162.1553203740118,206.65302814928143,556.0670255056485,1109.651562318841,133.97053002775678,657.0307957100208,45.93901246246716,1305.571006193858,1088.324200274049,172.66178794613012,274.8103378692272,270.3452111160431,1053.3115384769758,1173.9150665241718,1100.6810826529334,703.9662872565902,64.13530177012143,121.58224152247749,912.857738948842,297.90788680783834,56.26139323702095,249.82104879796623,819.8569684327867,4.634679691729745,1264.8227812143189,266.1856077120949,186.59741936696676,703.6459571343424,690.1192647868085,116.62469355480209,331.833194960726,485.6042865916703,250.2805477031017,709.1072487334962,309.6302673383498,2.0067428018169235,195.36770386604647,130.80744563796335,130.77976590443876,167.55049194111666,394.4034457829576,360.56400680890596,744.7763668643488,334.2956907896331,588.945064219129,379.70999107217847,168.6625713572143,4.975652819091026,552.799788808637,225.34006246378982,924.6082946942965,1243.5007450328712,1292.2728915589694,511.50623279361696,341.55130133773054,419.3406506503659,835.310292470488,466.24218772602376,457.1003020469315,0,2.005345819440582,114.41119622182786,49.55233224085493,0,0,24.975202426274276,0,6.303519262090054,0,0,0,0,667.5504070075572,0.01402370579063585,0,734.0619384686881,1056.3470389667111,1696.578333082079,1301.2842080863518,1170.09459487551,1555.475162008341,692.5045126858618,1188.4970384272644,0.34910942764569564,666.1159031851455,0,36.44711601509064,0,312.7302375691433,36.87370398211978,649.9177159713431,0,0,0,0,0,0,0,0,0.21763331393198942,0,0.014168528949623204,0.007927711432652286,0.03922748736350486,0,0.049488138850063625,0.07993317710466548,0.0037369588982623975,0.01595804223700799,0.02418408197670836,0.04021993844548961,0.03406311618046422,0,0.04199557289685077,0.07599000640998259,0,0.01916279195592758,0,0.045012113219149795,0,0.17661323670812293,0.03506781668075534,0.16737777771836332,0.011696070103832364,0.037485250874712585,0.051622552104078345,0.02488371407300503,0.2821333933479615,0.022316081828812236,0.09005014897018308,0.0129994527663413,0,0.004505864052483675,0.011351293965274864,0.0307023574105406,0.012607052639622425,80.07873324634177,238.59520479291035,689.6480977700606,161.85793857274,1045.2359944415598,37.47488755367417,53.60392567038576,3.346804611996118,0.24959210275331262,0,0,0.09522257560760564,0.036883871523375994,0.36095165072166713,0.04442862969703891,1532.13741546025,756.159005325325,208.53211500500146,85.38934599146297,444.8192459415404,57.916422569803565,55.35745483890079,278.6589888017717,50.86139769176158,142.51217118433274,187.62095860180315,70.14381871623053,419.86367342195814,181.54981188508987,607.4297328273788,1444.6015872484393,271.98666358281247,157.02429018080747,796.4306126498492,668.7603318301527,226.14854055130093,571.3532935780519,1771.8825019326646,1921.024560182916,1138.8924414670616,704.1468147468264,405.4634156941766,273.3385137445937,194.84282359029564,152.2929154107297,848.4158360646223,1111.636922793379,749.0965691689879,1840.0788463321494,763.5523761424379,1088.583738296086,1163.426804669725,1135.0148264821605,1425.6481440936138,2047.2874019572123,978.5228867164898,3086.239805698077,1894.6266806514739,274.6551900826815,1046.5656817046076,267.3178443563044,192.83026269631077,164.23621033522772,0.7804303192733945,33.51252030878592,24.66838714368628,37.730589828528984,18.94415515145368,6.282170041954447,82.1180797337489,30.932099943234427,84.02863956554269,2.525120055374879,16.64215535734748,310.55448369080693,22.417335162479723,100.75156324664981,22.15952971070538,210.5451997224166,14.421836892479645,25.58524090837585,41.56862251305185,169.6379414428421,87.52819183702921,107.65340793616174,3597.6662021754723,686.1372048315515,701.8736768957009,935.6104868221913,566.1145025565975,318.01451634360416,1946.0731946734184,1272.0470963038333,477.1052460099905,307.9840809213024,815.8310829200402,1388.0381680396115,1360.846062360846,4419.798523976444,3641.192136652193,1198.1252016117808,2427.303300787141,2075.1003056087834,5826.262928192434,6349.652492400434,2558.1502421727523,1747.2465194880936,1648.2625738034073,1943.139233960301,2288.266979941921,1206.8239774626866,1646.5849765866944,930.6896538287049,1770.722910366452,1589.495981527002,1681.285185053053,1563.9765300115457,1962.5427948456195,4233.461108507193,4306.958714317831,2827.857883352489,4020.816901837359,2405.1837399547767,1945.6765197594916,1069.104414901223,300.17097345682913,911.9826560254654,739.7903902533113,1020.9427401084713,193.9431828417184,332.397583061887,469.95712910526316,481.95690375466836,112.00352327548515,269.66932350020824,195.53817816194783,212.41657309847744,285.10575604310446,570.2369693669235,107.08273499149368,4.1371273269996225,14.53696743056356,255.3050517023845,240.38675521627266,228.89078860677947,103.76015209760662,384.23911191996274,149.60735479451702,62.92644916163819,282.739997421615,406.96172111716425,243.83831546210226,611.8563209659251,136.6670037367254,0,21.743866247085364,166.57451035090676,28.610882807205485,104.02263753054041,143.46466884280778,345.16305803004536,432.988815866728,834.742070908082,290.5705306467578,1345.1024736934698,504.3960223058405,2171.701017289125,347.1492153661435,540.459470198162,911.9060480738632,3641.711805578031,6703.51481034261,8659.947365465747,7030.055048131971,6707.678544529654,8108.652779761441,5950.052500078763,8984.153774434026,7119.947843543457,4946.571235708205,2649.5058038431994,336.2057605279209,624.6701874129031,2068.1387292848913,2283.6657653349394,1606.6513777071953,390.93320413476414,210.17911349512156,462.79500524394047,181.67968074312904,122.43482996605674,1665.1173692412492,892.4484343924613,1292.112443577321,1460.9806755183765,3457.041682521934,3759.8275552994737,5003.006752706428,3458.899311256456,3524.780182945929,2052.9097015472366,3806.692406113944,4233.0011038287075,2195.5753818010435,1974.800586671932,4311.833687848725,2983.797604710935,2745.5531027783645,3244.0143023177056,4575.839512009098,2375.07789300239,2040.4644512188463,910.5763502182189,7.772077733237648,248.49006478045712,73.70205399757373,43.5664462178891,99.35582769183154,240.97101510373525,352.7700338285785,293.2060813001757,233.64102730596937,185.58433217118733,341.4490983975616,353.698626224601,314.33904583852905,1049.0947877070255,267.6404847028427,234.537706691842,688.4190062317339,624.4497882795615,812.8319764815764,940.1062095849004,390.0644792420175,1713.392925175651,430.50188851475343,2051.1705359676403,1185.8644701068883,585.0063989537547,368.5956734664943,636.7018506422504,437.670895406281,324.70340669470755,167.8684974886662,874.335256063312,409.0025951459257,235.84052906995746,172.88033441008116,422.40535040095887,368.7383698882955,347.3695158553466,604.3926607503018,394.87481479586637,245.21370997681183,255.65097802661828,190.2879338897947,246.20364092997394,3415.6053941183955,1114.2388961897757,512.8760923816079,687.670796715745,1358.7702039927378,1376.5925147256114,940.811476381958,1289.1877158149805,497.2342774021177,266.26648994899745,372.556651181002,106.30611279849447,122.80134191408155,340.1782471578765,88.84184380601063,304.7761661917134,337.74860668450935,236.75969790910062,291.0191744364867,1086.9219211239708,440.5054911004575,337.3659742928657,1206.8997290583598,626.4789496256254,859.2864433639041,1074.9278787002688,1154.1835440752902,1114.0965637181312,647.1150568860578,1076.5879723923638,1521.9448021691437,1013.8768935235263,741.9554489580889,1017.5159467345799,1049.055379685976,310.42433205656357,315.21867566680913,169.67563525396665,158.48810324555507,152.81007169774992,100.34938240764586,112.74475269843144,156.32222616275533,927.085118785916,413.2615550903769,54.626073680567494,344.9349571882886,419.0738350094228,1018.8684959682989,1708.3072861590047,1301.576510907332,1243.5436115561924,2140.3762167695986,1852.907596404056,7936.181528188355,1151.49024468487,1289.9179481137428,521.7309668086226,334.1157758854937,1107.8146659289785,2681.9551686664645,3462.745755570621,5248.298161674404,9412.77449025999,4769.940095094106,3627.81103149945,2850.018559163604,1990.8815808691575,3943.4898032054903,1649.629661902293,2448.170790181116,3761.730459786673,15729.302391768533,834.7444450210431,1121.1744165955865,982.300847928251,1068.940235897392,1338.875542023796,585.8203781857472,270.88193877387903,439.7655392704788,1120.9813172510599,1351.7983856958786,1235.8787388267838,1014.358651025391,878.4826450772847,663.9773320919963,180.86508815196058,19.727892689460038,275.2833485581793,309.3519224217865,266.11495139996856,36.462851309436196,49.68063946866556,0.292501185236086,235.6676256694116,162.37981141442015,3149.6172536891063,2623.8260484459033,3238.896852061731,3929.6545738499685,1490.2700674482412,2479.129590777619,2029.9265184751857,1275.782229375511,1054.2861223555178,705.64035750855885,790.8009915352668,525.0523590032863,789.7540819402686,702.8764833657623,795.1615934721502,642.6727209440749,216.5950918688956,708.9500588630806,236.61098877936928,303.6241294570683,212.40631469070377,365.4775697821345,572.5907895756903,346.76707708143744,75.46181952159941,71.074346922249,56.48403199731955,636.5713627424567,73.73725337994611,481.5583097345503,386.23768884752883,272.3219336769934,527.8375472668786,311.7601071650644,388.08069847140695,701.618261628419,959.3795429483786,1931.825145713709,1777.2757947392865,1832.2752359593119,3436.829580987836,607.1461928657875,866.7343771956622,677.5705477368474,762.0944450392342,709.4018415494845,141.33575648607444,74.26952771657236,136.6148323938255,90.62864903453597,83.85835989613332,67.24841418591737,140.93130231879874,2.331812417583038,1204.6259787263064,190.41686289726093,145.22024894520032,46.32035174178994,55.20725523565192,2035.9961960064797,953.3266627940721,1683.425145205358,776.4317451839319,202.80368661276478,195.42744440931742,619.1569162935468,438.541439695619,771.4525076253642,1043.1972898444026,288.978550407975,975.185731995364,1430.4675800197188,1826.0788777880584,1124.3891331576815,1033.5239903928573,934.2322730884221,482.98022596867406,944.3984034393885,1133.776705527365,2407.076904655886,761.1783009256817,329.48363155915683,86.28766663162844,58.649693014423434,45.96199095010901,231.40419218593786,77.50397351478965,71.35781240757314,2686.981963829233,3266.1399069822173,1864.1716834290348,734.0973596679847,1512.0067934545639,1160.3313187282533,86.02326968488349,134.4412312414264,974.3683864869657,817.0289725173662,1915.55949831369,2647.060833030565,1622.5545618428007,781.0218423137036,771.8783133132735,488.9345177382613,280.15562760416316,63.920838367543226,260.816817362169,751.8869076691776,1022.3348961423404,1046.5560747474387,1563.9818947438862,1749.9958287063253,1220.6077074373568,103.07961717028165,1646.8913679961836,3100.2566737297734,784.6575371175327,26.252577634861435,21.998801862170485,90.40295824511836,18.34907641070158,18.46280538829173,29.376423889892763,22.900600774955528,854.3922018817459,3.9461655954235826,571.7860203932793,35.86593649882607,664.9844735455479,39.9842694324308,50.12450176163538,25.258360715852575,232.31916554410938,34.70620402319845,172.87756977351177,79.06152795737083,91.44018369275015,127.39633330377931,401.81671037882603,118.37364150917752,203.2042888579329,58.251844255085764,200.01485223562236,470.36389164054066,286.08508328699736,347.7181327374017,312.95800483581013,555.5667812830915,117.42645053098325,201.3670664012339,56.994644286445705,224.69024895987607,17.233062373314308,35.80182965105266,63.9744187492088,84.68810246387605,73.59430767694059,445.4093864713657,238.5048963138407,142.5394548784546,113.66337664904205,66.663497040813,66.96093155622353,59.78449490640122,60.16203019682477,65.68872019784295,166.68536742655238,52.09187635614816,57.101362340411484,235.0763605974326,56.19829632907222,158.52873513927452,240.76939855408256,564.2017699027307,1814.471176493236,2171.6068698538666,1741.9573694478202,1287.160511714844,181.50492081928465,215.89530865577433,69.00177493147295,209.4016462630915,489.57824001880704,401.36815808066876,170.3552549956768,583.8758091536002,188.39425517344105,543.5973807860116,591.0520516631818,219.6051126573867,524.8359332639714,547.0392815396776,153.735362801113,559.2917781234056,202.76709932909424,179.21694576768408,23.32358989449782,273.3258875954825,190.96848358311289,406.9719313071878,712.130780783424,549.3479667903886,117.41554366255598,384.02368553876073,118.6316265831004,95.92558119973899,331.8770804806356,263.3384530787107,520.3078088176462,514.3646542883791,275.45227220798586,279.238439156283,116.58561971030349,143.40888161440057,64.51472534059178,505.31323507723766,878.5506657379722,1466.642898287509,906.3825744408125,1208.0107467973985,1772.8671115031932,2201.3768518193265,3944.180723281021,2266.7536693117268,87.70746938538407,190.58523787712795,302.45230630247676,635.3165181801576,271.53161214158405,287.9761146340311,292.5041388610713,387.69541488057956,696.7192172911099,310.9677818333997,314.87339168002967,299.3157473130285,1382.4731197425367,341.6653702062292,134.99426420213007,394.8988475723843,752.4575327449481,430.22180373556375,86.31047912915852,188.4397766606938,24.64475787883142,251.36287132958347,678.9219457973943,979.1519908201466,664.96247667521,668.6080938662732,575.2424904454473,985.1268842738598,366.10135385990026,83.54908447379854,292.9468742835018,318.7816670636395,111.03724008335162,197.0923833129635,117.58856534739151,321.5997310543829,387.07638183538774,682.7509798043595,416.499974018884,361.21010726794515,276.8592101236093,57.86214345737383,1499.7140918876166,2150.534142833868,1506.553094759825,1246.398937251621,2042.3979668136228,1788.8312326722591,1346.7748684622718,2014.7408041217313,1443.7781958361836,2181.915251879188,815.3150611304194,607.2282328396808,237.85953194341496,897.5183896621878,45.0664884860279,485.9732094193323,706.5626387342967,655.9463930939153,1028.036573520045,809.2907137032659,38.14281924727434,270.1694143908736,55.51313419707532,137.53357155168402,352.91755007524756,302.3046871360314,348.89655291372515,81.48819170944002,6.539495986842495,27.172230868000227,42.18831667938685,129.32609240901525,664.259973903017,121.54199776575886,748.4257326976364,798.1335264609728,231.16744391699177,131.67536323816617,687.3256116599425,182.8853618233354,61.290187919279006,42.54093722219192,315.5095335364968,621.3754154985139,259.8364926996649,168.32044669978356,103.57878147141805,173.3004285785063,72.21662006627533,80.42241811975279,126.69484271189263,206.9174228038297,329.0604952386086,310.5636223875084,205.09488858258115,726.888881739504,691.8946002978352,46.51950485875504,79.91179348560823,212.17526424478189,346.117107960509,106.92479410319798,245.7402715242454,220.11486441412453,81.67366379223796,90.67462145498955,83.48740928158571,263.681296114657,516.0629300669319,84.56707756974686,162.13002623056897,608.6473769797869,1747.4459607368706,141.115668478557,244.9610759348275,507.3127999028773,350.59144085022587,49.88270212683778,55.20419171769049,248.8309006173767,409.9899537978664,80.29718687403107,203.3248297257587,400.4166934032976,191.31294497714902,783.8397203206475,1126.6018452828987,1071.8367503253116,1468.2698905543286,324.9108342926635,516.2477221110445,354.34885461420095,146.39338353187182,164.82026277180213,667.220256585139,733.5380127060414,131.4429896115876,26.176005919648368,41.163215723847834,101.78451007455068,30.389172933849604,70.1526479719837,9.809098935552518,43.56668237803144,116.61620681411956,139.79461957355133,466.91347700330346,178.06073664634226,263.2041211450107,589.7290769573094,211.65796618837732,12.544577670831831,212.67441628772167,0,0,0.06448375009013338,0,0,0.004425520886724336,0.09937856439761827,0.1704255461964594,0,0,0.02166705346604503,0,0,0,0,0.05709269652617639,0,0,0,0,0.0029634936878138026,0.11883738293939941,0.6498614660264048,0,0,0.0022806262054107735,0,0,0,0,0,0,2.7533467206755993,0,0,0,0,0,0,0,0,0,0,0,0,0.7243186646330685,369.5185735918152,1.6381063745911724,117.10991248515602,4.142898108298074,0,0,0,0,0,0,0,0,0.10066039639020119,0,0,0,0,0,0,0,0,0.06550136348087159,0,0,8.247314142888845,9.87293011799733e-4,0.7439227771066194,0.8845673647271993,0.4222768744017156,0,0,0.352544414099421,0.007586016364868002,0,0,0,0.33385306897212336,1.040436133028339,1.1457328891215928,0,0.007283716437957175,0.573682901092948,0.005254446315480583,0,0,0,0,0,1.0714519168203709,0.044429416504698636,0.08787620632430027,0,0,0,0,0.0630810087116478,3.878052043423415,9.78551816109623,2.4434990448075835,0.34359183430811224,1.173817498724174,7.957450867360914,0.5695498875393691,0,0,64.81215279832539,83.2920352509001,53.24843279976562,39.44945754681536,54.14804358477391,1365.2656938942464,1168.6638414097415,1628.9273738130903,384.36831362877575,1398.8743622693435,1245.7273010615768,565.1998078351684,369.181171110444,620.8560166749625,2787.3423681041295,1525.9666815420187,1488.129922702327,2.7359817745596025,14.300244895305541,3.0760952246949658,8.380923218159674,8.362730715082128,101.06129595043215,110.56244921742709,425.1695968644907,66.03577481596395,0,135.20704265797946,536.3702495836458,166.42210678190153,89.90201203516756,133.4523325146284,526.1503915524535,432.0249974797688,1380.3446797672052,883.3346766401556,1654.0398901026247,7.28123673689713,97.60215803688101,19.256435058293523,0,0,23.350616856696934,58.388062530388595,1.0180695061541398,0,0,0,0,413.0601863227658,0,0,7.336306992508607,0.11333176448765278,307.9284360922843,1360.095003941673,64.19330853286021,1312.3079037493833,313.46143678236274,1319.9098169115534,1393.8308684118645,650.8898521843817,224.5954040867403,0,987.7507362485981,523.192741195852,187.51764371922425,53.54824725691522,35.838805684672366,286.8262528421827,170.19639341701955,361.93519969136617,37.06913633636659,53.26281436446796,197.15626031338084,532.1398117474939,1191.0016406040309,35.46106345471174,6.55644719451438,257.48035218162283,334.92337859972,175.6380904130526,442.1874342982777,158.28276713770975,2085.3461835500266,3002.0441851147084,2808.524046257215,10003.805614914221,2387.056303643527,10090.951055304236,3366.607982111987,3310.976420059509,1485.2771547086656,2896.1421757916837,1785.6824451201876,2003.6037012575457,2658.573065569997,1060.0739166548708,1475.1679301459037,2314.9337564911298,1573.6494948539398,855.2208355155443,345.77245164804407,304.71001154487107,277.1465670665366,420.2669193671454,1301.1366963158785,861.0678191200093,2128.1308698228304,1089.3631136987942,2209.886704818981,2168.61337521668,2579.2870124444394,1846.38903666947,6353.427530640642,2939.0128530100837,13136.684467877989,5963.737536912902,13752.69553268114,455.6421470708396,13.101171920591302,396.7477864655649,52.49615667568461,1881.4072507309254,294.7072726684118,1.0076006044750685,560.2401368532649,221.3145607269891,550.4326493123399,1.7750043835847553,395.5803875287526,386.6331488767181,215.45751143428538,369.5614220156558,267.9781345536317,385.85136219484934,228.96037713243263,492.37005567093945,464.34676948776774,79.91033615428046,615.7583067951674,315.5909355273234,270.1198972551497,262.5815266758106,1.2214641821442045,0,0,38.167122206934,11.657387836224478,25.424794431729588,0,0.7773844745626229,5.442414653164882,3.7792390148611075,774.2143200836254,360.51486637460704,334.01240408249464,12.32939392332659,31.62248721455874,45.15078088610253,5.711222162231164,87.17275289958877,59.784689060677366,110.20988562857299,448.658767939005,97.03293196362148,43.42257693438242,144.19224674606016,281.11059193602915,783.5295388866466,607.7207821042324,922.1246863218689,775.7403318820157,1296.7282282914446,297.01896608354,255.8337903858117,1329.905680234576,939.7364019043318,585.3585392802175,103.17954235715,173.03016818106516,394.7644452144086,141.32940272939086,9.038833734039441,28.627410723996373,123.67881750648719,19.960427493802047,4.228520514134462,11.096286106954805,4.421832327315352,12.558792609059628,143.21684546094866,754.0650501288121,334.15345425991546,111.57370508918288,32.12603070946785,5.933887411775219,14.782280326863043,26.630974333010034,29.004857826571246,13.830708422137953,29.154844677960188,29.42055932299982,27.34260250860524,0,0,0,28.38098381869027,44.83642093150961,59.080773154479886,46.22586349739335,46.87270828660264,44.60826228024581,0.9496741087705198,0.953364765134488,2.0160733238660247,156.39361199358004,1364.4442887517157,1725.6100716503709,77.39752007923788,5.90252216168151,46.781149281275624,21.639988705130364,22.402836215095636,1088.0866371919453,3746.4415131685464,167.4770143308903,601.7429588488072,164.87187958509702,4.494877368313486,295.11166745261363,7.444074087498734,74.04508652628247,20.45044246646895,0,0,38.86569762985378,105.35177553252677,1325.3683977880787,1496.2917922958545,1176.8503641328193,480.57433972269405,810.2489353509775,340.0172462523907,236.05463933062535,213.46702024559127,1975.9805894656383,34.57132791461637,37.937832150630804,38.29680497680721,9.261784372328425,91.96415522870403,770.2998400287781,619.146298358233,822.074691603247,125.57359923457894,110.13694254572442,209.3688108209935,40.438336507401736,13.742608022672265,79.47598188929805,2.2860483538655627,1.95802306291517,0,0,602.2869028764034,1100.0895950309682,1212.4602227523949,656.414573920934,286.7565181031841,0,0,0,0,0,0,0,8.59943739612982,1106.439931859724,3825.127795674097,435.5949329568549,9.238927756423601,24.564153422483564,47.16379906738035,49.099054392572995,149.37748914279652,9459.682785584913,8983.199282179354,5063.8292239618595,11.606621729965964,22.34327700665883,661.7529386627149,214.3350740544925,12.501134028907082,18.467377245651413,16.355800163588437,13.374997078192859,19.555974857793114,50.459606750301944,16.667238536456498,87.39730526627956,756.329250661688,22.709484620548977,111.58466148588,1095.3807861151356,40.5944676870263,388.5760954768103,383.63534455607464,191.15647257541343,24.116581727729123,48.38087975083061,913.5829503704747,334.67192624625864,494.6736865048452,268.9283805043847,149.6481651603624,226.97818813834783,73.56144709358189,2369.5280092983253,37.94192852170221,4293.587919130566,3503.4917849711533,6823.896223747324,1577.858207203276,134.64367544989582,576.3382515257732,608.6969931098837,310.7580729299596,2040.3299487175675,436.1581030346491,335.4380075110501,20.916366108102725,15.040292615133998,11.424245866740684,294.37934169272074,5.935600223313111,9.406159535290714,356.5785251787747,120.56460848233571,348.1845518591602,30.656778004852878,4.277434731571411,1613.594383740788,10.609543889735606,20.486405127579715,495.5925289110209,13.198289598905985,427.5392739606221,537.2193968071937,9.245353699480413,457.40087374427094,10.975110986785207,9.336161064482644,17.43857259472943,29.2276887980605,402.218719134943,912.2272305797235,70.85968764032135,750.7605785857513,37.105390821462805,797.9167880450102,263.9500731751648,31.64931417023498,21.239371642140142,28.17338936376253,18.346237822037807,12.648811557651953,40.90082064065045,509.393545739302,19.95645522498235,296.6640457748636,12.222447469179603,22.44627967948883,523.6767459297744,3137.3608188183516,205.97117054606758,1153.3546049693207,136.31591472694706,17.77456801732041,11.899732264491263,17.196646072381014,92.07700290233575,835.371783927657,6.908158886682142,32.56025880365626,2093.208298259529,2772.945085216636,56.89738492468434,1053.8127220628005,20.18148573580953,16.423327963984146,16.366533013709514,14.96854633389289,64.3315198024955,38.57023660025301,14.910363171469239,13.826853803781844,14.525485520788523,34.91591189008692,13.488560685822858,117.13293941770831,659.5438726149663,42.76261436298525,37.6145099350504,26.378232067001996,65.31121497885574,76.15889556117429,1747.429910130854,1300.0169242705726,64.26969247216097,510.12673163046185,265.19518051049806,78.55309119030137,86.528690473341,625.666361435472,641.5723431493236,958.9665156003728,57.41772518958756,2593.32959635776,859.1807486118449,3971.2813103198664,858.926433702159,339.1436505001534,3817.1520322092283,105.46408150698392,12.184654927589074,13.789618498614722,4.936718240102655,923.5408913597295,733.6902384960342,630.1014720984567,352.11259625201694,347.3412145162723,260.0281990710259,302.74731511100737,164.1080877498963,7.7652399838990025,144.87057671047438,240.15449002634352,18.49516982571612,171.11313531704468,0,171.11313531704468,104.35108717170067,258.7957269251435,103.94547950527414,118.78139882214808,228.1568819940238,314.08646115794585,120.44332439024438,392.95570678007346,129.51760540646205,126.24113019481855,410.8951163818004,24.13839622215821,208.66204573828966,131.15457248672033,165.3074107875539,1799.4130404541702,87.85619916484255,0,0,0,0,0,0,0,17.224553912798807,0,0,0,0,12.779029565847168,21.838855218211155,29.229174856574872,96.86770178123055,273.4125230032186,5832.674771443506,2964.499594490885,228.78255355811365,14.031487565109972,4.913247451966282,3.473370519281719,6.371244523638856,6.058948809844398,18.48608197109114,28.480745855303848,2116.2060253659874,5220.712743099331,2692.386285798575,732.4052160444845,492.48615370166954,443.7542686389577,9.721073190174675,8.223158073162674,5.349817374023814,3.692359597638076,3.67521873510995,2.451174613016811,2.4743825484328195,2.506562323972034,2.462418932744709,2.685012772165555,564.1314229559871,669.7864728618247,2.4446247501701173,2.3291379191377177,0.37125866463556806,0,0.4706173495481272,1.1617645123520934,0.34593301772322027,0,0.12019752330413523,5.82845162494292,37.03280625770174,3.26072945946307,3.6382374491115645,3.6184114140675874,3.6205334281225836,3.6288142486204005,3.5928805118946676,43.35516924203877
14,215.2691188440464,15.934347321864275,122.40018874028644,246.15230590740052,242.9763165613297,4.815399398851488,392.39658099688046,279.8254039947872,268.8532238919872,195.4958649550345,116.01356422885937,206.71205087953842,150.7663781272727,91.09566507606526,4.226775164539094,68.23247322404825,79.55545379786992,1099.1929964468413,189.1723063044984,941.193102226879,22.027561164286112,678.3113935526671,192.2336014518317,267.2904118182289,86.72540916658377,212.67549632739593,40.090541025086175,164.96926915640967,322.99301592867465,788.9398553973195,2159.585804580211,1363.696036519827,2333.931861458485,2992.168509447199,2896.6692807166096,3209.613095201552,1376.8927332674589,150.3862069514297,71.78091776691596,50.25490402515938,349.81934279198447,83.06681388540925,205.5073230895357,1214.6242809179346,754.799554740447,341.25233903145676,21.203213849725866,34.31504122431347,190.35001310076171,32.544308558275425,236.62955949481733,147.9389353817438,1.1561343896125678,168.4024903713202,1.5428915506930627,452.87442456061785,260.9695664453321,8.636351750072912,1.1688328184060617,10.461303536412585,1.1866210562668558,209.00457734944018,11320.796423653452,0.7204449917659996,1.2474621221743691,1.242558599001623,3.8681411718706142,1.1797926403507757,3.1106544412553236,0.773970435509162,0,2451.4790970820472,4563.124589013334,358.6525402401142,0.008206577005546384,1.8373003751972437,0.030121499849686456,9.711370710621962,0,0,8.717824303756299,261.12668479847395,0,11.55176276205256,0,0,0.8933785969374789,1.2517502780309504,0,0,0,1.727505434506453,0,27.000705650428205,0,40.734954086419016,10.120447248107661,3.7076613744627873,45.66465286537248,28.096518511326444,2.6486100942446527,0.049322354677942354,42.11113789466107,34.565217378916934,532.6249066812669,37.27183836080459,0.2938230168583581,22.7707668309583,12.822998005286843,1823.4714021861823,408.10291340791713,6.122220107102956,4606.572437499931,7516.559020063297,5.856296605159196,463.56018623997045,3515.822679045766,10.724025026859753,15.430710583505624,76.77551080380226,0,26.62702690121977,4.677221271618755,0,0,0,0,0,30.998812328557335,0,615.2662124000602,0,40.10542825691794,10.524557514561971,0,0,0.03468678205739719,0,0,1.0848858101212993,0.7011748876007998,0,3.969131455061331,0,0,0.7987223401649419,203.87305393134815,8.304638297381837,0,0,0,0,7.2597549040112845,290.0726912443684,2256.074450185278,1312.2070818158165,91.63868986544904,0,44.62724657781694,324.7674402695688,11.534336387119454,8.389419240169305,0,0,0,34.34348098431419,64.7050554438216,0.07969796232570749,0,0,0,0,0,2.5531395030630795,0,0,0,0,0,0,0,0,0.06947422455371804,0,0,0,34.17195032694086,310.1556609824067,39.37949205342181,38.77866173370501,810.3549878818635,743.7643577496901,580.1928399910614,55.63042945581484,1162.3520839982255,587.391536305962,73.11017023744296,0,0,0,0,0,0,0,14.38991756703351,182.21938248431402,9.895000870031268,0,0,0,0,0,0.06715670292665826,0,12.4757211304276,10.821254029579148,0.5369748383922851,2.6442811169889953,0.2434029620784411,0,76.01846319687851,1687.8609289785159,1757.7469566965972,525.1533537695374,125.12034802019149,0,0,12.603125213640906,0,0,6.6261020894559595,10.497787343293938,0,0.25299268102723454,0,0,0,0,57.905597419199424,0,11.832053642885802,0,21.769810785104518,0.7612036754355422,0.013825703814581985,1.1386855425888223,41.65418984541887,359.52736074484073,212.50851921154836,236.95644333672243,437.1683577574394,162.27288360284166,44.43857244760599,27.687202418394534,505.27774199433253,0,0.12598272915511424,285.82949174847283,241.926549684218,1487.4152612148462,2955.0965818103514,3994.282730778414,1167.8336760336529,233.24863339567673,475.38225599614265,10.362598811968823,1.1498114752650288,1.0471187328593416,12.832908464824193,0,0,0,0,0.36182599126807424,0.8294236506375244,238.78269854048077,200.58576403648522,263.45201869557405,498.591448289236,44.56180120186081,906.6201057677122,1048.930200724715,29.79940318138451,9.982051315622348,13.543788886446313,20.528244540374143,26.595672282013826,7.814763206340358,48.5379432592766,29.666121814736414,304.38828976175597,97.97110436117794,246.1844780927257,971.0324658832099,952.7890362654845,1456.6113056633176,2859.0137147970245,2592.884810927308,2383.2923084683325,1253.3182751594393,2096.037190069341,1210.639439778929,296.43798722055203,765.9146422599827,567.77832845216,472.4576146516237,159.47947338961933,48.420304709197694,40.183226124660706,37.07252147586208,16.74343090384013,65.85833468943476,50.492128195356706,2.606576195619979,432.44244052341253,87.0878550854686,762.1102463423064,434.78114661594805,1088.8915702388806,6243.071504801854,1903.5075972257443,36.56290060570158,0.9122001975921029,0,0,0,0,0,0,0.0838656089785173,0.14167134296772754,0,0,0,0,0.08547320526672461,0,0,0,0,1.1570825611805042,1.146390177532361,0,1.2005068823644225,0,0,0,0,16.815895463189,0,0,37.1019949081476,257.2139073396514,19.523948846456364,0,0.17366714913695572,1.2309420596259875,2.799611036647342,43.347163464851825,0,0,1.389465913351926,1.491664055295272,1.0571479980998904,4.916060783372718,0,31.37477217703207,0,13.63920603904109,12.521733003846482,5.770188032267513,13.778703689001873,47.59386644651558,0,4.959272629672407,18.997379095022655,32.47627007039321,0,0,28.646109742316696,0,0,0,39.14851869471382,30.024083983016357,0,0,12.037072855940286,3.4811520686784676,41.346978364507834,18.97696085189607,30.91450597936856,20.02250416817733,6.63092988484245,594.9744490062486,0,1.8253919445693803,0,2.8135731200260454,4.48532371689315,0,49.5604641072408,11.595057589415315,4.0075950716157,44.24437724844133,32.64515871314885,95.90200982793938,23.917231885287848,0,0,0,38.69733008252034,15.338280627531754,24.355937105707227,0.8722873388417822,5.335487670450025,0,0,2.04586258706398,3.16492206548137,0,0,3.007160263443827,0,0,0,25.842331667463235,26.745054929415968,0,0,0,0,0,0,0,0,2759.7366588739724,3201.1015354520177,4784.881417265686,5131.577797667888,4127.206157590371,924.8156004245072,3739.668206100153,17640.934858309818,0,655.0848937298197,24.059872740714393,137.41464461229756,788.6886544485258,133.7582932100283,63.820460679865285,850.0692709124357,91.93140226247773,102.56500509787878,392.71726458104274,106.88464497902166,42.051290700840646,331.86869744504645,144.65954582413855,526.7479625265432,921.4984938721436,151.06289309966888,515.2606705152484,196.60974660402397,351.1372714486107,710.8046679187977,1114.986984235352,1015.4557899794155,334.6462686235456,6159.346384672539,2924.0242040936564,336.8641676002304,718.843740686624,84.35564543212048,792.8464088795915,433.86813111023713,60.433693227398905,33.5404307945942,861.3913357345326,890.9945028936551,62.85541121062074,1101.8023210973965,107.2898082484847,995.1542981422674,7006.147400826937,19287.632796972295,1180.0150842412943,1016.4709717051813,77.2326840277457,392.37911817706345,709.7354792332486,1192.4442554956886,415.42959500010693,91.35432926295171,29.318827521712418,326.50981285309024,0,1110.0714982021589,572.7232490384943,754.9758068299407,128.70156601623728,100.00429569807409,160.32545219501975,538.2854381940696,591.1634992374302,231.15285027290062,57.184666899163695,26.15028422329757,23.796073592017624,15.998930461389037,7.028924737013912,6.2702095126362565,49.21517861582663,7.0416445213341765,581.3814306180997,670.7358376388883,356.81357786797304,2176.0982434767907,9626.717682638951,3390.6543910065734,4440.435029569252,975.8850929156312,7.898855270671104,61.22474759249716,9.177504032324237,0.25057131856986964,110.25364669193205,2.641893852512201,1117.7875526182106,885.1440425028353,144.21475132638773,48.500133738823514,27.176318393172657,170.52579094325066,111.81361996646326,693.5826277008052,132.70061871406512,5.156579106604726,65.7412853141313,187.12252528455966,496.2127640370096,461.33213716391367,475.72345884542983,239.10195511890132,10.731760778827734,148.60546364464375,567.930431104755,141.52774612172325,20.269691218038822,4.933819445957296,18.25581466502887,57.668097159493726,1002.989367897163,1193.9692243523061,2718.9821004971986,2066.7814182422553,1507.2170751273645,1126.925468070536,75.23342212474356,229.0262210010547,784.2368404260864,1495.0321107163634,529.6090705291411,305.4873815618933,93.55551767237759,40.34970153875564,25.00823892777716,250.50772223286762,4340.245089009735,1315.2120495470392,268.6127843747778,3176.654271340106,3751.3981547674316,966.3507836953452,3630.75724833435,319.5551247585841,171.20061239011312,175.24796612314242,0.12927738432293914,66.71277162792785,48.592685726807325,0.1674757373146445,0.09886564588437019,2.372540726396507,3.8011001549476333,24.821727040276908,8.421884004639042,26.45453711128853,167.9634319345927,293.30281918458854,831.1073964885057,1028.1688792188547,84.55763044839684,534.013251663482,3141.2986504314586,2823.320339069698,632.3478983536846,187.57313169169967,17.552075353588197,14.133841558549044,1.4900793674968997,51.392237767361394,15.104924383658494,735.6674375037287,915.0852282119686,524.4717101096687,404.00819024404484,233.82206709480238,1035.9787259584753,376.11736805944884,106.47839322424421,1312.7766267363722,184.35676321811792,2.27397863244482,41.434259430508,68.36234058982305,17.55203411294518,4.812727053501503,22.326761469503413,27.937425970821348,4206.581980041942,95.91192137283764,23.924126203654026,4.8263763444180965,21.224069139789695,947.2371891002718,1502.0556918917396,157.11641507407708,35.26931561965112,30.373764165543655,163.56802952572843,110.02574033760305,659.4399973514128,73.65914784583505,1009.5538608531798,60.73166315073835,1102.4578086169372,2804.435092720048,3208.012475679933,2434.232912534039,316.18053291478077,101.07236206143575,38.587131042447474,40.26579222416212,1046.9820814085251,74.64411435788634,107.69968509280534,76.3990038313378,877.2508022208538,285.30093267887656,620.8864885676528,42.10096705689715,596.7290386693302,851.8191379101411,226.16353521103755,35.99994481994937,60.347224479081234,1436.479737887615,561.2834620059896,615.8555422040263,258.13047556831276,204.31781323277048,106.16711446547372,115.48794023736382,8.170979556070412,12.975087011152647,32.49030073481436,2.9389030320939225,19.721144685699496,535.7553322915011,1141.4486012642526,108.56821922505137,830.53296485322,54.83425352712926,4.810167658705977,100.45397444246218,0,0,0,0.00877843503227256,0.17514447704153616,0.0176894709061373,0.4848760371899719,0.03572555806044534,0.025271079148089775,0.06143692870267804,0.0660982560898225,0.24468537829086554,0.09478485856415997,0.12109832966975224,0.0399763761949049,0,0.04055930503504532,0.2479443654147612,0,0.008190036127413128,0.022651979805403028,0,0,0,1.9035445131748578,3.4381724866218386,4.819677300587135,1237.4733175600497,1331.5318547833692,87.37043413046977,15.532547718872763,83.64491537418442,49.91980750896733,67.65913369470454,2.78811910424607,2.0641067449207737,3.014233974967918,2.520756518596547,2.728278820481312,482.11509483907065,776.7622499333236,1338.6371827947114,7.495011142366458,77.77506948022828,1204.7007984892489,1081.336360925227,1910.0123981386148,677.2822154621315,2474.7975856478215,831.0806500246957,66.8623435061113,2.8189006877181018,34.75756825156479,33.47760101061349,41.424034298204134,56.78901816761989,150.5890984711369,234.6719305355003,55.58076624216089,32.27944673239603,1.0475686876000885,43.750831402898946,106.16500516586947,1.6712740374358075,2.622185542866917,2.6587073475756386,4.810910461435028,0.6650648643055441,3.2181305353031884,1.3498423285389431,0.43786020618846766,0.48512863233221315,89.15327616577412,10.475071890941372,918.5592780770226,97.38937132544922,327.89071083622787,19.054982188095497,26.847302630286713,589.7046359988559,166.3092134030321,3052.9820977511017,184.26594385215313,1642.6452968228236,9438.72817034252,1549.3330691986218,35.50948617526748,0,112.13110486468915,0.13249725823153735,0,0,0,0.01481186514464384,0,0,0,0,0,0,0,0,0,0,0,0,0,0,0,0,0,0,0,0,0,0,0,0,0,0,0,0,0,0,0.02991723197633518,2.4358307757856723,68.01943028015059,0.7690448520735744,174.67229360326044,1.1415610022134932,0,0,0,0,0,0.2063717819981932,0,0,0,0,0,0,2.4704800666696416,60.28225810485794,17.68892813480999,109.07425641940992,57.60140086716485,609.565891283008,2554.908195272799,1848.6582305190145,1282.2967334982156,462.3859002505129,248.24447291422436,1232.409665819654,2158.113018851248,1948.706528068829,6108.827881064862,0,0,2763.775504316378,3285.853412847344,608.4907334748508,1762.9747047964747,2455.5015535774714,2060.4744768172523,1917.350364149832,1883.4657602939965,0,0,0.05105755831114353,0,0.15769159931976665,0.01949114922035245,0.01288038942428575,0.049192381564252714,0,0,0,0.05833950409757464,0.17990426716368832,0,0.16345909091022454,0,0.29348343856985987,0.037294751573322765,0,0.3940167326646321,0.05422084154755292,0,0.04050609611613891,0.031072666256747296,0.05659833730177356,0.029804433885687386,0.016011139723988176,0.33443647968217194,0.1171692589931317,0.07711910470423171,0.11376303948654858,1.0601129286012547,0.5748994779335348,0.012117603594947447,0.07115129313703213,0.08419063811382357,0.06736258956930838,4.582818938152755,7.078352376414727,8.883205449004356,82.02748194384674,50.87052018654985,173.57134355919504,9.089919278369194,15.451272291177922,28.70875803869662,1140.2343109557676,0,1088.664842537113,302.7956581795309,32.81883138212181,1037.4792641586903,455.4078712482018,1245.4634284146484,743.1242186735981,675.6150467255139,355.23152021909425,33.06899630547423,17.90603652454102,204.06690722444225,26.67386065188955,10.379800085095011,82.63423281104795,9.396377008806917,133.69875468608035,29.055843467772167,59.274362778940855,95.68977642501429,120.06420922179444,6.831252538086563,4.8223574879871975,14.941621360907249,17.001363091490212,25.605197187696973,24.689795092035883,32.89141831858656,115.39255795691815,38.155033355744216,18.79463769225448,14.145845564786738,64.50017934933456,358.43493861552616,481.58897004043257,805.858085494511,359.2268275078726,176.8921204130329,564.1991281197264,516.3220684002124,690.0409637977036,401.79383111145216,10.207325315705917,14.501021167254354,4.805590441220699,7.68175411680661,24.12211716738955,69.26550555767383,39.27511480953241,20.329764696006514,16.184404685894094,8.943256226438779,31.030270255494504,19.71097905645747,169.1553266470332,52.83620834849966,377.4673900459087,22.274623954685396,129.36828000920056,149.59454370899303,78.96035016363105,47.98255525057355,0,0,0,0,0.08735155428559421,0,0,0,0,0,0,0,0,0,0,0,0,0,0,0,0,0,0,0,0,0,0,0,0,0,0,0,0.549666090645301,0,0,0,0,2.070567521287928,0,0,0,0,0,0,9.688321710547608,2.7333613916890283,2.7692974937745296,0,0,0,0,0,0,0,0,0,0,0,0,0,0,0,0,0,0,0,0,0,0,0,0,0,0,0,0,0,0,0,0,0,0,0,0,0,0,0,0,0,0,0,0,0,0,0,1.1406841811165047,0,1.6682730131935635,0,4.042045301299986,0.28047062760291125,0,0,0,0,0,0,0,0,0,0,2.4029050599892745,0,31.674568790054977,0,0,20.332675422624504,44.122495743508956,1.1316764234170087,4.303787100111878,16.52984064476313,178.37032486115277,44.73769888510831,85.49268529458602,67.1093503379422,82.33739416828918,45.369007689317556,313.7233588856673,268.8791714578361,369.4653195769214,344.9681917581682,228.54513942415045,320.0023442514125,1089.1538868594348,478.2765490711186,548.0676385037563,1479.398004986087,342.34042314009986,134.72008302063333,0,0,0,0,0,0,0,0,0,0,0,0,0,0,0,0,0,0,0,0,0,0,0,0,0,0,0,0,0,0,0,0,0,0,0,0,0,0,0,0,0,0,0,0,0,0,0,0,0,0,0,0,0,0,0,0,0,0,0,0,0,0,0,0,0,0,0,0,0,0,0,0,0,0,0,0,0,0,0,0,0,0,0,0,0,0,0,0,0,0,0,0,0,0,0.14307417094040153,0,0,0,0,0,0,0,0,0,0,0,0,0,0,0,0,0,0,0,0,0,0,0,0,0,0,0,0,0,0,0,0,0,0,0,0,0,0,0,0,0,0,0,0,0,0,0,0,0,0,0,0,0,0,0,0,0,0,0,0,0,0,0,0,0,0,0,0,0,0,0,0,0,0,0,0,0,0,0,0,0,0,0,0,0,0,0,0,0,0,0,0,0.020501262928377433,0,0,0,0,0,0.013064818145892703,0,0.11765716637949945,0.12849427586831197,0,0.0151270966955683,0,0,0,0,0.017131304653524356,0.0998978919423588,0,0,0,0.05571079341425303,0,0,0,0,0,0,0,0,0,0,0,0,0,0,0,0,0,0,0,0,0,0,0,0,0,0,0,0,0,0,0,0,0,0,0,0,0,0,0,0,0,0,0,0,0,0,0,0,0,0,0,0,0,0,0,0,0,0,0,0,0,0,0,0,0,0,0,0,0,0,0,0,0,0,0,0,0,0,0,0,0,0,425.19257435563355,1847.8478903249345,68.65393720935778,0,0,0,0,0,0,0,0,0,0,0,0,0,0,0,0,0,0,0,0,0,0,0,0,0,0,0,0,0,0,0,7.867777713850492,12.754671934577768,0,0,0,0,0,0,0,0,0,0,0,0,61.2215999311987,148.51249880837304,33.31691360708575,113.3004403875696,44.510362722935355,122.1513623867929,17.56535610349416,403.8993354793948,43.03218722119951,63.444187287071635,145.86957975513553,79.92431902390413,7.496853375248914,25.438561051964836,8.856142294413846,11.832482171468907,0,8.197037678427158,4.130318150102454,15.181234102064755,186.368989760468,44.94923590193063,4.441697923139378,0,0,2.109550223964717,8.715195528153018,3.8748336160474843,0,2.1535749966034654,81.31815155130485,56.326207104781226,31.35900181848829,87.61966652502296,17.665724081713453,181.26120694016583,6.888939569072536,25.684200172116768,56.1147158299752,6.509092366219205,0,231.776871046928,157.56066380845473,10.792111552820517,0,41.06990670440644,47.548855370819894,572.5963964651371,1316.0758490057906,24.613288964271675,0,16.832277610536973,0.21461426371697354,94.09336946521157,1189.4673594796182,476.2917924025053,0,17.669291556286893,0,0,111.83458429148384,0,8.533957242855333,182.08107060579232,174.27573067729543,8.926258443156959,0,0,0,0,0.006642857396714684,0,8.832703981349518,2.185119228979118,8.247617733893872,0,0,0,0,0,11.579081346204427,9.312259451999125,0,0,0,0,0,0,0,0,0,0,0,0,0,0,0,0,0,0,0,0,0,0,0,0,0,0,0,0,0,0,0,0,0,0,0,0,0,0,0,0,0,0,0,0,0,0,0,0,0,0,0,0,0,0,0,0,0,0,0,0,0,0,0,0,0,0,0,0,0,0,0,0,0,0,0,0,0,0,0,0,0,0,0,0,0,0,0,0,0,0,0,0,0,0,0,0,0,0,0,0,0,0,0,79.36487311308701,0,0,0,0,0,0,0,0,0,0,0,0,0,0,0,9.184312881009332,0,0,0,0,0,0,0,0,0,5.820382312092644,79.33330109598656,212.81850044200684,288.20246319198094,1483.3573523408352,452.6355554007194,112.97272965530564,8.398926920232428,61.60759230643095,11.445657098444011,25.628794768218327,8.925172404329919,35.620724007341835,25.648687219870013,33.01761981827936,50.336732733223045,16.136099236203318,9.928828942683445,216.57477873115846,31.92409526570088,1419.5289842203786,2729.586085227359,20.137609418710245,507.7507179349339,61.26009059965345,464.3526904847523,674.9809344746521,10.132234137947897,1431.1802641167728,1289.4446369514535,500.5574054370376,612.6019302096144,1343.2238183158904,3388.246772529461,2924.296789624364,4773.518929898137,1772.361497194562,1396.5406708055848,853.2674088926008,300.51884321130234,26.72121501165603,1060.4237533594614,9.99366828014022,32.071643400958806,9.84016063757487,5.672384965945164,20.14626446347967,13.33072845116522,54.358418536644365,9.938550141465974,535.9300736538755,278.36719606483325,356.61108874984836,189.63336445874097,487.25432407053574,843.9236064631773,337.67433725974627,950.6933348714114,198.4127250064673,421.64477684254456,1877.558633328457,404.581102619536,653.0217358171526,1489.124169120368,3212.4793650184342,1370.8347591674126,2256.7199111022323,2406.57520981389,3141.0764881961913,1753.5950007492422,3996.981503831388,2515.089946577085,10376.007220743752,11012.621856714528,8645.140524232587,4974.491488727802,2381.677941731687,1212.2764063356997,526.8333621305371,0,355.84066485747815,392.8449046909192,2709.434114279826,1424.950919268315,2664.0497170419726,2176.0734313086555,346.32530628413224,1104.3447001517877,537.0173687799003,224.40951965417818,607.9360054977876,1015.1903662996242,884.3910820997124,1427.4499078053764,2594.75767536483,3748.2840171396374,3803.5845519067143,1591.1549057610275,854.5953504836692,1609.2026546779543,891.57982037818,3415.531555713499,1416.2794896238986,910.5219945468278,1018.7423374687259,1386.3451846043833,313.2086462849781,65.39448632902312,161.33407035175622,160.1072272143378,512.4974136504046,168.93187566308498,544.3299973345469,79.37117688942352,437.8160929214717,1575.6880604518135,661.9683378933726,1554.251712786613,468.1483433541382,229.38117311998604,1091.0741244448504,451.90931658038846,1876.5010749792289,1949.6369868397114,2210.6940217059137,1663.1308840803028,1227.536704902481,1302.913531121576,85.55576153602823,1401.7067168973717,108.27719076413184,1331.4168002621934,1819.8951841103317,796.832786995103,474.4774515749112,722.125283930012,1878.3807065506985,421.05192646831483,2291.125829687762,2798.127269075318,746.1239356000373,609.6330533208088,495.4581452375504,184.21078294345043,5092.0779766892765,1764.9383809757317,214.06819192754097,5.244631721153158,183.36046084911914,30.913098714299387,111.0065486717728,33.106753377920995,25.718101965705383,33.22792513931681,607.7300838464938,1089.8935943780568,64.53424737928009,665.4028344765499,79.06373617969889,22.904295002699953,799.2152136855302,34.12151484818896,870.7572527625443,692.7556819048498,62.32158889306341,741.962039769931,699.3809080862688,1199.7361556153737,1173.8187637237786,587.8698518252913,149.12014473483242,27.386843527128196,7.578662096331379,755.047860474678,1844.483917994373,1886.2250330000118,81.10785826850794,24.777178067471112,20.210589529158717,14.954004892335059,18.620384508513744,15.271937064925433,797.0691774813994,180.20325074015108,50.7712234709499,16.09104934360592,26.434803139254527,15.282462697534667,15.289110304790627,86.30564740027206,437.6046764793997,18.264261194672738,84.50467424077348,256.34234371997104,422.40165750676243,993.568621026644,883.9748111029515,604.0173645523956,332.13716187012056,7.488898341321489,353.34521948464607,39.1751808346246,40.04962923927298,43.21684142393941,98.2974172470259,46.6695144527142,1063.9874047965934,40.19091274047283,10.378863192381834,8.889405602797451,768.4774917908674,3051.8430477426314,2767.497663416687,3032.975760039737,439.1499675435781,11.059989245809728,4.545258194360078,900.8503496359964,789.0797376238153,344.0137814469711,435.7062175167901,482.45052294388836,306.5792450939325,450.0503288634746,629.8480554070499,0.46253396225836674,1.1105026594615475,0.6194805579564061,35.12535541037811,113.20738111498497,0.08617365408168082,4.287948051214887,18.153333022320133,1.5454426014698635,0.9207664776802502,76.73663379593778,7.467066346147812,10.029318544791664,115.02430479588692,163.1589943217564,2.5905593186129545,49.1956279666635,48.522562432457704,77.1298831738733,536.2551225065565,9.615608758653904,113.50080876584093,217.17865443590486,110.27182102720217,107.40842909136032,6572.844144852898,1518.8326951338568,873.1072100705794,172.50364477468491,211.58865928460904,7.5994021400725575,40.341078613175924,13.070628108793462,0.9477620741053239,0.7071254143970068,0.8180490509960899,0,368.5276450244295,7204.13260567631,0,0.9890684790135329,410.1819895540597,278.0362394711974,778.2483393420472,311.88967672355744,510.30360377035583,215.16733557971762,1.8017386496821817,15.80707341842623,39.48648145133694,3.9363195558484345,4.96487935226616,45.495581536955825,21.795217689117262,2.1350009262963296,2.7476904041759767,2.2561192026321586,14.966611114122571,20.529773488010395,101.43497753925871,6.472881547901223,31.613066811457678,133.65313171022075,9.546895037263452,31.482340379140133,87.6555843010397,4.558513853138499,3.2864530386639403,4.623386551953133,9.143574734913635,5.822260822294123,5.944176420672982,5.8448718830866255,11.586422546538978,192.28927835415712,9558.10465677692,153.1551394488609,21.295070126408174,172.47623129244806,10088.730509502388,2517.17066922239,328.5947868128537,231.86889105330474,292.69955969541496,197.35769247154673,1670.1248621900102,8562.695130808945,659.0822979104072,257.3769485553821,7700.871573098825,326.61015942919073,224.6267265368414,49.492581980680434,45.46079977841867,297.2585395135252,46.79093631903054,28.439565382727814,0,4.2001571664160116,10.362802531873294,1.4584737386028952,0,1.5837061866792002,1.725835114726478,36.07737131472364,1.7894316753246986,1.619806164253327,30.296835418456837,10.342342041445917,63.36964231295521,118.52906140739461,1608.9414323803942,358.97120275127304,24.415054795002217,3.1067219824476426,21.545660177090884,48.607913309806406,32.43375616296833,4.633706077172289,64.45626929116504,50.727856272153346,47.07503547778711,39.064891730712766,22.42459508184209,12.163630420832336,11.11497745507443,45.16611930896325,7.780789965902499,2.953475347428103,0.8817201298655043,12.768918758832092,2.297889099858122,42.08764136550675,14.791208776671734,42.61832758785821,14.575347064159113,41.3587853995249,32.08214185961177,23.13351914940936,7.301967339064204,22.29860562788255,10.75062327111498,16.992347923871215,18.814533210868728,11.8602140412477,6.3628503075033125,25.215957050474284,40.289501174238296,74.31815849371674,50.47873724044239,12.23957747806776,9.56241105592092,123.36819759892091,1.2369492017662662,1.064126289652373,1.4950546185271578,15.422951494314711,0,1.2630302696854374,0,0,0,1.7494186738232786,1.0128768290841208,2.1082235433009684,68.77285711578102,23.71968231368924,18.476999159922055,211.25858664912568,1.4272980457108218,2.084723429905075,5.607413749450813,257.5802052873957,8.611846521893037,105.63756561167862,59.375479620814446,113.9179417361024,170.69225416893238,353.3984637832811,161.83020526074753,249.64164439888117,302.68323946981945,338.3921524277824,260.3959525988302,210.34619723586283,223.64945886683486,223.9912739519274,193.76704938849875,230.1336617968132,486.7792743144577,386.71516190235013,183.99359290571704,27.776817398050696,86.80070717903482,39.27593767179711,69.54636889912582,103.82953063054859,227.2266498937735,166.63867488925175,146.2147644492412,92.92543874627277,63.91579660508939,57.123354011817526,34.719439339986764,72.38654848692862,8.97478632467735,100.12728343166611,234.39643162749127,305.8555453457287,335.88783350772457,82.3805611845336,198.7554080312704,115.98481973797553,49.0020626317686,63.23068570655499,0,0,0,0,0,0,0,0,0,0,0,0,0,0,0,0,0,0,0,0.20674309874060823,0,0.09744269197909586,0,0,0,0,0,0,0,0,0,0,0,0,0,0,0,0,0,0,0,0,0,0,0,0,0,0,0,0,0,0,0,0,0,0,0,0,0,0,0,0,0,0,0,0,0,0,0,0,0,0,0,0,0,0,0,0,0,0,0,0,0,0,0,0,0,0,0,0,0,0,0,0.4860861653504329,0,0,0,0,0,0,0,0,0,0,0,0,0,0,0,0,0,0,0,1.5011151530268858,93.14549432581543,0.5481460463711824,0,0,0,0,0,0,0,0,0,0,0,0,0.32356428120516717,3.6490226448733964,50.615571708915894,0.15113143799547898,0,0,0,0,0,0,0,0,0,1.0773077810034195,109.43596745440249,24.06783151312231,169.33530773285548,0,0,0,0,0,0,0,0,0,0,0,0,0,0,0,0,0,0,0,0,0,0,0.9899524512866026,0,0,0,0,0,0,0,0,0,0,0,0,0,0,0,0,0,0,0,0.6174989838547613,0,0,0,0,0,0,0,0,0,0,0,0,0,0,0,0,0,0,0,0,0,0,0,0,0,0,0,0,0,0,0.010184962304818931,0,0,0,0,0,0,0,0,0,0,0,0,0,0,0,0,0,0,0,0,0,0,0,0,0,0,0,0,0,0,0,0,0,12.88544887990648,0,0,0,0,0,0,0.1314411981460466,0,0,0,0,0,0,0,0,0,0,73.840856269094,0,0,0,0,0,0,0,0,0,0,0,0,0,0,0,0,0,0,0,0,0,0,0,0,0,0.2084799786925043,0,0,0,0,0,0,0,0,0,0,0,0,0,0,0,0,0,0,0,0,0,0,0,0,0,0,0,0,0,0,0,0,0,0,0,0,0,0,0,0,0,0,5.982352212485024,0,0,0,0,0,0,0,0,0,0,0,0,0,0,0,0,0,0,0,0,0,0,0,0,0,0,0,0,0,0,0,0,0,0,0,0,0,0,0,0,0,0,0,0,0,0,0,0,0,0,0,0,0,0,0,0,0,0,0,0,0,0,0,0,0,0,0,0,0,0,0,0,0,0,0,0,0,0,0,0,0,0,0,0,0,14.950516634965071,55.001606068107854,34.67971615892879,10.052626125864895,29.127929800361777,41.43097582083307,23.081454274532863,40.751861864472026,81.45531566046382,44.97112436327614,85.20894248627675,44.80630819033681,228.16958942872552,143.18825309554197,108.46213356467582,46.75222484046868,54.20039110348403,19.519095864760292,120.82428612610087,276.56134075014506,116.4311729936825,152.27424013190483,14.34496914564627,10.45761052887721,147.45992729098924,230.22693222241122,106.59698570507011,294.88657088100825,182.94595586911566,477.07399344783585,176.55644361168348,101.68672677633636,4.54993884353342,41.60462768232756,187.30073736131965,127.37790728278817,344.90976905623216,118.07246635265713,448.8911912162624,185.71453225088064,752.8318499474917,755.411750567745,464.4486970327257,281.9352443029282,152.37998601885835,152.3688238971383,306.8862594934657,672.7291961818796,1592.1107875375455,1936.6451369128379,4652.244794325626,104.18848782882458,361.89237390952087,465.3303033064583,542.9450086704138,927.7039811418871,1712.0006044792342,60.36231320318285,67.78300210984276,13.647057398670364,48.228222697330594,264.48148123521,102.83503397824886,1096.2590373780677,41.16922151039387,15.86647494596026,23.014357782394008,16.576972445657397,168.3242193727518,96.42502757562617,5.904716368425437,1.6621042953470166,8.994525425142594,69.9537480520667,9.249883583264591,52.542985164664124,53.48587248690425,128.23393375097282,184.30212370686434,447.0672186127024,871.8198718910083,1807.8971812051716,2688.0370796510915,3503.7092374874483,1995.7503984556893,1104.2970831621287,269.439603553806,192.46864925273266,38.64295554557826,27.34640371078502,9.567735323607643,364.8706268529179,346.31968592201963,23.0287972939377,91.63829368334933,199.2364836080388,4.803800804839463,71.46810844577004,102.35468462511625,35.380119867987986,12.62751566386595,41.63611777608279,43.07047726343376,23.897197150605226,20.660921538060922,10.713677910581811,90.5610047293075,35.35955440184106,13.046918563142752,13.74602337849141,498.47472748274254,11.57860240857463,8.1922390215595,9.81161962986265,19.8924537226182,3.263971706988042,3.1683362564183986,96.72876066057597,2.007815110390717,2.391759457752432,3.2927319113001907,13.510000335526552,27.751699311280518,366.04819605435836,216.2655646750081,165.33910950346348,26.52275666655194,18.189760096470135,4.883057952663373,105.88104085652833,706.4603266497328,263.569381890621,12.228138590530197,12.17761029493352,762.3662995577016,17.19013908703284,1616.3523328392337,437.63988993167357,1811.1263857721785,16.746658577462412,26.89004873772511,3.09862891333262,1.4832092301626911,165.12205551415175,2.458265114144879,22.23417461470316,8.87286378419021,7.511974258819547,127.93714523134413,527.0474416619929,1185.9382066729665,1054.1135701994533,155.20720512846677,500.52448256103474,0,1.1433575197830292,0,1.144160425808604,1.1681677566359658,1.1407125825779874,1.2126435106825655,0,0.033582623153306596,0.45064991634861223,11.054804329871226,30.493637228986017,7.229344922308712,2.0980725237356137,1.4084339194104238,0.5565048052590775,0.02754885072415795,233.90577816267535,3.444809858587389,62.55428755320418,779.6090129791654,2.685657528458997,5.254795576930222,4.0328239275365,386.2824808360924,565.9978931290541,709.3513706157987,273.5449551320785,99.89951330488921,222.02984430604053,873.0406076301637,48.62886592488302,699.7832891358364,141.71123263025166,882.9859756897393,1126.5551294418767,862.478282378947,1332.087427294558,534.487272426741,544.237381580719,193.42945665545153,1918.8266670352712,7318.956397327553,23460.87725834102,1777.057649394837,66.97794475605832,108.7851205545361,8.94943945605547,12.271683708067414,75.35459583058616,47.07758670290948,172.833949106874,255.90059674556042,263.1085324984731,33.40474245692622,111.27125980630134,1575.993076399585,19.08095317890542,41.97115093974891,7.196447544291874,44.02678880248969,196.25722261114896,216.21596878411637,99.25408161860896,32.97358119425673,19.29415525232805,106.26431340366139,43.29022671761009,101.07771482621345,26.527399061123702,10.129509231840592,161.65792615598204,7.628112608547296,18.322627604457608,45.843771391548884,41.80596133503098,10.411855411636711,17.171343860477414,57.071462932032006,31.926862064708992,387.2868177537814,76.7793515492979,31.392486445113548,76.56689966198901,133.66526786475927,27.933796861179662,2.3446332337843416,2.3866624408511528,2.9179787734972287,3.052111157522582,8.913078546844758,28.10476568790732,13.925517265620703,83.18023387506685,16.862463194915257,12.030134893207013,11.97691538695993,11.974843735060253,11.220000398082545,8.760583398860657,62.281096000062234,58.02178938567747,6.157287626700255,1.2798377907919485,0,2.022165683373702,11.863202930934468,55.88179182433697,39.59962706282804,15.165235012399805,9.58861998995064,15.331548808200052,32.078297114752345,27.725167450631588,9.681377123625959,9.467692034819917,10.382941005830576,8.879480335434671,9.335976042359897,0,0,9.177030466726519,9.298511859857538,9.55856346637016,9.521988228479938,9.529516903818765,9.2502857073207565,14.187701124276227,0,0,0,0,0,0,0,0,12.971997748531859,0,0,0,13.154406525978105,11.369899363420563,13.390264766882655,13.574859840115497,14.527513779341813,11.12668381075511,12.896358993463569,13.286934155666229,7.615418558765523,7.60666221501642,8.313584921495758,10.415514065104393,5.920040830308387,9.754821214102563,9.680887950516569,3.576502844783972,8.425962668967028,0,9.369600039656808,10.047352030868518,0,14.007860106486154,8.846432098889926,0,13.19244255510019,13.857745448034873,13.513505078743243,13.496126659885688,13.309245568744618,15.945829386895232,13.76741772368716,14.232821877160422,14.109817055846788,14.242720667221109,11.504636910027076,11.946703931256707,14.136769669598445,0,18.487738525728492,0,0,16.470113369441908,15.87591628646088,17.21911726228764,0,0,13.343657870999284,11.699185845959507,0,13.96580317180884,13.556161637976755,12.960769555580645,0,13.904439956570087,13.25720224952141,13.032313569077733,12.858263254072831,13.260275369609035,13.260275369609035,0,0,13.215142632976741,13.225581031813574,13.096671195087223,16.537813368890294,0,1106.255104008862,12.794653562852723,33.109503329380786,95.156009416304,13.649911032343681,14.332170303162199,14.18909534158623,13.7673259247143,12.13964086171648,12.311428892311286,12.45581719572713,12.391323428163602,12.451127163370113,0,12.097202150892038,12.447250565174263,11.954329533599228,12.514999901088808,12.236152064393764,11.806457983062229,0,28.208572528962772,11.856418404446657,11.86338063430682,12.061658978125859,11.91027041215213,12.257198320737277,10.93910762279208,12.429052781404712,12.94294201968959,12.290991098825769,12.682111163577364,12.656726259678864,12.296104339751917,12.125569579123887,12.582093435971306,13.903284638977961,44.18227075338681,83.06930833635283,18.631689086783595,25.209688405391837,351.0215200014806,73.50865000802644,1.3105749453399775,4.413449691260373,147.88100873733606,81.24508274363961,170.70972476882537,46.37222141229437,68.34795033671332,45.698463451193554,338.7359596893249,68.86819741461703,84.16984199020172,1146.8066145743244,1590.823850170704,22.02307890866402,108.69583075986216,205.17423598994225,12.60994152608745,6.784446993490593,59.15862113056004,19.219650840223988,36.790635752991236,13.68336104821859,1.7342735375951126,0.6403360308896902,3.7947856083908915,10.261991116741983,84.91453466455043,2.0826291230632057,0.08160881832741847,9.058187173215927,0,59.418100608833825,907.0341549598916,92.71941042830109,0,0,211.64262616313485,85.8807319028058,766.6381964772316,726.2017246639136,310.6763602245293,1214.1797063405943,755.8755385092098,295.8660076906095,110.54991224541409,80.59980469816246,224.90213623451749,2055.1974667493632,1341.6070281648529,290.8925229250448,0,1193.6464424736591,185.87199926746857,107.24996529293423,50.017756883459384,177.39897302249418,8.366017143700626,327.3075339279175,304.0885989275072,348.6555555137991,119.01126688908857,100.3178445890601,83.49557886997995,106.10410910248704,479.7389440151536,121.66814812683982,81.80799149154647,121.50717178175361,360.6820557858476,830.3753132691783,1219.4419891289945,202.25086706613362,116.6195325823241,333.00285415545363,784.1485471278955,240.98173282755695,103.82736706503623,158.7215505715017,1111.8111863610256,158.2772507185673,295.71408264987525,22.415189490384027,138.78836528063545,105.04592292105373,41.258012431120065,267.6296675268253,30.020669719908454,112.79784612580298,63.57559835536887,166.6636473404397,358.41698018215106,1185.3558334150293,14.88690945871521,110.7837965474159,132.99793948147845,167.49444692580568,309.19463963838183,135.3428837145614,130.14529635258373,120.47052264817584,157.36666577440005,361.80336304656083,386.75222379406586,1034.5267141228294,332.9884883759363,164.98477138874668,214.0695353677778,142.9317196203697,672.5200930280015,743.7416668646206,80.22039767329957,761.9569529742639,1611.0396776360865,654.4372629138677,1576.803624696892,1859.1522875748065,671.5828306434224,159.98756680337328,930.914771715415,832.9426674566655,736.9130597126328,28.832604650548927,777.9432936849474,210.39641763865183,327.85170273598044,1448.1007267675345,478.21082378084606,582.9811984004604,1497.5119736345373,329.71920801698303,210.00380639635148,106.94616525353388,382.95179645952425,226.41180125579012,48.44012653777784,50.31473938874639,284.07361311863895,311.8997679895855,147.09366711866886,114.08475239769805,546.0632309317468,948.2246345512087,83.7319360394157,67.36713110273816,314.63284469726136,451.0493435361737,372.0260332846527,272.16729030325064,845.5813557179786,146.63667184898094,673.7203648075237,213.10348697776806,29.454283966896313,0,301.5293987620111,285.9655299136835,211.52656847358003,122.98040046405963,64.931935810631785,178.06291687793663,189.89939835467607,106.43065679399821,51.86980563422404,301.31023309705733,1090.4959954780556,209.11909869015588,658.2394481594989,145.86497693389512,176.49841294512953,360.59873913339055,199.9371781748739,317.31763265223435,432.5365311358537,102.90049686248607,380.4026259069115,165.3588787157092,122.62427436392998,34.95414960108441,31.44302812713086,174.21189722282224,2.2076909580861237,126.31496623121727,133.8816282070882,235.34866608071758,354.1373647354055,48.03789021677125,595.0449156324906,635.0746691951005,189.2174627337258,108.75095331740158,148.2157186031345,60.345467321745446,16.731164254662367,11.157805192244878,32.42848686482536,19.619550283259688,121.79727348882531,51.64170598254304,99.99237038685916,63.56684989447274,302.68015951113296,490.0317419164338,72.82832618149858,93.03035552074951,219.14081324211597,30.71453836859246,214.29022040026342,143.156835652535,10.481738186442493,2.2017742761187344,27.227123084344456,36.7659743907162,617.685860930505,2292.191910329333,0,833.9922799964058,228.16173903666265,27.125635565211304,825.1312930622584,0,627.6462443478885,70.7644120902559,52.53065407892536,0,0,105.55559059281202,58.95036106346214,9.540079644953435,5.88156922374327,48.06789699406804,104.28981842467212,1.0822234191354274,0,0,0,0,0,0,0,0,0,0,0,0,3.8400702150675388,5.661310366594266,5.77434421596383,5.676387678724488,5.661310366594266,4.495847556996891,6.034043733288438,6.395239115771601,6.118399647630265,6.393184462790991,6.909819936258955,0,47.797889502569184,15.050234589926557,0,4.0171144310160605,0,8.982091089290785,23.442632491485405,28.01558610656199,23.362722950139414,23.627215959985307,0,0,6.700250676523822,6.63135776558303,7.895999715239067,9.986768685707947,8.411344632793275,3.7906432367764156,0,20.777732630114606,20.0740908623774,0,0,24.724547003894514,18.249785112863012,0,6.134683773376088,0,8.501107381515174,5.025852965273303,10.081082788207663,7.035617846252221,4.35925567622619,4.0054307311224475,3.414269150174855,3.701902144190793,5.799693458761568,3.413216363116636,3.366222106584168,4.0557381199680895,3.1690256287917666,3.944604794751094,59.66210758877319,0,0,0,0.057371812220421134,2.9581981021388923,2.9604402294682934,0,9.776237073656565,4.930824789312396,8.835982863587155,4.807105925140999,4.914628043706187,0,27.856315036160392,0,0,0,0,0,0,0,0,0,0,5.682754426323174,3.8939375072694165,0,5.763342681478229,6.557589600285858,0,0,5.016305466217714,0,4.546083159360293,0,3.684137146721493,12.774052511169653,5.202998386047186,5.579567960991887,5.382223328170647,4.015743901216896,4.044119626088884,24.910275384631134,5.416886915109776,6.204127095814019,0,2.1556928021191486,0,3.294823369980794,0,0,3.2937248208736483,3.4590798402881835,32.131810483228506,0,38.9020245383434,0,0,5.352928079268708,10.216703999060563,0,72.28311592500869,0,12.863464859995082,5.413586660531986,5.759104632990586,0,7.0925750741770965,0.5030266773936569,0,0,4.960926773784004,0.472262679040344,0,13.754966480979853,0,0,0,0,9.172916150850542,58.76920072035021,0,3.857939923224201,12.861880119875819,0,0,7.274153517783964,98.63335724778442,0,0,6.850446406014028,9.517328972662105,42.08580293464236,39.048303413952986,36.249328349343145,1.5221569158496653,26.173187294219876,12.123216139227143,0,0,0,6.8404100699497095,0,28.583244785604467,6.87159513260272,11.9411324657483,78.34908705848878,53.77701045878312,102.76174107047719,12.928190837209499,12.11821795019382,13.895114763258203,5.8373203587045035,14.294236373063255,0,8.995695932821047,0,6.890492469639017,5.104831691496376,6.288131833349389,6.115142922975579,6.36427200045535,11.003072300549492,60.479471169382066,60.032863948683676,130.84394933545437,72.90509846386084,198.57626490576328,0,131.05149177128715,79.57743918256365,4.693510393808189,10.760229257587602,112.63609485188823,9.548226109592754,50.151457988312984,8.556193937507585,0,8.976919223524632,117.98506300828367,8.144115944390371,9.539291391201168,0,10.541017507399642,9.478962330424809,111.28435335844839,10.25303465714906,0,170.69720848950405,7.101632784234749,284.7551331993266,10.518405746545193,106.85673447595171,9.771390821092435,99.21557228250771,99.42046910483586,283.30928981332636,53.71254736661528,34.986299956014975,11.332189399065209,9.55720546489817,10.702062753516453,8.181359443741737,7.436469529379486,0,0,0,0.9029327742186385,0,0,10.839778985458874,0,9.127154280055658,8.393266414712025,8.893104771306701,0,21.09647123465216,0,4.145693213591454,100.55662698558757,115.7731979864007,0,107.47251556833201,124.72501519787284,0,120.49618857452185,111.65653939238014,8.766097429062821,99.35650556195368,109.89935303799598,100.59576196447156,0,107.74794070507117,11.558120840841772,101.08890153099186,8.755584764236593,11.817019053447995,19.589175986006463,0,8.896406535958844,15.570233171380961,18.032575707261454,8.84926074559325,14.575144698533927,107.44238344454429,0,10.699513734764244,0,0,0,0,8.791496428680423,0,9.102386564645036,0,5.835106588856973,11.965674796382823,9.952914312379534,9.425966398542545,0,0,9.586040042777993,10.463670362037265,0,7.949294751662024,12.560467230089033,0,5.218096605342057,9.904838019401021,0,6.993167830888781,9.755716170737891,0,76.20188249862557,73.25497613203899,6.228080308185071,0,0,0,0,7.900541203098174,0,0,0,0,0,49.1166776064523,0,0,0,60.22405363652287,0,0,0,0,63.36623226242175,0,0,0,0,0,0,0,0,0,0,1.4404083933764502,0,0,20.84968312771652,0,6.268310730581432,0,4.376703011182861,4.062588854398886,4.179474807847835,0,0,3.9538385114092534,47.827166199545715,3.456399593248442,10.825969305716233,2.4013162659777585,0,3.080750800912949,0,0,3.3566616004037093,2.868780315913962,3.019637937324126,0,2.8183602660044325,0.6691690704373943,3.030717866393813,0.5394816480952384,0,16.913452120739173,0,2.8602483289500276,0,104.43620273721336,24.308403767144586,76.76759975218891,23.25789954939985,61.75285523799738,12.863609835183047,0,18.880860569381536,0,0,0,21.752435797201848,22.017177229531953,17.526815543573697,37.69299247619808,0,0,0,67.92579966106801,0,0,0,0,0,0,0,0,86.46251186196777,0,0,0,0,0,0,0,18.129225870122433,0,0,0,13.0131590311519,0,0,0,0,0,0,17.832379246005388,0,0,0,0,0,13.793798145324553,0,0,0,0,14.31860370295246,0,0,117.6121441530183,0,0,0,0,0,0,0,0,0,0,0,0,0,0,0,0,0,0,0,0,3.4939232684374972,0,3.647171925596549,2.518167435955731,3.497213561219502,0,0,3.7473216592232177,4.117105094578803,0,0,0,0,3.446258198243885,6.279828749886099,3.2770420415209585,2.427505198634375,3.662362689107899,3.262809773442458,3.4954924561489915,3.1049798599759,4.305926306073728,0,0,4.579210763599931,0,12.51457789553701,11.588771751369375,0,5.914485461676322,7.846914487040835,5.676993829661037,7.448230089437956,3.507780570665101,0,0,1.772269683242237,2.198511840881999,2.8380297046682332,3.488842470152205,2.9953400900554374,3.467476001318624,0,0,3.788411195735369,3.2654034820183013,3.4840709543417105,8.268820491625,3.7185476358622567,3.287435770548036,0,2.3918176247931746,0,3.088346453842873,4.05805916652959,2.2762542145504563,0,0,0,0,3.2103242572576414,0,5.89373497632747,37.32303598310797,16.669934938595198,4.947703354802486,0.9760470423368698,5.766815081346342,13.871138821047472,2.4213182368867936,0,11.084012451302357,4.289808324463148,26.215331873125177,13.601809754361163,5.197902335118137,0,10.09539634894059,9.267525500247402,7.267325149572994,110.62374761116136,7.39502355777375,7.175588297944526,5.532787079002498,6.798175045928062,5.336350299243451,4.086720048386306,5.998075053219343,6.160813524833096,0,5.470822198561334,6.386610291436739,2.956315167972181,7.066573071116163,0,5.7570498465417295,4.839154792305171,2.8966684316531284,5.586037435501325,0,2.7370325839232197,17.213931323817043,15.60133757156582,0,0,3.8798193501018563,6.074300332576062,14.197820970062931,13.98303074196694,13.13725570072099,22.460978527511852,32.992757522209345,0,36.54665263809107,4.38517228229669,8.212467142438042,4.915720522743789,4.978242288102111,3.816149465024321,0,4.702255574103979,6.029295705939932,5.033368707249022,3.979521694763707,5.026163909352109,4.583865130849125,0.39336543587430023,11.28269121476182,0.013320847712609728,13.702864691783704,14.476361924352737,14.671945357797165,14.506984023885439,14.506984023885439,0,0,14.541328347945246,14.587862722681445,130.86171538966195,0,13.608316322324495,0.6634824351891727,13.764632190071787,8.648470573467952,13.52340026364348,4.405915387262898,3.9719426253236656,13.280669668968114,3.966979397807154,3.0693588614676766,4.3126491201500174,16.075823018936877,3.6741222886648774,0,3.796503169692101,3.2887863676695606,1.2680759709738667,13.454299441139229,9.3365850965600945,3.152196022408676,3.138152762933029,10.31140230895868,3.209441219641612,2.1526565767164634,2.989827145907232,2.9783588470458655,2.5279085218771744,2.8780982552386747,2.7891869040122503,2.6239346342158525,2.625929340883361,2.647711638908309,0,2.89392817530669,2.8831075497218186,0,0,2.818336867230182,9.361319806054512,2.9536353143867116,1.7083938053902805,1.8657387901566456,2.982591697555759,13.80478137717457,17.205487303474516,0,13.673000234366565,8.880670815502814,2.415099663161139,9.575412788821618,2.234342130632657,14.007678825158637,2.7913957255676967,2.226669956623875,2.217349523567191,12.283690712918649,2.2387841680370664,2.4812092603478666,9.739773418580116,0.9869803455369173,2.2630418157903267,2.0168120299291044,2.130798976210358,2.0221212237055997,1.7054145875399662,2.0175944005072286,0,2.1501803683309713,2.1048531027310102,2.673620151681088,0,177.19083862748084,0,0,0,0,2.060612754869705,2.180721264390108,2.1853012869704633,0,2.175310954185123,3.0797668057105563,1.8208786166364785,0,2.4430914094299174,0,2.4653295344621253,0,1.8626079018915598,0,0,2.1737922258740303,0,0,0,0,0,1.836983552269246,0,0,0,2.6620532805519397,0,0,1.481446497229412,1.6867897604452604,0,0,0,0,0,0,0,0,0,0,0,1.1140273427719019,0,0,0,0.2546314550139242,0,4.378693135544691,1.5801368990356213,2.384109873854372,1.1565455945724006,0,4.877632866110703,5.661438159052943,0,0,0,8.570978570387608,3.5260881912104813,5.8493240344255515,1.8489160830634506,6.151008520678065,2.086699255357023,6.063735326120448,3.93186145467283,3.675004684619091,0,4.721714691269457,0,1.5406899180729559,4.011897363565396,4.331381937623462,5.497938315024215,1.6653899313055696,0,5.2872815640761,5.453115226908146,0,1.8963270456249988,6.962199771933151,5.83110124678712,5.812096122016027,0,6.156238104896149,0,0,5.519335770169937,6.101575497418994,6.147702343819794,0.9420256475607801,5.480618480497371,3.7929971246537537,3.869172255497127,1.730320774583108,0,1.7040251046624848,0,0,1.6865421491614554,5.29270992408914,3.8275636173784258,4.29381377443155,0,0,4.108548122029646,4.186913254707904,1.0262579857681968,4.264845235399626,4.3683865253513705,4.605775009833967,3.1928485721617483,0.2080613783227693,0,0.21433518761216427,4.0745625373283385,4.779285292308587,2.2560569197403026,3.5172007165529324,3.9301874553497353,0.2949725328578092,6.598157210411654,0,0,4.116510859948955,0.5294142775105064,0.26356949587076334,0,0.9137729148437359,0,0,0,4.909606616105373,4.580238330036723,0.7744622840006179,0,6.78482708058157,3.9135229994142158,0,0,0,4.006840275070703,0,0,0,0.4983260426500391,0,0,6.867938095120659,4.0083339209928335,0.24311644355831388,0,5.533476102027199,0.5229137872316967,0.30522024046137225,4.9819303369084365,0,0,2.048344944198275,5.189871145914249,2.446610604267474,0,0.8292025030349591,13.479547488490418,0.7837067270708792,9.623675576696892,0.8039864460276627,25.22827027600067,1.0077745853030236,0,5.219551798267363,8.540427540843352,0,0,0,0.7854471190771987,0.7910352084862645,0,7.595221641721615,0,0.8244061496215978,0,1.072245215046837,0,8.491481367107847,0,0,0,0.9991157606660239,7.728320248087032,0,0,8.503669085330023,6.523597186572108,0,0,1.169543447276757,0,6.952714232120099,0.6586947270394502,0,0,0,0.8061679925343701,0,0,0.6865538426350709,0,8.217018540087828,0,0,0,2.372308249752328,0,9.808858924671286,0,10.401169500020448,8.64309216461001,0,0,0,8.66202520863576,0.545580119038132,0,0,0,0,0,0,0,10.149064234817768,2.655374578705599,0,9.119988431917948,8.567158257229716,1.395151576489641,8.250806883293741,2.62557199392544,0,9.12569260859117,2.754548332271277,20.253455062382212,9.309000273473835,7.343146695216582,8.161025169238467,8.938377778574734,1.6797560063471397,2.918051328645594,16.676066168185084,18.474715201936874,19.452270734093123,18.064064486790382,12.891719317949844,12.747843724217638,5.739914489125065,12.747843724217638,14.479986745698563,0,12.796095824593907,9.200834552396664,0,24.94406974303294,5.029628746358916,5.353311717947311,4.2161276116742386,12.719030354813125,1.8017552948993514,12.719030354813125,33.21466774608328,0,1.6425708305567142,4.700795943695597,0,0,0.3013202447116114,28.640127682817983,26.518135123777594,0.29772085963090095,10.76694017849468,0,0,0,0,0,0,0,9.640197820390373,0,0,7.332981415563372,0,0,0,0,0,0,0,0,0,7.377583266717875,7.133091269673083,5.575615190187058,10.69111940050838,11.168019433115441,11.47299077878017,7.557391327795122,6.504624804599144,7.557391327795122,6.3067152382715985,7.557391327795122,8.010909010291346,7.025960557445028,8.357388235044764,0,8.357388235044764,8.947621596950471,11.570026767682197,8.545327551496678,1.8078217180557543,0,1.3340759400188245,0,1.029666666795456,2.1310679925831275,0,1.7604867691985504,0,0,0,0,0,0,0,0,0,0,0,0,0,0,0,0,0,0,0,0,0,0,0,0,0,0,0,0,0,0,0,13.677709858180643,0,5.101713021698641,8.70586053681455,0,0,0,0,0,0,0,0,0,0,0,0,7.67529036394054,18.588413912254484,23.83540329432089,14.071681717867536,3.6327718441545547,0,15.254477403953402,18.175231246128234,12.255672078799876,11.808224917148793,16.99638689956539,17.61603003300534,16.378437309800468,16.70906637158536,17.26186165416402,22.051494212248624,19.194559821800148,23.618489349688705,0,0,0,0,0,0,0,0,0.6297225401640216,0.8049869021082611,1.512566872899303,0.6498999908204632,0,0.6038148665517742,0,0,0.7782106286182002,0.08756275646657156,1.3934804982553122,1.630554541892098,0.10250311844161926,0.946368750908243,1.7402857263517726,0.3270087148863598,0,1.5331150158639995,0.7037675084211439,0.7705036052325962,0.7492985275142169,0,0.6840302976004969,0.7091366563606394,0.8647521437666822,1.354522929060364,1.0430246669621714,0.7939385946902561,0.7942718264746587,0.7807848984020271,0.7530731049535123,0,0.9334721461771042,0.5518127064691114,0.5460833850086654,0,0.5817011501924052,0,0.4583413452530023,0,0,0,0,0,0,0,0,0,0,0,0,0,34.64055458212134,0,0,32.60046116297086,36.26104570788171,31.210197726860798,31.078763536100016,24.687712651039156,26.560651283697336,0,0,42.8427861577623,37.282157145105145,0,35.33636602881551,33.615832176121835,0,0,34.742892187118535,0,0,32.269401654270105,31.358679128456433,0,0,0,0,0,1.3763830547448153,1.1578516722809664,0,1.2738090962432582,0,0,0,0,1.104013314145867,12.141791868310504,0,0,0,0,0,0,0,0,0,0,0,0,0,0,14.200893013738032,14.632717422531814,14.545802244967351,0,0,0,13.825696952072414,12.964787390629311,13.083237188409566,0,0,14.369102769452896,0,13.939071304602615,0,13.059428019407889,0,12.724954897782453,0,0,14.666830553298558,9.923350495667508,0,13.532292144690226,11.820233964710717,9.098598638861569,10.35519412114412,11.51896076641479,9.201441924245543,10.546742063280423,13.136525956824247,7.675609779467424,37.36776784811649,9.872683740416047,0,9.615888834552077,11.504257365985644,9.125417667527074,16.93195605743681,9.734300638999986,10.486590174674424,14.691039682550779,12.257340257208247,0,0,9.940203336096891,12.387562425498919,11.328337256127673,9.167278909890188,11.81959557105745,10.390175539773061,0,2.3190407143498906,14.092256606465122,9.898792546439365,5.691409060937153,9.648510312698212,0,5.691409060937153,15.466745303978398,0,9.202369382225314,5.691409060937153,5.691409060937153,5.691409060937153,7.7805146731177715,0,5.691409060937153,11.150487940394854,5.691409060937153,5.691409060937153,5.859249046977175,5.790629718912413,9.57908749550238,5.691409060937153,0,5.796835029453228,5.272575184732013,5.802783893410364,8.601662625675681,15.454497347826527,0,9.259979953258371,0,10.14137576611497,9.105693718631821,0,0,0,8.238519828187924,0,0,0,9.03742554259359,0,0,0,4.9389678397033014,0,0,0,0,0,0,0,0,0,0,0,0,16.810916649822317,22.343145540109127,0,0,16.810916649822317,19.384127054782045,20.547095581866813,23.29498243850386,0,0,0,0,0,0,0,0,0,0,0,10.849415595898721,0,12.717068333114515,0,24.3112440885782,25.8242630838264,41.6154094088417,55.289438709437825,48.96769972095604,24.442455000174952,0.7614457352314753,8.022708361493008,0,7.53598716336035,0,0,37.316430614547684,0,0,0,0,204.24963724238697,915.7542782808656,175.15249680381183,4.999177421386193,1.1220401093397414,0,242.42537005889886,28.350481933193656,292.73191151887914,993.2516802596591,74.92218595311203,3372.493899199508,225.97930983502184,3907.593219800428,140.17464762678966,1110.3462671030418,934.053505584667,16.752584600792694,13.919775764656,7.619315700286935,53.955508917170235,10.623568372459054,31.488953357412008,34.29458141048102,99.75620660717813,1.5753669666885837,9.944912458669823,31.27624858209215,180.79677715772348,7.145142960180745,4.787741024305358,14.208954754989938,11.413955602287652,14.752611177661429,126.66067960150846,116.47170804628175,56.05607947931765,26.076539050274068,61.942309094826705,201.77519778799228,127.20569827112678,57.38499456021197,28.966089688922104,62.657731969285514,355.8979142295755,113.93859475878956,102.74240834031826,255.23440692838403,209.61641281763394,121.2407532344177,106.10490859727437,74.008090049064,235.60182892432294,29.380686085131643,158.12775379145674,121.3031494467487,337.5793017725497,49.009011870769186,66.96842249639185,255.63421684849294,11.399899127075486,126.01067432516469,166.38849304769008,32.587659959777426,116.5210488157432,247.68419995434732,134.38179727420663,118.81434645026506,219.98451946943248,300.716673357583,443.4637187139845,594.1618528152476,1273.8633805018028,52.498386264650534,212.283664420688,254.0211314577072,478.7071592908651,710.8285493229286,16.24972160195327,84.57580911564986,265.5437776713266,157.0837587142506,172.96311659169402,99.71339552965004,148.75262374774934,272.0366675582318,229.70412530340334,10.031432160049915,9.817807130011609,50.264631620768455,225.39010126663695,74.32509028628981,11.634746966642593,80.34285764122146,1715.3377736737855,503.27679587687504,58.740044408580985,177.84734898000397,533.1781921619606,511.54073070214145,821.2829140761271,200.13667783266493,3546.856851670364,8943.847571765147,13030.746615537346,2266.947950046423,306.7300660957136,36.27008808602702,157.2170374118057,87.04412606739776,525.2361144043327,322.43596198308774,420.58608597919937,1965.019162829487,13.96865627252924,23.134770263912326,5.270627712383428,3.9052909380903618,24.46686623803979,70.26185525673402,61.518535995126705,64.68118114784828,34.44393842678151,14.656687017890562,81.52659991295941,19.804334599841162,10.056513884327748,10.707322132433132,20.767329148680865,67.92169527502503,12.994365936481701,49.72586325684412,847.453541396876,9.699578735892466,13.797967854562181,41.47010172212876,6.153115396579643,54.78948725380248,62.851524593680466,381.3011081416422,2758.3830663289395,197.6757389810398,12.041377929558015,9.889098160778019,28.924279460987517,13.13679432820952,60.29203438992354,29.76297708499934,70.8121280940442,56.577701727764335,43.37899827289416,31.239590141984294,178.39320116035734,23.284002965412686,3.684764367463628,22.359709835483763,75.65166190306738,1.4548169371040265,6.362248590215293,387.43913043013026,3.875721884685431,1.374681901825806,1.9603396969830122,34.40955203357703,1.5155330546197217,3.4610888564682782,23.417215307611794,2.777561308142586,1.5657244270370863,20.313643015803862,54.362389462421966,27.183979407543035,9.132875991049541,16.040502739334435,30.862858719595597,51.17388597466887,2.413483341148663,20.209375156887802,56.015867198985546,4.2105855321176495,25.292125369681465,1.986318762631626,51.11994218973962,132.0785784282666,104.52775134105606,2.548408366395613,82.24905619912053,150.99721267328005,148.9619224818089,183.1191491272086,203.97599773544516,231.75467079990602,165.21844092316263,121.14395269951599,17.883778660927824,14.172697889757364,52.70646181665291,65.65892982374434,8.006266878278678,8.22228948061101,56.98869542537325,103.779118533201,14.552462649415617,9.865454293569833,185.1563591160919,236.99497879396,360.1010998986464,8.403736134441372,1889.1230813878115,5.718521763416021,14.762590203257563,13.045193611760773,259.2395294114676,35.500711930122705,27.546963410643677,43.61014395760535,32.82777338703599,4.128451205677352,7.613950052574296,3.742873298829201,0,0,638.1874562973788,13.137075459178126,10.489355867677734,945.4564336707095,2609.8342089249936,1719.8928784771877,5811.5526795708965,9216.210892182295,12537.748001187316,1213.0022667707872,7417.057739964616,7336.764797259776,2417.2298015313095,0,644.6337387508427,0.09747439587747608,8.624801676226696,26.56233756591647,10.938237294233408,21.239903716784156,32.261836876441436,45.2103820581992,14.195362188739638,10.741447849937426,19.22662708205822,20.177900616806987,50.01267631138026,108.68432458450651,27.66459220039522,141.77836453886675,23.174644507376684,20.89944930656208,17.937812507064113,32.44944240867063,19.090164285059533,20.965425206336924,18.418621128130884,22.03116930510157,20.23175372826518,17.718173418399257,21.80890152656613,24.257414198645808,53.605433203421406,20.327347548366923,21.985976346756452,24.438995095903337,26.48866412970494,27.227505567605423,180.40161928750112,3957.1745089333467,160.7555403342501,11.919267952802176,7.668032927936643,26.800260738399984,204.8364103761864,41.05457557365547,40.40414841353796,570.1294993768989,1742.234880535694,11933.405922381442,537.0959605657957,6718.054105214655,96.45928215962913,24.060361667325715,91.81994937127197,25.156669462032156,27.12109474174619,30.516012729473427,160.9555887669308,15.517375156631221,19.671877648836485,27.23033018008875,25.806888207559965,25.82885107164132,27.005672759494782,39.11575482976321,32.412530562533256,150.92503256285065,2680.4614327883637,684.9757661650236,63.57723081300095,17.195716351280307,28.347176023480895,15.58922389692595,10.945060970159602,72.63137210431742,102.7715666015554,629.9677518875777,341.9645234503938,7.549692913376187,61.0216318020132,9.612320159175985,239.44490746981157,31.103761751042974,50.86593776286506,1.073514500323901,1.3891460484169178,1.0066228550595104,0.507920700483164,463.00272515738044,17600.698630814415,129.25920528311556,11.191637738741607,709.5266445509642,465.34717184011896,0.3993756313562002,98.9704002575194,350.5415688420888,470.64321966515263,240.5649890639588,167.05725242945263,40.33698930190299,0,1.2051540133397574,2.792178195147849,4.77454823856455,5.924648895920961,3.174968354071119,38.840371379052584,10.245153229217491,4.8064393204155165,3.4085985282203386,3.273096968481013,6.897550432988993,3.5234986752626543,64.24529536456575,5.374947060476573,5.541781520811123,5.8324461993163625,5.669555199335776,2.3648702488990594,2.299362889756042,1.804076825669971,31.3378848660327,44.69484023759322,81.82682544912058,204.5049196118725,1423.908916213357,16.27535950402284,124.09041561008975,16.53012439914886,105.74377190057778,269.80335194120306,436.7829451832513,220.12593709299358,238.8683320384264,156.3572642568753,195.75973738265637,112.79960132731368,29.764741954061616,105.36201176148629,775.9050218128004,35.96353716003292,750.9281270169988,415.93201252736554,662.0671357420509,24.217533930295495,1011.013246844437,125.68284260988999,462.10958423837445,2890.6205541207587,992.6974782782853,1417.9044680961385,7225.991345552153,5761.150073695927,2130.964942673358,885.6608237167463,812.4137319712052,273.9343202023188,178.56134645477775,365.05161247913844,13949.796921821451,29394.52935038014,818.0558503440798,1890.3444396019033,27627.675581552958,484.31189769185346,140.63113902060593,80.817107715737,238.2337193640614,27.97331311665065,23.491865266147265,83.90568543458205,1818.225350689297,317.03928715610147,1207.2101811045175,22.34769861800446,15.620414954323113,11.991225687755584,151.20724346270873,206.19021387183437,213.46684948421918,313.4216119496681,554.4488399877187,321.76143083913064,2676.17838006898,511.5240693454346,472.56798701006915,79.30045153801633,462.94426171724916,96.42045550188034,1215.2322952516872,1765.9126132661097,1092.8882887449233,443.1155687542082,2524.3220169341234,1227.8959900817708,1719.5620281464414,4483.922190926043,2940.2647614830735,9810.990386669562,6524.800784494688,1192.4652302574584,1136.1057471871375,777.6682878576198,1648.044387800718,1041.122043272561,3011.5340569103732,433.7892756063344,2762.1854015249833,2326.22282109716,2079.5636112226484,5840.673560850436,2016.4238570120747,5581.16590663715,3189.597550253674,588.8517485753913,1642.7237738396966,755.468492389181,1374.9652582709139,3295.5596134572224,2361.3086543828144,3506.823262076746,1690.9179080428648,436.561042887075,969.3884084461704,1803.2542823200702,2272.338716589763,3980.9769051970793,38.35834208636053,305.4216929709771,324.0318254536648,470.4086139459152,93.24934352713873,377.0323578986129,75.0718915163922,296.77013509534834,3246.116930883264,871.8368026863068,1209.7610602425489,576.2302094500412,1760.3116802536492,729.1853530971646,1729.1975471429143,1576.9956265903952,3094.1655730977172,1308.6134431625217,2921.9647867177678,576.1668290064791,1722.603925676668,1711.7601138406403,23028.302984197875,1810.9554347816013,107.84299537601869,538.7149790225357,42.38077813370436,142.99494702667732,1934.0251443133184,103.66151740384713,33.23367497302502,81.2309208120805,40.7389603789214,773.7844772641176,271.9569178310689,25.775281155431806,476.34501179796354,328.08197943350456,1573.1892653302727,251.52101302927193,185.54016082752764,464.1620884190823,1166.5683283363678,338.1259887000873,28.7230895421058,493.35409905898615,275.63975137249935,767.854204860761,550.453786617226,174.41729957910005,1430.774273161259,2331.243552146723,518.6156072820273,1759.7805242617899,563.3628537254649,2529.9870883359986,5637.105357804125,1310.6052219628198,587.3833274793573,201.7993807991256,1003.8900275202518,5617.600556974062,10426.849114700271,8198.466875093503,1070.1955832798144,686.5335082774651,430.39001319451125,341.768951685691,1738.0461955070264,193.86135679383946,1601.1757958908381,1517.1878961253399,1018.0500883517332,327.0439765448791,128.72177747191478,498.57657597430966,27.166201632563844,77.6865419701894,489.65010223600723,30.925854457916085,114.39390474553527,23.78572632568921,233.6800047079392,215.95845008249606,164.3638080820161,263.81287061008726,78.83491400935343,54.454071226765755,260.3519826989245,1969.2469679583648,494.3787891002973,89.78478071276014,830.4464310759976,561.6508259538595,1807.3571257881265,712.54325426905,1267.9093131327509,1822.7331559979584,2334.1033076159315,267.21240802737674,43.73181014638304,120.85303984101738,710.5710019788532,167.14055268528907,40.59285718236749,135.97396599780302,27.289765145568214,23.93795180228388,21.231616042153608,84.579731975099,1.9149681717352514,0.26505383570701485,0,46.47935095608838,0,119.94132365926862,197.88663975714047,30.796065783036184,119.51414965133645,0,13.588388386870275,0,0,0,118.57686740185606,161.49567444715166,0,8.768512190977273,0,139.45100829287662,0,110.45972767734395,0,524.6955424656686,18.67906962137235,201.52366132514217,118.99257915971916,27.353909035787694,24.363440936379707,6.412001392156219,26.20188157550271,46.66746090735256,10.30142081341101,48.69789968389389,58.81755989464618,6.312949940483636,699.212028689223,5.445868170937545,1.4483421761751873,20.486583755253054,12.649429226032439,3.0384200731283157,11.801122729723001,8.383769437102409,234.54095770649099,5.100045951943686,6.02269096459765,9.111714845517172,18.996526638291627,54.008465156122114,5.328981007102119,10.59483274201184,7.578117228894318,35.25594634976396,12.726175416894684,43.846200359304305,508.7241090286841,11.472971153245457,35.13498459956877,36.945298439981876,87.91453017423203,1082.6257243699702,62.71754234059703,9.561830811390202,4.026428815914224,24.334312956399838,4.263158951814722,1.2666972817392004,23.838514769802135,32.36534016292066,24.583194412102436,14.766028553758902,24.037900768711843,0,1.949262346361522,0,1.8945634319367113,1.049733622276663,2.5585986088589583,2.483853138806912,2.979211308370246,1.774666447057412,3.395515129890036,23.957445006755776,44.142357637915275,7.229613884065871,3.5176811614720185,915.577413374093,19.88660247341032,4.984443529732577,1988.759456191208,3.465347655432425,0,40.80074804836633,6.519449192302105,5.228261716956195,3.9192149946751558,3.1736431380354237,10.627845652531155,20.615038699277278,11.609683354878833,1.2862529214979384,10.658894766478316,6.2194259161147905,10.929906352529605,2.71519919549654,0,76.02044573330363,123.901673322367,976.7851855577965,5.464237770085577,965.965389848461,5245.940782861768,30.013742544465426,18206.345198786454,50.84501612244117,5868.175549443221,969.7988659491492,2137.0844467040297,253.82228425129128,624.8264361349517,841.5006633840796,406.98418620078553,1246.2935735789827,1854.9450431768864,68.29819712123016,2082.0480922437914,3039.4960263773014,830.6916882443669,438.35358668228474,182.0126363259722,951.9381288311356,859.5974921500698,3490.405783081421,934.2691660546724,497.6429767329633,636.2964820725352,272.68823964429714,223.56076513209126,6006.723741975524,434.957377456462,685.311753645163,53.532697695347025,59.279091824919156,105.83891821815219,51.00475986509761,62.280346236629214,2141.124516379601,5018.363852012381,7420.8294165310635,4019.324514083589,63.854585909561926,440.4578001110603,798.3788462197369,332.4119781524686,2210.472244301309,1899.199281766835,548.1567907189229,692.5455096784685,1516.5724704034153,590.2997222667689,364.0988353124666,320.7612943139764,493.93093297250124,291.34215441298824,3.30872761241883,1.2024039812862246,25.22580010576456,106.91321150903346,21.974636854042995,128.00040661461645,3.0651032980767052,8.250794975680646,2.3229150569180157,1.159100655790945,1.1159542263719937,0.1581120378127976,0.2854587543419562,0.1510359352535084,5.200737824947276,9.800260841517018,5.660589294358801,0.974166320282368,3.4615661219675813,1.898752876317957,440.5246793172264,6.1639153441275205,15.015277547944617,2.092407355328204,3.493536503277659,33.669769803267585,111.84633126644187,277.55071080225304,273.93932209379835,10.105476393342558,23.51885951288309,12.525983398350002,58.440662430143504,2.792270868349306,106.05835379492729,31.836846408018552,0.14196076456353218,0.9542491248519571,0.35714300119773923,0.7968082900913102,1.663886828356795,14.931068704531999,29.5395787406979,3.485463359795967,1.1835506699575196,1.8453379115707076,0,213.27319762169077,675.037165239266,3328.3128653277045,40.658766578568404,0,396.9318715781951,217.1469067587884,4.790448731876716,994.1068233205184,36.323635897014846,20.585675049402596,3.0742518877132827,2549.6281307338313,276.3274086933123,250.3489031591371,1288.7810498482424,26.946141091659594,720.5654770700683,3719.998478770165,28.114289561381234,930.4171359412502,85.89308165690129,955.1865826208203,26.884910530700886,1.3696288266085295,3.510647841505512,6.558361430285152,0,6.876692870639395,0.9162017211862165,11.39805543382113,10.733746798840254,1.1721950670161148,7.07793797274348,4.27517439783023,29.411417650463505,5.621896239476841,13.177006122397719,4.951219641748079,7.746448496490694,14.70997554922565,36.801973581945454,31.103301829965172,5.499108103798495,28.468801693023547,28.184988025470002,28.296215887726664,18.83246887931462,8.71187793762423,26.947607258676538,26.527043065826035,42.57653734903127,1.5779209309355542,2.5696032692112545,1.5937862567413268,20.611148146994008,29.318723770330756,15.018347179990554,25.162124805234455,6.17294617106335,7.461554994464506,7.254206937908607,9.101630987774975,5.438417449649418,3.6679849421006816,7.2081328562214,6.495305372440077,7.242845757753556,5.9095012789472,7.082443160885703,7.007006780078402,7.465078577196894,6.399346084844816,5.5590204720133665,0,7.226766818204376,6.951895563796005,7.4716515779433825,8.109348471839281,7.828397678019698,3.5088640791582546,2.979083716604576,11.552790709526796,6.366263932330904,12.343539585927616,4.767066450428706,9.209508630574776,6.5566663277104515,8.056567033708841,6.60075107758031,9.765005022744777,8.757968419750375,11.319472691703945,10.569792141588806,17.2912361412926,8.196748657769605,11.237974100393336,0,8.603865385899631,12.493209909489307,12.264132227455413,9.593793412002293,11.756080769926035,19.143835701593833,11.600355501690531,7.945975441145456,11.318547295911818,12.865870479508896,9.195381015916192,3.773579771781464,11.268379534072869,5.947141272509936,2.4526967480413826,5.540577339015191,177.88129675074327,11.045091967793033,14.569630109737867,19.150176575983878,12.404568591205484,18.218360099479035,14.366030736110794,6.227049149900126,10.427418490102399,8.076626027341756,1.9425292514973607,4.513163022469492,2.3251232415243166,1.674359398717937,4.404441353122092,2.482340334961633,1.3646917274259522,0.5291002737871185,1.1850061667631633,1.6366276108882902,0.04629593964977195,7.072545408155454,7.682344247414723,1.9159354703685048,322.6815741562724,16.9653026001576,2.7274036554207246,5.36532910060137,29.353101022228177,0.9698075651075608,2.744574437079829,0.12905574125206412,0.05883465382518654,0.08763482438849479,0.277676924369521,0.22526330741592518,0.28332416522038156,0.29037405503559766,3.4411285535008673,0.1454465470675823,0.38658524924165005,3.5566477966471006,0.9323405017346088,0.36461300010746983,11.818236006486888,0.19507045610572402,0.12517065414000314,1.1516646249973257,0.34085253875053695,0.19831144405406154,0.02322801343587876,0.03357626080681074,0.17561803789876748,0,2.799311192003903,0.24421889931838806,3.6595102395848964,0.2715516884227354,0.10054373502999762,0.1050237497749324,0.6079019013612286,0,0,0,0.04322407465379812,0.21711883378589755,45.71475894797447,0,0,0.2098942753016544,0.12693574890364384,0.1804972358997491,0.032432019506961125,0.011527622161004853,1.9083759943425291,0,3.1316663560220395,2.4164987557678956,4.2944474372926855,0,0.7679671998153738,1.8649652593949395,2.6292837108803893,3.8760521965112202,1.8618319827665932,1.703449374086886,6.160650699106744,3.697403638684317,1.124251219399054,5.867230292150245,10.698041282007283,10.672823835046291,0,3.52094441556887,0.4751260776983619,1.078353219061615,81.50020243848999,2.6853113859798987,99.97169943973492,0.5038023252966208,0,0.8598455287894681,2.144730837317348,0,2.9989382801754054,0.05491760652764456,0.02568443449560135,0,0,0,0.12748102418362262,0,2.0469140839190207,3.810011290352124,34.723478477285106,4.859973487553465,3.6188743820657923,3.652667025431041,26.0000077073743,56.3304471525378,155.00073635863322,216.96338718810074,21.378146575416316,18.36678109335048,22.995420092050505,25.859007471936735,16.984565564349257,30.97118433505512,301.4641422341764,612.5172931990156,6833.685475060567,875.22577692801,52.08494494503789,23.051097611599054,61.66099043267949,62.34954687737376,10.519036284579274,11.967015255849066,73.31603689169634,16.70358415589942,12.41574592642801,3.5564586811231056,3.398426330788666,5.121945009051839,5.480144102417792,5.347413788629287,78.01567600231796,3.725394292283424,1.786529389034655,1.7593546950495997,1.314516839319047,7.335936109821559,6.423998845442813,15.244921515244167,5.966800206845353,29.170322537780756,144.5098621955801,21.81066229705295,334.8803722921714,75.33520664486906,0,0,4.2672821374602155,6.0627554120988405,2.3646828722459947,49.45212268309414,28.29323910584241,144.87206296333733,2.5840693264237653,3.7707737659845875,2.5397767038506704,4.3489387826598485,2.02809532877506,4.376935438267301,17.88401159888513,108.17350610192864,24.3865080831412,6.598145054047415,3.7077291240947954,0.9782272794401917,0.8290585563660209,1.7617554448479844,1.6509253474567138,1.351297703732153,1.0168909545567275,0.1929577703906666,1.0043132472191492,10.504404653046306,16.362539770326123,53.59643142719011,314.5354226234124,10.973808828555818,2.265786530164448,28.24850326900604,55.99722086037522,31.391114199218027,42.50892286362212,55.02879921079312,20.982842496008793,33.717871004610764,108.89807616348463,733.1577851105571,374.1297865772398,57.76205476068844,91.64720517384707,38.439378666698786,95.47654497998316,170.89079493777137,162.5877291853017,17.637774278835103,257.10878555650635,2416.401384343472,1123.7017462453475,269.9298482195566,41.92114590529874,146.2321918733539,95.73616503734688,11.142987601559708,8.259421213646103,5.4126629350436914,62.85505081625679,344.46193627907815,465.22202259757665,1024.8146009651753,3028.1188525521575,2512.8287252502587,1443.8869923195866,1742.5557507548706,2400.5388355959835,4868.118446887542,10200.288432614974,5843.64501033205,4249.236795508006,1483.0343757910728,540.2922855341523,113.6392480201462,139.44908452849953,276.0954284724382,183.16567264888707,281.5030410207099,324.6235553434856,225.07554340856527,411.4509598482942,379.71878875333573,168.2846625161827,38.36282475560648,80.240495049762,36.3748057528014,3.2051071293618634,6.545312517744747,7.23543188104457,184.23205502196208,1238.7904759903572,160.90966752716523,135.28809034944732,147.3722171460405,76.14559573322067,159.88621444542815,734.5371366905547,2011.4536198685955,1692.7097681001162,1500.638570695991,863.8792708733051,258.0788360752674,85.82480561507631,39.143274040492486,14.212467601882212,126.91166386616538,65.53983745682514,155.3312396249347,127.97610186113027,158.1667360477525,62.14808657015143,104.75695881955167,24.4739363760029,23.237616788064972,14.69311577162454,65.57577151791116,80.44995287357732,230.8618149211486,290.53698284938804,256.6791197909728,213.5118130905512,319.9676332912643,194.03807392836325,501.7959499860521,290.0657247088813,153.13867331268094,340.2525198833418,88.365797981277,84.82567717449037,80.86940143468418,52.86486239825347,210.6648618075968,261.8013806036424,223.9029769616149,237.35314192850214,189.53702660916528,256.3286045112062,47.05127929892086,318.0650586201277,44.87762153260196,75.85439727738687,198.73385382749453,136.3850888631985,162.51306786982906,250.4115488093908,166.91524000182403,379.73948178974763,275.33706048585526,870.4183483003275,849.5713978992715,381.9659191951524,599.8019382494707,63.01900598932891,29.57516784822584,263.5366613063123,45.172487739430636,54.38448601399197,71.54490781318076,433.33989471349435,356.1453899345536,27.347043812462218,15.186456719481702,122.16516425902125,788.9865803981296,173.50190945869002,235.21623692667816,334.32702603356546,186.53217899821905,110.5175929908849,195.37026211379685,156.74871417635882,236.27429341767257,135.0568673164506,667.7472555615769,157.20672407596464,143.44805173017897,317.3444548630235,400.5985456053449,176.99163678464507,109.3981580246581,71.42890320124545,123.21736091686617,108.30848192109366,141.53398717782463,37.99652907161589,28.989076798421777,17.756715944730143,27.058084556455512,77.06475790041998,375.4525427074479,357.0755085883756,447.9868151502414,312.04197538406413,350.7600069692782,354.1242957517323,293.4120746584878,516.8667874622101,437.37177658907285,88.52153629159297,26.702588508299698,840.6876036168661,403.18108741447577,674.9960973812,326.58784825380735,1.3678016511314623,97.80847094109632,184.03257284091256,22.551862428827153,0,28.5256244227817,25.849467713931144,27.792732394549553,8.76165289532422,0,11.39638627186119,11.742514386025665,8.774467108193258,0,18.639258992862327,648.8029776268669,12.569190027296695,15.402429959251068,25.27853012694142,7.898716559573898,25.96902561760943,54.46164205920723,29.78643704806009,34.390024475309914,43.54348193980477,20.51320004985655,1.3226727442974036,0,11.569357049022955,11.464651584721764,10.361116379870525,9.651619406264018,12.910607992086586,39.30760038977324,41.269551113197856,2.693041896486848,1.343722670872842,2.779494661010224,2.586023399380099,0,1.3073274403043937,1.2122843757565502,1.3843023574903879,43.34508472863188,4.049430010594225,4.662613845810197,71.82358944822894,106.13772439529988,371.5876447396785,112.43310918142689,119.8614602801428,19.100575213296967,31.219748088075562,60.988156302563624,7.587000871356209,12.524356126111995,8.257482641752791,9.767875685711527,14.3814596544746,14.079587225898335,23.941689698200012,186.629023463535,100.24538332884048,14.750961782596717,43.254619154967905,100.14172949160314,50.464911287089606,293.73273389855655,93.29599378094679,55.78134993258298,69.43042424587858,186.4161222495264,264.3891854971667,162.67777211839797,242.65118466242143,81.7502178476742,11.33159338234551,18.304042284370688,84.28688804727211,333.15477055855087,192.77461319104998,19.455219812156358,58.550027152112,438.9741694951053,68.66453082087695,85.76750814828652,1171.8648076488178,2483.6746478123414,2783.7160749095942,506.37335488348896,175.14366413088362,84.79016903164361,63.641651234278754,197.5457427118027,30.01612585311842,482.77822744489265,397.34928254904446,793.022979680956,1441.6469898921216,581.5363512221205,404.5807765906791,103.5755395485699,52.19791506646677,61.01943626882895,463.3749151744237,253.74939277164097,126.17131459630585,418.1227615653087,501.0269471518559,939.2177434343376,477.8831108141307,4255.616219608563,289.0009293724067,103.79368564372508,47.52777437643509,74.62382118877915,54.68169765968829,2167.3359215729565,913.7384863024843,247.4707976081082,577.7113188797642,497.1245940890091,318.1028495637281,274.3737407033984,154.58576490398767,71.96707808833352,93.4563303901277,15.47137378019686,4.659977405963363,21.140143892065414,4.920673814652138,40.42777988776704,148.39742290359214,64.80962981441985,10.568811595408055,14.886142119284308,4.94863733181584,17.60440747872788,238.3349132737071,7.5742932238716225,798.2707731207795,3.7523132222367015,4.711754811141583,10.221987573593735,7.027620121651527,1.5329213114489673,2.936197408229143,21.120375409135843,21.212125529172862,18.355029942999447,8.306774399859632,0,2.611421721077955,0.7042253845747513,7.297555480325063,22.371648319397472,23.42132111877566,5.737911817141524,21.545110663453606,146.5273190170571,218.61495790763465,182.7580445616321,2381.9832696910353,244.51587315182337,149.8372270637987,179.95703629872742,25.052793688879024,6.352226739742984,0.1995607559014796,38.42403823825822,582.9562205352302,1062.0488607397565,1198.893599288178,162.60458395684142,109.71097537622522,291.55519077524053,64.15530335870264,284.6751804005454,503.891675022934,935.8615926653093,941.2648583110093,141.13964006163835,7.0957620048798695,0,23.374411750522043,15.811735714794736,140.80647626063273,81.06528035397093,8.044040006636205,2.26877458898753,22.12674366165546,30.246260138348255,0,0,127.88129492903205,105.63312012593653,95.03902624210286,7.867443010280768,2417.2364464866546,2852.5057923409195,632.297713940894,0,339.8045153288236,6.394524257134804,4.787235772425505,8.854708120627837,127.21125797599261,9.201522337381508,9.0926844695093,1053.4740010969372,807.3902013518158,715.7662644575095,4.969747479475193,6.119136191299453,369.79831040850473,117.0886094036621,47.94735975600074,70.68862673487084,819.5833024096836,158.49570830454778,49.781032664985325,260.76459751358317,138.5737272038832,160.4955284160032,10.142526560068992,10.975553521907448,180.22708348875307,20.13383446662673,298.17492596020503,4.352521525635532,1.544777966096253,1760.1731199213878,1033.3913733317186,3679.9374011417244,4646.822920777212,2176.754348732967,293.8888648765855,122.47073014072456,110.06753569664185,214.23947528517013,191.6198798832599,87.49663750404726,272.3569585612885,314.2384171109631,1995.8508410381662,3451.7796700810845,841.9806321787822,405.85192765162657,1042.7395280570167,108.41726267737458,59.16314251413008,230.05119179669995,4727.088168350398,1383.2023913838902,186.09085500649803,267.1127180810724,699.85052290309,799.371672968584,0.7856359254803807,0.08490063870588073,0.21842589121067738,1.139267655766434,3.2915444170487795,267.4850454168068,15.782511519371223,40.63490351212169,47.69184062747192,37.88005804330106,49.72452085603622,150.42424097927784,1055.709293629875,179.66215697175886,155.81424375639781,726.0363875777691,1059.0123090340214,3616.6057058101983,2325.1760469510164,458.4667466377396,326.2568957809006,255.09938553879763,19.557343288685185,384.5276543099363,16.55302233269726,14.634790797374473,2212.1165412001014,8541.09287813006,583.1519820883283,28.22894379198344,485.18575896314707,7011.512615933395,6258.906137388473,169.1203016050591,0,0,1.2739727557659364,2415.8922069120936,8.60065016673764,4.309303278126559,7.652355536605652,247.7911204554461,103.36048705230026,7.0033778187281,489.6411403944397,3.8093817848530107,35.12622708169606,40.58348017285364,110.42869768327179,0,184.59881212400387,48.131507855463454,258.3692915010414,30.816151015101994,0,12.81009583148973,0,0.035216515969640205,200.10611337138258,309.5829670108553,82.71704213032484,162.57110964883947,4.132929528403435,153.04499873380362,14.658755364919967,893.3592438305253,646.7027296728995,445.86198326388046,263.86044168833104,248.70967538078736,106.55963782942361,37.01557315864884,1.0178960569393063,136.31734195865073,262.7891923474642,460.3299304775166,279.6573674846518,102.51117387379844,14.369434834463867,137.3008811787609,153.5709058973836,280.6561648886585,219.67442307965237,2.0126853625729595,2415.359245031106,3245.411120120809,10677.784494884041,11755.829373420733,9150.49408111807,0.7811277317269996,0.5039116451984327,1.857336981090332,403.9183223901197,25.323443570227997,785.3114013846315,293.5005269061622,612.9588434689853,2514.653467640592,197.10042122468533,17.376711405845672,2.27362187562262,512.3820735577973,58.122966643261776,19.314151054265338,9.63790891653663,1.8145587970759018,1.7809789410271493,1.9511916180750042,2.053820164740591,4.079627065434186,1.80493873148973,3.0828732249650224,2.9171084048807243,6.196635797675121,3.3067819597863157,103.9582778111475,19.120661425344853,8.634343731839254,10.113959998861148,76.22352688666263,510.5691354236577,14.751474662311711,9.7738581345919,7.9760972946533215,23.641407089000907,580.6991583535247,13.533483053138346,61.91895564334838,57.70026864884842,109.96732519349086,14.510820111098415,18.663292902335265,18.750735779123513,6.69033614259764,9.255422692813527,45.35050799570223,9.805863007464572,656.5622957181652,9.248817164821133,121.09493768884913,7.861071221304857,11.97610225789499,799.3433339641523,5.729942444808667,32.122311049384706,75.1974874545643,2.8365225857327756,33.19033297773995,7.440741687516803,42.84944064376599,18.979040989785148,1403.4537699669324,187.26481739126416,4665.879576017503,4734.407202240015,3111.8472215491306,1088.7294258006452,2033.6404472072072,4.443914098838032,2.3942166871964314,2.247830000461498,6.354715016704666,431.63513395676154,466.8195868934521,22.38095437816945,15.363458361667282,1.4008036515683222,5.758585548056968,146.166210413855,428.32424058070995,62.6923792929423,47.37331811396393,4.557691181849112,7.548318985933335,68.40312178227356,78.669539032591,659.4333797034122,23.095721125222603,105.01601951831006,97.48130577107928,27.884312027339146,111.16778961253503,3.7372248745299186,3.6104923808814666,6.163183440968425,1.52192756755821,143.0722552703457,7.007095730320651,387.81742351776313,137.5309667341055,254.96572578679817,132.55698834795228,538.1153150134793,2280.4139477146887,1500.3149209096962,902.1967603245079,314.2729557744055,141.2608174171912,488.33416620673717,186.4897745981454,393.5396585162575,1106.8760790027857,799.8168800385649,2448.138261563187,1477.6661117738197,435.94411850900235,324.2218185247714,330.1099785515911,204.8189860378905,24.711302147045686,185.38033290602834,99.34988315114317,49.35380814530197,362.6046330538971,2380.6959634090676,920.9918685973595,115.1703273270783,1634.684134776348,818.0789828851391,185.21618604877088,19.3335410072143,429.55129928970945,870.7521841819222,1769.3327885616645,291.18221601187116,165.02255529361548,229.06526355426462,222.67073351458993,695.3943947392668,257.078811190713,20.634800489413355,133.1739349588203,371.7300936533945,957.7837158826522,863.3959470900742,870.9669677652126,1861.436478989719,2381.4187574676603,3927.3426982649007,2552.0719108523276,954.5135857564129,790.2389795994899,5959.681400379634,2380.1997519970787,616.2343704664507,31.04789505502887,39.00524795745545,57.5005077347515,524.3864071580618,61.03028553674295,366.2625251769762,622.2094303638338,34.414291952932786,269.71104705294715,75.78627071854362,377.2836477985356,1134.922106640654,1118.0139768160816,43.72793767357692,10.575755205551179,7.461798800610947,33.8490270762452,43.55108658507986,49.29655231926695,54.27815065436201,60.691547710967136,439.16530251264004,2278.2153014720516,1488.0353043153807,513.694889456332,257.9401251718143,34.27850081945068,346.0011109304853,0,0,993.6571059937852,0,380.56321968754577,0,446.4388549922127,359.41457111561476,1416.1214450020716,373.0526785435369,0,258.7649573104018,208.92019718694274,1094.6782306465911,605.1248179147525,636.2962864743783,1033.9428729013573,240.22207476706637,3986.3528801605253,1136.8663794806955,268.4871382913019,753.017622543732,717.2892921974895,820.6742576752044,507.6168554182374,2447.9694933962337,798.171804923625,1220.8392607390983,0,1372.1148993388388,1290.2188204818588,418.81966724181484,605.6233212277889,428.53352863894355,561.010470760347,585.9664536132187,0,644.0648456165324,512.6717803981572,0,374.3318894249852,3259.52067564757,670.9973084502968,1046.0517335069824,243.09798255858252,578.8434499462759,191.64877094429085,0,764.7739682023596,1647.2287379409886,896.2793780114813,1414.2953072277594,0,1362.2735759109853,1261.4495798349442,507.86820914727866,14.56536753405792,1092.8523692569318,0,1056.9399542099486,1090.1973087595156,564.8231222407261,485.2215151712034,492.8169648586092,986.8244834679759,1178.0781467719826,624.9411037515345,657.1623634932738,0,497.07061111081237,522.2088360444038,1112.7504099905793,339.0278424572047,854.794674838911,670.2712524956477,454.72704488081,720.5201004560552,767.1190391006564,0,513.1830626949734,0,1483.0931497002625,16.124368904270202,1281.488451612544,1.30130818171291,924.5758223022347,21.69069598899792,1065.6267795510555,823.2622858381093,1063.2218583728668,777.4071080434559,232.30781767290438,1052.4148298422206,668.1595005818552,650.0494794632299,0,597.8218853131336,738.2618241001463,450.6689611799683,0,0,514.4051184676206,654.9459733479594,690.6586903586089,404.251024053584,1022.7604270432352,632.298656709373,894.6631398204654,604.3781051260494,546.2229497319545,633.7952242904882,540.2159300833076,517.3381529176518,732.4943546932524,724.2837072198154,827.212806124379,721.7850584781479,537.1196144655247,511.36292698303276,1206.7319508036144,1417.9086809543135,830.9201566292314,841.9477873610308,780.8852571203063,398.99563896160726,492.10768560185664,861.7365079740579,1070.895509383619,739.7197309038002,753.5393400469709,1100.3780486064547,752.9969091994257,753.7571783349271,909.2902668996697,486.9746926118857,1131.592821871788,1117.6700691212243,0,1025.0114216958036,974.9134194525118,0,953.1184069370989,1194.517958739913,1508.743925036431,1766.0185790016283,1155.773207620725,1449.240037897049,1428.5287289911853,1321.1763801465333,1144.5746569684914,2675.745554717496,1239.7804594761162,1132.8721420289553,1192.8344814367347,0,1788.7840038218123,2335.434385994265,0,24.09982452986751,0,566.335214626636,1491.2565248347257,979.2293897707018,906.7388582476336,958.9684604033307,1590.2018476515518,932.3637142029496,617.067897043637,528.0541110083121,506.43841712809586,1275.9671486455711,753.82477010345394,950.716800473349,763.0347624557269,898.8316691064456,864.0131318241095,830.4478593301324,664.781006571027,1057.4274267639385,3177.840457216386,5374.544323836815,1088.9297689448797,719.6115610085435,668.7782101988339,552.2211292676881,8308.740763803458,585.0326659500778,1305.4887960677984,589.2279207202714,591.709972270167,621.295631243596,507.5866987221348,637.6418407210666,288.0623958984423,766.0458520263759,632.8029469182142,0,1279.2294375481688,620.9878129578831,607.7009812362528,0,306.80690062450367,0,490.5090698427929,466.43018548631164,701.1620649960187,549.8577543833991,550.1165029837188,759.4071106809293,517.8345127902165,758.5712450750631,820.598193213702,636.2927742647076,879.9668564283885,749.3290412363967,649.504838980611,0,501.5104864049972,0,1196.5770740396097,626.89692236833,739.6766275129786,765.6324356636864,643.6010012607145,389.89383826532327,0,0,424.6283245308389,413.4092719902561,416.88580058914005,0,423.14856777188487,382.247901798055,404.27034504179284,414.8624979166636,402.1808609101811,413.05508739901717,426.30975533804167,0,438.4645671185777,436.49646278255864,466.9002274960427,0,67.97498098336298,0,0,143.06767389053084,1052.139097084709,0,977.7756004024578,505.645074871897,180.83018822711867,457.64979885294525,651.7234683946467,1972.4742855109473,787.1287636942329,4.98172054251014,458.30526210173076,51.708649257148174,793.3691443594282,460.29734798293714,777.0354644929729,364.0711129274846,0,692.8632681198131,426.981825733182,502.1093843170288,610.238617353483,371.30903955624893,705.5134058212512,396.03809757476307,662.3367405850407,550.410239958814,715.3988872414168,518.3330402403212,518.3330402403212,514.4832236251041,402.6121970762152,556.2350342633591,420.87824103934764,432.4138589551652,391.7545187647843,556.3880534121635,367.82554346882955,467.26599011632806,371.55539343231624,580.0777041211724,524.4688654007626,442.38449219831205,436.80506855282067,577.4294514109203,373.4251909680981,414.41782216743894,623.0707885620382,0,446.99958970452855,430.52941998771587,370.88998790972704,464.29979806996124,553.0881910715602,477.262071647929,407.9504051965257,644.2335727020053,562.0524680508503,401.53570755901546,952.0789721538863,417.77061661608,356.72625139772595,362.35130160433204,624.0754500799454,588.1555998536746,364.46360553525585,357.10622212137343,371.02475979843723,354.783925867389,545.8374494099586,0,0,0,0,0,534.7576141558559,523.2063295384078,519.4633209485687,271.7772566552305,217.51173266961212,0,0,856.058784186093,736.8140381331275,531.32395836095,0,589.397395503366,596.6743464161162,436.75182956538595,810.7270410158987,660.0920654614115,679.956969544609,509.48708008870005,245.513727408474,0,723.0693846152953,256.09699999958184,1600.1151133243022,640.564181926461,1879.4502519931193,978.1361966797069,1152.165041133873,1049.5015169790881,292.86798027699797,0,280.1018516388192,618.8437791626665,282.11535342366085,233.6085140951394,266.9509089821998,609.8995393846666,364.0290347721539,333.18225163240925,310.54752748624685,402.2442282696323,1187.5174923135255,359.2458588239245,265.915683039721,0,319.71737795707213,512.4364980282212,1234.6098614052326,748.6827519444267,2220.127868617965,1233.3691450477609,483.9480178792263,1507.4833118292777,335.3051747005435,395.8057265557591,1946.6758024108724,439.88760683447856,346.69516574784507,363.23084669252177,406.32688081486583,321.5826185129221,293.440546724315,279.7982744899812,254.9904678605774,47.984182612686084,0,1718.8095067003853,1879.4787113503464,0,794.128332406777,1663.5952965293347,1420.7920839666208,825.7776888267085,1553.1614089764525,1029.9942764495822,0,1.573271311338678,0,0,0,0,0,0,0,0,0,0,0,0,0,0,45.44519415241495,0,0,0,0,0,0,0,0,0,0,79.52813691727559,178.51413490255047,32.939979256580855,28.211833066926935,9.137390845672023,210.1257571110687,1188.4396112977095,1379.3453652108901,150.99648288989414,768.4233925411619,0,185.53260604573939,55.806187707826595,49.25359084956794,55.07099177272012,457.8658291286757,25.347229756798566,146.05400280926386,27.112128081724862,77.21850003867388,57.965173472828056,140.31792210162058,139.03584201975875,199.5794509422134,0,0,298.34552249941635,50.14813889143287,2515.9597341500335,149.08525506095359,207.569884165167,50.77266674125177,1100.5475759810204,50.52217631809206,50.74703990665252,99.487112233699,0,0,30.539869737612452,47.74750413490138,82.72935046590905,23.559469004487468,212.31184015251532,37.45830326788878,11.768250012131318,36.69545683816179,39.04804594868103,36.76179727526407,18.30620123829842,36.02826744417819,19.719692345069475,30.50979003608808,20.462230013347842,21.718802402636555,31.562960430922654,27.4452281438625,28.836234926278152,50.61225022340264,33.22652688786314,34.61275252196629,23.62648118438618,27.937851799388373,27.419731243956726,168.27586865818813,54.06218343005439,40.52160405222763,24.196874640332627,247.47066219605279,204.0115589832704,53.15888983830888,688.5120619149386,314.88738708928986,139.57762462593732,387.01684231154223,391.3640693238318,200.87269838651886,78.3778506477818,174.46251652336812,53.86548946250392,245.3877896622874,0,14.17219811584686,1.1232289155959068,0,0,0,0,0,13.06773444733236,1089.4133086940428,77.54443739445924,1.881819983960329,78.28985142299157,508.7785739476187,201.656536989877,2999.5674000908,3073.6512284242144,1252.6405542394273,48.19897621074202,0,0,0,0,0,0,0,0,0,10.023145739999062,0,0,0,0,3.247179167293984,13.02580233894859,0,0,0,0,2.693678159777203,0,0,0,55.65350382568974,0.5048639830716026,55.019453911695464,37.63782980998744,39.65631361654476,0.8464265684107342,111.54100031729834,57.214254949095775,219.12695068246967,38.29848376243986,40.710770675868346,80.55989785655017,149.75614563764034,298.44040706478563,140.87877272813247,5.939175777006691,0,5.102416430085853,83.69992666500153,1.7199539365724812,0.3845903876284731,0.04672756550442849,66.00151203468938,37.455490207277926,0,41.0254168205586,495.47374197926473,102.6373738343563,16.8315509554173,11.414915356023135,5.307075084717285,28.240845012714754,7.604806356868784,25.043365619467384,7.030914456665954,0.14441066497456492,0.2980199198460215,225.9505977264048,69.09715079487835,92.34438025984849,7.044339729993521,37.407990615580985,95.38530095434946,0.6806156039187408,49.65720649935035,21.396129116982568,59.02866748834603,1326.5749691267363,4232.61002762166,5840.960702993804,178.23851761764863,117.52333675298415,8.605732053112536,162.7748697883484,94.98464221845614,805.4001386834323,191.19997056155646,62.47731376155784,1.2248500377740534,545.2178172924108,301.5237137766485,336.86200931235163,110.13939055783857,0.03941723790697225,1.8785964358423355,0.04686049369919262,55.09942972035999,0,0,57.60885001176383,57.3449699035867,14.527537448422468,0,0,0,0,0,0,0,0,0,0,0,0,0,1.3895344540058414,1.4776353349809477,0,153.16229255078005,2.6059035027287645,2.531506577435994,2.510674138168659,2.4936483455096283,0,51.54394181852887,51.806628838872214,51.388608531636606,51.44543916466098,51.75438180643079,48.213569105302525,0,0,0,0,0,0,59.928209629634885,51.649732780311275,0,137.45409182648038,60.815354849080734,0,46.41427383367809,51.148860758288144,56.317727779342974,2.026358873114029,0,0,53.64556102340174,76.89297952149647,19.329037037315864,61.07149106128391,40.85895142862671,52.58291380957256,57.80574826277083,64.51024171386642,63.900186821904,43.31765596248942,61.019366927960654,61.019366927960654,2.9719080371102526,2.9719080371102526,53.53598655612414,50.03175432411712,49.7887133840032,51.828015520878296,12.563017676320941,36.86590068988075,2.1656155424104284,0.915201707572781,36.5310067544456,29.178133572979494,0,0,26.170063171201846,0,41.13361702342635,0,71.67806994512262,0,41.151442759264064,353.4079196758819,51.43792559853626,71.80920550739545,34.52807093029563,76.57588718326053,37.430414967452926,85.37961049191317,51.58265941769349,2.651404265056757,51.039249777816856,5.652959052466594,46.94767032015145,52.435036776226646,35.98031765635205,31.809449631052967,38.26158448425864,48.44533967514298,30.345542745335738,45.148054134883,82.24586180380031,65.92645755902659,0,24.95435322207812,45.85940320122941,28.858798869363454,54.942620830515544,48.923662068043825,60.71713401437595,0,80.09869689400037,52.556257926752835,45.88132424909446,58.59649719601388,96.80064249202071,50.79537191576525,138.35222230499446,55.01303619966468,62.88826879479434,2.02132574939775,576.54152395983715,132.87799260460383,84.67278435208588,122.5317789751631,53.15394782858446,235.00690448985267,146.0539531629161,482.9342522611136,475.2102349261676,373.72669866885116,80.86093456253018,5.061643317169441,146.12049585008134,226.13115004574337,430.0879448597198,1167.480319536606,3175.8885411001156,531.3808649493233,3261.321061191502,51.5103838530075,3196.924930123906,414.91708411222254,431.99994064410834,104.7051015296418,94.12111589223181,282.48736640789974,41.324788326448676,15.561507791796604,4.666655707997269,344.78802584866827,103.05011694745554,0.1980224498907536,39.68948383297368,0,0,0,0,13.365154240917157,467.68181490370097,7559.726031084576,14718.029801415834,8426.149272580393,77.65622990963737,2.0869421662647927,221.08810248189147,116.78128424079371,1452.587677160992,197.47797735980322,650.1056097772399,2081.2153884526338,102.29910304029968,395.9170910427255,193.86182314979973,78.65561418781908,27.752313048832516,1.5763583480195076,586.7468911721968,942.9199941724436,1377.987977139297,561.4088894888682,1.6914532743311192,29.843860914625402,14.773009472449948,492.94860131036205,18.83202503236526,17.96359162809328,542.375310987755,4726.258332275748,360.8539636869957,33.492358253181685,99.48116109519476,38.012856554563264,426.917678713813,337.2920444351622,29.398118005183328,1983.0774999865043,498.1098675207796,87.90632882392352,10.388871690335385,170.16194410762864,273.1083094947751,5.416268209092482,3.8832519713455484,83.82886023573641,4.840220013194334,1.9969003092244104,8.614390888129924,152.72705998296317,23.69330202722317,17.319546760294752,4.5090218135281335,9.293406251823102,14.70058642982846,9.11822282193368,4.890845347855614,31.377883027607336,4.149732758889812,4.526720882851339,4.471836343466146,4.619307874049691,4.339654740476745,4.500302950691319,1.018918544463356,2.11584993389481,30.66815762750333,24.960956437777575,374.42205137998536,462.0517060761044,16.307622390034876,16.431479982720685,13.881403712221367,94.63870871538572,1277.4469764073658,9.27336414331817,590.534392605207,19.845453859423408,88.17237906601393,175.04051134280107,3.767188179927544,3.801383191808062,4.519174092270344,112.56111784080925,2.015257656560638,8.655446732636934,14.364173885428746,28.06482013279974,18.297058289935404,41.280754709681815,12.200254199110976,17.92943503462564,12.901317158896648,565.2974414296788,6868.564572506313,308.4374763730985,1194.0541517685965,11744.273387352509,2261.293913930823,58.711037138230495,21.26985097020362,11.794150852133399,51.83441355169411,76.03409309100557,211.18226199950453,164.25022102039284,902.6091892637575,1336.0196484489252,188.3021949596167,12.449629214472756,328.81164151841733,289.7102890624885,48.330339105955915,73.15440577387085,3.9687902112046123,2.338574100751425,53.06845467384337,49.06807031187111,2.0271883126877146,1.7890783331331597,16.710272480695377,0,0,0,0,0,0,0,0,0.2373281674263411,0,57.473054579618726,77.27108230485487,0,0.8783088954284776,0,1.7573578176979994,570.9446230930776,176.94814322187062,0.16502258319985894,98.53527240090575,518.8465515976923,263.3584944803668,882.7517574385625,495.9482849274307,365.65629057307456,307.2457693264883,431.1576449181922,583.4994892638103,500.4800396445344,588.4832606451657,93.37168076914746,848.824257769137,1495.0330867815917,945.8778714783116,3264.8468216938095,2430.6486038140615,1037.7607293232595,549.3505737768446,513.8580568056638,823.3967820135451,365.2668810803274,976.1465152917525,872.1466649129837,243.94342380621688,154.78354485329177,0.64245860963497,163.59254302959118,73.9777804010869,133.02479504114092,427.279355102386,142.51085521111764,136.46531021316247,212.50223811753415,279.7343361110365,605.4506876945717,461.6194236463964,597.750723079361,302.1358823245408,107.54684746110104,603.5036227558928,593.97468528712,82.73355317053583,48.0499241594701,422.8349846094616,283.7715579803107,332.6792044392805,799.4837979709531,1076.0158301026686,1531.4520995032613,1791.0682056171804,1274.1895446871958,828.4893101440721,1025.8070499470896,1463.3728466425314,2498.899084470624,2529.5295925666787,5578.609392847354,2256.6291992879455,1014.5457420142266,601.1173832568716,493.9837485782638,865.9519159119874,514.833653527286,218.46236591641147,145.22977234759554,606.9091404912062,244.75019350612664,273.1662952824815,142.69054231955863,452.23923237112626,1824.6242391193332,303.7344453452666,203.9383707901586,212.75404508933633,297.3456023504378,214.5038800597132,871.0280000038665,146.25053547961133,91.85356068120493,137.22135986470093,410.7471416438693,236.54602724689585,323.52195135594064,48.367542094131636,229.62015152170378,661.5329834644156,111.2069215000463,154.9756096586479,297.4412792656323,471.0725368383689,337.4879631457818,448.8223465119702,294.1146863422888,315.3281794303294,481.014220894902,438.56817250037074,20.371756194683655,401.4459550555971,55.071017066940236,583.3665192154355,7.398910205452272,1054.8852976442688,1817.7989646152396,1344.6343010109726,3808.7468018049403,2562.0524735839385,1262.7215453033402,457.7598896655309,463.9423002518269,843.4378021178227,527.2216358886322,86.63350277089431,304.7417971038177,1333.8986193388532,905.7165357861678,554.8237825684647,1129.3298677712196,1581.328078959615,237.12450667277133,110.37742076780775,264.4702010433996,391.75790943873346,335.21251114446443,333.5441135503793,503.62198128532873,303.3651563387172,40.21731487569135,44.462157385751205,14.484171543782221,14.603172497887018,15.999442851351718,18.65158999882993,0,0,18.534948306500674,1.8385793302442048,0,0,69.17188985080095,569.4229303225198,178.90258978182538,29.07570565335127,291.44371217359515,209.31498065276884,34.96413205897362,67.93923325409727,0.6664378442693449,21.64322513402312,2.320043830071894,91.14599282761984,5.3564091124301845,397.97544288533277,1657.4944904168347,339.82979648462907,221.15609017298178,14.442256689981315,0.6336333642209662,0.46345968618871153,30.850884520963735,110.08661410940603,0,0,0,0,0,2.8642170065399966,173.82543522834004,101.6775157859099,928.4880460079837,1109.2096456472343,228.89995928549703,752.287275931291,16.190318888666692,96.75540100198285,37.72783535007017,131.13438633782283,35.56174018996632,162.7489325491715,11.093845126757987,22.02750479267559,9.914764026840773,151.06703963510387,6.362313442520173,0.7603473613867412,1.703443169942664,202.09484396636714,25.034916845411605,36.62584213294606,206.4389510325162,686.437461055829,444.7554731787119,655.8496420588388,431.1719740767434,196.40403476315055,114.3312952042275,6.972863673247608,130.46890783108356,1126.6061669109833,2204.058747490333,2798.488986309332,2504.9703959525677,1568.851568283358,167.22705064531542,6.452885285126654,0.014712624133369484,1.3872155119479457,85.75804276374029,423.5007934481434,13.622800704941321,147.0126067655198,8.579622761694475,3.9172527139860627,15.102075480626374,59.15443658825656,8.144876869753201,0.010201264259724634,0.4456843511023396,190.71384911623812,14.328425800484082,172.8507770739849,227.48384804522018,3.3105050353289824,162.93490402897837,0,22.418351073196572,0,0.9125714985097533,0,0,6.3599895701519635,0,4.98998183818276,107.58197918227837,52.09953725608254,115.5893722074784,74.59894760705426,118.14392668214349,0,71.8397351074717,102.33416596636373,0,99.74682281355132,0,0,53.616723483327355,97.29783587085626,100.44601074519059,0,0,0,10.5896498425116,27.016175186105656,34.76819958393197,178.74124053977008,17.968879179117756,0,34.86191475123641,4.743489101736503,13.909085710114143,389.83699737636493,545.5262799208314,536.1404757269693,495.7148486027161,361.60148332941094,301.0935412895623,83.57599867703766,160.54079288435693,276.8801367250699,65.93778866988589,152.67710124801116,108.9615513130495,43.19324715632212,0.6673366833735948,10.569949483146738,0.025358614390301265,0,3.6170466301794706,0,0,0,0,0,0,0,0,0,0,0,0,0,0,0,0,0,0,0,0,0,0,0,0,0,0,0,0,0,0,0,0,0,0,0,0,0,0,0,0,0,0,0,0,12248.202933330589,52842.0099383059,30820.362033588324,41.427471410585945,1713.096890533395,65.78670319151152,50108.30509343255,33.54073303226828,402.33630866339956,32.83689752779744,39.73172742184401,53.63463572483681,72.68284814085116,84.36195511076772,44.71189515959919,545.8731143003847,7476.161740549439,1240.6603645614475,8999.812882476914,1062.1146608001065,2446.3920537019544,1748.7048250045502,3802.564299372307,719.2160955923134,187.85921975492687,82.24739477284537,64.40811234263886,1586.6704733578129,2323.502606781794,106.4683938507076,124.73247926191593,231.992231941983,105.71353419992418,226.54430406047538,186.92219220412738,171.5900163986547,105.90538202399637,127.56134493064394,248.80804547925155,392.6395753868122,329.9239969266491,8030.754670148364,4285.143482293211,81.01262879592865,68.58281989974981,76.98621643804688,1518.3036694969358,1469.2429940628658,129.3589272024179,189.52531108308585,161.53162880880058,0.6146129740908696,1.0288401387475583,0.01119232910516514,6.290843189393048,5.315889954100148,9.211867496339252,0,0,1.7322941158293332,9.421557836107397,232.73906892665582,93.2456948119244,43.6832012779177,182.36476986303182,370.92148271068515,395.77514177986814,59.01792299634742,68.68996782735735,16.309923473720083,346.86372907234625,129.4114989320187,0.00737149827270987,0.007553329996660604,10.693436545052938,7.157638414943632,64.57736583899049,3.2109112541423324,0.7552933126516288,88.79664892794345,11.189789020330094,1.2862517831873348,3.7597269179378476,186.6612460689915,55.25677439073568,155.02590811154712,405.1191054411928,553.3622595908815,915.2592399988473,847.912097011075,476.89160268639466,423.76790944199706,1223.198537826696,802.5012337247709,882.4171787043613,889.1744102976522,493.3701056080635,524.3629154297182,898.8312501573886,277.64245469643976,1069.379538167318,73.99865812525188,132.5417251431024,0.17333840106472947,128.10612196217463,31.45349659973158,8.831778865057782,395.3028019670694,88.18492994506038,87.06958626583398,293.9663934566049,421.34074237467064,737.6289024764139,783.8568450537189,67.1808186414622,1613.3923670073445,256.5579168572623,16.90166706981327,7.757860722285933,93.5293052161995,391.00290373821827,621.0898450973847,136.8616951412278,45.90243424382192,121.6911687506127,992.0207063943294,396.15038421879194,453.66616892578963,246.39502512060724,478.0242460062594,274.0513349524659,359.9881992067169,596.1300491489762,1436.2943531326769,670.7843405919728,1619.99020699119,1725.4596073745358,2034.6543723526443,1264.1175799602468,718.6091727811562,1448.9793995095436,816.3824899163656,632.0480103178943,627.7831521921103,539.9868820608602,756.3630213651182,310.0918529577654,188.61832351420074,0,0,0,293.4490393433582,17.540479255960612,617.4779811801259,186.42973458321015,130.80502595349736,462.91546885912726,79.37422357473494,134.34038020898953,763.7090551336898,1014.170697292899,858.4194315671803,865.7533443515972,807.3406918539864,492.68720776763104,90.2930842903733,91.02017138245978,255.76823221891098,0,201.78037243012056,2.5073451937722755,0,0.7473967011163188,26.505664969522773,236.4304013312125,8.299179840338331,0,0,0,0,0,0,0,0,0,0,0,0,0,0,0,0,0,0,0,0,0,0,0,0,0,0,0,0,0,0,0,0,0,0.19786378560974613,0,0,0,0,0,0,0,0,0,0,0,0,73.95359490995666,0,0,66.25576320979725,0,38.91599445263461,0,2.9647370073035897,10.945954400900778,18.311343060143823,0.006447394173568445,0,0.13214863571278698,0,0,0.01047647065741723,0,5.074417480189931,0,0,0,61.400534357387464,0,0,325.05608268159557,0,0,0,0,0,0,0,0,0,0,0,0,0,0,0,0,0,0,0,0,0,0,0,0.1531414320710103,0,0,0,0,0,0,0,0,0,0,0,0,0,0,0,0,0,0,0,0,0,0,0,0,0,0,0,0,0,0,0,0,0,0,0,0,0,0,0,0,0,0,0,0,0,0,0,0,0,0,0,0,0,0,0,0,0,0,0,0,0,1.047871770316361,59.5489946365422,1.67345922302036,0,0,0,0,0,0,2.209667590117032,4.112890248525749,7.398657683735745,39.645559550451665,425.9452082478393,368.1271450772035,462.36632586261555,825.8823788242382,69.86376497647487,290.6807810032534,415.69355694406624,79.1161072125259,139.8613928448474,105.20262585851765,147.54918451494615,9.324480515389554,2.75913529691549,2.4230840390185326,5.774550857266919,2.412892858080141,2.11256551145974,2.1198537099507546,1.8926610018904648,2.1485313284464396,282.84640347099713,7131.884891940692,3500.863755564147,2.777364054177321,1175.6365932039926,34148.62722300981,20764.105865566326,10072.209052419952,2.6005817305289156,7.860923662316287,1.6715783380287705,7.701373999553753,2.8331737711252454,6.57086741469425,6.270314703333944,5.24840775982312,624.0743307230516,10.251275087399296,52.22775838803304,51.80157565337199,7.09958059001042,17.695320727696227,1.5241977625383927,0.029353016235411103,2.861402473943943,168.01967228781157,23.980008338843316,321.77950136053727,21.24361313000526,138.3778417304077,44.064518931087235,7.614921559461764,965.5777018964822,107.95448091154375,2462.3148408620755,1897.2284997861375,550.544032291363,58.303021827514094,0.0658025976666307,0.09256646063904188,0.1543644285914486,0,1.1134201053696529,34.53015201522667,1.4267705461982592,1.2509203034085608,1.8748323197174992,1.2375033300847083,1.1875207499122455,84.10421551050375,5.661070586450092,4.811358202586662,0.9145939960125427,9.224044197638179,0.013219608594759548,1.0141423112157553,1.713094805092062,1.8882657264370264,52.14862487732853,2.246071258101486,2.3355008313564958,2.331037508001398,101.78431450836335,33.84513639952902,72.44327536564782,0.019673550838939773,1.8912053215614404,1.1755645552692622,7.484851986303135,1.1855132032920574,82.21447653500013,1.1757793727333739,1.1683605724560653,1.176017751536734,1.1861065501269572,2.2447161942647726,1.1831241010390383,3.441142171179802,3.183963220544296,3.347791459805984,25.05894583678933,0.09172928288234225,1.0403660317397623,1.1775130088269667,1.1521978599813283,1.154061333672389,1.1493430198587358,1.303682436902858,1147.254894485733,3879.2667320506657,2264.2736134236793,17.00097808979285,3117.5741923668056,657.9333749678166,1.1788361404250172,1.178666564952904,0,0,0,5.5122628667470295,2.3497494533336,2.1982602737207864,3.4628794918830335,2.319537739328225,1.698696782051604,1.3966607491661496,2.317230546916659,2.3217475148820976,2.3226069547662718,11.601531731302474,2.779586395100296,4.369576470602549,4.5777790620173,34.11682358123859,2.320488323078009,2.3670638066177805,2.322240468606312,149.07021851590378,2.349800107565007,2.396162171290501,3.5848500417425178,3.5572777730116756,2.3182365994540377,3.588498594956733,3.456817216300948,3.5520600844411923,2.313617816979067,2.3123679367995056,3.4350864243571695,3.602714025466186,5.638844006515517,3.5535534108791214,5.828939268712056,36.29428702739385,5.966351933240803,3.5558339934313548,46.570512362132995,0.1213029217088978,3.5079312178496775,3.3116799974001276,2.2120402009784,4.142680573132376,0,0,0,0,0,0.05320450015834521,229.5899431753477,159.30098482141895,585.2882467568799,9.960955690049788,6.66821980684119,109.97267927091885,93.76379594156644,77.29101599112023,434.15521209902624,8138.918832856339,8662.910360359263,523.8410643025667,19.29009601873462,88.43954089524746,153.75415184105782,157.65392559323465,23.01453474219569,7.203306272145339,12.853994561302153,0,35.05864295338602,19.86412473258406,8.122521832745582,5.914336017504258,5.549186297254945,15.201860679393038,33.161559294042995,17.75693563149474,13.337596094811575,22.690238621821514,272.4072027333819,1876.1030496639503,739.5518399146961,39.108928964728904,41.20595305201982,43.983009237723294,23.54659977696755,1100.0710945276521,2921.2914510072815,67.05071545609226,34.65512451174609,790.1218782806685,31.78735235696221,25.519940621793513,45.26954449732585,27.5753595811666,11.092941496784523,22.59058991068246,14.766348799095526,119.58823406829255,526.5674706303785,132.32272394452863,802.6405495315827,11.690741394827024,78.75428894473774,2154.795731526507,1113.9054121972672,1714.5525108888523,2406.3623395685904,4710.987978265843,10594.402227092383,12.92792344974454,11.122670712671257,43359.8116879385,41853.65638294512,202.43643826665595,10337.986751758415,16.797743678192646,5.169270219208626,46.46306942913892,48.482808910738214,354.7157715381703,1219.1298822630567,478.0327043669254,157.9981513224456,49.288375021510035,153.9779665409084,557.3036774612522,1751.901937379507,33.796151202233524,600.2565895205893,31.63585471162723,33.967391787742756,27.50227188095359,28.4852799815928,21.996846616675338,7.512991980421301,16.36257910110321,262.4003534766667,32.05400908930479,23.326859793546454,17.596600033242172,24.014022014931147,49.53259384251725,31.199436861581123,19.527718073463273,177.02558689448813,30.291622000663995,277.35433190661973,45.92833362320121,26.400536706211643,41.78498739231458,336.3517358233079,53.463318691588185,77.89182740200792,353.4868761553616,18.032056153477928,107.48728931001216,37.94103141451656,654.9938328578626,395.3645428596699,46.33788131266107,32.79187509086113,57.71543605735651,202.7137815355181,218.37751826331757,139.52451898298676,38.5679281366394,36.48285703736504,43.257608993714804,38.36253010182629,45.815593649168825,41.78378405921808,49.07826820341848,40.973763003053875,238.36249394769953,120.75835787273174,131.50410099348167,298.4318976312014,146.89805284019855,3.827677139977877,18.29811803436131,8.902371097520064,3.5323790464693015,5.556800585296206,10.41323452608098,527.7745349450814,231.95744197555908,24.104709933509806,6.017801302781722,20.33727898462675,21.106780950405913,20.94900791320063,6.5390558589675285,12.779704668602305,17.18286816064463,35.2771118248413,144.8090068230241,136.76488184167363,15.156133477478035,55.83922656691546,23.557079971510724,187.24730696939707,3.6255803686099326,10.711736256665917,29.220901975615863,30.74274082697464,18.805480539587517,13.497572476118135,24.776789038664372,28.906099512904728,32.265937716802355,30.610156133711197,16.63748522353557,34.90118071157333,10.399660438878353,26.315814342841584,32.17082373847871,34.129523902296334,35.63690919526565,28.218177902087593,25.51963574118668,816.2841452928491,160.80188154673672,73.17533391075948,44.35490785409777,34.594918134108916,36.07011058860096,30.606589101662685,60.83375145420785,40.13806215935772,24.13180691043697,30.15204142809818,27.750210097335103,36.26030622240488,63.659868577091416,26.643652724070645,1715.1371028617089,934.349739015456,1005.1355627158389,165.66805113781942,586.7115211371408,22.646425156440976,30.02628278703975,43.914328699242866,32.82228150678146,30.71575036473814,45.357680940005764,1820.1495330763094,34.82105961951961,43.38312824955585,36.21173814664686,14.916791323320304,31.615762700019143,264.65698006132493,1185.2134250696042,551.3146232487006,44.808250603894116,54.280626837704936,39.499195463474734,986.0390932853853,8672.37457739042,3801.8725784003636,2253.529183683718,1735.3334530737898,1875.6594638251952,106.67970115479677,57.76201303070471,42.56481026414359,65.52321731866843,72.39546361622776,83.16776736811887,117.59423434433732,280.12713583961346,2986.775726685052,380.5764814395535,84.93464405172566,110.86630743792176,70.17008720697275,70.03258662365859,39.69018426325767,1363.064326371403,1295.9958361721415,34.12200271498148,24.329075919267115,21.975587080282708,22.9867897909094,23.623046824875082,25.76774724477326,38.03882542133388,35.858151131110795,36.57573650624566,82.26161260080329,35.642729636511696,26.208641620842517,731.7605815365049,248.70842823526831,90.14992760001965,29.714193294699125,25.329903986760886,46.97383754775394,24.92858565311478,168.84379060451394,714.4183306825677,55.245169635147825,42.09787757867217,86.15020955821763,13.151643358612871,162.49654220685665,17.846077604890123,19.16591553017587,18.68968445839042,101.01204187533165,41.58497055430518,135.77367862998165,26.31505329097984,28.750551616079107,31.36641111931394,33.43967356934995,36.3694772175454,66.31727651447896,38.444243690777036,135.48159295437645,31.93548128068065,342.55506281429393,437.9707712717219,87.17568171385228,38.020099114958306,28.02408151508548,34.7860599336248,56.71219615097748,735.6021450293792,623.7612409564808,370.1199735869514,28.040581595736363,33.04756505184499,379.92012065927815,12.74394010036064,23.450449414748046,29.1635317342422,237.27900621120716,18.667617514920504,335.82533182583234,14.955994385234995,22.747465513092745,27.043395589364884,27.31798367958885,35.588053495340525,25.670270554889445,28.192498281959363,29.28949644202224,91.34070516873514,50.45711842562551,14.18135100965889,20.293612940015876,14.498905500998978,39.61751012019272,37.72833536371566,27.21310556043521,271.9514965883522,670.0483418370939,41.42002462066211,28.603837022251035,359.65494914226207,1394.6802875736103,92.36979653245841,12.133574866998819,20.087333866612024,15.789530043947517,16.66253985707584,17.645606373471306,18.357553455277177,15.26389354732024,542.5625437284043,65.80016018395165,38.535650062028324,245.44873256786,45.183541709020695,326.81484770209585,49.724016434358504,73.00330329366837,69.52667044314828,62.94160143869303,38.86967075847085,27.570268977840225,474.10538948527267,33.62366512169751,82.08659543004765,29.780733722139285,29.64251938556881,111.6494739858825,19.097383182754132,19.448901852283175,26.474559788507808,463.01830987381067,230.91155024683096,117.21421643797233,26.19587143743086,32.960386697103864,57.19999316875881,36.767212879095304,1080.050006454122,1833.8533435292904,62.75450290416617,31.28722743430896,420.94351641988317,4754.430349525103,443.78220051201964,30.898792011588707,29.53793002060542,37.89849385063791,42.60042558223551,22.857089903020015,26.109472446685192,24.898310668271765,35.386732100860605,30.628546266183886,27.11788798024024,28.84728575035787,28.245386041727468,82.48414236301,27.021254916781825,32.360276179497355,26.724164496143345,34.39991230687796,1552.2470086899752,260.40960604094823,35.13281036449357,30.952255570689527,37.21833410866617,29.227240044151124,38.217943399307025,33.80235983797665,34.466704453735225,31.68843062707882,181.96796314680896,1255.2338147821806,648.2133276856332,32.04355667823944,42.621527569453804,95.42047172450766,32.70522793467259,30.402833195846885,30.869388175954285,22.430325646503125,21.587797012368092,34.01656215831963,117.65755658496944,289.5782296112292,29.45536522666439,347.6899083522078,305.38507009468145,46.21231485086125,23.941721116445073,27.26337358155777,21.712216369131013,24.903470516380423,45.55308227831896,28.54898273853522,64.33905314147684,30.669988923271944,37.64156171057719,33.34118222166461,100.77853818574043,36.95993876008765,139.67103024257224,28.516000902438897,57.023088236727865,22.131558318753,42.679678955664734,25.078996736338656,89.24378398968304,34.106268155111366,49.58373406540671,32.62727646855747,25.364344964021935,31.34140472988157,142.9882177634092,166.51968116967464,45.10461373469923,20.906427109778797,26.705212804878457,20.396849422115416,33.12375387129485,27.44983874302929,29.252617795765516,13.422319191615543,29.209304905606317,189.38179900116302,17.005698379793746,16.888443068118352,22.089448801231264,28.31977334930693,17.262662292595234,36.13561423206614,14.67185684206869,20.02440754307883,29.17301856383379,15.11784798805919,19.48376135890778,20.47840979971373,236.42912267087823,397.43709768351704,386.02527278545637,75.29312682672273,109.8283689117481,677.9331159351935,441.4462577522598,70.66126269187819,88.65436523760195,96.268067201896,3.499754229449627,2.8166396389086477,4.152142957619365,7.621124031170368,441.34156841981803,282.7435300038873,152.32068735834255,40.90103224215969,40.99642050299964,334.9657648070651,192.90232766753792,171.81764665491323,461.3302037855435,648.5201318175858,863.0585199381524,3221.5264100020604,2482.786893407507,738.7427520321793,874.9449148132525,661.0618531748185,415.39196304434375,166.32765218179586,389.4023081830137,233.0761893901379,21.074012615972094,15.439194813959697,23.6846162664279,123.77507112210156,89.36658382166999,57.853464382154364,19.63368251306354,153.71244517627235,122.21903165508863,84.18364928016021,380.01777146662886,239.2309388300309,74.29623034684667,31.838977016931743,123.16224657790117,77.71663372133318,145.0357280441727,2102.696572409641,3250.1236513618524,1843.9990583925005,401.258173913005,288.9686024540317,131.30906067040033,57.758380722789,2592.9421433997627,871.954176581056,799.9405937340762,416.71476456597577,1518.4871287403764,3889.08921428278,2211.830424907828,3420.4528001144163,943.8502188251581,3260.122540442695,1700.9789962630703,1289.7233425541451,444.2158084033726,66.39242625250245,2.647518047451484,1.920315946295318,1.7111838069330936,39.549439070660526,72.2828094035844,17.520437138229155,28.20736014632946,156.54454825588974,89.82613253981388,95.70823565192639,82.83286312711974,122.06235743157842,220.9327130083631,175.0447959109281,149.8236938645382,34.591178758263496,256.83709929791746,116.5156358203199,0,207.9021431429538,10.537752548981475,170.19516450889424,3.1164354912139145,3.916707983616596,163.77937764059584,136.15104054408863,308.69023869373336,166.0758546030672,135.76529639701045,208.5324904138827,202.37316237370402,177.67543360909772,516.9922983327941,795.3888505689674,322.22243758835134,444.77854501482267,42.6210640218192,5.586595888934131,647.1909668135106,192.00979769028734,330.3573403632088,312.17537342951175,813.552108580492,162.35717623186534,73.60559794569771,122.33677956789604,110.41175613312284,82.42845618153157,81.05797174163176,96.3423132102897,119.55529430281824,333.27067607731465,148.03447062272267,136.55040963690547,72.57365593540494,97.36309655803392,396.4045199535069,124.45017255676952,167.6146927187847,137.72366130379643,169.06509652641893,425.06039076945893,315.7570447882678,353.16307763207215,333.8135544630134,299.35487334064976,334.8821103159708,169.21755964939652,94.05808451358583,210.17291226217162,21.41094099473982,0,169.7665193867228,1638.759244220888,405.8065326772604,67.77587779447154,1.407749623291918,1.4348883941354116,4.340088598553883,0,345.8139132336414,135.67587031434985,13.163066797616976,2.03085591788421,2.3712225534049107,18.100044585516272,1.4435511491899378,0,0,0,0,0,0,0,0,0,0,0,0,0,0,0,0,0,0,0,0,0,0,0,0,0,0,0,0,0,0,0,0,0,0,0,0,0,0,0,0,0,0,0,0,0,0,0,0,0,0,0,0,0,0,0,0,0,0,0,0,0,0,0,0,0,0,0,0,0,0,0,0,0,0,0,0,0,0,0,0,0,0,0,0,0,0,0,0,0,0,0,0,0,0,0,0,0,0,0,0,0,0,0,0,0,0,0,0,0,0,0,0,0,0,0,0,0,0,0,0,0,0,0,0,0,0,0,0,0,0,0,0,0,0,0,0,0,99.69635563732119,0,0,0,0,0,0,0,0,0,0,0,0,0,0,0,0,0,0,0,0,0,0,0,0,0,0,0,0,0,0,0,0,0,0,3.47120347402564,0,2.950419072041637,6.085060188018549,0,0,1.721194988723195,75.62948495665022,11.833003710845572,120.56973221659737,8.72283458465221,38.985346948045645,0.0832934375762139,0,0,0,2.019336979973085,4.853356592614396,18.519216735236498,19.49939918445611,12.518567605296246,76.08085947733086,6.114160605694285,0.9202371135820518,0.45947590053972204,0,0.011381749070123926,0,0,0,0,0,0,0,0,0,0,0,0,0,0,0,0,0,0,0,0,0,0,0,0,0,0,0,0,0,0,0,0,0,0,0,0,0,0,0,0,0,0,0,0,0,0,0,1.472253394380201,5.997653688248903,24.6446245518395,48.7819824866101,55.62309196342525,177.74511106032693,59.3044203141513,138.0452863891685,249.98953778408222,34.129673348305275,98.32204507509205,100.27774781024499,47.22557760899867,112.95375784547468,34.71164628649766,81.67346066137361,6.470632133793998,7.468326052094061,77.14885930395141,3.5908732609394507,0,0,0,0,0,3.54524753741818,3.0729666402302906,0,0,0,0,0,0,0,0,46.126821511867185,47.617613806599735,0,0,0,0,0,0,0,0,0,0,0,0,0,0,0,0,0,0,0,23.824896472264353,530.6981540641389,12.263711175481726,0,0,0,0,0,0,0,0,0,0,0,0,0,0,0,0,0,0,0,0,0,0,0,0,0,0,0,0,0,0,0,0,0,0,0,0,0,0,0,0,0,0,0,0,0,0,0,0,0,0,0,0,0,0,0,0,0,0,0,0,0,0,0,0,0,0,0,0,0,0,0,0,0,0,0,0,0,0,0,0,0,0,0,0,0,0,0,0,0,0,0,0,0,0,0,0,0,0,0,0,0,0,0,0,0,0,0,0,0,0,0,0,0,0,0,0,0,0,0,0,0,0,0,0,0,0,0,0,0,0,0,0,0,0,0,0,0,0,0,0,0,0,0,0,0,0,0,0,0,0,0,0,0,0,0,0,0,0,0,0,0,0,0,0,0,0,0,0,0,0,0,0,0,0,0,0,0,0,0,0,79.58958482686351,0.10209869900059054,1.8355827250444727,0,0,0,0,0,3.8256588871814023,0,0,0,0,53.09731369578579,370.5114175587011,68.20153813126743,226.93240794250053,102.3101145530547,434.3306376202023,28.154073010075862,15.710052833815583,877.6520603682072,41.47744337236909,111.88784071652388,1301.9115870499456,5.821381550846831,169.85601482740384,195.18022974513232,38.8865860500664,284.6102874756965,306.458767282929,129.37796115532606,111.52739316336631,60.95967690345386,1531.4939542563532,17.619908731360454,145.26907792743077,20.617403179497703,344.1932540331458,65.8394474251091,32.22823075092751,56.83175610282409,59.0644784451247,0,0,0,0,0,0,0,0,0,0,0,0,0,0,0,0,0,0,0,149.22463826171082,197.01804843744955,769.2938787981566,930.3640449484569,894.8494296179783,406.41979465363596,62.67911295343897,25.275518216794413,0.18988915218614713,179.10234048352237,1.9877371865392455,123.09709744122904,2.659815667822717,257.26002514302775,20.467305287317906,104.43604121950034,18.525424993031468,5.407241122196281,24.047966745450378,10.255116035928939,41.144792713991436,133.9052578478469,2.2295522789335447,69.3839268058212,60.85484672634253,23.801281537848322,194.2937145366324,214.15847782491988,106.38611456325579,39.08823449209655,10.775312868936837,9.085358750892235,102.39759647231358,0,0,0,0,0,0,0,0,0,0,0,0,0,0,0,0,0,0,0,0,0,0,0,0,0,0,0,0,0,0,0,0,0,0,0,0,0,0,0,0,0,0,0,0,0,0,0,0,0,0,0,0,0,0,0,0,0,0,0,0,0,0,0,0,0,0,0,0,0,0,0,0,0,0,0,0,0,0,0,0,0,0,0,0,0,0,0,0,0,0,0,0,0,0,0,0,0,0,0,0,0,0,0,0,0,0,0,0,0,0,0,0,0,0,0,0,0,0,0,0,0,0,0,0,0,0,0,0,0,0,0,0,0,0,0,0,0,0,0,0,0,0,0,0,0,0,0,0,0,0,0,0,0,0,0,0,0,0,0,0,0,0,0,0,0,0,0,0,0,0,0,0,0,0,13.717881467641586,49.85322339121058,111.81409813596797,128.80773310728273,0.4785604881605514,0.4144505561497033,0.1142833070297054,0.15903329802052216,58.345437586080735,4.247515851464731,0.4516323746870668,143.95893815597765,0.9556077886973594,3.0415622126810766,48.6195782412361,7.218496995883035,1199.9513042999515,2950.7992778519,244.3510102120556,2.5287098462481974,2.6757512009314115,5.034515941850948,3.83537429302834,2.0510679757610646,16.655144606034643,146.85164514887376,0,0,0.35439760090490763,348.9053209232441,1.140782540699068,46.61425440742754,40.89930457143388,9.042561065694978,9.36776244548163,190.8613470667419,11.741824667301243,47.16208629854288,87.64243131008324,14.669188273261007,10.762847289840884,603.5981650282278,769.8170012436369,205.57677929028918,106.29636636850333,12.258943461906826,13.51814593889963,25.457719900809696,16.428050941350172,661.7463987224329,10.871704028857128,11.426702401277694,62.211914079389395,301.3484792168754,2537.232228526295,700.7769760577555,1588.7576851584286,25896.07469135675,2148.329350501183,542.0373091091944,31.59115677908041,232.59879206486406,43.473768800821645,381.84201097934357,70.92002872742273,26.57817586993222,16.465584082271178,0,396.3626546086589,56.00182101323772,1347.5829312188223,1586.112329457797,13204.133267827556,1165.0186456167598,44.20167691951453,20.403977564334905,12.702418367328134,87.73620648088368,2814.151226945439,3736.6983934922528,1966.6949905891386,129.4081998607011,170.16456678204594,958.6640599089583,20.260875700010203,20.06423880291588,20.461577550060355,20.657588583954475,11.403455140349063,20.956056115499248,20.310846218169342,20.86084297843101,20.894669614374486,6.589247423636661,59.03422957905528,8.450348166138019,9.34307585335842,60.502302841046564,70.89513517224047,27.523881160518243,5.968525250533081,54.12259666968626,47.841035896783076,16.748065199029984,50.47576865821837,39.04700007753781,34.54710141099082,51.369709327133734,38.25507727916411,19.47978144210329,44.27998960216615,10.923999920296854,42.13099314437291,32.9016944486946,33.855959347708136,29.607612979938626,34.904653521477634,5.759483616637151,37.3976043799647,0,30.539354132681616,29.364553757187984,27.82733997489646,27.072441590856442,33.70483670868323,29.52532058381956,0,33.80224156665442,32.7150923385382,148.25579369493605,3.8620244985343324,4.637778286068378,136.15772901482833,10.386356336416474,13.082893608276171,3269.530087026796,750.0221312108312,80.53388996435243,1.8642355116405873,1.288100192404645,0.016548171620454643,0,1.2705421230993725,0.08963487063127168,0,0,6.741005634344416e-4,0.21325186997685655,1.3114343096370749,1.959252295714434,0.41882216637800046,0.002882686164119296,1.0523662655177763,2.546057070592777,2.7759236121431226,0.5732561460494169,0.0609761822661648,0.09202363551611778,0,0,1005.3429605308902,2034.3221491675126,0,0,0.40594471314620767,3.5189007314960854,5.184569429649051,8.000909272850368,5.151570221219096,0.4225230873328073,0.03876580425137266,0.012869610654619537,0.5499549623166753,0.6680801479983975,0.2312586696110988,29.87572728671221,171.0891779572554,3017.1984469391327,4702.445076491606,2383.9114941723583,4745.923057443706,434.790254042665,146.1106298770794,20.83301119603256,4.335454676458019,82.77721840517464,63.71359833954129,1.3086495047372613,15.867434621194327,758.6105777232558,0.7156576241631443,0.5723380986885678,8.563431226005553,16.85028233362817,6.144572153720284,236.32893578116594,212.93526695534294,9.6637413776348,13.13450225725713,123.67992208313849,108.97039030443268,782.8247246392452,2809.128593347318,146.02076864697455,103.14771194062709,65.98564376013637,0,177.64399013540515,169.5580504479706,2307.0337824124335,1683.4640697535326,1142.92927932485,240.92942846833736,250.54529632206072,143.25930943060985,322.939694166503,251.3784809260749,752.4870924776138,309.94514599888174,259.60259099676557,216.7984254675006,239.37084103218237,724.8762103829832,891.9446194435372,137.6936878442352,646.3179742972469,181.85434412337347,589.6579764884967,629.4601154843843,55.12092313616532,81.18675261512469,193.914765530215,214.80458548536052,47.35421535682201,86.33468876408445,22.42787710024527,10.603850483231728,55.62274196498505,105.51478171828323,551.4022706851846,1408.2909332182032,657.962383569984,1254.5396534011288,1064.9529387092566,18.430848737183833,125.5914926353314,258.5449936717061,84.7297112560509,126.13540295024167,919.6989601019951,376.39970664962794,378.5750696255025,335.1490692103072,18.62008870075723,344.95307352797204,394.4210128654643,553.324694411391,685.6973819399784,387.3075124119476,158.93579929362127,321.34905772230536,152.3205162962626,99.85298483490877,55.52956043411896,414.9485822859817,1888.3527648442894,234.9123555163979,469.5565076290095,568.9613281516195,681.0799899372437,391.287122752087,52.220730249052224,155.14884642983213,76.2791187568401,16.48160136061333,114.97577402361824,77.5419805374997,60.235722528098954,218.04521114502356,178.59651943450314,20.101768556418662,140.07162658940894,21.642124969503183,76.81638692066439,213.1744416703096,640.2301965037483,328.5215253489239,235.61485368190134,116.93862225115627,64.32757224946128,381.7642153344664,50.82616158901863,424.75965609706026,87.64027626388179,1002.5058585972802,349.9201279983974,96.57527670000539,42.895719634240386,60.24404033354173,62.75774611654444,172.44829853587373,220.08749896846427,281.98226239447513,569.6189303905265,164.9631809994346,42.21797049863025,118.86368603501685,61.841102678644795,143.81255006217555,66.38914661994704,69.81475658580976,84.36938903675673,28.178756025294895,55.827702102544215,34.61716623850234,213.8806362914934,372.35174497425186,308.52413299157155,242.75554146001568,343.4949930049956,435.08393752365566,630.2091152477193,221.5147731667597,150.92571487042292,515.2761100002775,431.71765541934644,246.2931710456399,465.8475566404343,222.48746579914013,431.3082378637758,95.63238616888106,256.9216204568591,287.62325605980186,669.8125937694059,660.289444746657,1236.8634297389278,276.5212501244813,176.3153925577421,306.9334347124824,2263.9201710191132,523.8995964845586,735.8006466981648,740.9164484511431,228.21153869207987,121.85769958125421,21.523490793089678,105.79016171669075,163.61290140789342,9.058931001777323,43.262778866225354,80.25696762025835,22.112802782427384,408.5538921516049,541.0513321611162,339.32534512418636,121.87367394220456,50.06488191754814,84.26896212846518,273.17710587650004,796.651656532375,321.9596951247291,5758.052089727176,1170.2332015100021,907.9765208599802,776.2407724792218,252.13124276971942,281.68877048215654,204.25393490945524,315.477656051134,245.55093543566937,351.56348771904993,359.29821820489707,491.73121619687845,601.7516983453926,514.8112578601306,130.47037063404628,92.12900555244305,202.0153056569516,122.5550828365389,120.95523048228321,72.63408715988487,109.42612772277519,123.87591089004616,5.336720740447996,247.46978059136703,120.30385206244962,4.264152560321288,6.246965300397527,280.72190064683275,160.54813669759432,215.6649884938955,210.06365085337077,557.9471055731212,1494.1600897370051,1305.6807101548152,1608.914377432513,1159.2263950245278,230.56785662268277,324.0029862202138,490.0368404280453,776.674630537389,1373.5463388593969,529.9565580887332,276.461406800261,15.743035433848716,122.07679664290832,475.6934486762863,94.03469553592933,205.6854501069384,863.6954815700146,210.4299128324991,8.855572181678946,180.0395602455933,1427.274019809821,410.02246782648444,66.30082900564581,39.084661491838965,569.1229002683178,193.54965332639844,83.81053049608649,105.45738255200651,326.05648757836127,76.06988636469447,113.31715890234504,338.2884999208093,286.0013575776844,624.1564228613748,1209.3698958548775,1054.4051782935464,3.8540613677024704,8.906249745645608,6.727098071433625,48.59622859174681,6.569756593730911,6.534337138857459,51.54165920265627,345.4609919634558,876.7753731808561,1702.6619662711141,4133.129386408412,955.0852602855238,7.188642166213787,514.4251249473822,13.93135706234346,631.1572525428509,43.60527578555657,331.14023198087244,48.04431109356087,73.19570543374574,142.66688543141927,13.284230396176381,21.962494905128747,184.56778389066704,84.69257973473464,219.5680230683854,144.72020145666298,153.94518583057376,160.28730032968858,11.35718454322499,9.240526967276177,90.25315448615238,0,0,0,0,0,12.628303149367897,2.5129200422690174,5.850517382382269,3.1677394434885606,18.28876690740519,490.12718541765634,47.298391545553805,87.13698147483103,8.646714652988958,126.55616186667801,35.65034394956937,306.2789582531274,2359.6913240283507,1128.9045242117845,1236.7461099290188,818.62707035717915,742.86517333983,263.57185706411224,241.96575484715586,424.2387546224371,389.7352557561393,288.6653808623541,606.6896808838464,561.637451421851,87.45344883879945,493.229666379846,1335.9539271302995,794.1580084734811,96.29182328374294,71.14605203124462,69.01617026982099,78.52848590796447,37.11513335802198,76.12162930078023,34.050325504469214,78.12616304033108,71.11274990745758,107.4682174825992,95.25680050948668,230.92779462925245,1713.298890184894,2243.6915635325217,2817.265001184019,855.8641811022297,763.982159701905,310.2510855588602,273.1953507022593,1686.429669979836,1228.0791207475907,1662.6763186738385,223.01907240190334,156.66159225718602,154.2995720354792,90.60870422715784,930.6404928390622,235.28156609070683,117.56593587769261,181.83466271958417,591.3453932341763,175.47037509460858,736.02413616440106,354.90745925119893,146.21565307431015,2430.714499851174,1144.165338160415,1347.5144336148255,1300.1122717087846,923.7576643995362,2058.909456212002,935.1419288188354,463.78986868547065,922.7585557068066,3987.0043239679894,891.3533706077551,574.4519504208664,11.497862287580988,45.76017570064965,55.051972072786405,36.1330720857271,41.395087858178755,35.91928455811726,20.991477925696984,7.9655436535515065,143.349564930977,4.2334300767237005,30.922091949584654,4.980610588175866,222.54638021215973,667.8736749901741,3342.084470179205,4.392720700744234,23.205920700641006,1.984450485665784,39.90307757769691,759.9016981739488,988.8424464935497,891.9249870375409,403.00611337769607,371.07697301292734,22.88277751078716,556.9582513855328,1183.4170745625972,756.0162947799142,2574.166112841082,1253.5771015404684,2077.8239050307193,655.1577517236402,1019.4065209162985,1043.0349625633303,1737.2411391107498,2728.932779269132,574.304056922288,592.094339485218,2952.4602897581103,1794.297594747491,599.6367102458706,1682.98375765488,1819.2410394302651,1045.8294346802165,1976.081805541907,3098.3790592515434,468.14712348495715,5001.696790703973,3990.6294506329937,58.52187167212592,2038.791420183274,829.0968028238632,37.588138756135315,1581.2504345587975,1755.1171909812201,1330.3565461148744,455.36985730790315,53.964441735800456,180.0595099690607,151.23802822927604,24.06235860050377,71.32757173436096,561.2127364237358,1258.9321660230978,875.7281395245581,22.951226949964216,426.8752915087669,8.07874538590779,6.479833187991887,5.64094095492214,5.690354803764301,6.110532026989816,5.575728383113343,9.21504125927974,19.369865223006983,22.320016013775138,16.028278465676724,12164.68638891245,676.1903820766278,3281.501111210632,591.9186354552793,6.9228739386009535,61.95717127051868,116.74520681253638,130.61199859255888,14.464210829417418,603.5253345983723,3695.016111815496,5223.797605318904,476.2909849525345,78.97699520413941,105.28985666516202,2480.7706143606115,12539.823044210229,114.53973275563372,2596.743017241879,721.0634160063247,803.630924650483,830.6485735231669,33.51732395164419,411.5184487832668,56.46535073583145,156.60688734366155,10.130530240439871,324.90553795952275,8.587466256741951,4.97175622598045,4.9318949762359114,15.196415718385948,1.6432591449669463,11.302280167878145,40.93323651082796,21.405670669653297,68.18235651104561,21.911469056361973,69.31578352988342,684.8600892400979,81.89890126124713,59.788775896464955,582.7406070030445,19.752858120703433,21.612549408868322,372.03317519828505,738.7307736313165,200.11737451816987,21.53702089093143,134.53309643672503,156.60074869180582,41.910149382297085,52.83711435246165,456.4770483472089,79.19497764563536,198.45754681500955,24.897556573442525,54.53037905096902,147.66508632382477,271.7823711081095,25.41771274679416,27.16146129507918,26.506228521626166,30.89572119682349,161.5325872423486,288.15194602585774,224.36466901402414,20.557477489346507,268.71660547977007,36.028059355064855,68.97251036002378,98.22189503757411,478.16665488887344,339.9536779166437,6.670692327347637,31.55961877990673,95.41541081545063,35.38615042775176,5.890645815245176,26.378114120468556,124.41328938624126,272.67767144705675,84.21355859318297,182.69815528695565,318.56128378678414,1189.242774485009,5365.283485536663,15761.751795138089,4572.9680477217835,464.0152082671664,529.4879182919934,473.04602889687425,138.4058075082972,194.40717219994548,199.0489659981547,244.79019111992218,130.52933043507545,68.88609613964567,49.66355731412475,231.76449292700906,205.1201838141864,99.19158649480616,20.219023347634202,42.01003348357023,2.3069803737194414,3655.3326921011535,7.66010858097489,4.740129335179164,609.4972166569501,56.710130552548975,43.08445475127733,43.47987620376546,0,19.494609260340408,0,37.38483107698881,5.266236389690114,22.312142240424894,23.61070093395872,21.674726881872168,22.891880762302492,21.175719163704645,23.532501917382035,0,0,0,149.21767731059106,49.75669009291105,204.52979074551558,262.05450866829153,122.90000391039007,55.34954049804698,54.52103178691564,259.1962878382205,247.89830945759226,354.9559115257426,322.8726450618,206.1347008070812,90.09734623172017,55.174422414648326,77.65759929340268,124.89633556540952,158.42706507966986,82.55367679259795,141.40315370018496,134.813113776326,483.4626927557397,776.7388318075244,138.2126466640986,421.7508954288159,22.442314458492532,119.25519643682158,610.3182788434287,140.3676509673472,174.90875082393373,819.5993670725878,148.17862794602718,716.7032890960041,833.1637694131682,835.0550560941051,1095.4944680231852,2891.681345028669,1297.2859018846807,3582.3400506812213,767.3803483522601,507.9086163149488,294.24636938501396,873.5589404093433,377.23172592659927,1506.1374376575623,0,9.04276763245368,9.809208956540374,42.85804895171479,25.96249482470016,629.7974378585858,40.17519398082032,34.594366558977,22.029242479451007,163.34344292681482,686.856125233485,536.423207724836,740.7671250507677,2421.214899916019,2566.908448338633,14.608862131722233,65.93270200576698,82.07076772655878,18.25813228688078,92.15093516234272,168.88802386905735,66.33368151572498,141.21100837887886,174.54150034526808,184.63162833299717,106.01327809309367,313.24225979095536,69.10593069732408,111.1773490836655,17.807823165245445,8.716187025049383,3.2210380401179357,50.093056755112976,13.756440846436087,3.3248603080708836,126.26900259167614,5.586551527729525,242.7948945096979,25.353070815263184,42.33240899981577,4.789464831168335,0.29462300976458033,2265.6378789156747,2276.9527953160605,493.24645892665956,549.155507217997,109.93542777583109,1237.4775680399398,1110.715413249097,644.2269998659009,332.56487178423095,112.90549997314235,109.4957272803957,111.04879831007183,28.908155285043165,36.39073196394417,45.2865925173822,27.78194090550139,27.412958503986285,63.334674389767265,62.791866226217934,89.41141604273336,416.7553351179486,1120.4179163572278,367.4121188671488,113.38800140848089,22.61683406489817,19.505595140103953,56.423966628116595,54.430587911473765,22.59644721562744,540.2667334189834,212.64769574992405,75.57563736158215,49.12835145597656,36.66827538963857,340.95531524183264,294.53454615537174,623.601931023241,648.7863227496736,185.2756402350481,151.2585062318936,294.8744732016826,311.2646562499706,531.9503799429789,179.98779847967896,4.6010412850871285,4.390381811911155,240.65121442884623,132.28979217165207,0,44.966012511214494,1.9938354653780643,3.2669660333954944,59.77777847478408,489.9849259537852,1199.8771952306367,1297.9629239790952,74.47852008329394,77.29553970102921,25.78560997325948,93.96797974185586,372.4143906775305,121.72283130886622,448.9105660032779,64.62485543162549,65.25367711993248,196.80682502241638,418.2581749731998,70.28165668019976,58.68624632392969,3.6014599129014027,2.1245042030154546,1.7930053336247185,6.21823018349014,1.9143047955488097,146.74701838809224,103.42067032040302,3.3494779957111835,4.387554989331066,12.525284602122492,6.812707736059391,20.034976772453817,192.85339594859624,473.34766414906255,11.145877186784666,116.63698956409107,96.81549218107786,5.362384958670312,96.89385998079965,0,0,23.206105780258763,208.37166481239908,125.77817748041572,6.248782481198793,469.871704296682,273.33616350801196,51.170013470346255,8.140273413965502,4.906625305268978,29.554629066155318,2.8907366349216983,40.2262161014242,3.4826244223682896,1.7713738908482162,3.0305373377737683,1.9857463423677502,3.138414773438125,1.71858446736796,11.11763708561763,231.5979429390995,1.68976074938037,0.5730877492433653,114.17229921769496,554.3244299496845,410.35096701903416,20.11722185425173,144.32342626119296,201.13656798983496,164.47346458423644,319.5722707678253,158.95732580648573,207.93877554415943,28.229350411680873,57.902856370978945,1234.5709658729322,887.5605646877584,3413.1014809196076,2538.4497409104524,2050.2946590349866,2338.9362635424695,1157.5644035291357,732.4686792092484,3.6445739297211155,0,0,0,0,775.5318548314605,0,0,0,0,0,391.22871847776764,0,0,0,0,0,0,0,0,0,0,0,0,35.61559810836149,55.80380507631136,0,0,0,0,0,0,0,0,0,0,0,0,0,0,0,0,0,0,0,0,0,0,0,0,0,0,0,0,0,0,0,0,0,0,0,0,0,0,0,0,0,0,0,0,0,0,0,30.456441431859588,59.92929719026521,32.203090014575906,47.81076891763338,0,0,88.59943939752024,0,0,0,1.0778155450059106,0,0,13.499353234055011,0,0,0,33.21792420065295,42.21400969873649,0,0,0,0,0,182.78964782692438,3.1394175921083023,37.024923659387625,7.8437280397410625,0,18.76914455274412,20.909814656346636,13.667975657497122,12.56394991918757,80.42316997141955,23.000491279525658,329.1836942762402,213.48095268313568,100.38261749774108,62.81926423104921,125.24252425969891,173.7616548374744,0,352.62146948166645,21.237451374206294,183.19085322635271,232.6596030164253,1514.6353241009958,117.79735340826016,0.7604473165496773,90.60228498721871,139.0247225046854,132.42602200764432,98.97880899513132,110.28811857625833,78.54340395922283,86.31987900112098,179.93592228508004,7.503742433471463,115.85403943495483,120.1269909640125,112.60771468247479,4.124593363794145,151.4179079142429,57.047784115846184,5.926684971899607,4.241827686607997,116.5747794121673,12.617525211340315,614.3416276928448,442.298373441727,18.76798130795777,413.97477587747795,320.1705956538219,581.4012812146673,133.4803149647939,568.7265366915304,160.40112237046807,520.715780026681,118.21867087250325,274.07548743999496,427.018739283716,41.74111518129408,690.286079250011,367.7880484376693,37.406672127789484,190.38677511370975,27.006722645231697,15.173118372728148,57.76752199875357,380.30975624744167,393.51856068301026,849.1530047042397,425.7430839160949,482.67614312952395,594.2499409607068,34.9768539363125,0,0,0,0,0.12831721023536086,0,0,0,0,0,0,0,0,17.36146418064241,94.05094567593271,121.80571673808663,280.7077888218046,0.2556041057928137,683.6533951400457,373.11245142414464,178.59078314637642,0.29690752730061876,0.3792252581875634,0,48.3545465014291,38.14789653886338,68.57815457259662,68.95671828064928,401.0152256942554,311.6086473753178,112.3795003857821,378.08381629495483,214.40971456758965,562.0451296728322,765.0391312059584,1735.3169019161842,1923.2354590767518,1345.0252839002128,2100.9331552095173,1330.1366160508423,239.54842480399412,1323.968154645859,1482.8980332882666,1502.4350381901722,809.3770393200926,1717.94717692195,0.21448153260787522,34.65754946561795,361.29833739607886,353.7886022722698,802.0240256917343,894.2201273390519,643.2150993593162,7.184084815872541,36.16083023713643,39.625423009563946,20.312573466718323,7.893146759231803,52.83649411084684,0.798888377031847,3.1024955200164173,15.025629589540282,167.64497944065172,335.90329137673916,56.04903267439638,135.77024674190147,981.4019377655095,123.20593226836156,595.2229208685826,1174.0760817757634,40.62172746103237,0.977243221020125,723.4438110235678,258.19440124976944,573.5807278688732,238.8809639703121,274.7217245253856,347.32344040033695,203.57980898633036,107.77300860419346,843.1877237855315,673.3180481150612,775.7626530637942,1217.612256966518,375.4304716217238,129.53222407773924,295.89653348640564,46.14090320812642,163.64208432735862,709.1787255472304,653.8606069881815,598.8440989149387,455.1492049649015,661.6128954441965,356.9198528372107,344.1889305376957,230.71228386328775,410.14514241013825,851.7587499899872,1202.1069616041964,1084.258370845734,751.3761633091373,415.27838971575665,178.70121905301744,330.88394713021347,125.95436411527092,558.0162058729574,393.5149478895235,978.7696904226291,163.6679793120794,0.616038965402338,0.09077303124696136,5.425185991944908,26.590127302981024,39.79978781482319,1211.6047392833618,3203.5815137973896,2768.59499444178,164.66079363577458,448.87413313647005,1584.55390171987,1442.6354812403492,188.34825491598656,484.1565371229569,505.02849128177553,423.8782228103947,194.8557659891998,1482.7997549605223,947.6858574904257,128.88200572511704,102.4091979093301,1239.576868768179,311.7694200965259,413.912915469802,381.26964540657633,781.1372605208222,266.74524815775914,207.04824222590332,228.3314575181934,194.4764461435882,794.4862869437617,398.28503567473814,313.35041160434815,319.54231243812944,324.377782107922,156.11138945725025,163.631114848468,485.5312637690099,96.2475133838854,262.86222853026595,411.0357929256742,162.1553203740118,206.65302814928143,556.0670255056485,1109.651562318841,133.97053002775678,657.0307957100208,45.93901246246716,1305.571006193858,1088.324200274049,172.66178794613012,274.8103378692272,270.3452111160431,1053.3115384769758,1173.9150665241718,1100.6810826529334,703.9662872565902,64.13530177012143,121.58224152247749,912.857738948842,297.90788680783834,56.26139323702095,249.82104879796623,819.8569684327867,4.634679691729745,1264.8227812143189,266.1856077120949,186.59741936696676,703.6459571343424,690.1192647868085,116.62469355480209,331.833194960726,485.6042865916703,250.2805477031017,709.1072487334962,309.6302673383498,2.0067428018169235,195.36770386604647,130.80744563796335,130.77976590443876,167.55049194111666,394.4034457829576,360.56400680890596,744.7763668643488,334.2956907896331,588.945064219129,379.70999107217847,168.6625713572143,4.975652819091026,552.799788808637,225.34006246378982,924.6082946942965,1243.5007450328712,1292.2728915589694,511.50623279361696,341.55130133773054,419.3406506503659,835.310292470488,466.24218772602376,457.1003020469315,0,2.005345819440582,114.41119622182786,49.55233224085493,0,0,24.975202426274276,0,6.303519262090054,0,0,0,0,667.5504070075572,0.01402370579063585,0,734.0619384686881,1056.3470389667111,1696.578333082079,1301.2842080863518,1170.09459487551,1555.475162008341,692.5045126858618,1188.4970384272644,0.34910942764569564,666.1159031851455,0,36.44711601509064,0,312.7302375691433,36.87370398211978,649.9177159713431,0,0,0,0,0,0,0,0,0.21763331393198942,0,0.014168528949623204,0.007927711432652286,0.03922748736350486,0,0.049488138850063625,0.07993317710466548,0.0037369588982623975,0.01595804223700799,0.02418408197670836,0.04021993844548961,0.03406311618046422,0,0.04199557289685077,0.07599000640998259,0,0.01916279195592758,0,0.045012113219149795,0,0.17661323670812293,0.03506781668075534,0.16737777771836332,0.011696070103832364,0.037485250874712585,0.051622552104078345,0.02488371407300503,0.2821333933479615,0.022316081828812236,0.09005014897018308,0.0129994527663413,0,0.004505864052483675,0.011351293965274864,0.0307023574105406,0.012607052639622425,80.07873324634177,238.59520479291035,689.6480977700606,161.85793857274,1045.2359944415598,37.47488755367417,53.60392567038576,3.346804611996118,0.24959210275331262,0,0,0.09522257560760564,0.036883871523375994,0.36095165072166713,0.04442862969703891,1532.13741546025,756.159005325325,208.53211500500146,85.38934599146297,444.8192459415404,57.916422569803565,55.35745483890079,278.6589888017717,50.86139769176158,142.51217118433274,187.62095860180315,70.14381871623053,419.86367342195814,181.54981188508987,607.4297328273788,1444.6015872484393,271.98666358281247,157.02429018080747,796.4306126498492,668.7603318301527,226.14854055130093,571.3532935780519,1771.8825019326646,1921.024560182916,1138.8924414670616,704.1468147468264,405.4634156941766,273.3385137445937,194.84282359029564,152.2929154107297,848.4158360646223,1111.636922793379,749.0965691689879,1840.0788463321494,763.5523761424379,1088.583738296086,1163.426804669725,1135.0148264821605,1425.6481440936138,2047.2874019572123,978.5228867164898,3086.239805698077,1894.6266806514739,274.6551900826815,1046.5656817046076,267.3178443563044,192.83026269631077,164.23621033522772,0.7804303192733945,33.51252030878592,24.66838714368628,37.730589828528984,18.94415515145368,6.282170041954447,82.1180797337489,30.932099943234427,84.02863956554269,2.525120055374879,16.64215535734748,310.55448369080693,22.417335162479723,100.75156324664981,22.15952971070538,210.5451997224166,14.421836892479645,25.58524090837585,41.56862251305185,169.6379414428421,87.52819183702921,107.65340793616174,3597.6662021754723,686.1372048315515,701.8736768957009,935.6104868221913,566.1145025565975,318.01451634360416,1946.0731946734184,1272.0470963038333,477.1052460099905,307.9840809213024,815.8310829200402,1388.0381680396115,1360.846062360846,4419.798523976444,3641.192136652193,1198.1252016117808,2427.303300787141,2075.1003056087834,5826.262928192434,6349.652492400434,2558.1502421727523,1747.2465194880936,1648.2625738034073,1943.139233960301,2288.266979941921,1206.8239774626866,1646.5849765866944,930.6896538287049,1770.722910366452,1589.495981527002,1681.285185053053,1563.9765300115457,1962.5427948456195,4233.461108507193,4306.958714317831,2827.857883352489,4020.816901837359,2405.1837399547767,1945.6765197594916,1069.104414901223,300.17097345682913,911.9826560254654,739.7903902533113,1020.9427401084713,193.9431828417184,332.397583061887,469.95712910526316,481.95690375466836,112.00352327548515,269.66932350020824,195.53817816194783,212.41657309847744,285.10575604310446,570.2369693669235,107.08273499149368,4.1371273269996225,14.53696743056356,255.3050517023845,240.38675521627266,228.89078860677947,103.76015209760662,384.23911191996274,149.60735479451702,62.92644916163819,282.739997421615,406.96172111716425,243.83831546210226,611.8563209659251,136.6670037367254,0,21.743866247085364,166.57451035090676,28.610882807205485,104.02263753054041,143.46466884280778,345.16305803004536,432.988815866728,834.742070908082,290.5705306467578,1345.1024736934698,504.3960223058405,2171.701017289125,347.1492153661435,540.459470198162,911.9060480738632,3641.711805578031,6703.51481034261,8659.947365465747,7030.055048131971,6707.678544529654,8108.652779761441,5950.052500078763,8984.153774434026,7119.947843543457,4946.571235708205,2649.5058038431994,336.2057605279209,624.6701874129031,2068.1387292848913,2283.6657653349394,1606.6513777071953,390.93320413476414,210.17911349512156,462.79500524394047,181.67968074312904,122.43482996605674,1665.1173692412492,892.4484343924613,1292.112443577321,1460.9806755183765,3457.041682521934,3759.8275552994737,5003.006752706428,3458.899311256456,3524.780182945929,2052.9097015472366,3806.692406113944,4233.0011038287075,2195.5753818010435,1974.800586671932,4311.833687848725,2983.797604710935,2745.5531027783645,3244.0143023177056,4575.839512009098,2375.07789300239,2040.4644512188463,910.5763502182189,7.772077733237648,248.49006478045712,73.70205399757373,43.5664462178891,99.35582769183154,240.97101510373525,352.7700338285785,293.2060813001757,233.64102730596937,185.58433217118733,341.4490983975616,353.698626224601,314.33904583852905,1049.0947877070255,267.6404847028427,234.537706691842,688.4190062317339,624.4497882795615,812.8319764815764,940.1062095849004,390.0644792420175,1713.392925175651,430.50188851475343,2051.1705359676403,1185.8644701068883,585.0063989537547,368.5956734664943,636.7018506422504,437.670895406281,324.70340669470755,167.8684974886662,874.335256063312,409.0025951459257,235.84052906995746,172.88033441008116,422.40535040095887,368.7383698882955,347.3695158553466,604.3926607503018,394.87481479586637,245.21370997681183,255.65097802661828,190.2879338897947,246.20364092997394,3415.6053941183955,1114.2388961897757,512.8760923816079,687.670796715745,1358.7702039927378,1376.5925147256114,940.811476381958,1289.1877158149805,497.2342774021177,266.26648994899745,372.556651181002,106.30611279849447,122.80134191408155,340.1782471578765,88.84184380601063,304.7761661917134,337.74860668450935,236.75969790910062,291.0191744364867,1086.9219211239708,440.5054911004575,337.3659742928657,1206.8997290583598,626.4789496256254,859.2864433639041,1074.9278787002688,1154.1835440752902,1114.0965637181312,647.1150568860578,1076.5879723923638,1521.9448021691437,1013.8768935235263,741.9554489580889,1017.5159467345799,1049.055379685976,310.42433205656357,315.21867566680913,169.67563525396665,158.48810324555507,152.81007169774992,100.34938240764586,112.74475269843144,156.32222616275533,927.085118785916,413.2615550903769,54.626073680567494,344.9349571882886,419.0738350094228,1018.8684959682989,1708.3072861590047,1301.576510907332,1243.5436115561924,2140.3762167695986,1852.907596404056,7936.181528188355,1151.49024468487,1289.9179481137428,521.7309668086226,334.1157758854937,1107.8146659289785,2681.9551686664645,3462.745755570621,5248.298161674404,9412.77449025999,4769.940095094106,3627.81103149945,2850.018559163604,1990.8815808691575,3943.4898032054903,1649.629661902293,2448.170790181116,3761.730459786673,15729.302391768533,834.7444450210431,1121.1744165955865,982.300847928251,1068.940235897392,1338.875542023796,585.8203781857472,270.88193877387903,439.7655392704788,1120.9813172510599,1351.7983856958786,1235.8787388267838,1014.358651025391,878.4826450772847,663.9773320919963,180.86508815196058,19.727892689460038,275.2833485581793,309.3519224217865,266.11495139996856,36.462851309436196,49.68063946866556,0.292501185236086,235.6676256694116,162.37981141442015,3149.6172536891063,2623.8260484459033,3238.896852061731,3929.6545738499685,1490.2700674482412,2479.129590777619,2029.9265184751857,1275.782229375511,1054.2861223555178,705.64035750855885,790.8009915352668,525.0523590032863,789.7540819402686,702.8764833657623,795.1615934721502,642.6727209440749,216.5950918688956,708.9500588630806,236.61098877936928,303.6241294570683,212.40631469070377,365.4775697821345,572.5907895756903,346.76707708143744,75.46181952159941,71.074346922249,56.48403199731955,636.5713627424567,73.73725337994611,481.5583097345503,386.23768884752883,272.3219336769934,527.8375472668786,311.7601071650644,388.08069847140695,701.618261628419,959.3795429483786,1931.825145713709,1777.2757947392865,1832.2752359593119,3436.829580987836,607.1461928657875,866.7343771956622,677.5705477368474,762.0944450392342,709.4018415494845,141.33575648607444,74.26952771657236,136.6148323938255,90.62864903453597,83.85835989613332,67.24841418591737,140.93130231879874,2.331812417583038,1204.6259787263064,190.41686289726093,145.22024894520032,46.32035174178994,55.20725523565192,2035.9961960064797,953.3266627940721,1683.425145205358,776.4317451839319,202.80368661276478,195.42744440931742,619.1569162935468,438.541439695619,771.4525076253642,1043.1972898444026,288.978550407975,975.185731995364,1430.4675800197188,1826.0788777880584,1124.3891331576815,1033.5239903928573,934.2322730884221,482.98022596867406,944.3984034393885,1133.776705527365,2407.076904655886,761.1783009256817,329.48363155915683,86.28766663162844,58.649693014423434,45.96199095010901,231.40419218593786,77.50397351478965,71.35781240757314,2686.981963829233,3266.1399069822173,1864.1716834290348,734.0973596679847,1512.0067934545639,1160.3313187282533,86.02326968488349,134.4412312414264,974.3683864869657,817.0289725173662,1915.55949831369,2647.060833030565,1622.5545618428007,781.0218423137036,771.8783133132735,488.9345177382613,280.15562760416316,63.920838367543226,260.816817362169,751.8869076691776,1022.3348961423404,1046.5560747474387,1563.9818947438862,1749.9958287063253,1220.6077074373568,103.07961717028165,1646.8913679961836,3100.2566737297734,784.6575371175327,26.252577634861435,21.998801862170485,90.40295824511836,18.34907641070158,18.46280538829173,29.376423889892763,22.900600774955528,854.3922018817459,3.9461655954235826,571.7860203932793,35.86593649882607,664.9844735455479,39.9842694324308,50.12450176163538,25.258360715852575,232.31916554410938,34.70620402319845,172.87756977351177,79.06152795737083,91.44018369275015,127.39633330377931,401.81671037882603,118.37364150917752,203.2042888579329,58.251844255085764,200.01485223562236,470.36389164054066,286.08508328699736,347.7181327374017,312.95800483581013,555.5667812830915,117.42645053098325,201.3670664012339,56.994644286445705,224.69024895987607,17.233062373314308,35.80182965105266,63.9744187492088,84.68810246387605,73.59430767694059,445.4093864713657,238.5048963138407,142.5394548784546,113.66337664904205,66.663497040813,66.96093155622353,59.78449490640122,60.16203019682477,65.68872019784295,166.68536742655238,52.09187635614816,57.101362340411484,235.0763605974326,56.19829632907222,158.52873513927452,240.76939855408256,564.2017699027307,1814.471176493236,2171.6068698538666,1741.9573694478202,1287.160511714844,181.50492081928465,215.89530865577433,69.00177493147295,209.4016462630915,489.57824001880704,401.36815808066876,170.3552549956768,583.8758091536002,188.39425517344105,543.5973807860116,591.0520516631818,219.6051126573867,524.8359332639714,547.0392815396776,153.735362801113,559.2917781234056,202.76709932909424,179.21694576768408,23.32358989449782,273.3258875954825,190.96848358311289,406.9719313071878,712.130780783424,549.3479667903886,117.41554366255598,384.02368553876073,118.6316265831004,95.92558119973899,331.8770804806356,263.3384530787107,520.3078088176462,514.3646542883791,275.45227220798586,279.238439156283,116.58561971030349,143.40888161440057,64.51472534059178,505.31323507723766,878.5506657379722,1466.642898287509,906.3825744408125,1208.0107467973985,1772.8671115031932,2201.3768518193265,3944.180723281021,2266.7536693117268,87.70746938538407,190.58523787712795,302.45230630247676,635.3165181801576,271.53161214158405,287.9761146340311,292.5041388610713,387.69541488057956,696.7192172911099,310.9677818333997,314.87339168002967,299.3157473130285,1382.4731197425367,341.6653702062292,134.99426420213007,394.8988475723843,752.4575327449481,430.22180373556375,86.31047912915852,188.4397766606938,24.64475787883142,251.36287132958347,678.9219457973943,979.1519908201466,664.96247667521,668.6080938662732,575.2424904454473,985.1268842738598,366.10135385990026,83.54908447379854,292.9468742835018,318.7816670636395,111.03724008335162,197.0923833129635,117.58856534739151,321.5997310543829,387.07638183538774,682.7509798043595,416.499974018884,361.21010726794515,276.8592101236093,57.86214345737383,1499.7140918876166,2150.534142833868,1506.553094759825,1246.398937251621,2042.3979668136228,1788.8312326722591,1346.7748684622718,2014.7408041217313,1443.7781958361836,2181.915251879188,815.3150611304194,607.2282328396808,237.85953194341496,897.5183896621878,45.0664884860279,485.9732094193323,706.5626387342967,655.9463930939153,1028.036573520045,809.2907137032659,38.14281924727434,270.1694143908736,55.51313419707532,137.53357155168402,352.91755007524756,302.3046871360314,348.89655291372515,81.48819170944002,6.539495986842495,27.172230868000227,42.18831667938685,129.32609240901525,664.259973903017,121.54199776575886,748.4257326976364,798.1335264609728,231.16744391699177,131.67536323816617,687.3256116599425,182.8853618233354,61.290187919279006,42.54093722219192,315.5095335364968,621.3754154985139,259.8364926996649,168.32044669978356,103.57878147141805,173.3004285785063,72.21662006627533,80.42241811975279,126.69484271189263,206.9174228038297,329.0604952386086,310.5636223875084,205.09488858258115,726.888881739504,691.8946002978352,46.51950485875504,79.91179348560823,212.17526424478189,346.117107960509,106.92479410319798,245.7402715242454,220.11486441412453,81.67366379223796,90.67462145498955,83.48740928158571,263.681296114657,516.0629300669319,84.56707756974686,162.13002623056897,608.6473769797869,1747.4459607368706,141.115668478557,244.9610759348275,507.3127999028773,350.59144085022587,49.88270212683778,55.20419171769049,248.8309006173767,409.9899537978664,80.29718687403107,203.3248297257587,400.4166934032976,191.31294497714902,783.8397203206475,1126.6018452828987,1071.8367503253116,1468.2698905543286,324.9108342926635,516.2477221110445,354.34885461420095,146.39338353187182,164.82026277180213,667.220256585139,733.5380127060414,131.4429896115876,26.176005919648368,41.163215723847834,101.78451007455068,30.389172933849604,70.1526479719837,9.809098935552518,43.56668237803144,116.61620681411956,139.79461957355133,466.91347700330346,178.06073664634226,263.2041211450107,589.7290769573094,211.65796618837732,12.544577670831831,212.67441628772167,0,0,0.06448375009013338,0,0,0.004425520886724336,0.09937856439761827,0.1704255461964594,0,0,0.02166705346604503,0,0,0,0,0.05709269652617639,0,0,0,0,0.0029634936878138026,0.11883738293939941,0.6498614660264048,0,0,0.0022806262054107735,0,0,0,0,0,0,2.7533467206755993,0,0,0,0,0,0,0,0,0,0,0,0,0.7243186646330685,369.5185735918152,1.6381063745911724,117.10991248515602,4.142898108298074,0,0,0,0,0,0,0,0,0.10066039639020119,0,0,0,0,0,0,0,0,0.06550136348087159,0,0,8.247314142888845,9.87293011799733e-4,0.7439227771066194,0.8845673647271993,0.4222768744017156,0,0,0.352544414099421,0.007586016364868002,0,0,0,0.33385306897212336,1.040436133028339,1.1457328891215928,0,0.007283716437957175,0.573682901092948,0.005254446315480583,0,0,0,0,0,1.0714519168203709,0.044429416504698636,0.08787620632430027,0,0,0,0,0.0630810087116478,3.878052043423415,9.78551816109623,2.4434990448075835,0.34359183430811224,1.173817498724174,7.957450867360914,0.5695498875393691,0,0,64.81215279832539,83.2920352509001,53.24843279976562,39.44945754681536,54.14804358477391,1365.2656938942464,1168.6638414097415,1628.9273738130903,384.36831362877575,1398.8743622693435,1245.7273010615768,565.1998078351684,369.181171110444,620.8560166749625,2787.3423681041295,1525.9666815420187,1488.129922702327,2.7359817745596025,14.300244895305541,3.0760952246949658,8.380923218159674,8.362730715082128,101.06129595043215,110.56244921742709,425.1695968644907,66.03577481596395,0,135.20704265797946,536.3702495836458,166.42210678190153,89.90201203516756,133.4523325146284,526.1503915524535,432.0249974797688,1380.3446797672052,883.3346766401556,1654.0398901026247,7.28123673689713,97.60215803688101,19.256435058293523,0,0,23.350616856696934,58.388062530388595,1.0180695061541398,0,0,0,0,413.0601863227658,0,0,7.336306992508607,0.11333176448765278,307.9284360922843,1360.095003941673,64.19330853286021,1312.3079037493833,313.46143678236274,1319.9098169115534,1393.8308684118645,650.8898521843817,224.5954040867403,0,987.7507362485981,523.192741195852,187.51764371922425,53.54824725691522,35.838805684672366,286.8262528421827,170.19639341701955,361.93519969136617,37.06913633636659,53.26281436446796,197.15626031338084,532.1398117474939,1191.0016406040309,35.46106345471174,6.55644719451438,257.48035218162283,334.92337859972,175.6380904130526,442.1874342982777,158.28276713770975,2085.3461835500266,3002.0441851147084,2808.524046257215,10003.805614914221,2387.056303643527,10090.951055304236,3366.607982111987,3310.976420059509,1485.2771547086656,2896.1421757916837,1785.6824451201876,2003.6037012575457,2658.573065569997,1060.0739166548708,1475.1679301459037,2314.9337564911298,1573.6494948539398,855.2208355155443,345.77245164804407,304.71001154487107,277.1465670665366,420.2669193671454,1301.1366963158785,861.0678191200093,2128.1308698228304,1089.3631136987942,2209.886704818981,2168.61337521668,2579.2870124444394,1846.38903666947,6353.427530640642,2939.0128530100837,13136.684467877989,5963.737536912902,13752.69553268114,455.6421470708396,13.101171920591302,396.7477864655649,52.49615667568461,1881.4072507309254,294.7072726684118,1.0076006044750685,560.2401368532649,221.3145607269891,550.4326493123399,1.7750043835847553,395.5803875287526,386.6331488767181,215.45751143428538,369.5614220156558,267.9781345536317,385.85136219484934,228.96037713243263,492.37005567093945,464.34676948776774,79.91033615428046,615.7583067951674,315.5909355273234,270.1198972551497,262.5815266758106,1.2214641821442045,0,0,38.167122206934,11.657387836224478,25.424794431729588,0,0.7773844745626229,5.442414653164882,3.7792390148611075,774.2143200836254,360.51486637460704,334.01240408249464,12.32939392332659,31.62248721455874,45.15078088610253,5.711222162231164,87.17275289958877,59.784689060677366,110.20988562857299,448.658767939005,97.03293196362148,43.42257693438242,144.19224674606016,281.11059193602915,783.5295388866466,607.7207821042324,922.1246863218689,775.7403318820157,1296.7282282914446,297.01896608354,255.8337903858117,1329.905680234576,939.7364019043318,585.3585392802175,103.17954235715,173.03016818106516,394.7644452144086,141.32940272939086,9.038833734039441,28.627410723996373,123.67881750648719,19.960427493802047,4.228520514134462,11.096286106954805,4.421832327315352,12.558792609059628,143.21684546094866,754.0650501288121,334.15345425991546,111.57370508918288,32.12603070946785,5.933887411775219,14.782280326863043,26.630974333010034,29.004857826571246,13.830708422137953,29.154844677960188,29.42055932299982,27.34260250860524,0,0,0,28.38098381869027,44.83642093150961,59.080773154479886,46.22586349739335,46.87270828660264,44.60826228024581,0.9496741087705198,0.953364765134488,2.0160733238660247,156.39361199358004,1364.4442887517157,1725.6100716503709,77.39752007923788,5.90252216168151,46.781149281275624,21.639988705130364,22.402836215095636,1088.0866371919453,3746.4415131685464,167.4770143308903,601.7429588488072,164.87187958509702,4.494877368313486,295.11166745261363,7.444074087498734,74.04508652628247,20.45044246646895,0,0,38.86569762985378,105.35177553252677,1325.3683977880787,1496.2917922958545,1176.8503641328193,480.57433972269405,810.2489353509775,340.0172462523907,236.05463933062535,213.46702024559127,1975.9805894656383,34.57132791461637,37.937832150630804,38.29680497680721,9.261784372328425,91.96415522870403,770.2998400287781,619.146298358233,822.074691603247,125.57359923457894,110.13694254572442,209.3688108209935,40.438336507401736,13.742608022672265,79.47598188929805,2.2860483538655627,1.95802306291517,0,0,602.2869028764034,1100.0895950309682,1212.4602227523949,656.414573920934,286.7565181031841,0,0,0,0,0,0,0,8.59943739612982,1106.439931859724,3825.127795674097,435.5949329568549,9.238927756423601,24.564153422483564,47.16379906738035,49.099054392572995,149.37748914279652,9459.682785584913,8983.199282179354,5063.8292239618595,11.606621729965964,22.34327700665883,661.7529386627149,214.3350740544925,12.501134028907082,18.467377245651413,16.355800163588437,13.374997078192859,19.555974857793114,50.459606750301944,16.667238536456498,87.39730526627956,756.329250661688,22.709484620548977,111.58466148588,1095.3807861151356,40.5944676870263,388.5760954768103,383.63534455607464,191.15647257541343,24.116581727729123,48.38087975083061,913.5829503704747,334.67192624625864,494.6736865048452,268.9283805043847,149.6481651603624,226.97818813834783,73.56144709358189,2369.5280092983253,37.94192852170221,4293.587919130566,3503.4917849711533,6823.896223747324,1577.858207203276,134.64367544989582,576.3382515257732,608.6969931098837,310.7580729299596,2040.3299487175675,436.1581030346491,335.4380075110501,20.916366108102725,15.040292615133998,11.424245866740684,294.37934169272074,5.935600223313111,9.406159535290714,356.5785251787747,120.56460848233571,348.1845518591602,30.656778004852878,4.277434731571411,1613.594383740788,10.609543889735606,20.486405127579715,495.5925289110209,13.198289598905985,427.5392739606221,537.2193968071937,9.245353699480413,457.40087374427094,10.975110986785207,9.336161064482644,17.43857259472943,29.2276887980605,402.218719134943,912.2272305797235,70.85968764032135,750.7605785857513,37.105390821462805,797.9167880450102,263.9500731751648,31.64931417023498,21.239371642140142,28.17338936376253,18.346237822037807,12.648811557651953,40.90082064065045,509.393545739302,19.95645522498235,296.6640457748636,12.222447469179603,22.44627967948883,523.6767459297744,3137.3608188183516,205.97117054606758,1153.3546049693207,136.31591472694706,17.77456801732041,11.899732264491263,17.196646072381014,92.07700290233575,835.371783927657,6.908158886682142,32.56025880365626,2093.208298259529,2772.945085216636,56.89738492468434,1053.8127220628005,20.18148573580953,16.423327963984146,16.366533013709514,14.96854633389289,64.3315198024955,38.57023660025301,14.910363171469239,13.826853803781844,14.525485520788523,34.91591189008692,13.488560685822858,117.13293941770831,659.5438726149663,42.76261436298525,37.6145099350504,26.378232067001996,65.31121497885574,76.15889556117429,1747.429910130854,1300.0169242705726,64.26969247216097,510.12673163046185,265.19518051049806,78.55309119030137,86.528690473341,625.666361435472,641.5723431493236,958.9665156003728,57.41772518958756,2593.32959635776,859.1807486118449,3971.2813103198664,858.926433702159,339.1436505001534,3817.1520322092283,105.46408150698392,12.184654927589074,13.789618498614722,4.936718240102655,923.5408913597295,733.6902384960342,630.1014720984567,352.11259625201694,347.3412145162723,260.0281990710259,302.74731511100737,164.1080877498963,7.7652399838990025,144.87057671047438,240.15449002634352,18.49516982571612,171.11313531704468,0,171.11313531704468,104.35108717170067,258.7957269251435,103.94547950527414,118.78139882214808,228.1568819940238,314.08646115794585,120.44332439024438,392.95570678007346,129.51760540646205,126.24113019481855,410.8951163818004,24.13839622215821,208.66204573828966,131.15457248672033,165.3074107875539,1799.4130404541702,87.85619916484255,0,0,0,0,0,0,0,17.224553912798807,0,0,0,0,12.779029565847168,21.838855218211155,29.229174856574872,96.86770178123055,273.4125230032186,5832.674771443506,2964.499594490885,228.78255355811365,14.031487565109972,4.913247451966282,3.473370519281719,6.371244523638856,6.058948809844398,18.48608197109114,28.480745855303848,2116.2060253659874,5220.712743099331,2692.386285798575,732.4052160444845,492.48615370166954,443.7542686389577,9.721073190174675,8.223158073162674,5.349817374023814,3.692359597638076,3.67521873510995,2.451174613016811,2.4743825484328195,2.506562323972034,2.462418932744709,2.685012772165555,564.1314229559871,669.7864728618247,2.4446247501701173,2.3291379191377177,0.37125866463556806,0,0.4706173495481272,1.1617645123520934,0.34593301772322027,0,0.12019752330413523,5.82845162494292,37.03280625770174,3.26072945946307,3.6382374491115645,3.6184114140675874,3.6205334281225836,3.6288142486204005,3.5928805118946676,43.35516924203877
15,215.2691188440464,15.934347321864275,122.40018874028644,246.15230590740052,242.9763165613297,4.815399398851488,392.39658099688046,279.8254039947872,268.8532238919872,195.4958649550345,116.01356422885937,206.71205087953842,150.7663781272727,91.09566507606526,4.226775164539094,68.23247322404825,79.55545379786992,1099.1929964468413,189.1723063044984,941.193102226879,22.027561164286112,678.3113935526671,192.2336014518317,267.2904118182289,86.72540916658377,212.67549632739593,40.090541025086175,164.96926915640967,322.99301592867465,788.9398553973195,2159.585804580211,1363.696036519827,2333.931861458485,2992.168509447199,2896.6692807166096,3209.613095201552,1376.8927332674589,150.3862069514297,71.78091776691596,50.25490402515938,349.81934279198447,83.06681388540925,205.5073230895357,1214.6242809179346,754.799554740447,341.25233903145676,21.203213849725866,34.31504122431347,190.35001310076171,32.544308558275425,236.62955949481733,147.9389353817438,1.1561343896125678,168.4024903713202,1.5428915506930627,452.87442456061785,260.9695664453321,8.636351750072912,1.1688328184060617,10.461303536412585,1.1866210562668558,209.00457734944018,11320.796423653452,0.7204449917659996,1.2474621221743691,1.242558599001623,3.8681411718706142,1.1797926403507757,3.1106544412553236,0.773970435509162,0,2451.4790970820472,4563.124589013334,358.6525402401142,0.008206577005546384,1.8373003751972437,0.030121499849686456,9.711370710621962,0,0,8.717824303756299,261.12668479847395,0,11.55176276205256,0,0,0.8933785969374789,1.2517502780309504,0,0,0,1.727505434506453,0,27.000705650428205,0,40.734954086419016,10.120447248107661,3.7076613744627873,45.66465286537248,28.096518511326444,2.6486100942446527,0.049322354677942354,42.11113789466107,34.565217378916934,532.6249066812669,37.27183836080459,0.2938230168583581,22.7707668309583,12.822998005286843,1823.4714021861823,408.10291340791713,6.122220107102956,4606.572437499931,7516.559020063297,5.856296605159196,463.56018623997045,3515.822679045766,10.724025026859753,15.430710583505624,76.77551080380226,0,26.62702690121977,4.677221271618755,0,0,0,0,0,30.998812328557335,0,615.2662124000602,0,40.10542825691794,10.524557514561971,0,0,0.03468678205739719,0,0,1.0848858101212993,0.7011748876007998,0,3.969131455061331,0,0,0.7987223401649419,203.87305393134815,8.304638297381837,0,0,0,0,7.2597549040112845,290.0726912443684,2256.074450185278,1312.2070818158165,91.63868986544904,0,44.62724657781694,324.7674402695688,11.534336387119454,8.389419240169305,0,0,0,34.34348098431419,64.7050554438216,0.07969796232570749,0,0,0,0,0,2.5531395030630795,0,0,0,0,0,0,0,0,0.06947422455371804,0,0,0,34.17195032694086,310.1556609824067,39.37949205342181,38.77866173370501,810.3549878818635,743.7643577496901,580.1928399910614,55.63042945581484,1162.3520839982255,587.391536305962,73.11017023744296,0,0,0,0,0,0,0,14.38991756703351,182.21938248431402,9.895000870031268,0,0,0,0,0,0.06715670292665826,0,12.4757211304276,10.821254029579148,0.5369748383922851,2.6442811169889953,0.2434029620784411,0,76.01846319687851,1687.8609289785159,1757.7469566965972,525.1533537695374,125.12034802019149,0,0,12.603125213640906,0,0,6.6261020894559595,10.497787343293938,0,0.25299268102723454,0,0,0,0,57.905597419199424,0,11.832053642885802,0,21.769810785104518,0.7612036754355422,0.013825703814581985,1.1386855425888223,41.65418984541887,359.52736074484073,212.50851921154836,236.95644333672243,437.1683577574394,162.27288360284166,44.43857244760599,27.687202418394534,505.27774199433253,0,0.12598272915511424,285.82949174847283,241.926549684218,1487.4152612148462,2955.0965818103514,3994.282730778414,1167.8336760336529,233.24863339567673,475.38225599614265,10.362598811968823,1.1498114752650288,1.0471187328593416,12.832908464824193,0,0,0,0,0.36182599126807424,0.8294236506375244,238.78269854048077,200.58576403648522,263.45201869557405,498.591448289236,44.56180120186081,906.6201057677122,1048.930200724715,29.79940318138451,9.982051315622348,13.543788886446313,20.528244540374143,26.595672282013826,7.814763206340358,48.5379432592766,29.666121814736414,304.38828976175597,97.97110436117794,246.1844780927257,971.0324658832099,952.7890362654845,1456.6113056633176,2859.0137147970245,2592.884810927308,2383.2923084683325,1253.3182751594393,2096.037190069341,1210.639439778929,296.43798722055203,765.9146422599827,567.77832845216,472.4576146516237,159.47947338961933,48.420304709197694,40.183226124660706,37.07252147586208,16.74343090384013,65.85833468943476,50.492128195356706,2.606576195619979,432.44244052341253,87.0878550854686,762.1102463423064,434.78114661594805,1088.8915702388806,6243.071504801854,1903.5075972257443,36.56290060570158,0.9122001975921029,0,0,0,0,0,0,0.0838656089785173,0.14167134296772754,0,0,0,0,0.08547320526672461,0,0,0,0,1.1570825611805042,1.146390177532361,0,1.2005068823644225,0,0,0,0,16.815895463189,0,0,37.1019949081476,257.2139073396514,19.523948846456364,0,0.17366714913695572,1.2309420596259875,2.799611036647342,43.347163464851825,0,0,1.389465913351926,1.491664055295272,1.0571479980998904,4.916060783372718,0,31.37477217703207,0,13.63920603904109,12.521733003846482,5.770188032267513,13.778703689001873,47.59386644651558,0,4.959272629672407,18.997379095022655,32.47627007039321,0,0,28.646109742316696,0,0,0,39.14851869471382,30.024083983016357,0,0,12.037072855940286,3.4811520686784676,41.346978364507834,18.97696085189607,30.91450597936856,20.02250416817733,6.63092988484245,594.9744490062486,0,1.8253919445693803,0,2.8135731200260454,4.48532371689315,0,49.5604641072408,11.595057589415315,4.0075950716157,44.24437724844133,32.64515871314885,95.90200982793938,23.917231885287848,0,0,0,38.69733008252034,15.338280627531754,24.355937105707227,0.8722873388417822,5.335487670450025,0,0,2.04586258706398,3.16492206548137,0,0,3.007160263443827,0,0,0,25.842331667463235,26.745054929415968,0,0,0,0,0,0,0,0,2759.7366588739724,3201.1015354520177,4784.881417265686,5131.577797667888,4127.206157590371,924.8156004245072,3739.668206100153,17640.934858309818,0,655.0848937298197,24.059872740714393,137.41464461229756,788.6886544485258,133.7582932100283,63.820460679865285,850.0692709124357,91.93140226247773,102.56500509787878,392.71726458104274,106.88464497902166,42.051290700840646,331.86869744504645,144.65954582413855,526.7479625265432,921.4984938721436,151.06289309966888,515.2606705152484,196.60974660402397,351.1372714486107,710.8046679187977,1114.986984235352,1015.4557899794155,334.6462686235456,6159.346384672539,2924.0242040936564,336.8641676002304,718.843740686624,84.35564543212048,792.8464088795915,433.86813111023713,60.433693227398905,33.5404307945942,861.3913357345326,890.9945028936551,62.85541121062074,1101.8023210973965,107.2898082484847,995.1542981422674,7006.147400826937,19287.632796972295,1180.0150842412943,1016.4709717051813,77.2326840277457,392.37911817706345,709.7354792332486,1192.4442554956886,415.42959500010693,91.35432926295171,29.318827521712418,326.50981285309024,0,1110.0714982021589,572.7232490384943,754.9758068299407,128.70156601623728,100.00429569807409,160.32545219501975,538.2854381940696,591.1634992374302,231.15285027290062,57.184666899163695,26.15028422329757,23.796073592017624,15.998930461389037,7.028924737013912,6.2702095126362565,49.21517861582663,7.0416445213341765,581.3814306180997,670.7358376388883,356.81357786797304,2176.0982434767907,9626.717682638951,3390.6543910065734,4440.435029569252,975.8850929156312,7.898855270671104,61.22474759249716,9.177504032324237,0.25057131856986964,110.25364669193205,2.641893852512201,1117.7875526182106,885.1440425028353,144.21475132638773,48.500133738823514,27.176318393172657,170.52579094325066,111.81361996646326,693.5826277008052,132.70061871406512,5.156579106604726,65.7412853141313,187.12252528455966,496.2127640370096,461.33213716391367,475.72345884542983,239.10195511890132,10.731760778827734,148.60546364464375,567.930431104755,141.52774612172325,20.269691218038822,4.933819445957296,18.25581466502887,57.668097159493726,1002.989367897163,1193.9692243523061,2718.9821004971986,2066.7814182422553,1507.2170751273645,1126.925468070536,75.23342212474356,229.0262210010547,784.2368404260864,1495.0321107163634,529.6090705291411,305.4873815618933,93.55551767237759,40.34970153875564,25.00823892777716,250.50772223286762,4340.245089009735,1315.2120495470392,268.6127843747778,3176.654271340106,3751.3981547674316,966.3507836953452,3630.75724833435,319.5551247585841,171.20061239011312,175.24796612314242,0.12927738432293914,66.71277162792785,48.592685726807325,0.1674757373146445,0.09886564588437019,2.372540726396507,3.8011001549476333,24.821727040276908,8.421884004639042,26.45453711128853,167.9634319345927,293.30281918458854,831.1073964885057,1028.1688792188547,84.55763044839684,534.013251663482,3141.2986504314586,2823.320339069698,632.3478983536846,187.57313169169967,17.552075353588197,14.133841558549044,1.4900793674968997,51.392237767361394,15.104924383658494,735.6674375037287,915.0852282119686,524.4717101096687,404.00819024404484,233.82206709480238,1035.9787259584753,376.11736805944884,106.47839322424421,1312.7766267363722,184.35676321811792,2.27397863244482,41.434259430508,68.36234058982305,17.55203411294518,4.812727053501503,22.326761469503413,27.937425970821348,4206.581980041942,95.91192137283764,23.924126203654026,4.8263763444180965,21.224069139789695,947.2371891002718,1502.0556918917396,157.11641507407708,35.26931561965112,30.373764165543655,163.56802952572843,110.02574033760305,659.4399973514128,73.65914784583505,1009.5538608531798,60.73166315073835,1102.4578086169372,2804.435092720048,3208.012475679933,2434.232912534039,316.18053291478077,101.07236206143575,38.587131042447474,40.26579222416212,1046.9820814085251,74.64411435788634,107.69968509280534,76.3990038313378,877.2508022208538,285.30093267887656,620.8864885676528,42.10096705689715,596.7290386693302,851.8191379101411,226.16353521103755,35.99994481994937,60.347224479081234,1436.479737887615,561.2834620059896,615.8555422040263,258.13047556831276,204.31781323277048,106.16711446547372,115.48794023736382,8.170979556070412,12.975087011152647,32.49030073481436,2.9389030320939225,19.721144685699496,535.7553322915011,1141.4486012642526,108.56821922505137,830.53296485322,54.83425352712926,4.810167658705977,100.45397444246218,0,0,0,0.00877843503227256,0.17514447704153616,0.0176894709061373,0.4848760371899719,0.03572555806044534,0.025271079148089775,0.06143692870267804,0.0660982560898225,0.24468537829086554,0.09478485856415997,0.12109832966975224,0.0399763761949049,0,0.04055930503504532,0.2479443654147612,0,0.008190036127413128,0.022651979805403028,0,0,0,1.9035445131748578,3.4381724866218386,4.819677300587135,1237.4733175600497,1331.5318547833692,87.37043413046977,15.532547718872763,83.64491537418442,49.91980750896733,67.65913369470454,2.78811910424607,2.0641067449207737,3.014233974967918,2.520756518596547,2.728278820481312,482.11509483907065,776.7622499333236,1338.6371827947114,7.495011142366458,77.77506948022828,1204.7007984892489,1081.336360925227,1910.0123981386148,677.2822154621315,2474.7975856478215,831.0806500246957,66.8623435061113,2.8189006877181018,34.75756825156479,33.47760101061349,41.424034298204134,56.78901816761989,150.5890984711369,234.6719305355003,55.58076624216089,32.27944673239603,1.0475686876000885,43.750831402898946,106.16500516586947,1.6712740374358075,2.622185542866917,2.6587073475756386,4.810910461435028,0.6650648643055441,3.2181305353031884,1.3498423285389431,0.43786020618846766,0.48512863233221315,89.15327616577412,10.475071890941372,918.5592780770226,97.38937132544922,327.89071083622787,19.054982188095497,26.847302630286713,589.7046359988559,166.3092134030321,3052.9820977511017,184.26594385215313,1642.6452968228236,9438.72817034252,1549.3330691986218,35.50948617526748,0,112.13110486468915,0.13249725823153735,0,0,0,0.01481186514464384,0,0,0,0,0,0,0,0,0,0,0,0,0,0,0,0,0,0,0,0,0,0,0,0,0,0,0,0,0,0,0.02991723197633518,2.4358307757856723,68.01943028015059,0.7690448520735744,174.67229360326044,1.1415610022134932,0,0,0,0,0,0.2063717819981932,0,0,0,0,0,0,2.4704800666696416,60.28225810485794,17.68892813480999,109.07425641940992,57.60140086716485,609.565891283008,2554.908195272799,1848.6582305190145,1282.2967334982156,462.3859002505129,248.24447291422436,1232.409665819654,2158.113018851248,1948.706528068829,6108.827881064862,0,0,2763.775504316378,3285.853412847344,608.4907334748508,1762.9747047964747,2455.5015535774714,2060.4744768172523,1917.350364149832,1883.4657602939965,0,0,0.05105755831114353,0,0.15769159931976665,0.01949114922035245,0.01288038942428575,0.049192381564252714,0,0,0,0.05833950409757464,0.17990426716368832,0,0.16345909091022454,0,0.29348343856985987,0.037294751573322765,0,0.3940167326646321,0.05422084154755292,0,0.04050609611613891,0.031072666256747296,0.05659833730177356,0.029804433885687386,0.016011139723988176,0.33443647968217194,0.1171692589931317,0.07711910470423171,0.11376303948654858,1.0601129286012547,0.5748994779335348,0.012117603594947447,0.07115129313703213,0.08419063811382357,0.06736258956930838,4.582818938152755,7.078352376414727,8.883205449004356,82.02748194384674,50.87052018654985,173.57134355919504,9.089919278369194,15.451272291177922,28.70875803869662,1140.2343109557676,0,1088.664842537113,302.7956581795309,32.81883138212181,1037.4792641586903,455.4078712482018,1245.4634284146484,743.1242186735981,675.6150467255139,355.23152021909425,33.06899630547423,17.90603652454102,204.06690722444225,26.67386065188955,10.379800085095011,82.63423281104795,9.396377008806917,133.69875468608035,29.055843467772167,59.274362778940855,95.68977642501429,120.06420922179444,6.831252538086563,4.8223574879871975,14.941621360907249,17.001363091490212,25.605197187696973,24.689795092035883,32.89141831858656,115.39255795691815,38.155033355744216,18.79463769225448,14.145845564786738,64.50017934933456,358.43493861552616,481.58897004043257,805.858085494511,359.2268275078726,176.8921204130329,564.1991281197264,516.3220684002124,690.0409637977036,401.79383111145216,10.207325315705917,14.501021167254354,4.805590441220699,7.68175411680661,24.12211716738955,69.26550555767383,39.27511480953241,20.329764696006514,16.184404685894094,8.943256226438779,31.030270255494504,19.71097905645747,169.1553266470332,52.83620834849966,377.4673900459087,22.274623954685396,129.36828000920056,149.59454370899303,78.96035016363105,47.98255525057355,0,0,0,0,0.08735155428559421,0,0,0,0,0,0,0,0,0,0,0,0,0,0,0,0,0,0,0,0,0,0,0,0,0,0,0,0.549666090645301,0,0,0,0,2.070567521287928,0,0,0,0,0,0,9.688321710547608,2.7333613916890283,2.7692974937745296,0,0,0,0,0,0,0,0,0,0,0,0,0,0,0,0,0,0,0,0,0,0,0,0,0,0,0,0,0,0,0,0,0,0,0,0,0,0,0,0,0,0,0,0,0,0,0,1.1406841811165047,0,1.6682730131935635,0,4.042045301299986,0.28047062760291125,0,0,0,0,0,0,0,0,0,0,2.4029050599892745,0,31.674568790054977,0,0,20.332675422624504,44.122495743508956,1.1316764234170087,4.303787100111878,16.52984064476313,178.37032486115277,44.73769888510831,85.49268529458602,67.1093503379422,82.33739416828918,45.369007689317556,313.7233588856673,268.8791714578361,369.4653195769214,344.9681917581682,228.54513942415045,320.0023442514125,1089.1538868594348,478.2765490711186,548.0676385037563,1479.398004986087,342.34042314009986,134.72008302063333,0,0,0,0,0,0,0,0,0,0,0,0,0,0,0,0,0,0,0,0,0,0,0,0,0,0,0,0,0,0,0,0,0,0,0,0,0,0,0,0,0,0,0,0,0,0,0,0,0,0,0,0,0,0,0,0,0,0,0,0,0,0,0,0,0,0,0,0,0,0,0,0,0,0,0,0,0,0,0,0,0,0,0,0,0,0,0,0,0,0,0,0,0,0,0.14307417094040153,0,0,0,0,0,0,0,0,0,0,0,0,0,0,0,0,0,0,0,0,0,0,0,0,0,0,0,0,0,0,0,0,0,0,0,0,0,0,0,0,0,0,0,0,0,0,0,0,0,0,0,0,0,0,0,0,0,0,0,0,0,0,0,0,0,0,0,0,0,0,0,0,0,0,0,0,0,0,0,0,0,0,0,0,0,0,0,0,0,0,0,0,0.020501262928377433,0,0,0,0,0,0.013064818145892703,0,0.11765716637949945,0.12849427586831197,0,0.0151270966955683,0,0,0,0,0.017131304653524356,0.0998978919423588,0,0,0,0.05571079341425303,0,0,0,0,0,0,0,0,0,0,0,0,0,0,0,0,0,0,0,0,0,0,0,0,0,0,0,0,0,0,0,0,0,0,0,0,0,0,0,0,0,0,0,0,0,0,0,0,0,0,0,0,0,0,0,0,0,0,0,0,0,0,0,0,0,0,0,0,0,0,0,0,0,0,0,0,0,0,0,0,0,0,425.19257435563355,1847.8478903249345,68.65393720935778,0,0,0,0,0,0,0,0,0,0,0,0,0,0,0,0,0,0,0,0,0,0,0,0,0,0,0,0,0,0,0,7.867777713850492,12.754671934577768,0,0,0,0,0,0,0,0,0,0,0,0,61.2215999311987,148.51249880837304,33.31691360708575,113.3004403875696,44.510362722935355,122.1513623867929,17.56535610349416,403.8993354793948,43.03218722119951,63.444187287071635,145.86957975513553,79.92431902390413,7.496853375248914,25.438561051964836,8.856142294413846,11.832482171468907,0,8.197037678427158,4.130318150102454,15.181234102064755,186.368989760468,44.94923590193063,4.441697923139378,0,0,2.109550223964717,8.715195528153018,3.8748336160474843,0,2.1535749966034654,81.31815155130485,56.326207104781226,31.35900181848829,87.61966652502296,17.665724081713453,181.26120694016583,6.888939569072536,25.684200172116768,56.1147158299752,6.509092366219205,0,231.776871046928,157.56066380845473,10.792111552820517,0,41.06990670440644,47.548855370819894,572.5963964651371,1316.0758490057906,24.613288964271675,0,16.832277610536973,0.21461426371697354,94.09336946521157,1189.4673594796182,476.2917924025053,0,17.669291556286893,0,0,111.83458429148384,0,8.533957242855333,182.08107060579232,174.27573067729543,8.926258443156959,0,0,0,0,0.006642857396714684,0,8.832703981349518,2.185119228979118,8.247617733893872,0,0,0,0,0,11.579081346204427,9.312259451999125,0,0,0,0,0,0,0,0,0,0,0,0,0,0,0,0,0,0,0,0,0,0,0,0,0,0,0,0,0,0,0,0,0,0,0,0,0,0,0,0,0,0,0,0,0,0,0,0,0,0,0,0,0,0,0,0,0,0,0,0,0,0,0,0,0,0,0,0,0,0,0,0,0,0,0,0,0,0,0,0,0,0,0,0,0,0,0,0,0,0,0,0,0,0,0,0,0,0,0,0,0,0,0,79.36487311308701,0,0,0,0,0,0,0,0,0,0,0,0,0,0,0,9.184312881009332,0,0,0,0,0,0,0,0,0,5.820382312092644,79.33330109598656,212.81850044200684,288.20246319198094,1483.3573523408352,452.6355554007194,112.97272965530564,8.398926920232428,61.60759230643095,11.445657098444011,25.628794768218327,8.925172404329919,35.620724007341835,25.648687219870013,33.01761981827936,50.336732733223045,16.136099236203318,9.928828942683445,216.57477873115846,31.92409526570088,1419.5289842203786,2729.586085227359,20.137609418710245,507.7507179349339,61.26009059965345,464.3526904847523,674.9809344746521,10.132234137947897,1431.1802641167728,1289.4446369514535,500.5574054370376,612.6019302096144,1343.2238183158904,3388.246772529461,2924.296789624364,4773.518929898137,1772.361497194562,1396.5406708055848,853.2674088926008,300.51884321130234,26.72121501165603,1060.4237533594614,9.99366828014022,32.071643400958806,9.84016063757487,5.672384965945164,20.14626446347967,13.33072845116522,54.358418536644365,9.938550141465974,535.9300736538755,278.36719606483325,356.61108874984836,189.63336445874097,487.25432407053574,843.9236064631773,337.67433725974627,950.6933348714114,198.4127250064673,421.64477684254456,1877.558633328457,404.581102619536,653.0217358171526,1489.124169120368,3212.4793650184342,1370.8347591674126,2256.7199111022323,2406.57520981389,3141.0764881961913,1753.5950007492422,3996.981503831388,2515.089946577085,10376.007220743752,11012.621856714528,8645.140524232587,4974.491488727802,2381.677941731687,1212.2764063356997,526.8333621305371,0,355.84066485747815,392.8449046909192,2709.434114279826,1424.950919268315,2664.0497170419726,2176.0734313086555,346.32530628413224,1104.3447001517877,537.0173687799003,224.40951965417818,607.9360054977876,1015.1903662996242,884.3910820997124,1427.4499078053764,2594.75767536483,3748.2840171396374,3803.5845519067143,1591.1549057610275,854.5953504836692,1609.2026546779543,891.57982037818,3415.531555713499,1416.2794896238986,910.5219945468278,1018.7423374687259,1386.3451846043833,313.2086462849781,65.39448632902312,161.33407035175622,160.1072272143378,512.4974136504046,168.93187566308498,544.3299973345469,79.37117688942352,437.8160929214717,1575.6880604518135,661.9683378933726,1554.251712786613,468.1483433541382,229.38117311998604,1091.0741244448504,451.90931658038846,1876.5010749792289,1949.6369868397114,2210.6940217059137,1663.1308840803028,1227.536704902481,1302.913531121576,85.55576153602823,1401.7067168973717,108.27719076413184,1331.4168002621934,1819.8951841103317,796.832786995103,474.4774515749112,722.125283930012,1878.3807065506985,421.05192646831483,2291.125829687762,2798.127269075318,746.1239356000373,609.6330533208088,495.4581452375504,184.21078294345043,5092.0779766892765,1764.9383809757317,214.06819192754097,5.244631721153158,183.36046084911914,30.913098714299387,111.0065486717728,33.106753377920995,25.718101965705383,33.22792513931681,607.7300838464938,1089.8935943780568,64.53424737928009,665.4028344765499,79.06373617969889,22.904295002699953,799.2152136855302,34.12151484818896,870.7572527625443,692.7556819048498,62.32158889306341,741.962039769931,699.3809080862688,1199.7361556153737,1173.8187637237786,587.8698518252913,149.12014473483242,27.386843527128196,7.578662096331379,755.047860474678,1844.483917994373,1886.2250330000118,81.10785826850794,24.777178067471112,20.210589529158717,14.954004892335059,18.620384508513744,15.271937064925433,797.0691774813994,180.20325074015108,50.7712234709499,16.09104934360592,26.434803139254527,15.282462697534667,15.289110304790627,86.30564740027206,437.6046764793997,18.264261194672738,84.50467424077348,256.34234371997104,422.40165750676243,993.568621026644,883.9748111029515,604.0173645523956,332.13716187012056,7.488898341321489,353.34521948464607,39.1751808346246,40.04962923927298,43.21684142393941,98.2974172470259,46.6695144527142,1063.9874047965934,40.19091274047283,10.378863192381834,8.889405602797451,768.4774917908674,3051.8430477426314,2767.497663416687,3032.975760039737,439.1499675435781,11.059989245809728,4.545258194360078,900.8503496359964,789.0797376238153,344.0137814469711,435.7062175167901,482.45052294388836,306.5792450939325,450.0503288634746,629.8480554070499,0.46253396225836674,1.1105026594615475,0.6194805579564061,35.12535541037811,113.20738111498497,0.08617365408168082,4.287948051214887,18.153333022320133,1.5454426014698635,0.9207664776802502,76.73663379593778,7.467066346147812,10.029318544791664,115.02430479588692,163.1589943217564,2.5905593186129545,49.1956279666635,48.522562432457704,77.1298831738733,536.2551225065565,9.615608758653904,113.50080876584093,217.17865443590486,110.27182102720217,107.40842909136032,6572.844144852898,1518.8326951338568,873.1072100705794,172.50364477468491,211.58865928460904,7.5994021400725575,40.341078613175924,13.070628108793462,0.9477620741053239,0.7071254143970068,0.8180490509960899,0,368.5276450244295,7204.13260567631,0,0.9890684790135329,410.1819895540597,278.0362394711974,778.2483393420472,311.88967672355744,510.30360377035583,215.16733557971762,1.8017386496821817,15.80707341842623,39.48648145133694,3.9363195558484345,4.96487935226616,45.495581536955825,21.795217689117262,2.1350009262963296,2.7476904041759767,2.2561192026321586,14.966611114122571,20.529773488010395,101.43497753925871,6.472881547901223,31.613066811457678,133.65313171022075,9.546895037263452,31.482340379140133,87.6555843010397,4.558513853138499,3.2864530386639403,4.623386551953133,9.143574734913635,5.822260822294123,5.944176420672982,5.8448718830866255,11.586422546538978,192.28927835415712,9558.10465677692,153.1551394488609,21.295070126408174,172.47623129244806,10088.730509502388,2517.17066922239,328.5947868128537,231.86889105330474,292.69955969541496,197.35769247154673,1670.1248621900102,8562.695130808945,659.0822979104072,257.3769485553821,7700.871573098825,326.61015942919073,224.6267265368414,49.492581980680434,45.46079977841867,297.2585395135252,46.79093631903054,28.439565382727814,0,4.2001571664160116,10.362802531873294,1.4584737386028952,0,1.5837061866792002,1.725835114726478,36.07737131472364,1.7894316753246986,1.619806164253327,30.296835418456837,10.342342041445917,63.36964231295521,118.52906140739461,1608.9414323803942,358.97120275127304,24.415054795002217,3.1067219824476426,21.545660177090884,48.607913309806406,32.43375616296833,4.633706077172289,64.45626929116504,50.727856272153346,47.07503547778711,39.064891730712766,22.42459508184209,12.163630420832336,11.11497745507443,45.16611930896325,7.780789965902499,2.953475347428103,0.8817201298655043,12.768918758832092,2.297889099858122,42.08764136550675,14.791208776671734,42.61832758785821,14.575347064159113,41.3587853995249,32.08214185961177,23.13351914940936,7.301967339064204,22.29860562788255,10.75062327111498,16.992347923871215,18.814533210868728,11.8602140412477,6.3628503075033125,25.215957050474284,40.289501174238296,74.31815849371674,50.47873724044239,12.23957747806776,9.56241105592092,123.36819759892091,1.2369492017662662,1.064126289652373,1.4950546185271578,15.422951494314711,0,1.2630302696854374,0,0,0,1.7494186738232786,1.0128768290841208,2.1082235433009684,68.77285711578102,23.71968231368924,18.476999159922055,211.25858664912568,1.4272980457108218,2.084723429905075,5.607413749450813,257.5802052873957,8.611846521893037,105.63756561167862,59.375479620814446,113.9179417361024,170.69225416893238,353.3984637832811,161.83020526074753,249.64164439888117,302.68323946981945,338.3921524277824,260.3959525988302,210.34619723586283,223.64945886683486,223.9912739519274,193.76704938849875,230.1336617968132,486.7792743144577,386.71516190235013,183.99359290571704,27.776817398050696,86.80070717903482,39.27593767179711,69.54636889912582,103.82953063054859,227.2266498937735,166.63867488925175,146.2147644492412,92.92543874627277,63.91579660508939,57.123354011817526,34.719439339986764,72.38654848692862,8.97478632467735,100.12728343166611,234.39643162749127,305.8555453457287,335.88783350772457,82.3805611845336,198.7554080312704,115.98481973797553,49.0020626317686,63.23068570655499,0,0,0,0,0,0,0,0,0,0,0,0,0,0,0,0,0,0,0,0.20674309874060823,0,0.09744269197909586,0,0,0,0,0,0,0,0,0,0,0,0,0,0,0,0,0,0,0,0,0,0,0,0,0,0,0,0,0,0,0,0,0,0,0,0,0,0,0,0,0,0,0,0,0,0,0,0,0,0,0,0,0,0,0,0,0,0,0,0,0,0,0,0,0,0,0,0,0,0,0,0.4860861653504329,0,0,0,0,0,0,0,0,0,0,0,0,0,0,0,0,0,0,0,1.5011151530268858,93.14549432581543,0.5481460463711824,0,0,0,0,0,0,0,0,0,0,0,0,0.32356428120516717,3.6490226448733964,50.615571708915894,0.15113143799547898,0,0,0,0,0,0,0,0,0,1.0773077810034195,109.43596745440249,24.06783151312231,169.33530773285548,0,0,0,0,0,0,0,0,0,0,0,0,0,0,0,0,0,0,0,0,0,0,0.9899524512866026,0,0,0,0,0,0,0,0,0,0,0,0,0,0,0,0,0,0,0,0.6174989838547613,0,0,0,0,0,0,0,0,0,0,0,0,0,0,0,0,0,0,0,0,0,0,0,0,0,0,0,0,0,0,0.010184962304818931,0,0,0,0,0,0,0,0,0,0,0,0,0,0,0,0,0,0,0,0,0,0,0,0,0,0,0,0,0,0,0,0,0,12.88544887990648,0,0,0,0,0,0,0.1314411981460466,0,0,0,0,0,0,0,0,0,0,73.840856269094,0,0,0,0,0,0,0,0,0,0,0,0,0,0,0,0,0,0,0,0,0,0,0,0,0,0.2084799786925043,0,0,0,0,0,0,0,0,0,0,0,0,0,0,0,0,0,0,0,0,0,0,0,0,0,0,0,0,0,0,0,0,0,0,0,0,0,0,0,0,0,0,5.982352212485024,0,0,0,0,0,0,0,0,0,0,0,0,0,0,0,0,0,0,0,0,0,0,0,0,0,0,0,0,0,0,0,0,0,0,0,0,0,0,0,0,0,0,0,0,0,0,0,0,0,0,0,0,0,0,0,0,0,0,0,0,0,0,0,0,0,0,0,0,0,0,0,0,0,0,0,0,0,0,0,0,0,0,0,0,0,14.950516634965071,55.001606068107854,34.67971615892879,10.052626125864895,29.127929800361777,41.43097582083307,23.081454274532863,40.751861864472026,81.45531566046382,44.97112436327614,85.20894248627675,44.80630819033681,228.16958942872552,143.18825309554197,108.46213356467582,46.75222484046868,54.20039110348403,19.519095864760292,120.82428612610087,276.56134075014506,116.4311729936825,152.27424013190483,14.34496914564627,10.45761052887721,147.45992729098924,230.22693222241122,106.59698570507011,294.88657088100825,182.94595586911566,477.07399344783585,176.55644361168348,101.68672677633636,4.54993884353342,41.60462768232756,187.30073736131965,127.37790728278817,344.90976905623216,118.07246635265713,448.8911912162624,185.71453225088064,752.8318499474917,755.411750567745,464.4486970327257,281.9352443029282,152.37998601885835,152.3688238971383,306.8862594934657,672.7291961818796,1592.1107875375455,1936.6451369128379,4652.244794325626,104.18848782882458,361.89237390952087,465.3303033064583,542.9450086704138,927.7039811418871,1712.0006044792342,60.36231320318285,67.78300210984276,13.647057398670364,48.228222697330594,264.48148123521,102.83503397824886,1096.2590373780677,41.16922151039387,15.86647494596026,23.014357782394008,16.576972445657397,168.3242193727518,96.42502757562617,5.904716368425437,1.6621042953470166,8.994525425142594,69.9537480520667,9.249883583264591,52.542985164664124,53.48587248690425,128.23393375097282,184.30212370686434,447.0672186127024,871.8198718910083,1807.8971812051716,2688.0370796510915,3503.7092374874483,1995.7503984556893,1104.2970831621287,269.439603553806,192.46864925273266,38.64295554557826,27.34640371078502,9.567735323607643,364.8706268529179,346.31968592201963,23.0287972939377,91.63829368334933,199.2364836080388,4.803800804839463,71.46810844577004,102.35468462511625,35.380119867987986,12.62751566386595,41.63611777608279,43.07047726343376,23.897197150605226,20.660921538060922,10.713677910581811,90.5610047293075,35.35955440184106,13.046918563142752,13.74602337849141,498.47472748274254,11.57860240857463,8.1922390215595,9.81161962986265,19.8924537226182,3.263971706988042,3.1683362564183986,96.72876066057597,2.007815110390717,2.391759457752432,3.2927319113001907,13.510000335526552,27.751699311280518,366.04819605435836,216.2655646750081,165.33910950346348,26.52275666655194,18.189760096470135,4.883057952663373,105.88104085652833,706.4603266497328,263.569381890621,12.228138590530197,12.17761029493352,762.3662995577016,17.19013908703284,1616.3523328392337,437.63988993167357,1811.1263857721785,16.746658577462412,26.89004873772511,3.09862891333262,1.4832092301626911,165.12205551415175,2.458265114144879,22.23417461470316,8.87286378419021,7.511974258819547,127.93714523134413,527.0474416619929,1185.9382066729665,1054.1135701994533,155.20720512846677,500.52448256103474,0,1.1433575197830292,0,1.144160425808604,1.1681677566359658,1.1407125825779874,1.2126435106825655,0,0.033582623153306596,0.45064991634861223,11.054804329871226,30.493637228986017,7.229344922308712,2.0980725237356137,1.4084339194104238,0.5565048052590775,0.02754885072415795,233.90577816267535,3.444809858587389,62.55428755320418,779.6090129791654,2.685657528458997,5.254795576930222,4.0328239275365,386.2824808360924,565.9978931290541,709.3513706157987,273.5449551320785,99.89951330488921,222.02984430604053,873.0406076301637,48.62886592488302,699.7832891358364,141.71123263025166,882.9859756897393,1126.5551294418767,862.478282378947,1332.087427294558,534.487272426741,544.237381580719,193.42945665545153,1918.8266670352712,7318.956397327553,23460.87725834102,1777.057649394837,66.97794475605832,108.7851205545361,8.94943945605547,12.271683708067414,75.35459583058616,47.07758670290948,172.833949106874,255.90059674556042,263.1085324984731,33.40474245692622,111.27125980630134,1575.993076399585,19.08095317890542,41.97115093974891,7.196447544291874,44.02678880248969,196.25722261114896,216.21596878411637,99.25408161860896,32.97358119425673,19.29415525232805,106.26431340366139,43.29022671761009,101.07771482621345,26.527399061123702,10.129509231840592,161.65792615598204,7.628112608547296,18.322627604457608,45.843771391548884,41.80596133503098,10.411855411636711,17.171343860477414,57.071462932032006,31.926862064708992,387.2868177537814,76.7793515492979,31.392486445113548,76.56689966198901,133.66526786475927,27.933796861179662,2.3446332337843416,2.3866624408511528,2.9179787734972287,3.052111157522582,8.913078546844758,28.10476568790732,13.925517265620703,83.18023387506685,16.862463194915257,12.030134893207013,11.97691538695993,11.974843735060253,11.220000398082545,8.760583398860657,62.281096000062234,58.02178938567747,6.157287626700255,1.2798377907919485,0,2.022165683373702,11.863202930934468,55.88179182433697,39.59962706282804,15.165235012399805,9.58861998995064,15.331548808200052,32.078297114752345,27.725167450631588,9.681377123625959,9.467692034819917,10.382941005830576,8.879480335434671,9.335976042359897,0,0,9.177030466726519,9.298511859857538,9.55856346637016,9.521988228479938,9.529516903818765,9.2502857073207565,14.187701124276227,0,0,0,0,0,0,0,0,12.971997748531859,0,0,0,13.154406525978105,11.369899363420563,13.390264766882655,13.574859840115497,14.527513779341813,11.12668381075511,12.896358993463569,13.286934155666229,7.615418558765523,7.60666221501642,8.313584921495758,10.415514065104393,5.920040830308387,9.754821214102563,9.680887950516569,3.576502844783972,8.425962668967028,0,9.369600039656808,10.047352030868518,0,14.007860106486154,8.846432098889926,0,13.19244255510019,13.857745448034873,13.513505078743243,13.496126659885688,13.309245568744618,15.945829386895232,13.76741772368716,14.232821877160422,14.109817055846788,14.242720667221109,11.504636910027076,11.946703931256707,14.136769669598445,0,18.487738525728492,0,0,16.470113369441908,15.87591628646088,17.21911726228764,0,0,13.343657870999284,11.699185845959507,0,13.96580317180884,13.556161637976755,12.960769555580645,0,13.904439956570087,13.25720224952141,13.032313569077733,12.858263254072831,13.260275369609035,13.260275369609035,0,0,13.215142632976741,13.225581031813574,13.096671195087223,16.537813368890294,0,1106.255104008862,12.794653562852723,33.109503329380786,95.156009416304,13.649911032343681,14.332170303162199,14.18909534158623,13.7673259247143,12.13964086171648,12.311428892311286,12.45581719572713,12.391323428163602,12.451127163370113,0,12.097202150892038,12.447250565174263,11.954329533599228,12.514999901088808,12.236152064393764,11.806457983062229,0,28.208572528962772,11.856418404446657,11.86338063430682,12.061658978125859,11.91027041215213,12.257198320737277,10.93910762279208,12.429052781404712,12.94294201968959,12.290991098825769,12.682111163577364,12.656726259678864,12.296104339751917,12.125569579123887,12.582093435971306,13.903284638977961,44.18227075338681,83.06930833635283,18.631689086783595,25.209688405391837,351.0215200014806,73.50865000802644,1.3105749453399775,4.413449691260373,147.88100873733606,81.24508274363961,170.70972476882537,46.37222141229437,68.34795033671332,45.698463451193554,338.7359596893249,68.86819741461703,84.16984199020172,1146.8066145743244,1590.823850170704,22.02307890866402,108.69583075986216,205.17423598994225,12.60994152608745,6.784446993490593,59.15862113056004,19.219650840223988,36.790635752991236,13.68336104821859,1.7342735375951126,0.6403360308896902,3.7947856083908915,10.261991116741983,84.91453466455043,2.0826291230632057,0.08160881832741847,9.058187173215927,0,59.418100608833825,907.0341549598916,92.71941042830109,0,0,211.64262616313485,85.8807319028058,766.6381964772316,726.2017246639136,310.6763602245293,1214.1797063405943,755.8755385092098,295.8660076906095,110.54991224541409,80.59980469816246,224.90213623451749,2055.1974667493632,1341.6070281648529,290.8925229250448,0,1193.6464424736591,185.87199926746857,107.24996529293423,50.017756883459384,177.39897302249418,8.366017143700626,327.3075339279175,304.0885989275072,348.6555555137991,119.01126688908857,100.3178445890601,83.49557886997995,106.10410910248704,479.7389440151536,121.66814812683982,81.80799149154647,121.50717178175361,360.6820557858476,830.3753132691783,1219.4419891289945,202.25086706613362,116.6195325823241,333.00285415545363,784.1485471278955,240.98173282755695,103.82736706503623,158.7215505715017,1111.8111863610256,158.2772507185673,295.71408264987525,22.415189490384027,138.78836528063545,105.04592292105373,41.258012431120065,267.6296675268253,30.020669719908454,112.79784612580298,63.57559835536887,166.6636473404397,358.41698018215106,1185.3558334150293,14.88690945871521,110.7837965474159,132.99793948147845,167.49444692580568,309.19463963838183,135.3428837145614,130.14529635258373,120.47052264817584,157.36666577440005,361.80336304656083,386.75222379406586,1034.5267141228294,332.9884883759363,164.98477138874668,214.0695353677778,142.9317196203697,672.5200930280015,743.7416668646206,80.22039767329957,761.9569529742639,1611.0396776360865,654.4372629138677,1576.803624696892,1859.1522875748065,671.5828306434224,159.98756680337328,930.914771715415,832.9426674566655,736.9130597126328,28.832604650548927,777.9432936849474,210.39641763865183,327.85170273598044,1448.1007267675345,478.21082378084606,582.9811984004604,1497.5119736345373,329.71920801698303,210.00380639635148,106.94616525353388,382.95179645952425,226.41180125579012,48.44012653777784,50.31473938874639,284.07361311863895,311.8997679895855,147.09366711866886,114.08475239769805,546.0632309317468,948.2246345512087,83.7319360394157,67.36713110273816,314.63284469726136,451.0493435361737,372.0260332846527,272.16729030325064,845.5813557179786,146.63667184898094,673.7203648075237,213.10348697776806,29.454283966896313,0,301.5293987620111,285.9655299136835,211.52656847358003,122.98040046405963,64.931935810631785,178.06291687793663,189.89939835467607,106.43065679399821,51.86980563422404,301.31023309705733,1090.4959954780556,209.11909869015588,658.2394481594989,145.86497693389512,176.49841294512953,360.59873913339055,199.9371781748739,317.31763265223435,432.5365311358537,102.90049686248607,380.4026259069115,165.3588787157092,122.62427436392998,34.95414960108441,31.44302812713086,174.21189722282224,2.2076909580861237,126.31496623121727,133.8816282070882,235.34866608071758,354.1373647354055,48.03789021677125,595.0449156324906,635.0746691951005,189.2174627337258,108.75095331740158,148.2157186031345,60.345467321745446,16.731164254662367,11.157805192244878,32.42848686482536,19.619550283259688,121.79727348882531,51.64170598254304,99.99237038685916,63.56684989447274,302.68015951113296,490.0317419164338,72.82832618149858,93.03035552074951,219.14081324211597,30.71453836859246,214.29022040026342,143.156835652535,10.481738186442493,2.2017742761187344,27.227123084344456,36.7659743907162,617.685860930505,2292.191910329333,0,833.9922799964058,228.16173903666265,27.125635565211304,825.1312930622584,0,627.6462443478885,70.7644120902559,52.53065407892536,0,0,105.55559059281202,58.95036106346214,9.540079644953435,5.88156922374327,48.06789699406804,104.28981842467212,1.0822234191354274,0,0,0,0,0,0,0,0,0,0,0,0,3.8400702150675388,5.661310366594266,5.77434421596383,5.676387678724488,5.661310366594266,4.495847556996891,6.034043733288438,6.395239115771601,6.118399647630265,6.393184462790991,6.909819936258955,0,47.797889502569184,15.050234589926557,0,4.0171144310160605,0,8.982091089290785,23.442632491485405,28.01558610656199,23.362722950139414,23.627215959985307,0,0,6.700250676523822,6.63135776558303,7.895999715239067,9.986768685707947,8.411344632793275,3.7906432367764156,0,20.777732630114606,20.0740908623774,0,0,24.724547003894514,18.249785112863012,0,6.134683773376088,0,8.501107381515174,5.025852965273303,10.081082788207663,7.035617846252221,4.35925567622619,4.0054307311224475,3.414269150174855,3.701902144190793,5.799693458761568,3.413216363116636,3.366222106584168,4.0557381199680895,3.1690256287917666,3.944604794751094,59.66210758877319,0,0,0,0.057371812220421134,2.9581981021388923,2.9604402294682934,0,9.776237073656565,4.930824789312396,8.835982863587155,4.807105925140999,4.914628043706187,0,27.856315036160392,0,0,0,0,0,0,0,0,0,0,5.682754426323174,3.8939375072694165,0,5.763342681478229,6.557589600285858,0,0,5.016305466217714,0,4.546083159360293,0,3.684137146721493,12.774052511169653,5.202998386047186,5.579567960991887,5.382223328170647,4.015743901216896,4.044119626088884,24.910275384631134,5.416886915109776,6.204127095814019,0,2.1556928021191486,0,3.294823369980794,0,0,3.2937248208736483,3.4590798402881835,32.131810483228506,0,38.9020245383434,0,0,5.352928079268708,10.216703999060563,0,72.28311592500869,0,12.863464859995082,5.413586660531986,5.759104632990586,0,7.0925750741770965,0.5030266773936569,0,0,4.960926773784004,0.472262679040344,0,13.754966480979853,0,0,0,0,9.172916150850542,58.76920072035021,0,3.857939923224201,12.861880119875819,0,0,7.274153517783964,98.63335724778442,0,0,6.850446406014028,9.517328972662105,42.08580293464236,39.048303413952986,36.249328349343145,1.5221569158496653,26.173187294219876,12.123216139227143,0,0,0,6.8404100699497095,0,28.583244785604467,6.87159513260272,11.9411324657483,78.34908705848878,53.77701045878312,102.76174107047719,12.928190837209499,12.11821795019382,13.895114763258203,5.8373203587045035,14.294236373063255,0,8.995695932821047,0,6.890492469639017,5.104831691496376,6.288131833349389,6.115142922975579,6.36427200045535,11.003072300549492,60.479471169382066,60.032863948683676,130.84394933545437,72.90509846386084,198.57626490576328,0,131.05149177128715,79.57743918256365,4.693510393808189,10.760229257587602,112.63609485188823,9.548226109592754,50.151457988312984,8.556193937507585,0,8.976919223524632,117.98506300828367,8.144115944390371,9.539291391201168,0,10.541017507399642,9.478962330424809,111.28435335844839,10.25303465714906,0,170.69720848950405,7.101632784234749,284.7551331993266,10.518405746545193,106.85673447595171,9.771390821092435,99.21557228250771,99.42046910483586,283.30928981332636,53.71254736661528,34.986299956014975,11.332189399065209,9.55720546489817,10.702062753516453,8.181359443741737,7.436469529379486,0,0,0,0.9029327742186385,0,0,10.839778985458874,0,9.127154280055658,8.393266414712025,8.893104771306701,0,21.09647123465216,0,4.145693213591454,100.55662698558757,115.7731979864007,0,107.47251556833201,124.72501519787284,0,120.49618857452185,111.65653939238014,8.766097429062821,99.35650556195368,109.89935303799598,100.59576196447156,0,107.74794070507117,11.558120840841772,101.08890153099186,8.755584764236593,11.817019053447995,19.589175986006463,0,8.896406535958844,15.570233171380961,18.032575707261454,8.84926074559325,14.575144698533927,107.44238344454429,0,10.699513734764244,0,0,0,0,8.791496428680423,0,9.102386564645036,0,5.835106588856973,11.965674796382823,9.952914312379534,9.425966398542545,0,0,9.586040042777993,10.463670362037265,0,7.949294751662024,12.560467230089033,0,5.218096605342057,9.904838019401021,0,6.993167830888781,9.755716170737891,0,76.20188249862557,73.25497613203899,6.228080308185071,0,0,0,0,7.900541203098174,0,0,0,0,0,49.1166776064523,0,0,0,60.22405363652287,0,0,0,0,63.36623226242175,0,0,0,0,0,0,0,0,0,0,1.4404083933764502,0,0,20.84968312771652,0,6.268310730581432,0,4.376703011182861,4.062588854398886,4.179474807847835,0,0,3.9538385114092534,47.827166199545715,3.456399593248442,10.825969305716233,2.4013162659777585,0,3.080750800912949,0,0,3.3566616004037093,2.868780315913962,3.019637937324126,0,2.8183602660044325,0.6691690704373943,3.030717866393813,0.5394816480952384,0,16.913452120739173,0,2.8602483289500276,0,104.43620273721336,24.308403767144586,76.76759975218891,23.25789954939985,61.75285523799738,12.863609835183047,0,18.880860569381536,0,0,0,21.752435797201848,22.017177229531953,17.526815543573697,37.69299247619808,0,0,0,67.92579966106801,0,0,0,0,0,0,0,0,86.46251186196777,0,0,0,0,0,0,0,18.129225870122433,0,0,0,13.0131590311519,0,0,0,0,0,0,17.832379246005388,0,0,0,0,0,13.793798145324553,0,0,0,0,14.31860370295246,0,0,117.6121441530183,0,0,0,0,0,0,0,0,0,0,0,0,0,0,0,0,0,0,0,0,3.4939232684374972,0,3.647171925596549,2.518167435955731,3.497213561219502,0,0,3.7473216592232177,4.117105094578803,0,0,0,0,3.446258198243885,6.279828749886099,3.2770420415209585,2.427505198634375,3.662362689107899,3.262809773442458,3.4954924561489915,3.1049798599759,4.305926306073728,0,0,4.579210763599931,0,12.51457789553701,11.588771751369375,0,5.914485461676322,7.846914487040835,5.676993829661037,7.448230089437956,3.507780570665101,0,0,1.772269683242237,2.198511840881999,2.8380297046682332,3.488842470152205,2.9953400900554374,3.467476001318624,0,0,3.788411195735369,3.2654034820183013,3.4840709543417105,8.268820491625,3.7185476358622567,3.287435770548036,0,2.3918176247931746,0,3.088346453842873,4.05805916652959,2.2762542145504563,0,0,0,0,3.2103242572576414,0,5.89373497632747,37.32303598310797,16.669934938595198,4.947703354802486,0.9760470423368698,5.766815081346342,13.871138821047472,2.4213182368867936,0,11.084012451302357,4.289808324463148,26.215331873125177,13.601809754361163,5.197902335118137,0,10.09539634894059,9.267525500247402,7.267325149572994,110.62374761116136,7.39502355777375,7.175588297944526,5.532787079002498,6.798175045928062,5.336350299243451,4.086720048386306,5.998075053219343,6.160813524833096,0,5.470822198561334,6.386610291436739,2.956315167972181,7.066573071116163,0,5.7570498465417295,4.839154792305171,2.8966684316531284,5.586037435501325,0,2.7370325839232197,17.213931323817043,15.60133757156582,0,0,3.8798193501018563,6.074300332576062,14.197820970062931,13.98303074196694,13.13725570072099,22.460978527511852,32.992757522209345,0,36.54665263809107,4.38517228229669,8.212467142438042,4.915720522743789,4.978242288102111,3.816149465024321,0,4.702255574103979,6.029295705939932,5.033368707249022,3.979521694763707,5.026163909352109,4.583865130849125,0.39336543587430023,11.28269121476182,0.013320847712609728,13.702864691783704,14.476361924352737,14.671945357797165,14.506984023885439,14.506984023885439,0,0,14.541328347945246,14.587862722681445,130.86171538966195,0,13.608316322324495,0.6634824351891727,13.764632190071787,8.648470573467952,13.52340026364348,4.405915387262898,3.9719426253236656,13.280669668968114,3.966979397807154,3.0693588614676766,4.3126491201500174,16.075823018936877,3.6741222886648774,0,3.796503169692101,3.2887863676695606,1.2680759709738667,13.454299441139229,9.3365850965600945,3.152196022408676,3.138152762933029,10.31140230895868,3.209441219641612,2.1526565767164634,2.989827145907232,2.9783588470458655,2.5279085218771744,2.8780982552386747,2.7891869040122503,2.6239346342158525,2.625929340883361,2.647711638908309,0,2.89392817530669,2.8831075497218186,0,0,2.818336867230182,9.361319806054512,2.9536353143867116,1.7083938053902805,1.8657387901566456,2.982591697555759,13.80478137717457,17.205487303474516,0,13.673000234366565,8.880670815502814,2.415099663161139,9.575412788821618,2.234342130632657,14.007678825158637,2.7913957255676967,2.226669956623875,2.217349523567191,12.283690712918649,2.2387841680370664,2.4812092603478666,9.739773418580116,0.9869803455369173,2.2630418157903267,2.0168120299291044,2.130798976210358,2.0221212237055997,1.7054145875399662,2.0175944005072286,0,2.1501803683309713,2.1048531027310102,2.673620151681088,0,177.19083862748084,0,0,0,0,2.060612754869705,2.180721264390108,2.1853012869704633,0,2.175310954185123,3.0797668057105563,1.8208786166364785,0,2.4430914094299174,0,2.4653295344621253,0,1.8626079018915598,0,0,2.1737922258740303,0,0,0,0,0,1.836983552269246,0,0,0,2.6620532805519397,0,0,1.481446497229412,1.6867897604452604,0,0,0,0,0,0,0,0,0,0,0,1.1140273427719019,0,0,0,0.2546314550139242,0,4.378693135544691,1.5801368990356213,2.384109873854372,1.1565455945724006,0,4.877632866110703,5.661438159052943,0,0,0,8.570978570387608,3.5260881912104813,5.8493240344255515,1.8489160830634506,6.151008520678065,2.086699255357023,6.063735326120448,3.93186145467283,3.675004684619091,0,4.721714691269457,0,1.5406899180729559,4.011897363565396,4.331381937623462,5.497938315024215,1.6653899313055696,0,5.2872815640761,5.453115226908146,0,1.8963270456249988,6.962199771933151,5.83110124678712,5.812096122016027,0,6.156238104896149,0,0,5.519335770169937,6.101575497418994,6.147702343819794,0.9420256475607801,5.480618480497371,3.7929971246537537,3.869172255497127,1.730320774583108,0,1.7040251046624848,0,0,1.6865421491614554,5.29270992408914,3.8275636173784258,4.29381377443155,0,0,4.108548122029646,4.186913254707904,1.0262579857681968,4.264845235399626,4.3683865253513705,4.605775009833967,3.1928485721617483,0.2080613783227693,0,0.21433518761216427,4.0745625373283385,4.779285292308587,2.2560569197403026,3.5172007165529324,3.9301874553497353,0.2949725328578092,6.598157210411654,0,0,4.116510859948955,0.5294142775105064,0.26356949587076334,0,0.9137729148437359,0,0,0,4.909606616105373,4.580238330036723,0.7744622840006179,0,6.78482708058157,3.9135229994142158,0,0,0,4.006840275070703,0,0,0,0.4983260426500391,0,0,6.867938095120659,4.0083339209928335,0.24311644355831388,0,5.533476102027199,0.5229137872316967,0.30522024046137225,4.9819303369084365,0,0,2.048344944198275,5.189871145914249,2.446610604267474,0,0.8292025030349591,13.479547488490418,0.7837067270708792,9.623675576696892,0.8039864460276627,25.22827027600067,1.0077745853030236,0,5.219551798267363,8.540427540843352,0,0,0,0.7854471190771987,0.7910352084862645,0,7.595221641721615,0,0.8244061496215978,0,1.072245215046837,0,8.491481367107847,0,0,0,0.9991157606660239,7.728320248087032,0,0,8.503669085330023,6.523597186572108,0,0,1.169543447276757,0,6.952714232120099,0.6586947270394502,0,0,0,0.8061679925343701,0,0,0.6865538426350709,0,8.217018540087828,0,0,0,2.372308249752328,0,9.808858924671286,0,10.401169500020448,8.64309216461001,0,0,0,8.66202520863576,0.545580119038132,0,0,0,0,0,0,0,10.149064234817768,2.655374578705599,0,9.119988431917948,8.567158257229716,1.395151576489641,8.250806883293741,2.62557199392544,0,9.12569260859117,2.754548332271277,20.253455062382212,9.309000273473835,7.343146695216582,8.161025169238467,8.938377778574734,1.6797560063471397,2.918051328645594,16.676066168185084,18.474715201936874,19.452270734093123,18.064064486790382,12.891719317949844,12.747843724217638,5.739914489125065,12.747843724217638,14.479986745698563,0,12.796095824593907,9.200834552396664,0,24.94406974303294,5.029628746358916,5.353311717947311,4.2161276116742386,12.719030354813125,1.8017552948993514,12.719030354813125,33.21466774608328,0,1.6425708305567142,4.700795943695597,0,0,0.3013202447116114,28.640127682817983,26.518135123777594,0.29772085963090095,10.76694017849468,0,0,0,0,0,0,0,9.640197820390373,0,0,7.332981415563372,0,0,0,0,0,0,0,0,0,7.377583266717875,7.133091269673083,5.575615190187058,10.69111940050838,11.168019433115441,11.47299077878017,7.557391327795122,6.504624804599144,7.557391327795122,6.3067152382715985,7.557391327795122,8.010909010291346,7.025960557445028,8.357388235044764,0,8.357388235044764,8.947621596950471,11.570026767682197,8.545327551496678,1.8078217180557543,0,1.3340759400188245,0,1.029666666795456,2.1310679925831275,0,1.7604867691985504,0,0,0,0,0,0,0,0,0,0,0,0,0,0,0,0,0,0,0,0,0,0,0,0,0,0,0,0,0,0,0,13.677709858180643,0,5.101713021698641,8.70586053681455,0,0,0,0,0,0,0,0,0,0,0,0,7.67529036394054,18.588413912254484,23.83540329432089,14.071681717867536,3.6327718441545547,0,15.254477403953402,18.175231246128234,12.255672078799876,11.808224917148793,16.99638689956539,17.61603003300534,16.378437309800468,16.70906637158536,17.26186165416402,22.051494212248624,19.194559821800148,23.618489349688705,0,0,0,0,0,0,0,0,0.6297225401640216,0.8049869021082611,1.512566872899303,0.6498999908204632,0,0.6038148665517742,0,0,0.7782106286182002,0.08756275646657156,1.3934804982553122,1.630554541892098,0.10250311844161926,0.946368750908243,1.7402857263517726,0.3270087148863598,0,1.5331150158639995,0.7037675084211439,0.7705036052325962,0.7492985275142169,0,0.6840302976004969,0.7091366563606394,0.8647521437666822,1.354522929060364,1.0430246669621714,0.7939385946902561,0.7942718264746587,0.7807848984020271,0.7530731049535123,0,0.9334721461771042,0.5518127064691114,0.5460833850086654,0,0.5817011501924052,0,0.4583413452530023,0,0,0,0,0,0,0,0,0,0,0,0,0,34.64055458212134,0,0,32.60046116297086,36.26104570788171,31.210197726860798,31.078763536100016,24.687712651039156,26.560651283697336,0,0,42.8427861577623,37.282157145105145,0,35.33636602881551,33.615832176121835,0,0,34.742892187118535,0,0,32.269401654270105,31.358679128456433,0,0,0,0,0,1.3763830547448153,1.1578516722809664,0,1.2738090962432582,0,0,0,0,1.104013314145867,12.141791868310504,0,0,0,0,0,0,0,0,0,0,0,0,0,0,14.200893013738032,14.632717422531814,14.545802244967351,0,0,0,13.825696952072414,12.964787390629311,13.083237188409566,0,0,14.369102769452896,0,13.939071304602615,0,13.059428019407889,0,12.724954897782453,0,0,14.666830553298558,9.923350495667508,0,13.532292144690226,11.820233964710717,9.098598638861569,10.35519412114412,11.51896076641479,9.201441924245543,10.546742063280423,13.136525956824247,7.675609779467424,37.36776784811649,9.872683740416047,0,9.615888834552077,11.504257365985644,9.125417667527074,16.93195605743681,9.734300638999986,10.486590174674424,14.691039682550779,12.257340257208247,0,0,9.940203336096891,12.387562425498919,11.328337256127673,9.167278909890188,11.81959557105745,10.390175539773061,0,2.3190407143498906,14.092256606465122,9.898792546439365,5.691409060937153,9.648510312698212,0,5.691409060937153,15.466745303978398,0,9.202369382225314,5.691409060937153,5.691409060937153,5.691409060937153,7.7805146731177715,0,5.691409060937153,11.150487940394854,5.691409060937153,5.691409060937153,5.859249046977175,5.790629718912413,9.57908749550238,5.691409060937153,0,5.796835029453228,5.272575184732013,5.802783893410364,8.601662625675681,15.454497347826527,0,9.259979953258371,0,10.14137576611497,9.105693718631821,0,0,0,8.238519828187924,0,0,0,9.03742554259359,0,0,0,4.9389678397033014,0,0,0,0,0,0,0,0,0,0,0,0,16.810916649822317,22.343145540109127,0,0,16.810916649822317,19.384127054782045,20.547095581866813,23.29498243850386,0,0,0,0,0,0,0,0,0,0,0,10.849415595898721,0,12.717068333114515,0,24.3112440885782,25.8242630838264,41.6154094088417,55.289438709437825,48.96769972095604,24.442455000174952,0.7614457352314753,8.022708361493008,0,7.53598716336035,0,0,37.316430614547684,0,0,0,0,204.24963724238697,915.7542782808656,175.15249680381183,4.999177421386193,1.1220401093397414,0,242.42537005889886,28.350481933193656,292.73191151887914,993.2516802596591,74.92218595311203,3372.493899199508,225.97930983502184,3907.593219800428,140.17464762678966,1110.3462671030418,934.053505584667,16.752584600792694,13.919775764656,7.619315700286935,53.955508917170235,10.623568372459054,31.488953357412008,34.29458141048102,99.75620660717813,1.5753669666885837,9.944912458669823,31.27624858209215,180.79677715772348,7.145142960180745,4.787741024305358,14.208954754989938,11.413955602287652,14.752611177661429,126.66067960150846,116.47170804628175,56.05607947931765,26.076539050274068,61.942309094826705,201.77519778799228,127.20569827112678,57.38499456021197,28.966089688922104,62.657731969285514,355.8979142295755,113.93859475878956,102.74240834031826,255.23440692838403,209.61641281763394,121.2407532344177,106.10490859727437,74.008090049064,235.60182892432294,29.380686085131643,158.12775379145674,121.3031494467487,337.5793017725497,49.009011870769186,66.96842249639185,255.63421684849294,11.399899127075486,126.01067432516469,166.38849304769008,32.587659959777426,116.5210488157432,247.68419995434732,134.38179727420663,118.81434645026506,219.98451946943248,300.716673357583,443.4637187139845,594.1618528152476,1273.8633805018028,52.498386264650534,212.283664420688,254.0211314577072,478.7071592908651,710.8285493229286,16.24972160195327,84.57580911564986,265.5437776713266,157.0837587142506,172.96311659169402,99.71339552965004,148.75262374774934,272.0366675582318,229.70412530340334,10.031432160049915,9.817807130011609,50.264631620768455,225.39010126663695,74.32509028628981,11.634746966642593,80.34285764122146,1715.3377736737855,503.27679587687504,58.740044408580985,177.84734898000397,533.1781921619606,511.54073070214145,821.2829140761271,200.13667783266493,3546.856851670364,8943.847571765147,13030.746615537346,2266.947950046423,306.7300660957136,36.27008808602702,157.2170374118057,87.04412606739776,525.2361144043327,322.43596198308774,420.58608597919937,1965.019162829487,13.96865627252924,23.134770263912326,5.270627712383428,3.9052909380903618,24.46686623803979,70.26185525673402,61.518535995126705,64.68118114784828,34.44393842678151,14.656687017890562,81.52659991295941,19.804334599841162,10.056513884327748,10.707322132433132,20.767329148680865,67.92169527502503,12.994365936481701,49.72586325684412,847.453541396876,9.699578735892466,13.797967854562181,41.47010172212876,6.153115396579643,54.78948725380248,62.851524593680466,381.3011081416422,2758.3830663289395,197.6757389810398,12.041377929558015,9.889098160778019,28.924279460987517,13.13679432820952,60.29203438992354,29.76297708499934,70.8121280940442,56.577701727764335,43.37899827289416,31.239590141984294,178.39320116035734,23.284002965412686,3.684764367463628,22.359709835483763,75.65166190306738,1.4548169371040265,6.362248590215293,387.43913043013026,3.875721884685431,1.374681901825806,1.9603396969830122,34.40955203357703,1.5155330546197217,3.4610888564682782,23.417215307611794,2.777561308142586,1.5657244270370863,20.313643015803862,54.362389462421966,27.183979407543035,9.132875991049541,16.040502739334435,30.862858719595597,51.17388597466887,2.413483341148663,20.209375156887802,56.015867198985546,4.2105855321176495,25.292125369681465,1.986318762631626,51.11994218973962,132.0785784282666,104.52775134105606,2.548408366395613,82.24905619912053,150.99721267328005,148.9619224818089,183.1191491272086,203.97599773544516,231.75467079990602,165.21844092316263,121.14395269951599,17.883778660927824,14.172697889757364,52.70646181665291,65.65892982374434,8.006266878278678,8.22228948061101,56.98869542537325,103.779118533201,14.552462649415617,9.865454293569833,185.1563591160919,236.99497879396,360.1010998986464,8.403736134441372,1889.1230813878115,5.718521763416021,14.762590203257563,13.045193611760773,259.2395294114676,35.500711930122705,27.546963410643677,43.61014395760535,32.82777338703599,4.128451205677352,7.613950052574296,3.742873298829201,0,0,638.1874562973788,13.137075459178126,10.489355867677734,945.4564336707095,2609.8342089249936,1719.8928784771877,5811.5526795708965,9216.210892182295,12537.748001187316,1213.0022667707872,7417.057739964616,7336.764797259776,2417.2298015313095,0,644.6337387508427,0.09747439587747608,8.624801676226696,26.56233756591647,10.938237294233408,21.239903716784156,32.261836876441436,45.2103820581992,14.195362188739638,10.741447849937426,19.22662708205822,20.177900616806987,50.01267631138026,108.68432458450651,27.66459220039522,141.77836453886675,23.174644507376684,20.89944930656208,17.937812507064113,32.44944240867063,19.090164285059533,20.965425206336924,18.418621128130884,22.03116930510157,20.23175372826518,17.718173418399257,21.80890152656613,24.257414198645808,53.605433203421406,20.327347548366923,21.985976346756452,24.438995095903337,26.48866412970494,27.227505567605423,180.40161928750112,3957.1745089333467,160.7555403342501,11.919267952802176,7.668032927936643,26.800260738399984,204.8364103761864,41.05457557365547,40.40414841353796,570.1294993768989,1742.234880535694,11933.405922381442,537.0959605657957,6718.054105214655,96.45928215962913,24.060361667325715,91.81994937127197,25.156669462032156,27.12109474174619,30.516012729473427,160.9555887669308,15.517375156631221,19.671877648836485,27.23033018008875,25.806888207559965,25.82885107164132,27.005672759494782,39.11575482976321,32.412530562533256,150.92503256285065,2680.4614327883637,684.9757661650236,63.57723081300095,17.195716351280307,28.347176023480895,15.58922389692595,10.945060970159602,72.63137210431742,102.7715666015554,629.9677518875777,341.9645234503938,7.549692913376187,61.0216318020132,9.612320159175985,239.44490746981157,31.103761751042974,50.86593776286506,1.073514500323901,1.3891460484169178,1.0066228550595104,0.507920700483164,463.00272515738044,17600.698630814415,129.25920528311556,11.191637738741607,709.5266445509642,465.34717184011896,0.3993756313562002,98.9704002575194,350.5415688420888,470.64321966515263,240.5649890639588,167.05725242945263,40.33698930190299,0,1.2051540133397574,2.792178195147849,4.77454823856455,5.924648895920961,3.174968354071119,38.840371379052584,10.245153229217491,4.8064393204155165,3.4085985282203386,3.273096968481013,6.897550432988993,3.5234986752626543,64.24529536456575,5.374947060476573,5.541781520811123,5.8324461993163625,5.669555199335776,2.3648702488990594,2.299362889756042,1.804076825669971,31.3378848660327,44.69484023759322,81.82682544912058,204.5049196118725,1423.908916213357,16.27535950402284,124.09041561008975,16.53012439914886,105.74377190057778,269.80335194120306,436.7829451832513,220.12593709299358,238.8683320384264,156.3572642568753,195.75973738265637,112.79960132731368,29.764741954061616,105.36201176148629,775.9050218128004,35.96353716003292,750.9281270169988,415.93201252736554,662.0671357420509,24.217533930295495,1011.013246844437,125.68284260988999,462.10958423837445,2890.6205541207587,992.6974782782853,1417.9044680961385,7225.991345552153,5761.150073695927,2130.964942673358,885.6608237167463,812.4137319712052,273.9343202023188,178.56134645477775,365.05161247913844,13949.796921821451,29394.52935038014,818.0558503440798,1890.3444396019033,27627.675581552958,484.31189769185346,140.63113902060593,80.817107715737,238.2337193640614,27.97331311665065,23.491865266147265,83.90568543458205,1818.225350689297,317.03928715610147,1207.2101811045175,22.34769861800446,15.620414954323113,11.991225687755584,151.20724346270873,206.19021387183437,213.46684948421918,313.4216119496681,554.4488399877187,321.76143083913064,2676.17838006898,511.5240693454346,472.56798701006915,79.30045153801633,462.94426171724916,96.42045550188034,1215.2322952516872,1765.9126132661097,1092.8882887449233,443.1155687542082,2524.3220169341234,1227.8959900817708,1719.5620281464414,4483.922190926043,2940.2647614830735,9810.990386669562,6524.800784494688,1192.4652302574584,1136.1057471871375,777.6682878576198,1648.044387800718,1041.122043272561,3011.5340569103732,433.7892756063344,2762.1854015249833,2326.22282109716,2079.5636112226484,5840.673560850436,2016.4238570120747,5581.16590663715,3189.597550253674,588.8517485753913,1642.7237738396966,755.468492389181,1374.9652582709139,3295.5596134572224,2361.3086543828144,3506.823262076746,1690.9179080428648,436.561042887075,969.3884084461704,1803.2542823200702,2272.338716589763,3980.9769051970793,38.35834208636053,305.4216929709771,324.0318254536648,470.4086139459152,93.24934352713873,377.0323578986129,75.0718915163922,296.77013509534834,3246.116930883264,871.8368026863068,1209.7610602425489,576.2302094500412,1760.3116802536492,729.1853530971646,1729.1975471429143,1576.9956265903952,3094.1655730977172,1308.6134431625217,2921.9647867177678,576.1668290064791,1722.603925676668,1711.7601138406403,23028.302984197875,1810.9554347816013,107.84299537601869,538.7149790225357,42.38077813370436,142.99494702667732,1934.0251443133184,103.66151740384713,33.23367497302502,81.2309208120805,40.7389603789214,773.7844772641176,271.9569178310689,25.775281155431806,476.34501179796354,328.08197943350456,1573.1892653302727,251.52101302927193,185.54016082752764,464.1620884190823,1166.5683283363678,338.1259887000873,28.7230895421058,493.35409905898615,275.63975137249935,767.854204860761,550.453786617226,174.41729957910005,1430.774273161259,2331.243552146723,518.6156072820273,1759.7805242617899,563.3628537254649,2529.9870883359986,5637.105357804125,1310.6052219628198,587.3833274793573,201.7993807991256,1003.8900275202518,5617.600556974062,10426.849114700271,8198.466875093503,1070.1955832798144,686.5335082774651,430.39001319451125,341.768951685691,1738.0461955070264,193.86135679383946,1601.1757958908381,1517.1878961253399,1018.0500883517332,327.0439765448791,128.72177747191478,498.57657597430966,27.166201632563844,77.6865419701894,489.65010223600723,30.925854457916085,114.39390474553527,23.78572632568921,233.6800047079392,215.95845008249606,164.3638080820161,263.81287061008726,78.83491400935343,54.454071226765755,260.3519826989245,1969.2469679583648,494.3787891002973,89.78478071276014,830.4464310759976,561.6508259538595,1807.3571257881265,712.54325426905,1267.9093131327509,1822.7331559979584,2334.1033076159315,267.21240802737674,43.73181014638304,120.85303984101738,710.5710019788532,167.14055268528907,40.59285718236749,135.97396599780302,27.289765145568214,23.93795180228388,21.231616042153608,84.579731975099,1.9149681717352514,0.26505383570701485,0,46.47935095608838,0,119.94132365926862,197.88663975714047,30.796065783036184,119.51414965133645,0,13.588388386870275,0,0,0,118.57686740185606,161.49567444715166,0,8.768512190977273,0,139.45100829287662,0,110.45972767734395,0,524.6955424656686,18.67906962137235,201.52366132514217,118.99257915971916,27.353909035787694,24.363440936379707,6.412001392156219,26.20188157550271,46.66746090735256,10.30142081341101,48.69789968389389,58.81755989464618,6.312949940483636,699.212028689223,5.445868170937545,1.4483421761751873,20.486583755253054,12.649429226032439,3.0384200731283157,11.801122729723001,8.383769437102409,234.54095770649099,5.100045951943686,6.02269096459765,9.111714845517172,18.996526638291627,54.008465156122114,5.328981007102119,10.59483274201184,7.578117228894318,35.25594634976396,12.726175416894684,43.846200359304305,508.7241090286841,11.472971153245457,35.13498459956877,36.945298439981876,87.91453017423203,1082.6257243699702,62.71754234059703,9.561830811390202,4.026428815914224,24.334312956399838,4.263158951814722,1.2666972817392004,23.838514769802135,32.36534016292066,24.583194412102436,14.766028553758902,24.037900768711843,0,1.949262346361522,0,1.8945634319367113,1.049733622276663,2.5585986088589583,2.483853138806912,2.979211308370246,1.774666447057412,3.395515129890036,23.957445006755776,44.142357637915275,7.229613884065871,3.5176811614720185,915.577413374093,19.88660247341032,4.984443529732577,1988.759456191208,3.465347655432425,0,40.80074804836633,6.519449192302105,5.228261716956195,3.9192149946751558,3.1736431380354237,10.627845652531155,20.615038699277278,11.609683354878833,1.2862529214979384,10.658894766478316,6.2194259161147905,10.929906352529605,2.71519919549654,0,76.02044573330363,123.901673322367,976.7851855577965,5.464237770085577,965.965389848461,5245.940782861768,30.013742544465426,18206.345198786454,50.84501612244117,5868.175549443221,969.7988659491492,2137.0844467040297,253.82228425129128,624.8264361349517,841.5006633840796,406.98418620078553,1246.2935735789827,1854.9450431768864,68.29819712123016,2082.0480922437914,3039.4960263773014,830.6916882443669,438.35358668228474,182.0126363259722,951.9381288311356,859.5974921500698,3490.405783081421,934.2691660546724,497.6429767329633,636.2964820725352,272.68823964429714,223.56076513209126,6006.723741975524,434.957377456462,685.311753645163,53.532697695347025,59.279091824919156,105.83891821815219,51.00475986509761,62.280346236629214,2141.124516379601,5018.363852012381,7420.8294165310635,4019.324514083589,63.854585909561926,440.4578001110603,798.3788462197369,332.4119781524686,2210.472244301309,1899.199281766835,548.1567907189229,692.5455096784685,1516.5724704034153,590.2997222667689,364.0988353124666,320.7612943139764,493.93093297250124,291.34215441298824,3.30872761241883,1.2024039812862246,25.22580010576456,106.91321150903346,21.974636854042995,128.00040661461645,3.0651032980767052,8.250794975680646,2.3229150569180157,1.159100655790945,1.1159542263719937,0.1581120378127976,0.2854587543419562,0.1510359352535084,5.200737824947276,9.800260841517018,5.660589294358801,0.974166320282368,3.4615661219675813,1.898752876317957,440.5246793172264,6.1639153441275205,15.015277547944617,2.092407355328204,3.493536503277659,33.669769803267585,111.84633126644187,277.55071080225304,273.93932209379835,10.105476393342558,23.51885951288309,12.525983398350002,58.440662430143504,2.792270868349306,106.05835379492729,31.836846408018552,0.14196076456353218,0.9542491248519571,0.35714300119773923,0.7968082900913102,1.663886828356795,14.931068704531999,29.5395787406979,3.485463359795967,1.1835506699575196,1.8453379115707076,0,213.27319762169077,675.037165239266,3328.3128653277045,40.658766578568404,0,396.9318715781951,217.1469067587884,4.790448731876716,994.1068233205184,36.323635897014846,20.585675049402596,3.0742518877132827,2549.6281307338313,276.3274086933123,250.3489031591371,1288.7810498482424,26.946141091659594,720.5654770700683,3719.998478770165,28.114289561381234,930.4171359412502,85.89308165690129,955.1865826208203,26.884910530700886,1.3696288266085295,3.510647841505512,6.558361430285152,0,6.876692870639395,0.9162017211862165,11.39805543382113,10.733746798840254,1.1721950670161148,7.07793797274348,4.27517439783023,29.411417650463505,5.621896239476841,13.177006122397719,4.951219641748079,7.746448496490694,14.70997554922565,36.801973581945454,31.103301829965172,5.499108103798495,28.468801693023547,28.184988025470002,28.296215887726664,18.83246887931462,8.71187793762423,26.947607258676538,26.527043065826035,42.57653734903127,1.5779209309355542,2.5696032692112545,1.5937862567413268,20.611148146994008,29.318723770330756,15.018347179990554,25.162124805234455,6.17294617106335,7.461554994464506,7.254206937908607,9.101630987774975,5.438417449649418,3.6679849421006816,7.2081328562214,6.495305372440077,7.242845757753556,5.9095012789472,7.082443160885703,7.007006780078402,7.465078577196894,6.399346084844816,5.5590204720133665,0,7.226766818204376,6.951895563796005,7.4716515779433825,8.109348471839281,7.828397678019698,3.5088640791582546,2.979083716604576,11.552790709526796,6.366263932330904,12.343539585927616,4.767066450428706,9.209508630574776,6.5566663277104515,8.056567033708841,6.60075107758031,9.765005022744777,8.757968419750375,11.319472691703945,10.569792141588806,17.2912361412926,8.196748657769605,11.237974100393336,0,8.603865385899631,12.493209909489307,12.264132227455413,9.593793412002293,11.756080769926035,19.143835701593833,11.600355501690531,7.945975441145456,11.318547295911818,12.865870479508896,9.195381015916192,3.773579771781464,11.268379534072869,5.947141272509936,2.4526967480413826,5.540577339015191,177.88129675074327,11.045091967793033,14.569630109737867,19.150176575983878,12.404568591205484,18.218360099479035,14.366030736110794,6.227049149900126,10.427418490102399,8.076626027341756,1.9425292514973607,4.513163022469492,2.3251232415243166,1.674359398717937,4.404441353122092,2.482340334961633,1.3646917274259522,0.5291002737871185,1.1850061667631633,1.6366276108882902,0.04629593964977195,7.072545408155454,7.682344247414723,1.9159354703685048,322.6815741562724,16.9653026001576,2.7274036554207246,5.36532910060137,29.353101022228177,0.9698075651075608,2.744574437079829,0.12905574125206412,0.05883465382518654,0.08763482438849479,0.277676924369521,0.22526330741592518,0.28332416522038156,0.29037405503559766,3.4411285535008673,0.1454465470675823,0.38658524924165005,3.5566477966471006,0.9323405017346088,0.36461300010746983,11.818236006486888,0.19507045610572402,0.12517065414000314,1.1516646249973257,0.34085253875053695,0.19831144405406154,0.02322801343587876,0.03357626080681074,0.17561803789876748,0,2.799311192003903,0.24421889931838806,3.6595102395848964,0.2715516884227354,0.10054373502999762,0.1050237497749324,0.6079019013612286,0,0,0,0.04322407465379812,0.21711883378589755,45.71475894797447,0,0,0.2098942753016544,0.12693574890364384,0.1804972358997491,0.032432019506961125,0.011527622161004853,1.9083759943425291,0,3.1316663560220395,2.4164987557678956,4.2944474372926855,0,0.7679671998153738,1.8649652593949395,2.6292837108803893,3.8760521965112202,1.8618319827665932,1.703449374086886,6.160650699106744,3.697403638684317,1.124251219399054,5.867230292150245,10.698041282007283,10.672823835046291,0,3.52094441556887,0.4751260776983619,1.078353219061615,81.50020243848999,2.6853113859798987,99.97169943973492,0.5038023252966208,0,0.8598455287894681,2.144730837317348,0,2.9989382801754054,0.05491760652764456,0.02568443449560135,0,0,0,0.12748102418362262,0,2.0469140839190207,3.810011290352124,34.723478477285106,4.859973487553465,3.6188743820657923,3.652667025431041,26.0000077073743,56.3304471525378,155.00073635863322,216.96338718810074,21.378146575416316,18.36678109335048,22.995420092050505,25.859007471936735,16.984565564349257,30.97118433505512,301.4641422341764,612.5172931990156,6833.685475060567,875.22577692801,52.08494494503789,23.051097611599054,61.66099043267949,62.34954687737376,10.519036284579274,11.967015255849066,73.31603689169634,16.70358415589942,12.41574592642801,3.5564586811231056,3.398426330788666,5.121945009051839,5.480144102417792,5.347413788629287,78.01567600231796,3.725394292283424,1.786529389034655,1.7593546950495997,1.314516839319047,7.335936109821559,6.423998845442813,15.244921515244167,5.966800206845353,29.170322537780756,144.5098621955801,21.81066229705295,334.8803722921714,75.33520664486906,0,0,4.2672821374602155,6.0627554120988405,2.3646828722459947,49.45212268309414,28.29323910584241,144.87206296333733,2.5840693264237653,3.7707737659845875,2.5397767038506704,4.3489387826598485,2.02809532877506,4.376935438267301,17.88401159888513,108.17350610192864,24.3865080831412,6.598145054047415,3.7077291240947954,0.9782272794401917,0.8290585563660209,1.7617554448479844,1.6509253474567138,1.351297703732153,1.0168909545567275,0.1929577703906666,1.0043132472191492,10.504404653046306,16.362539770326123,53.59643142719011,314.5354226234124,10.973808828555818,2.265786530164448,28.24850326900604,55.99722086037522,31.391114199218027,42.50892286362212,55.02879921079312,20.982842496008793,33.717871004610764,108.89807616348463,733.1577851105571,374.1297865772398,57.76205476068844,91.64720517384707,38.439378666698786,95.47654497998316,170.89079493777137,162.5877291853017,17.637774278835103,257.10878555650635,2416.401384343472,1123.7017462453475,269.9298482195566,41.92114590529874,146.2321918733539,95.73616503734688,11.142987601559708,8.259421213646103,5.4126629350436914,62.85505081625679,344.46193627907815,465.22202259757665,1024.8146009651753,3028.1188525521575,2512.8287252502587,1443.8869923195866,1742.5557507548706,2400.5388355959835,4868.118446887542,10200.288432614974,5843.64501033205,4249.236795508006,1483.0343757910728,540.2922855341523,113.6392480201462,139.44908452849953,276.0954284724382,183.16567264888707,281.5030410207099,324.6235553434856,225.07554340856527,411.4509598482942,379.71878875333573,168.2846625161827,38.36282475560648,80.240495049762,36.3748057528014,3.2051071293618634,6.545312517744747,7.23543188104457,184.23205502196208,1238.7904759903572,160.90966752716523,135.28809034944732,147.3722171460405,76.14559573322067,159.88621444542815,734.5371366905547,2011.4536198685955,1692.7097681001162,1500.638570695991,863.8792708733051,258.0788360752674,85.82480561507631,39.143274040492486,14.212467601882212,126.91166386616538,65.53983745682514,155.3312396249347,127.97610186113027,158.1667360477525,62.14808657015143,104.75695881955167,24.4739363760029,23.237616788064972,14.69311577162454,65.57577151791116,80.44995287357732,230.8618149211486,290.53698284938804,256.6791197909728,213.5118130905512,319.9676332912643,194.03807392836325,501.7959499860521,290.0657247088813,153.13867331268094,340.2525198833418,88.365797981277,84.82567717449037,80.86940143468418,52.86486239825347,210.6648618075968,261.8013806036424,223.9029769616149,237.35314192850214,189.53702660916528,256.3286045112062,47.05127929892086,318.0650586201277,44.87762153260196,75.85439727738687,198.73385382749453,136.3850888631985,162.51306786982906,250.4115488093908,166.91524000182403,379.73948178974763,275.33706048585526,870.4183483003275,849.5713978992715,381.9659191951524,599.8019382494707,63.01900598932891,29.57516784822584,263.5366613063123,45.172487739430636,54.38448601399197,71.54490781318076,433.33989471349435,356.1453899345536,27.347043812462218,15.186456719481702,122.16516425902125,788.9865803981296,173.50190945869002,235.21623692667816,334.32702603356546,186.53217899821905,110.5175929908849,195.37026211379685,156.74871417635882,236.27429341767257,135.0568673164506,667.7472555615769,157.20672407596464,143.44805173017897,317.3444548630235,400.5985456053449,176.99163678464507,109.3981580246581,71.42890320124545,123.21736091686617,108.30848192109366,141.53398717782463,37.99652907161589,28.989076798421777,17.756715944730143,27.058084556455512,77.06475790041998,375.4525427074479,357.0755085883756,447.9868151502414,312.04197538406413,350.7600069692782,354.1242957517323,293.4120746584878,516.8667874622101,437.37177658907285,88.52153629159297,26.702588508299698,840.6876036168661,403.18108741447577,674.9960973812,326.58784825380735,1.3678016511314623,97.80847094109632,184.03257284091256,22.551862428827153,0,28.5256244227817,25.849467713931144,27.792732394549553,8.76165289532422,0,11.39638627186119,11.742514386025665,8.774467108193258,0,18.639258992862327,648.8029776268669,12.569190027296695,15.402429959251068,25.27853012694142,7.898716559573898,25.96902561760943,54.46164205920723,29.78643704806009,34.390024475309914,43.54348193980477,20.51320004985655,1.3226727442974036,0,11.569357049022955,11.464651584721764,10.361116379870525,9.651619406264018,12.910607992086586,39.30760038977324,41.269551113197856,2.693041896486848,1.343722670872842,2.779494661010224,2.586023399380099,0,1.3073274403043937,1.2122843757565502,1.3843023574903879,43.34508472863188,4.049430010594225,4.662613845810197,71.82358944822894,106.13772439529988,371.5876447396785,112.43310918142689,119.8614602801428,19.100575213296967,31.219748088075562,60.988156302563624,7.587000871356209,12.524356126111995,8.257482641752791,9.767875685711527,14.3814596544746,14.079587225898335,23.941689698200012,186.629023463535,100.24538332884048,14.750961782596717,43.254619154967905,100.14172949160314,50.464911287089606,293.73273389855655,93.29599378094679,55.78134993258298,69.43042424587858,186.4161222495264,264.3891854971667,162.67777211839797,242.65118466242143,81.7502178476742,11.33159338234551,18.304042284370688,84.28688804727211,333.15477055855087,192.77461319104998,19.455219812156358,58.550027152112,438.9741694951053,68.66453082087695,85.76750814828652,1171.8648076488178,2483.6746478123414,2783.7160749095942,506.37335488348896,175.14366413088362,84.79016903164361,63.641651234278754,197.5457427118027,30.01612585311842,482.77822744489265,397.34928254904446,793.022979680956,1441.6469898921216,581.5363512221205,404.5807765906791,103.5755395485699,52.19791506646677,61.01943626882895,463.3749151744237,253.74939277164097,126.17131459630585,418.1227615653087,501.0269471518559,939.2177434343376,477.8831108141307,4255.616219608563,289.0009293724067,103.79368564372508,47.52777437643509,74.62382118877915,54.68169765968829,2167.3359215729565,913.7384863024843,247.4707976081082,577.7113188797642,497.1245940890091,318.1028495637281,274.3737407033984,154.58576490398767,71.96707808833352,93.4563303901277,15.47137378019686,4.659977405963363,21.140143892065414,4.920673814652138,40.42777988776704,148.39742290359214,64.80962981441985,10.568811595408055,14.886142119284308,4.94863733181584,17.60440747872788,238.3349132737071,7.5742932238716225,798.2707731207795,3.7523132222367015,4.711754811141583,10.221987573593735,7.027620121651527,1.5329213114489673,2.936197408229143,21.120375409135843,21.212125529172862,18.355029942999447,8.306774399859632,0,2.611421721077955,0.7042253845747513,7.297555480325063,22.371648319397472,23.42132111877566,5.737911817141524,21.545110663453606,146.5273190170571,218.61495790763465,182.7580445616321,2381.9832696910353,244.51587315182337,149.8372270637987,179.95703629872742,25.052793688879024,6.352226739742984,0.1995607559014796,38.42403823825822,582.9562205352302,1062.0488607397565,1198.893599288178,162.60458395684142,109.71097537622522,291.55519077524053,64.15530335870264,284.6751804005454,503.891675022934,935.8615926653093,941.2648583110093,141.13964006163835,7.0957620048798695,0,23.374411750522043,15.811735714794736,140.80647626063273,81.06528035397093,8.044040006636205,2.26877458898753,22.12674366165546,30.246260138348255,0,0,127.88129492903205,105.63312012593653,95.03902624210286,7.867443010280768,2417.2364464866546,2852.5057923409195,632.297713940894,0,339.8045153288236,6.394524257134804,4.787235772425505,8.854708120627837,127.21125797599261,9.201522337381508,9.0926844695093,1053.4740010969372,807.3902013518158,715.7662644575095,4.969747479475193,6.119136191299453,369.79831040850473,117.0886094036621,47.94735975600074,70.68862673487084,819.5833024096836,158.49570830454778,49.781032664985325,260.76459751358317,138.5737272038832,160.4955284160032,10.142526560068992,10.975553521907448,180.22708348875307,20.13383446662673,298.17492596020503,4.352521525635532,1.544777966096253,1760.1731199213878,1033.3913733317186,3679.9374011417244,4646.822920777212,2176.754348732967,293.8888648765855,122.47073014072456,110.06753569664185,214.23947528517013,191.6198798832599,87.49663750404726,272.3569585612885,314.2384171109631,1995.8508410381662,3451.7796700810845,841.9806321787822,405.85192765162657,1042.7395280570167,108.41726267737458,59.16314251413008,230.05119179669995,4727.088168350398,1383.2023913838902,186.09085500649803,267.1127180810724,699.85052290309,799.371672968584,0.7856359254803807,0.08490063870588073,0.21842589121067738,1.139267655766434,3.2915444170487795,267.4850454168068,15.782511519371223,40.63490351212169,47.69184062747192,37.88005804330106,49.72452085603622,150.42424097927784,1055.709293629875,179.66215697175886,155.81424375639781,726.0363875777691,1059.0123090340214,3616.6057058101983,2325.1760469510164,458.4667466377396,326.2568957809006,255.09938553879763,19.557343288685185,384.5276543099363,16.55302233269726,14.634790797374473,2212.1165412001014,8541.09287813006,583.1519820883283,28.22894379198344,485.18575896314707,7011.512615933395,6258.906137388473,169.1203016050591,0,0,1.2739727557659364,2415.8922069120936,8.60065016673764,4.309303278126559,7.652355536605652,247.7911204554461,103.36048705230026,7.0033778187281,489.6411403944397,3.8093817848530107,35.12622708169606,40.58348017285364,110.42869768327179,0,184.59881212400387,48.131507855463454,258.3692915010414,30.816151015101994,0,12.81009583148973,0,0.035216515969640205,200.10611337138258,309.5829670108553,82.71704213032484,162.57110964883947,4.132929528403435,153.04499873380362,14.658755364919967,893.3592438305253,646.7027296728995,445.86198326388046,263.86044168833104,248.70967538078736,106.55963782942361,37.01557315864884,1.0178960569393063,136.31734195865073,262.7891923474642,460.3299304775166,279.6573674846518,102.51117387379844,14.369434834463867,137.3008811787609,153.5709058973836,280.6561648886585,219.67442307965237,2.0126853625729595,2415.359245031106,3245.411120120809,10677.784494884041,11755.829373420733,9150.49408111807,0.7811277317269996,0.5039116451984327,1.857336981090332,403.9183223901197,25.323443570227997,785.3114013846315,293.5005269061622,612.9588434689853,2514.653467640592,197.10042122468533,17.376711405845672,2.27362187562262,512.3820735577973,58.122966643261776,19.314151054265338,9.63790891653663,1.8145587970759018,1.7809789410271493,1.9511916180750042,2.053820164740591,4.079627065434186,1.80493873148973,3.0828732249650224,2.9171084048807243,6.196635797675121,3.3067819597863157,103.9582778111475,19.120661425344853,8.634343731839254,10.113959998861148,76.22352688666263,510.5691354236577,14.751474662311711,9.7738581345919,7.9760972946533215,23.641407089000907,580.6991583535247,13.533483053138346,61.91895564334838,57.70026864884842,109.96732519349086,14.510820111098415,18.663292902335265,18.750735779123513,6.69033614259764,9.255422692813527,45.35050799570223,9.805863007464572,656.5622957181652,9.248817164821133,121.09493768884913,7.861071221304857,11.97610225789499,799.3433339641523,5.729942444808667,32.122311049384706,75.1974874545643,2.8365225857327756,33.19033297773995,7.440741687516803,42.84944064376599,18.979040989785148,1403.4537699669324,187.26481739126416,4665.879576017503,4734.407202240015,3111.8472215491306,1088.7294258006452,2033.6404472072072,4.443914098838032,2.3942166871964314,2.247830000461498,6.354715016704666,431.63513395676154,466.8195868934521,22.38095437816945,15.363458361667282,1.4008036515683222,5.758585548056968,146.166210413855,428.32424058070995,62.6923792929423,47.37331811396393,4.557691181849112,7.548318985933335,68.40312178227356,78.669539032591,659.4333797034122,23.095721125222603,105.01601951831006,97.48130577107928,27.884312027339146,111.16778961253503,3.7372248745299186,3.6104923808814666,6.163183440968425,1.52192756755821,143.0722552703457,7.007095730320651,387.81742351776313,137.5309667341055,254.96572578679817,132.55698834795228,538.1153150134793,2280.4139477146887,1500.3149209096962,902.1967603245079,314.2729557744055,141.2608174171912,488.33416620673717,186.4897745981454,393.5396585162575,1106.8760790027857,799.8168800385649,2448.138261563187,1477.6661117738197,435.94411850900235,324.2218185247714,330.1099785515911,204.8189860378905,24.711302147045686,185.38033290602834,99.34988315114317,49.35380814530197,362.6046330538971,2380.6959634090676,920.9918685973595,115.1703273270783,1634.684134776348,818.0789828851391,185.21618604877088,19.3335410072143,429.55129928970945,870.7521841819222,1769.3327885616645,291.18221601187116,165.02255529361548,229.06526355426462,222.67073351458993,695.3943947392668,257.078811190713,20.634800489413355,133.1739349588203,371.7300936533945,957.7837158826522,863.3959470900742,870.9669677652126,1861.436478989719,2381.4187574676603,3927.3426982649007,2552.0719108523276,954.5135857564129,790.2389795994899,5959.681400379634,2380.1997519970787,616.2343704664507,31.04789505502887,39.00524795745545,57.5005077347515,524.3864071580618,61.03028553674295,366.2625251769762,622.2094303638338,34.414291952932786,269.71104705294715,75.78627071854362,377.2836477985356,1134.922106640654,1118.0139768160816,43.72793767357692,10.575755205551179,7.461798800610947,33.8490270762452,43.55108658507986,49.29655231926695,54.27815065436201,60.691547710967136,439.16530251264004,2278.2153014720516,1488.0353043153807,513.694889456332,257.9401251718143,34.27850081945068,346.0011109304853,0,0,993.6571059937852,0,380.56321968754577,0,446.4388549922127,359.41457111561476,1416.1214450020716,373.0526785435369,0,258.7649573104018,208.92019718694274,1094.6782306465911,605.1248179147525,636.2962864743783,1033.9428729013573,240.22207476706637,3986.3528801605253,1136.8663794806955,268.4871382913019,753.017622543732,717.2892921974895,820.6742576752044,507.6168554182374,2447.9694933962337,798.171804923625,1220.8392607390983,0,1372.1148993388388,1290.2188204818588,418.81966724181484,605.6233212277889,428.53352863894355,561.010470760347,585.9664536132187,0,644.0648456165324,512.6717803981572,0,374.3318894249852,3259.52067564757,670.9973084502968,1046.0517335069824,243.09798255858252,578.8434499462759,191.64877094429085,0,764.7739682023596,1647.2287379409886,896.2793780114813,1414.2953072277594,0,1362.2735759109853,1261.4495798349442,507.86820914727866,14.56536753405792,1092.8523692569318,0,1056.9399542099486,1090.1973087595156,564.8231222407261,485.2215151712034,492.8169648586092,986.8244834679759,1178.0781467719826,624.9411037515345,657.1623634932738,0,497.07061111081237,522.2088360444038,1112.7504099905793,339.0278424572047,854.794674838911,670.2712524956477,454.72704488081,720.5201004560552,767.1190391006564,0,513.1830626949734,0,1483.0931497002625,16.124368904270202,1281.488451612544,1.30130818171291,924.5758223022347,21.69069598899792,1065.6267795510555,823.2622858381093,1063.2218583728668,777.4071080434559,232.30781767290438,1052.4148298422206,668.1595005818552,650.0494794632299,0,597.8218853131336,738.2618241001463,450.6689611799683,0,0,514.4051184676206,654.9459733479594,690.6586903586089,404.251024053584,1022.7604270432352,632.298656709373,894.6631398204654,604.3781051260494,546.2229497319545,633.7952242904882,540.2159300833076,517.3381529176518,732.4943546932524,724.2837072198154,827.212806124379,721.7850584781479,537.1196144655247,511.36292698303276,1206.7319508036144,1417.9086809543135,830.9201566292314,841.9477873610308,780.8852571203063,398.99563896160726,492.10768560185664,861.7365079740579,1070.895509383619,739.7197309038002,753.5393400469709,1100.3780486064547,752.9969091994257,753.7571783349271,909.2902668996697,486.9746926118857,1131.592821871788,1117.6700691212243,0,1025.0114216958036,974.9134194525118,0,953.1184069370989,1194.517958739913,1508.743925036431,1766.0185790016283,1155.773207620725,1449.240037897049,1428.5287289911853,1321.1763801465333,1144.5746569684914,2675.745554717496,1239.7804594761162,1132.8721420289553,1192.8344814367347,0,1788.7840038218123,2335.434385994265,0,24.09982452986751,0,566.335214626636,1491.2565248347257,979.2293897707018,906.7388582476336,958.9684604033307,1590.2018476515518,932.3637142029496,617.067897043637,528.0541110083121,506.43841712809586,1275.9671486455711,753.82477010345394,950.716800473349,763.0347624557269,898.8316691064456,864.0131318241095,830.4478593301324,664.781006571027,1057.4274267639385,3177.840457216386,5374.544323836815,1088.9297689448797,719.6115610085435,668.7782101988339,552.2211292676881,8308.740763803458,585.0326659500778,1305.4887960677984,589.2279207202714,591.709972270167,621.295631243596,507.5866987221348,637.6418407210666,288.0623958984423,766.0458520263759,632.8029469182142,0,1279.2294375481688,620.9878129578831,607.7009812362528,0,306.80690062450367,0,490.5090698427929,466.43018548631164,701.1620649960187,549.8577543833991,550.1165029837188,759.4071106809293,517.8345127902165,758.5712450750631,820.598193213702,636.2927742647076,879.9668564283885,749.3290412363967,649.504838980611,0,501.5104864049972,0,1196.5770740396097,626.89692236833,739.6766275129786,765.6324356636864,643.6010012607145,389.89383826532327,0,0,424.6283245308389,413.4092719902561,416.88580058914005,0,423.14856777188487,382.247901798055,404.27034504179284,414.8624979166636,402.1808609101811,413.05508739901717,426.30975533804167,0,438.4645671185777,436.49646278255864,466.9002274960427,0,67.97498098336298,0,0,143.06767389053084,1052.139097084709,0,977.7756004024578,505.645074871897,180.83018822711867,457.64979885294525,651.7234683946467,1972.4742855109473,787.1287636942329,4.98172054251014,458.30526210173076,51.708649257148174,793.3691443594282,460.29734798293714,777.0354644929729,364.0711129274846,0,692.8632681198131,426.981825733182,502.1093843170288,610.238617353483,371.30903955624893,705.5134058212512,396.03809757476307,662.3367405850407,550.410239958814,715.3988872414168,518.3330402403212,518.3330402403212,514.4832236251041,402.6121970762152,556.2350342633591,420.87824103934764,432.4138589551652,391.7545187647843,556.3880534121635,367.82554346882955,467.26599011632806,371.55539343231624,580.0777041211724,524.4688654007626,442.38449219831205,436.80506855282067,577.4294514109203,373.4251909680981,414.41782216743894,623.0707885620382,0,446.99958970452855,430.52941998771587,370.88998790972704,464.29979806996124,553.0881910715602,477.262071647929,407.9504051965257,644.2335727020053,562.0524680508503,401.53570755901546,952.0789721538863,417.77061661608,356.72625139772595,362.35130160433204,624.0754500799454,588.1555998536746,364.46360553525585,357.10622212137343,371.02475979843723,354.783925867389,545.8374494099586,0,0,0,0,0,534.7576141558559,523.2063295384078,519.4633209485687,271.7772566552305,217.51173266961212,0,0,856.058784186093,736.8140381331275,531.32395836095,0,589.397395503366,596.6743464161162,436.75182956538595,810.7270410158987,660.0920654614115,679.956969544609,509.48708008870005,245.513727408474,0,723.0693846152953,256.09699999958184,1600.1151133243022,640.564181926461,1879.4502519931193,978.1361966797069,1152.165041133873,1049.5015169790881,292.86798027699797,0,280.1018516388192,618.8437791626665,282.11535342366085,233.6085140951394,266.9509089821998,609.8995393846666,364.0290347721539,333.18225163240925,310.54752748624685,402.2442282696323,1187.5174923135255,359.2458588239245,265.915683039721,0,319.71737795707213,512.4364980282212,1234.6098614052326,748.6827519444267,2220.127868617965,1233.3691450477609,483.9480178792263,1507.4833118292777,335.3051747005435,395.8057265557591,1946.6758024108724,439.88760683447856,346.69516574784507,363.23084669252177,406.32688081486583,321.5826185129221,293.440546724315,279.7982744899812,254.9904678605774,47.984182612686084,0,1718.8095067003853,1879.4787113503464,0,794.128332406777,1663.5952965293347,1420.7920839666208,825.7776888267085,1553.1614089764525,1029.9942764495822,0,1.573271311338678,0,0,0,0,0,0,0,0,0,0,0,0,0,0,45.44519415241495,0,0,0,0,0,0,0,0,0,0,79.52813691727559,178.51413490255047,32.939979256580855,28.211833066926935,9.137390845672023,210.1257571110687,1188.4396112977095,1379.3453652108901,150.99648288989414,768.4233925411619,0,185.53260604573939,55.806187707826595,49.25359084956794,55.07099177272012,457.8658291286757,25.347229756798566,146.05400280926386,27.112128081724862,77.21850003867388,57.965173472828056,140.31792210162058,139.03584201975875,199.5794509422134,0,0,298.34552249941635,50.14813889143287,2515.9597341500335,149.08525506095359,207.569884165167,50.77266674125177,1100.5475759810204,50.52217631809206,50.74703990665252,99.487112233699,0,0,30.539869737612452,47.74750413490138,82.72935046590905,23.559469004487468,212.31184015251532,37.45830326788878,11.768250012131318,36.69545683816179,39.04804594868103,36.76179727526407,18.30620123829842,36.02826744417819,19.719692345069475,30.50979003608808,20.462230013347842,21.718802402636555,31.562960430922654,27.4452281438625,28.836234926278152,50.61225022340264,33.22652688786314,34.61275252196629,23.62648118438618,27.937851799388373,27.419731243956726,168.27586865818813,54.06218343005439,40.52160405222763,24.196874640332627,247.47066219605279,204.0115589832704,53.15888983830888,688.5120619149386,314.88738708928986,139.57762462593732,387.01684231154223,391.3640693238318,200.87269838651886,78.3778506477818,174.46251652336812,53.86548946250392,245.3877896622874,0,14.17219811584686,1.1232289155959068,0,0,0,0,0,13.06773444733236,1089.4133086940428,77.54443739445924,1.881819983960329,78.28985142299157,508.7785739476187,201.656536989877,2999.5674000908,3073.6512284242144,1252.6405542394273,48.19897621074202,0,0,0,0,0,0,0,0,0,10.023145739999062,0,0,0,0,3.247179167293984,13.02580233894859,0,0,0,0,2.693678159777203,0,0,0,55.65350382568974,0.5048639830716026,55.019453911695464,37.63782980998744,39.65631361654476,0.8464265684107342,111.54100031729834,57.214254949095775,219.12695068246967,38.29848376243986,40.710770675868346,80.55989785655017,149.75614563764034,298.44040706478563,140.87877272813247,5.939175777006691,0,5.102416430085853,83.69992666500153,1.7199539365724812,0.3845903876284731,0.04672756550442849,66.00151203468938,37.455490207277926,0,41.0254168205586,495.47374197926473,102.6373738343563,16.8315509554173,11.414915356023135,5.307075084717285,28.240845012714754,7.604806356868784,25.043365619467384,7.030914456665954,0.14441066497456492,0.2980199198460215,225.9505977264048,69.09715079487835,92.34438025984849,7.044339729993521,37.407990615580985,95.38530095434946,0.6806156039187408,49.65720649935035,21.396129116982568,59.02866748834603,1326.5749691267363,4232.61002762166,5840.960702993804,178.23851761764863,117.52333675298415,8.605732053112536,162.7748697883484,94.98464221845614,805.4001386834323,191.19997056155646,62.47731376155784,1.2248500377740534,545.2178172924108,301.5237137766485,336.86200931235163,110.13939055783857,0.03941723790697225,1.8785964358423355,0.04686049369919262,55.09942972035999,0,0,57.60885001176383,57.3449699035867,14.527537448422468,0,0,0,0,0,0,0,0,0,0,0,0,0,1.3895344540058414,1.4776353349809477,0,153.16229255078005,2.6059035027287645,2.531506577435994,2.510674138168659,2.4936483455096283,0,51.54394181852887,51.806628838872214,51.388608531636606,51.44543916466098,51.75438180643079,48.213569105302525,0,0,0,0,0,0,59.928209629634885,51.649732780311275,0,137.45409182648038,60.815354849080734,0,46.41427383367809,51.148860758288144,56.317727779342974,2.026358873114029,0,0,53.64556102340174,76.89297952149647,19.329037037315864,61.07149106128391,40.85895142862671,52.58291380957256,57.80574826277083,64.51024171386642,63.900186821904,43.31765596248942,61.019366927960654,61.019366927960654,2.9719080371102526,2.9719080371102526,53.53598655612414,50.03175432411712,49.7887133840032,51.828015520878296,12.563017676320941,36.86590068988075,2.1656155424104284,0.915201707572781,36.5310067544456,29.178133572979494,0,0,26.170063171201846,0,41.13361702342635,0,71.67806994512262,0,41.151442759264064,353.4079196758819,51.43792559853626,71.80920550739545,34.52807093029563,76.57588718326053,37.430414967452926,85.37961049191317,51.58265941769349,2.651404265056757,51.039249777816856,5.652959052466594,46.94767032015145,52.435036776226646,35.98031765635205,31.809449631052967,38.26158448425864,48.44533967514298,30.345542745335738,45.148054134883,82.24586180380031,65.92645755902659,0,24.95435322207812,45.85940320122941,28.858798869363454,54.942620830515544,48.923662068043825,60.71713401437595,0,80.09869689400037,52.556257926752835,45.88132424909446,58.59649719601388,96.80064249202071,50.79537191576525,138.35222230499446,55.01303619966468,62.88826879479434,2.02132574939775,576.54152395983715,132.87799260460383,84.67278435208588,122.5317789751631,53.15394782858446,235.00690448985267,146.0539531629161,482.9342522611136,475.2102349261676,373.72669866885116,80.86093456253018,5.061643317169441,146.12049585008134,226.13115004574337,430.0879448597198,1167.480319536606,3175.8885411001156,531.3808649493233,3261.321061191502,51.5103838530075,3196.924930123906,414.91708411222254,431.99994064410834,104.7051015296418,94.12111589223181,282.48736640789974,41.324788326448676,15.561507791796604,4.666655707997269,344.78802584866827,103.05011694745554,0.1980224498907536,39.68948383297368,0,0,0,0,13.365154240917157,467.68181490370097,7559.726031084576,14718.029801415834,8426.149272580393,77.65622990963737,2.0869421662647927,221.08810248189147,116.78128424079371,1452.587677160992,197.47797735980322,650.1056097772399,2081.2153884526338,102.29910304029968,395.9170910427255,193.86182314979973,78.65561418781908,27.752313048832516,1.5763583480195076,586.7468911721968,942.9199941724436,1377.987977139297,561.4088894888682,1.6914532743311192,29.843860914625402,14.773009472449948,492.94860131036205,18.83202503236526,17.96359162809328,542.375310987755,4726.258332275748,360.8539636869957,33.492358253181685,99.48116109519476,38.012856554563264,426.917678713813,337.2920444351622,29.398118005183328,1983.0774999865043,498.1098675207796,87.90632882392352,10.388871690335385,170.16194410762864,273.1083094947751,5.416268209092482,3.8832519713455484,83.82886023573641,4.840220013194334,1.9969003092244104,8.614390888129924,152.72705998296317,23.69330202722317,17.319546760294752,4.5090218135281335,9.293406251823102,14.70058642982846,9.11822282193368,4.890845347855614,31.377883027607336,4.149732758889812,4.526720882851339,4.471836343466146,4.619307874049691,4.339654740476745,4.500302950691319,1.018918544463356,2.11584993389481,30.66815762750333,24.960956437777575,374.42205137998536,462.0517060761044,16.307622390034876,16.431479982720685,13.881403712221367,94.63870871538572,1277.4469764073658,9.27336414331817,590.534392605207,19.845453859423408,88.17237906601393,175.04051134280107,3.767188179927544,3.801383191808062,4.519174092270344,112.56111784080925,2.015257656560638,8.655446732636934,14.364173885428746,28.06482013279974,18.297058289935404,41.280754709681815,12.200254199110976,17.92943503462564,12.901317158896648,565.2974414296788,6868.564572506313,308.4374763730985,1194.0541517685965,11744.273387352509,2261.293913930823,58.711037138230495,21.26985097020362,11.794150852133399,51.83441355169411,76.03409309100557,211.18226199950453,164.25022102039284,902.6091892637575,1336.0196484489252,188.3021949596167,12.449629214472756,328.81164151841733,289.7102890624885,48.330339105955915,73.15440577387085,3.9687902112046123,2.338574100751425,53.06845467384337,49.06807031187111,2.0271883126877146,1.7890783331331597,16.710272480695377,0,0,0,0,0,0,0,0,0.2373281674263411,0,57.473054579618726,77.27108230485487,0,0.8783088954284776,0,1.7573578176979994,570.9446230930776,176.94814322187062,0.16502258319985894,98.53527240090575,518.8465515976923,263.3584944803668,882.7517574385625,495.9482849274307,365.65629057307456,307.2457693264883,431.1576449181922,583.4994892638103,500.4800396445344,588.4832606451657,93.37168076914746,848.824257769137,1495.0330867815917,945.8778714783116,3264.8468216938095,2430.6486038140615,1037.7607293232595,549.3505737768446,513.8580568056638,823.3967820135451,365.2668810803274,976.1465152917525,872.1466649129837,243.94342380621688,154.78354485329177,0.64245860963497,163.59254302959118,73.9777804010869,133.02479504114092,427.279355102386,142.51085521111764,136.46531021316247,212.50223811753415,279.7343361110365,605.4506876945717,461.6194236463964,597.750723079361,302.1358823245408,107.54684746110104,603.5036227558928,593.97468528712,82.73355317053583,48.0499241594701,422.8349846094616,283.7715579803107,332.6792044392805,799.4837979709531,1076.0158301026686,1531.4520995032613,1791.0682056171804,1274.1895446871958,828.4893101440721,1025.8070499470896,1463.3728466425314,2498.899084470624,2529.5295925666787,5578.609392847354,2256.6291992879455,1014.5457420142266,601.1173832568716,493.9837485782638,865.9519159119874,514.833653527286,218.46236591641147,145.22977234759554,606.9091404912062,244.75019350612664,273.1662952824815,142.69054231955863,452.23923237112626,1824.6242391193332,303.7344453452666,203.9383707901586,212.75404508933633,297.3456023504378,214.5038800597132,871.0280000038665,146.25053547961133,91.85356068120493,137.22135986470093,410.7471416438693,236.54602724689585,323.52195135594064,48.367542094131636,229.62015152170378,661.5329834644156,111.2069215000463,154.9756096586479,297.4412792656323,471.0725368383689,337.4879631457818,448.8223465119702,294.1146863422888,315.3281794303294,481.014220894902,438.56817250037074,20.371756194683655,401.4459550555971,55.071017066940236,583.3665192154355,7.398910205452272,1054.8852976442688,1817.7989646152396,1344.6343010109726,3808.7468018049403,2562.0524735839385,1262.7215453033402,457.7598896655309,463.9423002518269,843.4378021178227,527.2216358886322,86.63350277089431,304.7417971038177,1333.8986193388532,905.7165357861678,554.8237825684647,1129.3298677712196,1581.328078959615,237.12450667277133,110.37742076780775,264.4702010433996,391.75790943873346,335.21251114446443,333.5441135503793,503.62198128532873,303.3651563387172,40.21731487569135,44.462157385751205,14.484171543782221,14.603172497887018,15.999442851351718,18.65158999882993,0,0,18.534948306500674,1.8385793302442048,0,0,69.17188985080095,569.4229303225198,178.90258978182538,29.07570565335127,291.44371217359515,209.31498065276884,34.96413205897362,67.93923325409727,0.6664378442693449,21.64322513402312,2.320043830071894,91.14599282761984,5.3564091124301845,397.97544288533277,1657.4944904168347,339.82979648462907,221.15609017298178,14.442256689981315,0.6336333642209662,0.46345968618871153,30.850884520963735,110.08661410940603,0,0,0,0,0,2.8642170065399966,173.82543522834004,101.6775157859099,928.4880460079837,1109.2096456472343,228.89995928549703,752.287275931291,16.190318888666692,96.75540100198285,37.72783535007017,131.13438633782283,35.56174018996632,162.7489325491715,11.093845126757987,22.02750479267559,9.914764026840773,151.06703963510387,6.362313442520173,0.7603473613867412,1.703443169942664,202.09484396636714,25.034916845411605,36.62584213294606,206.4389510325162,686.437461055829,444.7554731787119,655.8496420588388,431.1719740767434,196.40403476315055,114.3312952042275,6.972863673247608,130.46890783108356,1126.6061669109833,2204.058747490333,2798.488986309332,2504.9703959525677,1568.851568283358,167.22705064531542,6.452885285126654,0.014712624133369484,1.3872155119479457,85.75804276374029,423.5007934481434,13.622800704941321,147.0126067655198,8.579622761694475,3.9172527139860627,15.102075480626374,59.15443658825656,8.144876869753201,0.010201264259724634,0.4456843511023396,190.71384911623812,14.328425800484082,172.8507770739849,227.48384804522018,3.3105050353289824,162.93490402897837,0,22.418351073196572,0,0.9125714985097533,0,0,6.3599895701519635,0,4.98998183818276,107.58197918227837,52.09953725608254,115.5893722074784,74.59894760705426,118.14392668214349,0,71.8397351074717,102.33416596636373,0,99.74682281355132,0,0,53.616723483327355,97.29783587085626,100.44601074519059,0,0,0,10.5896498425116,27.016175186105656,34.76819958393197,178.74124053977008,17.968879179117756,0,34.86191475123641,4.743489101736503,13.909085710114143,389.83699737636493,545.5262799208314,536.1404757269693,495.7148486027161,361.60148332941094,301.0935412895623,83.57599867703766,160.54079288435693,276.8801367250699,65.93778866988589,152.67710124801116,108.9615513130495,43.19324715632212,0.6673366833735948,10.569949483146738,0.025358614390301265,0,3.6170466301794706,0,0,0,0,0,0,0,0,0,0,0,0,0,0,0,0,0,0,0,0,0,0,0,0,0,0,0,0,0,0,0,0,0,0,0,0,0,0,0,0,0,0,0,0,12248.202933330589,52842.0099383059,30820.362033588324,41.427471410585945,1713.096890533395,65.78670319151152,50108.30509343255,33.54073303226828,402.33630866339956,32.83689752779744,39.73172742184401,53.63463572483681,72.68284814085116,84.36195511076772,44.71189515959919,545.8731143003847,7476.161740549439,1240.6603645614475,8999.812882476914,1062.1146608001065,2446.3920537019544,1748.7048250045502,3802.564299372307,719.2160955923134,187.85921975492687,82.24739477284537,64.40811234263886,1586.6704733578129,2323.502606781794,106.4683938507076,124.73247926191593,231.992231941983,105.71353419992418,226.54430406047538,186.92219220412738,171.5900163986547,105.90538202399637,127.56134493064394,248.80804547925155,392.6395753868122,329.9239969266491,8030.754670148364,4285.143482293211,81.01262879592865,68.58281989974981,76.98621643804688,1518.3036694969358,1469.2429940628658,129.3589272024179,189.52531108308585,161.53162880880058,0.6146129740908696,1.0288401387475583,0.01119232910516514,6.290843189393048,5.315889954100148,9.211867496339252,0,0,1.7322941158293332,9.421557836107397,232.73906892665582,93.2456948119244,43.6832012779177,182.36476986303182,370.92148271068515,395.77514177986814,59.01792299634742,68.68996782735735,16.309923473720083,346.86372907234625,129.4114989320187,0.00737149827270987,0.007553329996660604,10.693436545052938,7.157638414943632,64.57736583899049,3.2109112541423324,0.7552933126516288,88.79664892794345,11.189789020330094,1.2862517831873348,3.7597269179378476,186.6612460689915,55.25677439073568,155.02590811154712,405.1191054411928,553.3622595908815,915.2592399988473,847.912097011075,476.89160268639466,423.76790944199706,1223.198537826696,802.5012337247709,882.4171787043613,889.1744102976522,493.3701056080635,524.3629154297182,898.8312501573886,277.64245469643976,1069.379538167318,73.99865812525188,132.5417251431024,0.17333840106472947,128.10612196217463,31.45349659973158,8.831778865057782,395.3028019670694,88.18492994506038,87.06958626583398,293.9663934566049,421.34074237467064,737.6289024764139,783.8568450537189,67.1808186414622,1613.3923670073445,256.5579168572623,16.90166706981327,7.757860722285933,93.5293052161995,391.00290373821827,621.0898450973847,136.8616951412278,45.90243424382192,121.6911687506127,992.0207063943294,396.15038421879194,453.66616892578963,246.39502512060724,478.0242460062594,274.0513349524659,359.9881992067169,596.1300491489762,1436.2943531326769,670.7843405919728,1619.99020699119,1725.4596073745358,2034.6543723526443,1264.1175799602468,718.6091727811562,1448.9793995095436,816.3824899163656,632.0480103178943,627.7831521921103,539.9868820608602,756.3630213651182,310.0918529577654,188.61832351420074,0,0,0,293.4490393433582,17.540479255960612,617.4779811801259,186.42973458321015,130.80502595349736,462.91546885912726,79.37422357473494,134.34038020898953,763.7090551336898,1014.170697292899,858.4194315671803,865.7533443515972,807.3406918539864,492.68720776763104,90.2930842903733,91.02017138245978,255.76823221891098,0,201.78037243012056,2.5073451937722755,0,0.7473967011163188,26.505664969522773,236.4304013312125,8.299179840338331,0,0,0,0,0,0,0,0,0,0,0,0,0,0,0,0,0,0,0,0,0,0,0,0,0,0,0,0,0,0,0,0,0,0.19786378560974613,0,0,0,0,0,0,0,0,0,0,0,0,73.95359490995666,0,0,66.25576320979725,0,38.91599445263461,0,2.9647370073035897,10.945954400900778,18.311343060143823,0.006447394173568445,0,0.13214863571278698,0,0,0.01047647065741723,0,5.074417480189931,0,0,0,61.400534357387464,0,0,325.05608268159557,0,0,0,0,0,0,0,0,0,0,0,0,0,0,0,0,0,0,0,0,0,0,0,0.1531414320710103,0,0,0,0,0,0,0,0,0,0,0,0,0,0,0,0,0,0,0,0,0,0,0,0,0,0,0,0,0,0,0,0,0,0,0,0,0,0,0,0,0,0,0,0,0,0,0,0,0,0,0,0,0,0,0,0,0,0,0,0,0,1.047871770316361,59.5489946365422,1.67345922302036,0,0,0,0,0,0,2.209667590117032,4.112890248525749,7.398657683735745,39.645559550451665,425.9452082478393,368.1271450772035,462.36632586261555,825.8823788242382,69.86376497647487,290.6807810032534,415.69355694406624,79.1161072125259,139.8613928448474,105.20262585851765,147.54918451494615,9.324480515389554,2.75913529691549,2.4230840390185326,5.774550857266919,2.412892858080141,2.11256551145974,2.1198537099507546,1.8926610018904648,2.1485313284464396,282.84640347099713,7131.884891940692,3500.863755564147,2.777364054177321,1175.6365932039926,34148.62722300981,20764.105865566326,10072.209052419952,2.6005817305289156,7.860923662316287,1.6715783380287705,7.701373999553753,2.8331737711252454,6.57086741469425,6.270314703333944,5.24840775982312,624.0743307230516,10.251275087399296,52.22775838803304,51.80157565337199,7.09958059001042,17.695320727696227,1.5241977625383927,0.029353016235411103,2.861402473943943,168.01967228781157,23.980008338843316,321.77950136053727,21.24361313000526,138.3778417304077,44.064518931087235,7.614921559461764,965.5777018964822,107.95448091154375,2462.3148408620755,1897.2284997861375,550.544032291363,58.303021827514094,0.0658025976666307,0.09256646063904188,0.1543644285914486,0,1.1134201053696529,34.53015201522667,1.4267705461982592,1.2509203034085608,1.8748323197174992,1.2375033300847083,1.1875207499122455,84.10421551050375,5.661070586450092,4.811358202586662,0.9145939960125427,9.224044197638179,0.013219608594759548,1.0141423112157553,1.713094805092062,1.8882657264370264,52.14862487732853,2.246071258101486,2.3355008313564958,2.331037508001398,101.78431450836335,33.84513639952902,72.44327536564782,0.019673550838939773,1.8912053215614404,1.1755645552692622,7.484851986303135,1.1855132032920574,82.21447653500013,1.1757793727333739,1.1683605724560653,1.176017751536734,1.1861065501269572,2.2447161942647726,1.1831241010390383,3.441142171179802,3.183963220544296,3.347791459805984,25.05894583678933,0.09172928288234225,1.0403660317397623,1.1775130088269667,1.1521978599813283,1.154061333672389,1.1493430198587358,1.303682436902858,1147.254894485733,3879.2667320506657,2264.2736134236793,17.00097808979285,3117.5741923668056,657.9333749678166,1.1788361404250172,1.178666564952904,0,0,0,5.5122628667470295,2.3497494533336,2.1982602737207864,3.4628794918830335,2.319537739328225,1.698696782051604,1.3966607491661496,2.317230546916659,2.3217475148820976,2.3226069547662718,11.601531731302474,2.779586395100296,4.369576470602549,4.5777790620173,34.11682358123859,2.320488323078009,2.3670638066177805,2.322240468606312,149.07021851590378,2.349800107565007,2.396162171290501,3.5848500417425178,3.5572777730116756,2.3182365994540377,3.588498594956733,3.456817216300948,3.5520600844411923,2.313617816979067,2.3123679367995056,3.4350864243571695,3.602714025466186,5.638844006515517,3.5535534108791214,5.828939268712056,36.29428702739385,5.966351933240803,3.5558339934313548,46.570512362132995,0.1213029217088978,3.5079312178496775,3.3116799974001276,2.2120402009784,4.142680573132376,0,0,0,0,0,0.05320450015834521,229.5899431753477,159.30098482141895,585.2882467568799,9.960955690049788,6.66821980684119,109.97267927091885,93.76379594156644,77.29101599112023,434.15521209902624,8138.918832856339,8662.910360359263,523.8410643025667,19.29009601873462,88.43954089524746,153.75415184105782,157.65392559323465,23.01453474219569,7.203306272145339,12.853994561302153,0,35.05864295338602,19.86412473258406,8.122521832745582,5.914336017504258,5.549186297254945,15.201860679393038,33.161559294042995,17.75693563149474,13.337596094811575,22.690238621821514,272.4072027333819,1876.1030496639503,739.5518399146961,39.108928964728904,41.20595305201982,43.983009237723294,23.54659977696755,1100.0710945276521,2921.2914510072815,67.05071545609226,34.65512451174609,790.1218782806685,31.78735235696221,25.519940621793513,45.26954449732585,27.5753595811666,11.092941496784523,22.59058991068246,14.766348799095526,119.58823406829255,526.5674706303785,132.32272394452863,802.6405495315827,11.690741394827024,78.75428894473774,2154.795731526507,1113.9054121972672,1714.5525108888523,2406.3623395685904,4710.987978265843,10594.402227092383,12.92792344974454,11.122670712671257,43359.8116879385,41853.65638294512,202.43643826665595,10337.986751758415,16.797743678192646,5.169270219208626,46.46306942913892,48.482808910738214,354.7157715381703,1219.1298822630567,478.0327043669254,157.9981513224456,49.288375021510035,153.9779665409084,557.3036774612522,1751.901937379507,33.796151202233524,600.2565895205893,31.63585471162723,33.967391787742756,27.50227188095359,28.4852799815928,21.996846616675338,7.512991980421301,16.36257910110321,262.4003534766667,32.05400908930479,23.326859793546454,17.596600033242172,24.014022014931147,49.53259384251725,31.199436861581123,19.527718073463273,177.02558689448813,30.291622000663995,277.35433190661973,45.92833362320121,26.400536706211643,41.78498739231458,336.3517358233079,53.463318691588185,77.89182740200792,353.4868761553616,18.032056153477928,107.48728931001216,37.94103141451656,654.9938328578626,395.3645428596699,46.33788131266107,32.79187509086113,57.71543605735651,202.7137815355181,218.37751826331757,139.52451898298676,38.5679281366394,36.48285703736504,43.257608993714804,38.36253010182629,45.815593649168825,41.78378405921808,49.07826820341848,40.973763003053875,238.36249394769953,120.75835787273174,131.50410099348167,298.4318976312014,146.89805284019855,3.827677139977877,18.29811803436131,8.902371097520064,3.5323790464693015,5.556800585296206,10.41323452608098,527.7745349450814,231.95744197555908,24.104709933509806,6.017801302781722,20.33727898462675,21.106780950405913,20.94900791320063,6.5390558589675285,12.779704668602305,17.18286816064463,35.2771118248413,144.8090068230241,136.76488184167363,15.156133477478035,55.83922656691546,23.557079971510724,187.24730696939707,3.6255803686099326,10.711736256665917,29.220901975615863,30.74274082697464,18.805480539587517,13.497572476118135,24.776789038664372,28.906099512904728,32.265937716802355,30.610156133711197,16.63748522353557,34.90118071157333,10.399660438878353,26.315814342841584,32.17082373847871,34.129523902296334,35.63690919526565,28.218177902087593,25.51963574118668,816.2841452928491,160.80188154673672,73.17533391075948,44.35490785409777,34.594918134108916,36.07011058860096,30.606589101662685,60.83375145420785,40.13806215935772,24.13180691043697,30.15204142809818,27.750210097335103,36.26030622240488,63.659868577091416,26.643652724070645,1715.1371028617089,934.349739015456,1005.1355627158389,165.66805113781942,586.7115211371408,22.646425156440976,30.02628278703975,43.914328699242866,32.82228150678146,30.71575036473814,45.357680940005764,1820.1495330763094,34.82105961951961,43.38312824955585,36.21173814664686,14.916791323320304,31.615762700019143,264.65698006132493,1185.2134250696042,551.3146232487006,44.808250603894116,54.280626837704936,39.499195463474734,986.0390932853853,8672.37457739042,3801.8725784003636,2253.529183683718,1735.3334530737898,1875.6594638251952,106.67970115479677,57.76201303070471,42.56481026414359,65.52321731866843,72.39546361622776,83.16776736811887,117.59423434433732,280.12713583961346,2986.775726685052,380.5764814395535,84.93464405172566,110.86630743792176,70.17008720697275,70.03258662365859,39.69018426325767,1363.064326371403,1295.9958361721415,34.12200271498148,24.329075919267115,21.975587080282708,22.9867897909094,23.623046824875082,25.76774724477326,38.03882542133388,35.858151131110795,36.57573650624566,82.26161260080329,35.642729636511696,26.208641620842517,731.7605815365049,248.70842823526831,90.14992760001965,29.714193294699125,25.329903986760886,46.97383754775394,24.92858565311478,168.84379060451394,714.4183306825677,55.245169635147825,42.09787757867217,86.15020955821763,13.151643358612871,162.49654220685665,17.846077604890123,19.16591553017587,18.68968445839042,101.01204187533165,41.58497055430518,135.77367862998165,26.31505329097984,28.750551616079107,31.36641111931394,33.43967356934995,36.3694772175454,66.31727651447896,38.444243690777036,135.48159295437645,31.93548128068065,342.55506281429393,437.9707712717219,87.17568171385228,38.020099114958306,28.02408151508548,34.7860599336248,56.71219615097748,735.6021450293792,623.7612409564808,370.1199735869514,28.040581595736363,33.04756505184499,379.92012065927815,12.74394010036064,23.450449414748046,29.1635317342422,237.27900621120716,18.667617514920504,335.82533182583234,14.955994385234995,22.747465513092745,27.043395589364884,27.31798367958885,35.588053495340525,25.670270554889445,28.192498281959363,29.28949644202224,91.34070516873514,50.45711842562551,14.18135100965889,20.293612940015876,14.498905500998978,39.61751012019272,37.72833536371566,27.21310556043521,271.9514965883522,670.0483418370939,41.42002462066211,28.603837022251035,359.65494914226207,1394.6802875736103,92.36979653245841,12.133574866998819,20.087333866612024,15.789530043947517,16.66253985707584,17.645606373471306,18.357553455277177,15.26389354732024,542.5625437284043,65.80016018395165,38.535650062028324,245.44873256786,45.183541709020695,326.81484770209585,49.724016434358504,73.00330329366837,69.52667044314828,62.94160143869303,38.86967075847085,27.570268977840225,474.10538948527267,33.62366512169751,82.08659543004765,29.780733722139285,29.64251938556881,111.6494739858825,19.097383182754132,19.448901852283175,26.474559788507808,463.01830987381067,230.91155024683096,117.21421643797233,26.19587143743086,32.960386697103864,57.19999316875881,36.767212879095304,1080.050006454122,1833.8533435292904,62.75450290416617,31.28722743430896,420.94351641988317,4754.430349525103,443.78220051201964,30.898792011588707,29.53793002060542,37.89849385063791,42.60042558223551,22.857089903020015,26.109472446685192,24.898310668271765,35.386732100860605,30.628546266183886,27.11788798024024,28.84728575035787,28.245386041727468,82.48414236301,27.021254916781825,32.360276179497355,26.724164496143345,34.39991230687796,1552.2470086899752,260.40960604094823,35.13281036449357,30.952255570689527,37.21833410866617,29.227240044151124,38.217943399307025,33.80235983797665,34.466704453735225,31.68843062707882,181.96796314680896,1255.2338147821806,648.2133276856332,32.04355667823944,42.621527569453804,95.42047172450766,32.70522793467259,30.402833195846885,30.869388175954285,22.430325646503125,21.587797012368092,34.01656215831963,117.65755658496944,289.5782296112292,29.45536522666439,347.6899083522078,305.38507009468145,46.21231485086125,23.941721116445073,27.26337358155777,21.712216369131013,24.903470516380423,45.55308227831896,28.54898273853522,64.33905314147684,30.669988923271944,37.64156171057719,33.34118222166461,100.77853818574043,36.95993876008765,139.67103024257224,28.516000902438897,57.023088236727865,22.131558318753,42.679678955664734,25.078996736338656,89.24378398968304,34.106268155111366,49.58373406540671,32.62727646855747,25.364344964021935,31.34140472988157,142.9882177634092,166.51968116967464,45.10461373469923,20.906427109778797,26.705212804878457,20.396849422115416,33.12375387129485,27.44983874302929,29.252617795765516,13.422319191615543,29.209304905606317,189.38179900116302,17.005698379793746,16.888443068118352,22.089448801231264,28.31977334930693,17.262662292595234,36.13561423206614,14.67185684206869,20.02440754307883,29.17301856383379,15.11784798805919,19.48376135890778,20.47840979971373,236.42912267087823,397.43709768351704,386.02527278545637,75.29312682672273,109.8283689117481,677.9331159351935,441.4462577522598,70.66126269187819,88.65436523760195,96.268067201896,3.499754229449627,2.8166396389086477,4.152142957619365,7.621124031170368,441.34156841981803,282.7435300038873,152.32068735834255,40.90103224215969,40.99642050299964,334.9657648070651,192.90232766753792,171.81764665491323,461.3302037855435,648.5201318175858,863.0585199381524,3221.5264100020604,2482.786893407507,738.7427520321793,874.9449148132525,661.0618531748185,415.39196304434375,166.32765218179586,389.4023081830137,233.0761893901379,21.074012615972094,15.439194813959697,23.6846162664279,123.77507112210156,89.36658382166999,57.853464382154364,19.63368251306354,153.71244517627235,122.21903165508863,84.18364928016021,380.01777146662886,239.2309388300309,74.29623034684667,31.838977016931743,123.16224657790117,77.71663372133318,145.0357280441727,2102.696572409641,3250.1236513618524,1843.9990583925005,401.258173913005,288.9686024540317,131.30906067040033,57.758380722789,2592.9421433997627,871.954176581056,799.9405937340762,416.71476456597577,1518.4871287403764,3889.08921428278,2211.830424907828,3420.4528001144163,943.8502188251581,3260.122540442695,1700.9789962630703,1289.7233425541451,444.2158084033726,66.39242625250245,2.647518047451484,1.920315946295318,1.7111838069330936,39.549439070660526,72.2828094035844,17.520437138229155,28.20736014632946,156.54454825588974,89.82613253981388,95.70823565192639,82.83286312711974,122.06235743157842,220.9327130083631,175.0447959109281,149.8236938645382,34.591178758263496,256.83709929791746,116.5156358203199,0,207.9021431429538,10.537752548981475,170.19516450889424,3.1164354912139145,3.916707983616596,163.77937764059584,136.15104054408863,308.69023869373336,166.0758546030672,135.76529639701045,208.5324904138827,202.37316237370402,177.67543360909772,516.9922983327941,795.3888505689674,322.22243758835134,444.77854501482267,42.6210640218192,5.586595888934131,647.1909668135106,192.00979769028734,330.3573403632088,312.17537342951175,813.552108580492,162.35717623186534,73.60559794569771,122.33677956789604,110.41175613312284,82.42845618153157,81.05797174163176,96.3423132102897,119.55529430281824,333.27067607731465,148.03447062272267,136.55040963690547,72.57365593540494,97.36309655803392,396.4045199535069,124.45017255676952,167.6146927187847,137.72366130379643,169.06509652641893,425.06039076945893,315.7570447882678,353.16307763207215,333.8135544630134,299.35487334064976,334.8821103159708,169.21755964939652,94.05808451358583,210.17291226217162,21.41094099473982,0,169.7665193867228,1638.759244220888,405.8065326772604,67.77587779447154,1.407749623291918,1.4348883941354116,4.340088598553883,0,345.8139132336414,135.67587031434985,13.163066797616976,2.03085591788421,2.3712225534049107,18.100044585516272,1.4435511491899378,0,0,0,0,0,0,0,0,0,0,0,0,0,0,0,0,0,0,0,0,0,0,0,0,0,0,0,0,0,0,0,0,0,0,0,0,0,0,0,0,0,0,0,0,0,0,0,0,0,0,0,0,0,0,0,0,0,0,0,0,0,0,0,0,0,0,0,0,0,0,0,0,0,0,0,0,0,0,0,0,0,0,0,0,0,0,0,0,0,0,0,0,0,0,0,0,0,0,0,0,0,0,0,0,0,0,0,0,0,0,0,0,0,0,0,0,0,0,0,0,0,0,0,0,0,0,0,0,0,0,0,0,0,0,0,0,0,99.69635563732119,0,0,0,0,0,0,0,0,0,0,0,0,0,0,0,0,0,0,0,0,0,0,0,0,0,0,0,0,0,0,0,0,0,0,3.47120347402564,0,2.950419072041637,6.085060188018549,0,0,1.721194988723195,75.62948495665022,11.833003710845572,120.56973221659737,8.72283458465221,38.985346948045645,0.0832934375762139,0,0,0,2.019336979973085,4.853356592614396,18.519216735236498,19.49939918445611,12.518567605296246,76.08085947733086,6.114160605694285,0.9202371135820518,0.45947590053972204,0,0.011381749070123926,0,0,0,0,0,0,0,0,0,0,0,0,0,0,0,0,0,0,0,0,0,0,0,0,0,0,0,0,0,0,0,0,0,0,0,0,0,0,0,0,0,0,0,0,0,0,0,1.472253394380201,5.997653688248903,24.6446245518395,48.7819824866101,55.62309196342525,177.74511106032693,59.3044203141513,138.0452863891685,249.98953778408222,34.129673348305275,98.32204507509205,100.27774781024499,47.22557760899867,112.95375784547468,34.71164628649766,81.67346066137361,6.470632133793998,7.468326052094061,77.14885930395141,3.5908732609394507,0,0,0,0,0,3.54524753741818,3.0729666402302906,0,0,0,0,0,0,0,0,46.126821511867185,47.617613806599735,0,0,0,0,0,0,0,0,0,0,0,0,0,0,0,0,0,0,0,23.824896472264353,530.6981540641389,12.263711175481726,0,0,0,0,0,0,0,0,0,0,0,0,0,0,0,0,0,0,0,0,0,0,0,0,0,0,0,0,0,0,0,0,0,0,0,0,0,0,0,0,0,0,0,0,0,0,0,0,0,0,0,0,0,0,0,0,0,0,0,0,0,0,0,0,0,0,0,0,0,0,0,0,0,0,0,0,0,0,0,0,0,0,0,0,0,0,0,0,0,0,0,0,0,0,0,0,0,0,0,0,0,0,0,0,0,0,0,0,0,0,0,0,0,0,0,0,0,0,0,0,0,0,0,0,0,0,0,0,0,0,0,0,0,0,0,0,0,0,0,0,0,0,0,0,0,0,0,0,0,0,0,0,0,0,0,0,0,0,0,0,0,0,0,0,0,0,0,0,0,0,0,0,0,0,0,0,0,0,0,0,79.58958482686351,0.10209869900059054,1.8355827250444727,0,0,0,0,0,3.8256588871814023,0,0,0,0,53.09731369578579,370.5114175587011,68.20153813126743,226.93240794250053,102.3101145530547,434.3306376202023,28.154073010075862,15.710052833815583,877.6520603682072,41.47744337236909,111.88784071652388,1301.9115870499456,5.821381550846831,169.85601482740384,195.18022974513232,38.8865860500664,284.6102874756965,306.458767282929,129.37796115532606,111.52739316336631,60.95967690345386,1531.4939542563532,17.619908731360454,145.26907792743077,20.617403179497703,344.1932540331458,65.8394474251091,32.22823075092751,56.83175610282409,59.0644784451247,0,0,0,0,0,0,0,0,0,0,0,0,0,0,0,0,0,0,0,149.22463826171082,197.01804843744955,769.2938787981566,930.3640449484569,894.8494296179783,406.41979465363596,62.67911295343897,25.275518216794413,0.18988915218614713,179.10234048352237,1.9877371865392455,123.09709744122904,2.659815667822717,257.26002514302775,20.467305287317906,104.43604121950034,18.525424993031468,5.407241122196281,24.047966745450378,10.255116035928939,41.144792713991436,133.9052578478469,2.2295522789335447,69.3839268058212,60.85484672634253,23.801281537848322,194.2937145366324,214.15847782491988,106.38611456325579,39.08823449209655,10.775312868936837,9.085358750892235,102.39759647231358,0,0,0,0,0,0,0,0,0,0,0,0,0,0,0,0,0,0,0,0,0,0,0,0,0,0,0,0,0,0,0,0,0,0,0,0,0,0,0,0,0,0,0,0,0,0,0,0,0,0,0,0,0,0,0,0,0,0,0,0,0,0,0,0,0,0,0,0,0,0,0,0,0,0,0,0,0,0,0,0,0,0,0,0,0,0,0,0,0,0,0,0,0,0,0,0,0,0,0,0,0,0,0,0,0,0,0,0,0,0,0,0,0,0,0,0,0,0,0,0,0,0,0,0,0,0,0,0,0,0,0,0,0,0,0,0,0,0,0,0,0,0,0,0,0,0,0,0,0,0,0,0,0,0,0,0,0,0,0,0,0,0,0,0,0,0,0,0,0,0,0,0,0,0,13.717881467641586,49.85322339121058,111.81409813596797,128.80773310728273,0.4785604881605514,0.4144505561497033,0.1142833070297054,0.15903329802052216,58.345437586080735,4.247515851464731,0.4516323746870668,143.95893815597765,0.9556077886973594,3.0415622126810766,48.6195782412361,7.218496995883035,1199.9513042999515,2950.7992778519,244.3510102120556,2.5287098462481974,2.6757512009314115,5.034515941850948,3.83537429302834,2.0510679757610646,16.655144606034643,146.85164514887376,0,0,0.35439760090490763,348.9053209232441,1.140782540699068,46.61425440742754,40.89930457143388,9.042561065694978,9.36776244548163,190.8613470667419,11.741824667301243,47.16208629854288,87.64243131008324,14.669188273261007,10.762847289840884,603.5981650282278,769.8170012436369,205.57677929028918,106.29636636850333,12.258943461906826,13.51814593889963,25.457719900809696,16.428050941350172,661.7463987224329,10.871704028857128,11.426702401277694,62.211914079389395,301.3484792168754,2537.232228526295,700.7769760577555,1588.7576851584286,25896.07469135675,2148.329350501183,542.0373091091944,31.59115677908041,232.59879206486406,43.473768800821645,381.84201097934357,70.92002872742273,26.57817586993222,16.465584082271178,0,396.3626546086589,56.00182101323772,1347.5829312188223,1586.112329457797,13204.133267827556,1165.0186456167598,44.20167691951453,20.403977564334905,12.702418367328134,87.73620648088368,2814.151226945439,3736.6983934922528,1966.6949905891386,129.4081998607011,170.16456678204594,958.6640599089583,20.260875700010203,20.06423880291588,20.461577550060355,20.657588583954475,11.403455140349063,20.956056115499248,20.310846218169342,20.86084297843101,20.894669614374486,6.589247423636661,59.03422957905528,8.450348166138019,9.34307585335842,60.502302841046564,70.89513517224047,27.523881160518243,5.968525250533081,54.12259666968626,47.841035896783076,16.748065199029984,50.47576865821837,39.04700007753781,34.54710141099082,51.369709327133734,38.25507727916411,19.47978144210329,44.27998960216615,10.923999920296854,42.13099314437291,32.9016944486946,33.855959347708136,29.607612979938626,34.904653521477634,5.759483616637151,37.3976043799647,0,30.539354132681616,29.364553757187984,27.82733997489646,27.072441590856442,33.70483670868323,29.52532058381956,0,33.80224156665442,32.7150923385382,148.25579369493605,3.8620244985343324,4.637778286068378,136.15772901482833,10.386356336416474,13.082893608276171,3269.530087026796,750.0221312108312,80.53388996435243,1.8642355116405873,1.288100192404645,0.016548171620454643,0,1.2705421230993725,0.08963487063127168,0,0,6.741005634344416e-4,0.21325186997685655,1.3114343096370749,1.959252295714434,0.41882216637800046,0.002882686164119296,1.0523662655177763,2.546057070592777,2.7759236121431226,0.5732561460494169,0.0609761822661648,0.09202363551611778,0,0,1005.3429605308902,2034.3221491675126,0,0,0.40594471314620767,3.5189007314960854,5.184569429649051,8.000909272850368,5.151570221219096,0.4225230873328073,0.03876580425137266,0.012869610654619537,0.5499549623166753,0.6680801479983975,0.2312586696110988,29.87572728671221,171.0891779572554,3017.1984469391327,4702.445076491606,2383.9114941723583,4745.923057443706,434.790254042665,146.1106298770794,20.83301119603256,4.335454676458019,82.77721840517464,63.71359833954129,1.3086495047372613,15.867434621194327,758.6105777232558,0.7156576241631443,0.5723380986885678,8.563431226005553,16.85028233362817,6.144572153720284,236.32893578116594,212.93526695534294,9.6637413776348,13.13450225725713,123.67992208313849,108.97039030443268,782.8247246392452,2809.128593347318,146.02076864697455,103.14771194062709,65.98564376013637,0,177.64399013540515,169.5580504479706,2307.0337824124335,1683.4640697535326,1142.92927932485,240.92942846833736,250.54529632206072,143.25930943060985,322.939694166503,251.3784809260749,752.4870924776138,309.94514599888174,259.60259099676557,216.7984254675006,239.37084103218237,724.8762103829832,891.9446194435372,137.6936878442352,646.3179742972469,181.85434412337347,589.6579764884967,629.4601154843843,55.12092313616532,81.18675261512469,193.914765530215,214.80458548536052,47.35421535682201,86.33468876408445,22.42787710024527,10.603850483231728,55.62274196498505,105.51478171828323,551.4022706851846,1408.2909332182032,657.962383569984,1254.5396534011288,1064.9529387092566,18.430848737183833,125.5914926353314,258.5449936717061,84.7297112560509,126.13540295024167,919.6989601019951,376.39970664962794,378.5750696255025,335.1490692103072,18.62008870075723,344.95307352797204,394.4210128654643,553.324694411391,685.6973819399784,387.3075124119476,158.93579929362127,321.34905772230536,152.3205162962626,99.85298483490877,55.52956043411896,414.9485822859817,1888.3527648442894,234.9123555163979,469.5565076290095,568.9613281516195,681.0799899372437,391.287122752087,52.220730249052224,155.14884642983213,76.2791187568401,16.48160136061333,114.97577402361824,77.5419805374997,60.235722528098954,218.04521114502356,178.59651943450314,20.101768556418662,140.07162658940894,21.642124969503183,76.81638692066439,213.1744416703096,640.2301965037483,328.5215253489239,235.61485368190134,116.93862225115627,64.32757224946128,381.7642153344664,50.82616158901863,424.75965609706026,87.64027626388179,1002.5058585972802,349.9201279983974,96.57527670000539,42.895719634240386,60.24404033354173,62.75774611654444,172.44829853587373,220.08749896846427,281.98226239447513,569.6189303905265,164.9631809994346,42.21797049863025,118.86368603501685,61.841102678644795,143.81255006217555,66.38914661994704,69.81475658580976,84.36938903675673,28.178756025294895,55.827702102544215,34.61716623850234,213.8806362914934,372.35174497425186,308.52413299157155,242.75554146001568,343.4949930049956,435.08393752365566,630.2091152477193,221.5147731667597,150.92571487042292,515.2761100002775,431.71765541934644,246.2931710456399,465.8475566404343,222.48746579914013,431.3082378637758,95.63238616888106,256.9216204568591,287.62325605980186,669.8125937694059,660.289444746657,1236.8634297389278,276.5212501244813,176.3153925577421,306.9334347124824,2263.9201710191132,523.8995964845586,735.8006466981648,740.9164484511431,228.21153869207987,121.85769958125421,21.523490793089678,105.79016171669075,163.61290140789342,9.058931001777323,43.262778866225354,80.25696762025835,22.112802782427384,408.5538921516049,541.0513321611162,339.32534512418636,121.87367394220456,50.06488191754814,84.26896212846518,273.17710587650004,796.651656532375,321.9596951247291,5758.052089727176,1170.2332015100021,907.9765208599802,776.2407724792218,252.13124276971942,281.68877048215654,204.25393490945524,315.477656051134,245.55093543566937,351.56348771904993,359.29821820489707,491.73121619687845,601.7516983453926,514.8112578601306,130.47037063404628,92.12900555244305,202.0153056569516,122.5550828365389,120.95523048228321,72.63408715988487,109.42612772277519,123.87591089004616,5.336720740447996,247.46978059136703,120.30385206244962,4.264152560321288,6.246965300397527,280.72190064683275,160.54813669759432,215.6649884938955,210.06365085337077,557.9471055731212,1494.1600897370051,1305.6807101548152,1608.914377432513,1159.2263950245278,230.56785662268277,324.0029862202138,490.0368404280453,776.674630537389,1373.5463388593969,529.9565580887332,276.461406800261,15.743035433848716,122.07679664290832,475.6934486762863,94.03469553592933,205.6854501069384,863.6954815700146,210.4299128324991,8.855572181678946,180.0395602455933,1427.274019809821,410.02246782648444,66.30082900564581,39.084661491838965,569.1229002683178,193.54965332639844,83.81053049608649,105.45738255200651,326.05648757836127,76.06988636469447,113.31715890234504,338.2884999208093,286.0013575776844,624.1564228613748,1209.3698958548775,1054.4051782935464,3.8540613677024704,8.906249745645608,6.727098071433625,48.59622859174681,6.569756593730911,6.534337138857459,51.54165920265627,345.4609919634558,876.7753731808561,1702.6619662711141,4133.129386408412,955.0852602855238,7.188642166213787,514.4251249473822,13.93135706234346,631.1572525428509,43.60527578555657,331.14023198087244,48.04431109356087,73.19570543374574,142.66688543141927,13.284230396176381,21.962494905128747,184.56778389066704,84.69257973473464,219.5680230683854,144.72020145666298,153.94518583057376,160.28730032968858,11.35718454322499,9.240526967276177,90.25315448615238,0,0,0,0,0,12.628303149367897,2.5129200422690174,5.850517382382269,3.1677394434885606,18.28876690740519,490.12718541765634,47.298391545553805,87.13698147483103,8.646714652988958,126.55616186667801,35.65034394956937,306.2789582531274,2359.6913240283507,1128.9045242117845,1236.7461099290188,818.62707035717915,742.86517333983,263.57185706411224,241.96575484715586,424.2387546224371,389.7352557561393,288.6653808623541,606.6896808838464,561.637451421851,87.45344883879945,493.229666379846,1335.9539271302995,794.1580084734811,96.29182328374294,71.14605203124462,69.01617026982099,78.52848590796447,37.11513335802198,76.12162930078023,34.050325504469214,78.12616304033108,71.11274990745758,107.4682174825992,95.25680050948668,230.92779462925245,1713.298890184894,2243.6915635325217,2817.265001184019,855.8641811022297,763.982159701905,310.2510855588602,273.1953507022593,1686.429669979836,1228.0791207475907,1662.6763186738385,223.01907240190334,156.66159225718602,154.2995720354792,90.60870422715784,930.6404928390622,235.28156609070683,117.56593587769261,181.83466271958417,591.3453932341763,175.47037509460858,736.02413616440106,354.90745925119893,146.21565307431015,2430.714499851174,1144.165338160415,1347.5144336148255,1300.1122717087846,923.7576643995362,2058.909456212002,935.1419288188354,463.78986868547065,922.7585557068066,3987.0043239679894,891.3533706077551,574.4519504208664,11.497862287580988,45.76017570064965,55.051972072786405,36.1330720857271,41.395087858178755,35.91928455811726,20.991477925696984,7.9655436535515065,143.349564930977,4.2334300767237005,30.922091949584654,4.980610588175866,222.54638021215973,667.8736749901741,3342.084470179205,4.392720700744234,23.205920700641006,1.984450485665784,39.90307757769691,759.9016981739488,988.8424464935497,891.9249870375409,403.00611337769607,371.07697301292734,22.88277751078716,556.9582513855328,1183.4170745625972,756.0162947799142,2574.166112841082,1253.5771015404684,2077.8239050307193,655.1577517236402,1019.4065209162985,1043.0349625633303,1737.2411391107498,2728.932779269132,574.304056922288,592.094339485218,2952.4602897581103,1794.297594747491,599.6367102458706,1682.98375765488,1819.2410394302651,1045.8294346802165,1976.081805541907,3098.3790592515434,468.14712348495715,5001.696790703973,3990.6294506329937,58.52187167212592,2038.791420183274,829.0968028238632,37.588138756135315,1581.2504345587975,1755.1171909812201,1330.3565461148744,455.36985730790315,53.964441735800456,180.0595099690607,151.23802822927604,24.06235860050377,71.32757173436096,561.2127364237358,1258.9321660230978,875.7281395245581,22.951226949964216,426.8752915087669,8.07874538590779,6.479833187991887,5.64094095492214,5.690354803764301,6.110532026989816,5.575728383113343,9.21504125927974,19.369865223006983,22.320016013775138,16.028278465676724,12164.68638891245,676.1903820766278,3281.501111210632,591.9186354552793,6.9228739386009535,61.95717127051868,116.74520681253638,130.61199859255888,14.464210829417418,603.5253345983723,3695.016111815496,5223.797605318904,476.2909849525345,78.97699520413941,105.28985666516202,2480.7706143606115,12539.823044210229,114.53973275563372,2596.743017241879,721.0634160063247,803.630924650483,830.6485735231669,33.51732395164419,411.5184487832668,56.46535073583145,156.60688734366155,10.130530240439871,324.90553795952275,8.587466256741951,4.97175622598045,4.9318949762359114,15.196415718385948,1.6432591449669463,11.302280167878145,40.93323651082796,21.405670669653297,68.18235651104561,21.911469056361973,69.31578352988342,684.8600892400979,81.89890126124713,59.788775896464955,582.7406070030445,19.752858120703433,21.612549408868322,372.03317519828505,738.7307736313165,200.11737451816987,21.53702089093143,134.53309643672503,156.60074869180582,41.910149382297085,52.83711435246165,456.4770483472089,79.19497764563536,198.45754681500955,24.897556573442525,54.53037905096902,147.66508632382477,271.7823711081095,25.41771274679416,27.16146129507918,26.506228521626166,30.89572119682349,161.5325872423486,288.15194602585774,224.36466901402414,20.557477489346507,268.71660547977007,36.028059355064855,68.97251036002378,98.22189503757411,478.16665488887344,339.9536779166437,6.670692327347637,31.55961877990673,95.41541081545063,35.38615042775176,5.890645815245176,26.378114120468556,124.41328938624126,272.67767144705675,84.21355859318297,182.69815528695565,318.56128378678414,1189.242774485009,5365.283485536663,15761.751795138089,4572.9680477217835,464.0152082671664,529.4879182919934,473.04602889687425,138.4058075082972,194.40717219994548,199.0489659981547,244.79019111992218,130.52933043507545,68.88609613964567,49.66355731412475,231.76449292700906,205.1201838141864,99.19158649480616,20.219023347634202,42.01003348357023,2.3069803737194414,3655.3326921011535,7.66010858097489,4.740129335179164,609.4972166569501,56.710130552548975,43.08445475127733,43.47987620376546,0,19.494609260340408,0,37.38483107698881,5.266236389690114,22.312142240424894,23.61070093395872,21.674726881872168,22.891880762302492,21.175719163704645,23.532501917382035,0,0,0,149.21767731059106,49.75669009291105,204.52979074551558,262.05450866829153,122.90000391039007,55.34954049804698,54.52103178691564,259.1962878382205,247.89830945759226,354.9559115257426,322.8726450618,206.1347008070812,90.09734623172017,55.174422414648326,77.65759929340268,124.89633556540952,158.42706507966986,82.55367679259795,141.40315370018496,134.813113776326,483.4626927557397,776.7388318075244,138.2126466640986,421.7508954288159,22.442314458492532,119.25519643682158,610.3182788434287,140.3676509673472,174.90875082393373,819.5993670725878,148.17862794602718,716.7032890960041,833.1637694131682,835.0550560941051,1095.4944680231852,2891.681345028669,1297.2859018846807,3582.3400506812213,767.3803483522601,507.9086163149488,294.24636938501396,873.5589404093433,377.23172592659927,1506.1374376575623,0,9.04276763245368,9.809208956540374,42.85804895171479,25.96249482470016,629.7974378585858,40.17519398082032,34.594366558977,22.029242479451007,163.34344292681482,686.856125233485,536.423207724836,740.7671250507677,2421.214899916019,2566.908448338633,14.608862131722233,65.93270200576698,82.07076772655878,18.25813228688078,92.15093516234272,168.88802386905735,66.33368151572498,141.21100837887886,174.54150034526808,184.63162833299717,106.01327809309367,313.24225979095536,69.10593069732408,111.1773490836655,17.807823165245445,8.716187025049383,3.2210380401179357,50.093056755112976,13.756440846436087,3.3248603080708836,126.26900259167614,5.586551527729525,242.7948945096979,25.353070815263184,42.33240899981577,4.789464831168335,0.29462300976458033,2265.6378789156747,2276.9527953160605,493.24645892665956,549.155507217997,109.93542777583109,1237.4775680399398,1110.715413249097,644.2269998659009,332.56487178423095,112.90549997314235,109.4957272803957,111.04879831007183,28.908155285043165,36.39073196394417,45.2865925173822,27.78194090550139,27.412958503986285,63.334674389767265,62.791866226217934,89.41141604273336,416.7553351179486,1120.4179163572278,367.4121188671488,113.38800140848089,22.61683406489817,19.505595140103953,56.423966628116595,54.430587911473765,22.59644721562744,540.2667334189834,212.64769574992405,75.57563736158215,49.12835145597656,36.66827538963857,340.95531524183264,294.53454615537174,623.601931023241,648.7863227496736,185.2756402350481,151.2585062318936,294.8744732016826,311.2646562499706,531.9503799429789,179.98779847967896,4.6010412850871285,4.390381811911155,240.65121442884623,132.28979217165207,0,44.966012511214494,1.9938354653780643,3.2669660333954944,59.77777847478408,489.9849259537852,1199.8771952306367,1297.9629239790952,74.47852008329394,77.29553970102921,25.78560997325948,93.96797974185586,372.4143906775305,121.72283130886622,448.9105660032779,64.62485543162549,65.25367711993248,196.80682502241638,418.2581749731998,70.28165668019976,58.68624632392969,3.6014599129014027,2.1245042030154546,1.7930053336247185,6.21823018349014,1.9143047955488097,146.74701838809224,103.42067032040302,3.3494779957111835,4.387554989331066,12.525284602122492,6.812707736059391,20.034976772453817,192.85339594859624,473.34766414906255,11.145877186784666,116.63698956409107,96.81549218107786,5.362384958670312,96.89385998079965,0,0,23.206105780258763,208.37166481239908,125.77817748041572,6.248782481198793,469.871704296682,273.33616350801196,51.170013470346255,8.140273413965502,4.906625305268978,29.554629066155318,2.8907366349216983,40.2262161014242,3.4826244223682896,1.7713738908482162,3.0305373377737683,1.9857463423677502,3.138414773438125,1.71858446736796,11.11763708561763,231.5979429390995,1.68976074938037,0.5730877492433653,114.17229921769496,554.3244299496845,410.35096701903416,20.11722185425173,144.32342626119296,201.13656798983496,164.47346458423644,319.5722707678253,158.95732580648573,207.93877554415943,28.229350411680873,57.902856370978945,1234.5709658729322,887.5605646877584,3413.1014809196076,2538.4497409104524,2050.2946590349866,2338.9362635424695,1157.5644035291357,732.4686792092484,3.6445739297211155,0,0,0,0,775.5318548314605,0,0,0,0,0,391.22871847776764,0,0,0,0,0,0,0,0,0,0,0,0,35.61559810836149,55.80380507631136,0,0,0,0,0,0,0,0,0,0,0,0,0,0,0,0,0,0,0,0,0,0,0,0,0,0,0,0,0,0,0,0,0,0,0,0,0,0,0,0,0,0,0,0,0,0,0,30.456441431859588,59.92929719026521,32.203090014575906,47.81076891763338,0,0,88.59943939752024,0,0,0,1.0778155450059106,0,0,13.499353234055011,0,0,0,33.21792420065295,42.21400969873649,0,0,0,0,0,182.78964782692438,3.1394175921083023,37.024923659387625,7.8437280397410625,0,18.76914455274412,20.909814656346636,13.667975657497122,12.56394991918757,80.42316997141955,23.000491279525658,329.1836942762402,213.48095268313568,100.38261749774108,62.81926423104921,125.24252425969891,173.7616548374744,0,352.62146948166645,21.237451374206294,183.19085322635271,232.6596030164253,1514.6353241009958,117.79735340826016,0.7604473165496773,90.60228498721871,139.0247225046854,132.42602200764432,98.97880899513132,110.28811857625833,78.54340395922283,86.31987900112098,179.93592228508004,7.503742433471463,115.85403943495483,120.1269909640125,112.60771468247479,4.124593363794145,151.4179079142429,57.047784115846184,5.926684971899607,4.241827686607997,116.5747794121673,12.617525211340315,614.3416276928448,442.298373441727,18.76798130795777,413.97477587747795,320.1705956538219,581.4012812146673,133.4803149647939,568.7265366915304,160.40112237046807,520.715780026681,118.21867087250325,274.07548743999496,427.018739283716,41.74111518129408,690.286079250011,367.7880484376693,37.406672127789484,190.38677511370975,27.006722645231697,15.173118372728148,57.76752199875357,380.30975624744167,393.51856068301026,849.1530047042397,425.7430839160949,482.67614312952395,594.2499409607068,34.9768539363125,0,0,0,0,0.12831721023536086,0,0,0,0,0,0,0,0,17.36146418064241,94.05094567593271,121.80571673808663,280.7077888218046,0.2556041057928137,683.6533951400457,373.11245142414464,178.59078314637642,0.29690752730061876,0.3792252581875634,0,48.3545465014291,38.14789653886338,68.57815457259662,68.95671828064928,401.0152256942554,311.6086473753178,112.3795003857821,378.08381629495483,214.40971456758965,562.0451296728322,765.0391312059584,1735.3169019161842,1923.2354590767518,1345.0252839002128,2100.9331552095173,1330.1366160508423,239.54842480399412,1323.968154645859,1482.8980332882666,1502.4350381901722,809.3770393200926,1717.94717692195,0.21448153260787522,34.65754946561795,361.29833739607886,353.7886022722698,802.0240256917343,894.2201273390519,643.2150993593162,7.184084815872541,36.16083023713643,39.625423009563946,20.312573466718323,7.893146759231803,52.83649411084684,0.798888377031847,3.1024955200164173,15.025629589540282,167.64497944065172,335.90329137673916,56.04903267439638,135.77024674190147,981.4019377655095,123.20593226836156,595.2229208685826,1174.0760817757634,40.62172746103237,0.977243221020125,723.4438110235678,258.19440124976944,573.5807278688732,238.8809639703121,274.7217245253856,347.32344040033695,203.57980898633036,107.77300860419346,843.1877237855315,673.3180481150612,775.7626530637942,1217.612256966518,375.4304716217238,129.53222407773924,295.89653348640564,46.14090320812642,163.64208432735862,709.1787255472304,653.8606069881815,598.8440989149387,455.1492049649015,661.6128954441965,356.9198528372107,344.1889305376957,230.71228386328775,410.14514241013825,851.7587499899872,1202.1069616041964,1084.258370845734,751.3761633091373,415.27838971575665,178.70121905301744,330.88394713021347,125.95436411527092,558.0162058729574,393.5149478895235,978.7696904226291,163.6679793120794,0.616038965402338,0.09077303124696136,5.425185991944908,26.590127302981024,39.79978781482319,1211.6047392833618,3203.5815137973896,2768.59499444178,164.66079363577458,448.87413313647005,1584.55390171987,1442.6354812403492,188.34825491598656,484.1565371229569,505.02849128177553,423.8782228103947,194.8557659891998,1482.7997549605223,947.6858574904257,128.88200572511704,102.4091979093301,1239.576868768179,311.7694200965259,413.912915469802,381.26964540657633,781.1372605208222,266.74524815775914,207.04824222590332,228.3314575181934,194.4764461435882,794.4862869437617,398.28503567473814,313.35041160434815,319.54231243812944,324.377782107922,156.11138945725025,163.631114848468,485.5312637690099,96.2475133838854,262.86222853026595,411.0357929256742,162.1553203740118,206.65302814928143,556.0670255056485,1109.651562318841,133.97053002775678,657.0307957100208,45.93901246246716,1305.571006193858,1088.324200274049,172.66178794613012,274.8103378692272,270.3452111160431,1053.3115384769758,1173.9150665241718,1100.6810826529334,703.9662872565902,64.13530177012143,121.58224152247749,912.857738948842,297.90788680783834,56.26139323702095,249.82104879796623,819.8569684327867,4.634679691729745,1264.8227812143189,266.1856077120949,186.59741936696676,703.6459571343424,690.1192647868085,116.62469355480209,331.833194960726,485.6042865916703,250.2805477031017,709.1072487334962,309.6302673383498,2.0067428018169235,195.36770386604647,130.80744563796335,130.77976590443876,167.55049194111666,394.4034457829576,360.56400680890596,744.7763668643488,334.2956907896331,588.945064219129,379.70999107217847,168.6625713572143,4.975652819091026,552.799788808637,225.34006246378982,924.6082946942965,1243.5007450328712,1292.2728915589694,511.50623279361696,341.55130133773054,419.3406506503659,835.310292470488,466.24218772602376,457.1003020469315,0,2.005345819440582,114.41119622182786,49.55233224085493,0,0,24.975202426274276,0,6.303519262090054,0,0,0,0,667.5504070075572,0.01402370579063585,0,734.0619384686881,1056.3470389667111,1696.578333082079,1301.2842080863518,1170.09459487551,1555.475162008341,692.5045126858618,1188.4970384272644,0.34910942764569564,666.1159031851455,0,36.44711601509064,0,312.7302375691433,36.87370398211978,649.9177159713431,0,0,0,0,0,0,0,0,0.21763331393198942,0,0.014168528949623204,0.007927711432652286,0.03922748736350486,0,0.049488138850063625,0.07993317710466548,0.0037369588982623975,0.01595804223700799,0.02418408197670836,0.04021993844548961,0.03406311618046422,0,0.04199557289685077,0.07599000640998259,0,0.01916279195592758,0,0.045012113219149795,0,0.17661323670812293,0.03506781668075534,0.16737777771836332,0.011696070103832364,0.037485250874712585,0.051622552104078345,0.02488371407300503,0.2821333933479615,0.022316081828812236,0.09005014897018308,0.0129994527663413,0,0.004505864052483675,0.011351293965274864,0.0307023574105406,0.012607052639622425,80.07873324634177,238.59520479291035,689.6480977700606,161.85793857274,1045.2359944415598,37.47488755367417,53.60392567038576,3.346804611996118,0.24959210275331262,0,0,0.09522257560760564,0.036883871523375994,0.36095165072166713,0.04442862969703891,1532.13741546025,756.159005325325,208.53211500500146,85.38934599146297,444.8192459415404,57.916422569803565,55.35745483890079,278.6589888017717,50.86139769176158,142.51217118433274,187.62095860180315,70.14381871623053,419.86367342195814,181.54981188508987,607.4297328273788,1444.6015872484393,271.98666358281247,157.02429018080747,796.4306126498492,668.7603318301527,226.14854055130093,571.3532935780519,1771.8825019326646,1921.024560182916,1138.8924414670616,704.1468147468264,405.4634156941766,273.3385137445937,194.84282359029564,152.2929154107297,848.4158360646223,1111.636922793379,749.0965691689879,1840.0788463321494,763.5523761424379,1088.583738296086,1163.426804669725,1135.0148264821605,1425.6481440936138,2047.2874019572123,978.5228867164898,3086.239805698077,1894.6266806514739,274.6551900826815,1046.5656817046076,267.3178443563044,192.83026269631077,164.23621033522772,0.7804303192733945,33.51252030878592,24.66838714368628,37.730589828528984,18.94415515145368,6.282170041954447,82.1180797337489,30.932099943234427,84.02863956554269,2.525120055374879,16.64215535734748,310.55448369080693,22.417335162479723,100.75156324664981,22.15952971070538,210.5451997224166,14.421836892479645,25.58524090837585,41.56862251305185,169.6379414428421,87.52819183702921,107.65340793616174,3597.6662021754723,686.1372048315515,701.8736768957009,935.6104868221913,566.1145025565975,318.01451634360416,1946.0731946734184,1272.0470963038333,477.1052460099905,307.9840809213024,815.8310829200402,1388.0381680396115,1360.846062360846,4419.798523976444,3641.192136652193,1198.1252016117808,2427.303300787141,2075.1003056087834,5826.262928192434,6349.652492400434,2558.1502421727523,1747.2465194880936,1648.2625738034073,1943.139233960301,2288.266979941921,1206.8239774626866,1646.5849765866944,930.6896538287049,1770.722910366452,1589.495981527002,1681.285185053053,1563.9765300115457,1962.5427948456195,4233.461108507193,4306.958714317831,2827.857883352489,4020.816901837359,2405.1837399547767,1945.6765197594916,1069.104414901223,300.17097345682913,911.9826560254654,739.7903902533113,1020.9427401084713,193.9431828417184,332.397583061887,469.95712910526316,481.95690375466836,112.00352327548515,269.66932350020824,195.53817816194783,212.41657309847744,285.10575604310446,570.2369693669235,107.08273499149368,4.1371273269996225,14.53696743056356,255.3050517023845,240.38675521627266,228.89078860677947,103.76015209760662,384.23911191996274,149.60735479451702,62.92644916163819,282.739997421615,406.96172111716425,243.83831546210226,611.8563209659251,136.6670037367254,0,21.743866247085364,166.57451035090676,28.610882807205485,104.02263753054041,143.46466884280778,345.16305803004536,432.988815866728,834.742070908082,290.5705306467578,1345.1024736934698,504.3960223058405,2171.701017289125,347.1492153661435,540.459470198162,911.9060480738632,3641.711805578031,6703.51481034261,8659.947365465747,7030.055048131971,6707.678544529654,8108.652779761441,5950.052500078763,8984.153774434026,7119.947843543457,4946.571235708205,2649.5058038431994,336.2057605279209,624.6701874129031,2068.1387292848913,2283.6657653349394,1606.6513777071953,390.93320413476414,210.17911349512156,462.79500524394047,181.67968074312904,122.43482996605674,1665.1173692412492,892.4484343924613,1292.112443577321,1460.9806755183765,3457.041682521934,3759.8275552994737,5003.006752706428,3458.899311256456,3524.780182945929,2052.9097015472366,3806.692406113944,4233.0011038287075,2195.5753818010435,1974.800586671932,4311.833687848725,2983.797604710935,2745.5531027783645,3244.0143023177056,4575.839512009098,2375.07789300239,2040.4644512188463,910.5763502182189,7.772077733237648,248.49006478045712,73.70205399757373,43.5664462178891,99.35582769183154,240.97101510373525,352.7700338285785,293.2060813001757,233.64102730596937,185.58433217118733,341.4490983975616,353.698626224601,314.33904583852905,1049.0947877070255,267.6404847028427,234.537706691842,688.4190062317339,624.4497882795615,812.8319764815764,940.1062095849004,390.0644792420175,1713.392925175651,430.50188851475343,2051.1705359676403,1185.8644701068883,585.0063989537547,368.5956734664943,636.7018506422504,437.670895406281,324.70340669470755,167.8684974886662,874.335256063312,409.0025951459257,235.84052906995746,172.88033441008116,422.40535040095887,368.7383698882955,347.3695158553466,604.3926607503018,394.87481479586637,245.21370997681183,255.65097802661828,190.2879338897947,246.20364092997394,3415.6053941183955,1114.2388961897757,512.8760923816079,687.670796715745,1358.7702039927378,1376.5925147256114,940.811476381958,1289.1877158149805,497.2342774021177,266.26648994899745,372.556651181002,106.30611279849447,122.80134191408155,340.1782471578765,88.84184380601063,304.7761661917134,337.74860668450935,236.75969790910062,291.0191744364867,1086.9219211239708,440.5054911004575,337.3659742928657,1206.8997290583598,626.4789496256254,859.2864433639041,1074.9278787002688,1154.1835440752902,1114.0965637181312,647.1150568860578,1076.5879723923638,1521.9448021691437,1013.8768935235263,741.9554489580889,1017.5159467345799,1049.055379685976,310.42433205656357,315.21867566680913,169.67563525396665,158.48810324555507,152.81007169774992,100.34938240764586,112.74475269843144,156.32222616275533,927.085118785916,413.2615550903769,54.626073680567494,344.9349571882886,419.0738350094228,1018.8684959682989,1708.3072861590047,1301.576510907332,1243.5436115561924,2140.3762167695986,1852.907596404056,7936.181528188355,1151.49024468487,1289.9179481137428,521.7309668086226,334.1157758854937,1107.8146659289785,2681.9551686664645,3462.745755570621,5248.298161674404,9412.77449025999,4769.940095094106,3627.81103149945,2850.018559163604,1990.8815808691575,3943.4898032054903,1649.629661902293,2448.170790181116,3761.730459786673,15729.302391768533,834.7444450210431,1121.1744165955865,982.300847928251,1068.940235897392,1338.875542023796,585.8203781857472,270.88193877387903,439.7655392704788,1120.9813172510599,1351.7983856958786,1235.8787388267838,1014.358651025391,878.4826450772847,663.9773320919963,180.86508815196058,19.727892689460038,275.2833485581793,309.3519224217865,266.11495139996856,36.462851309436196,49.68063946866556,0.292501185236086,235.6676256694116,162.37981141442015,3149.6172536891063,2623.8260484459033,3238.896852061731,3929.6545738499685,1490.2700674482412,2479.129590777619,2029.9265184751857,1275.782229375511,1054.2861223555178,705.64035750855885,790.8009915352668,525.0523590032863,789.7540819402686,702.8764833657623,795.1615934721502,642.6727209440749,216.5950918688956,708.9500588630806,236.61098877936928,303.6241294570683,212.40631469070377,365.4775697821345,572.5907895756903,346.76707708143744,75.46181952159941,71.074346922249,56.48403199731955,636.5713627424567,73.73725337994611,481.5583097345503,386.23768884752883,272.3219336769934,527.8375472668786,311.7601071650644,388.08069847140695,701.618261628419,959.3795429483786,1931.825145713709,1777.2757947392865,1832.2752359593119,3436.829580987836,607.1461928657875,866.7343771956622,677.5705477368474,762.0944450392342,709.4018415494845,141.33575648607444,74.26952771657236,136.6148323938255,90.62864903453597,83.85835989613332,67.24841418591737,140.93130231879874,2.331812417583038,1204.6259787263064,190.41686289726093,145.22024894520032,46.32035174178994,55.20725523565192,2035.9961960064797,953.3266627940721,1683.425145205358,776.4317451839319,202.80368661276478,195.42744440931742,619.1569162935468,438.541439695619,771.4525076253642,1043.1972898444026,288.978550407975,975.185731995364,1430.4675800197188,1826.0788777880584,1124.3891331576815,1033.5239903928573,934.2322730884221,482.98022596867406,944.3984034393885,1133.776705527365,2407.076904655886,761.1783009256817,329.48363155915683,86.28766663162844,58.649693014423434,45.96199095010901,231.40419218593786,77.50397351478965,71.35781240757314,2686.981963829233,3266.1399069822173,1864.1716834290348,734.0973596679847,1512.0067934545639,1160.3313187282533,86.02326968488349,134.4412312414264,974.3683864869657,817.0289725173662,1915.55949831369,2647.060833030565,1622.5545618428007,781.0218423137036,771.8783133132735,488.9345177382613,280.15562760416316,63.920838367543226,260.816817362169,751.8869076691776,1022.3348961423404,1046.5560747474387,1563.9818947438862,1749.9958287063253,1220.6077074373568,103.07961717028165,1646.8913679961836,3100.2566737297734,784.6575371175327,26.252577634861435,21.998801862170485,90.40295824511836,18.34907641070158,18.46280538829173,29.376423889892763,22.900600774955528,854.3922018817459,3.9461655954235826,571.7860203932793,35.86593649882607,664.9844735455479,39.9842694324308,50.12450176163538,25.258360715852575,232.31916554410938,34.70620402319845,172.87756977351177,79.06152795737083,91.44018369275015,127.39633330377931,401.81671037882603,118.37364150917752,203.2042888579329,58.251844255085764,200.01485223562236,470.36389164054066,286.08508328699736,347.7181327374017,312.95800483581013,555.5667812830915,117.42645053098325,201.3670664012339,56.994644286445705,224.69024895987607,17.233062373314308,35.80182965105266,63.9744187492088,84.68810246387605,73.59430767694059,445.4093864713657,238.5048963138407,142.5394548784546,113.66337664904205,66.663497040813,66.96093155622353,59.78449490640122,60.16203019682477,65.68872019784295,166.68536742655238,52.09187635614816,57.101362340411484,235.0763605974326,56.19829632907222,158.52873513927452,240.76939855408256,564.2017699027307,1814.471176493236,2171.6068698538666,1741.9573694478202,1287.160511714844,181.50492081928465,215.89530865577433,69.00177493147295,209.4016462630915,489.57824001880704,401.36815808066876,170.3552549956768,583.8758091536002,188.39425517344105,543.5973807860116,591.0520516631818,219.6051126573867,524.8359332639714,547.0392815396776,153.735362801113,559.2917781234056,202.76709932909424,179.21694576768408,23.32358989449782,273.3258875954825,190.96848358311289,406.9719313071878,712.130780783424,549.3479667903886,117.41554366255598,384.02368553876073,118.6316265831004,95.92558119973899,331.8770804806356,263.3384530787107,520.3078088176462,514.3646542883791,275.45227220798586,279.238439156283,116.58561971030349,143.40888161440057,64.51472534059178,505.31323507723766,878.5506657379722,1466.642898287509,906.3825744408125,1208.0107467973985,1772.8671115031932,2201.3768518193265,3944.180723281021,2266.7536693117268,87.70746938538407,190.58523787712795,302.45230630247676,635.3165181801576,271.53161214158405,287.9761146340311,292.5041388610713,387.69541488057956,696.7192172911099,310.9677818333997,314.87339168002967,299.3157473130285,1382.4731197425367,341.6653702062292,134.99426420213007,394.8988475723843,752.4575327449481,430.22180373556375,86.31047912915852,188.4397766606938,24.64475787883142,251.36287132958347,678.9219457973943,979.1519908201466,664.96247667521,668.6080938662732,575.2424904454473,985.1268842738598,366.10135385990026,83.54908447379854,292.9468742835018,318.7816670636395,111.03724008335162,197.0923833129635,117.58856534739151,321.5997310543829,387.07638183538774,682.7509798043595,416.499974018884,361.21010726794515,276.8592101236093,57.86214345737383,1499.7140918876166,2150.534142833868,1506.553094759825,1246.398937251621,2042.3979668136228,1788.8312326722591,1346.7748684622718,2014.7408041217313,1443.7781958361836,2181.915251879188,815.3150611304194,607.2282328396808,237.85953194341496,897.5183896621878,45.0664884860279,485.9732094193323,706.5626387342967,655.9463930939153,1028.036573520045,809.2907137032659,38.14281924727434,270.1694143908736,55.51313419707532,137.53357155168402,352.91755007524756,302.3046871360314,348.89655291372515,81.48819170944002,6.539495986842495,27.172230868000227,42.18831667938685,129.32609240901525,664.259973903017,121.54199776575886,748.4257326976364,798.1335264609728,231.16744391699177,131.67536323816617,687.3256116599425,182.8853618233354,61.290187919279006,42.54093722219192,315.5095335364968,621.3754154985139,259.8364926996649,168.32044669978356,103.57878147141805,173.3004285785063,72.21662006627533,80.42241811975279,126.69484271189263,206.9174228038297,329.0604952386086,310.5636223875084,205.09488858258115,726.888881739504,691.8946002978352,46.51950485875504,79.91179348560823,212.17526424478189,346.117107960509,106.92479410319798,245.7402715242454,220.11486441412453,81.67366379223796,90.67462145498955,83.48740928158571,263.681296114657,516.0629300669319,84.56707756974686,162.13002623056897,608.6473769797869,1747.4459607368706,141.115668478557,244.9610759348275,507.3127999028773,350.59144085022587,49.88270212683778,55.20419171769049,248.8309006173767,409.9899537978664,80.29718687403107,203.3248297257587,400.4166934032976,191.31294497714902,783.8397203206475,1126.6018452828987,1071.8367503253116,1468.2698905543286,324.9108342926635,516.2477221110445,354.34885461420095,146.39338353187182,164.82026277180213,667.220256585139,733.5380127060414,131.4429896115876,26.176005919648368,41.163215723847834,101.78451007455068,30.389172933849604,70.1526479719837,9.809098935552518,43.56668237803144,116.61620681411956,139.79461957355133,466.91347700330346,178.06073664634226,263.2041211450107,589.7290769573094,211.65796618837732,12.544577670831831,212.67441628772167,0,0,0.06448375009013338,0,0,0.004425520886724336,0.09937856439761827,0.1704255461964594,0,0,0.02166705346604503,0,0,0,0,0.05709269652617639,0,0,0,0,0.0029634936878138026,0.11883738293939941,0.6498614660264048,0,0,0.0022806262054107735,0,0,0,0,0,0,2.7533467206755993,0,0,0,0,0,0,0,0,0,0,0,0,0.7243186646330685,369.5185735918152,1.6381063745911724,117.10991248515602,4.142898108298074,0,0,0,0,0,0,0,0,0.10066039639020119,0,0,0,0,0,0,0,0,0.06550136348087159,0,0,8.247314142888845,9.87293011799733e-4,0.7439227771066194,0.8845673647271993,0.4222768744017156,0,0,0.352544414099421,0.007586016364868002,0,0,0,0.33385306897212336,1.040436133028339,1.1457328891215928,0,0.007283716437957175,0.573682901092948,0.005254446315480583,0,0,0,0,0,1.0714519168203709,0.044429416504698636,0.08787620632430027,0,0,0,0,0.0630810087116478,3.878052043423415,9.78551816109623,2.4434990448075835,0.34359183430811224,1.173817498724174,7.957450867360914,0.5695498875393691,0,0,64.81215279832539,83.2920352509001,53.24843279976562,39.44945754681536,54.14804358477391,1365.2656938942464,1168.6638414097415,1628.9273738130903,384.36831362877575,1398.8743622693435,1245.7273010615768,565.1998078351684,369.181171110444,620.8560166749625,2787.3423681041295,1525.9666815420187,1488.129922702327,2.7359817745596025,14.300244895305541,3.0760952246949658,8.380923218159674,8.362730715082128,101.06129595043215,110.56244921742709,425.1695968644907,66.03577481596395,0,135.20704265797946,536.3702495836458,166.42210678190153,89.90201203516756,133.4523325146284,526.1503915524535,432.0249974797688,1380.3446797672052,883.3346766401556,1654.0398901026247,7.28123673689713,97.60215803688101,19.256435058293523,0,0,23.350616856696934,58.388062530388595,1.0180695061541398,0,0,0,0,413.0601863227658,0,0,7.336306992508607,0.11333176448765278,307.9284360922843,1360.095003941673,64.19330853286021,1312.3079037493833,313.46143678236274,1319.9098169115534,1393.8308684118645,650.8898521843817,224.5954040867403,0,987.7507362485981,523.192741195852,187.51764371922425,53.54824725691522,35.838805684672366,286.8262528421827,170.19639341701955,361.93519969136617,37.06913633636659,53.26281436446796,197.15626031338084,532.1398117474939,1191.0016406040309,35.46106345471174,6.55644719451438,257.48035218162283,334.92337859972,175.6380904130526,442.1874342982777,158.28276713770975,2085.3461835500266,3002.0441851147084,2808.524046257215,10003.805614914221,2387.056303643527,10090.951055304236,3366.607982111987,3310.976420059509,1485.2771547086656,2896.1421757916837,1785.6824451201876,2003.6037012575457,2658.573065569997,1060.0739166548708,1475.1679301459037,2314.9337564911298,1573.6494948539398,855.2208355155443,345.77245164804407,304.71001154487107,277.1465670665366,420.2669193671454,1301.1366963158785,861.0678191200093,2128.1308698228304,1089.3631136987942,2209.886704818981,2168.61337521668,2579.2870124444394,1846.38903666947,6353.427530640642,2939.0128530100837,13136.684467877989,5963.737536912902,13752.69553268114,455.6421470708396,13.101171920591302,396.7477864655649,52.49615667568461,1881.4072507309254,294.7072726684118,1.0076006044750685,560.2401368532649,221.3145607269891,550.4326493123399,1.7750043835847553,395.5803875287526,386.6331488767181,215.45751143428538,369.5614220156558,267.9781345536317,385.85136219484934,228.96037713243263,492.37005567093945,464.34676948776774,79.91033615428046,615.7583067951674,315.5909355273234,270.1198972551497,262.5815266758106,1.2214641821442045,0,0,38.167122206934,11.657387836224478,25.424794431729588,0,0.7773844745626229,5.442414653164882,3.7792390148611075,774.2143200836254,360.51486637460704,334.01240408249464,12.32939392332659,31.62248721455874,45.15078088610253,5.711222162231164,87.17275289958877,59.784689060677366,110.20988562857299,448.658767939005,97.03293196362148,43.42257693438242,144.19224674606016,281.11059193602915,783.5295388866466,607.7207821042324,922.1246863218689,775.7403318820157,1296.7282282914446,297.01896608354,255.8337903858117,1329.905680234576,939.7364019043318,585.3585392802175,103.17954235715,173.03016818106516,394.7644452144086,141.32940272939086,9.038833734039441,28.627410723996373,123.67881750648719,19.960427493802047,4.228520514134462,11.096286106954805,4.421832327315352,12.558792609059628,143.21684546094866,754.0650501288121,334.15345425991546,111.57370508918288,32.12603070946785,5.933887411775219,14.782280326863043,26.630974333010034,29.004857826571246,13.830708422137953,29.154844677960188,29.42055932299982,27.34260250860524,0,0,0,28.38098381869027,44.83642093150961,59.080773154479886,46.22586349739335,46.87270828660264,44.60826228024581,0.9496741087705198,0.953364765134488,2.0160733238660247,156.39361199358004,1364.4442887517157,1725.6100716503709,77.39752007923788,5.90252216168151,46.781149281275624,21.639988705130364,22.402836215095636,1088.0866371919453,3746.4415131685464,167.4770143308903,601.7429588488072,164.87187958509702,4.494877368313486,295.11166745261363,7.444074087498734,74.04508652628247,20.45044246646895,0,0,38.86569762985378,105.35177553252677,1325.3683977880787,1496.2917922958545,1176.8503641328193,480.57433972269405,810.2489353509775,340.0172462523907,236.05463933062535,213.46702024559127,1975.9805894656383,34.57132791461637,37.937832150630804,38.29680497680721,9.261784372328425,91.96415522870403,770.2998400287781,619.146298358233,822.074691603247,125.57359923457894,110.13694254572442,209.3688108209935,40.438336507401736,13.742608022672265,79.47598188929805,2.2860483538655627,1.95802306291517,0,0,602.2869028764034,1100.0895950309682,1212.4602227523949,656.414573920934,286.7565181031841,0,0,0,0,0,0,0,8.59943739612982,1106.439931859724,3825.127795674097,435.5949329568549,9.238927756423601,24.564153422483564,47.16379906738035,49.099054392572995,149.37748914279652,9459.682785584913,8983.199282179354,5063.8292239618595,11.606621729965964,22.34327700665883,661.7529386627149,214.3350740544925,12.501134028907082,18.467377245651413,16.355800163588437,13.374997078192859,19.555974857793114,50.459606750301944,16.667238536456498,87.39730526627956,756.329250661688,22.709484620548977,111.58466148588,1095.3807861151356,40.5944676870263,388.5760954768103,383.63534455607464,191.15647257541343,24.116581727729123,48.38087975083061,913.5829503704747,334.67192624625864,494.6736865048452,268.9283805043847,149.6481651603624,226.97818813834783,73.56144709358189,2369.5280092983253,37.94192852170221,4293.587919130566,3503.4917849711533,6823.896223747324,1577.858207203276,134.64367544989582,576.3382515257732,608.6969931098837,310.7580729299596,2040.3299487175675,436.1581030346491,335.4380075110501,20.916366108102725,15.040292615133998,11.424245866740684,294.37934169272074,5.935600223313111,9.406159535290714,356.5785251787747,120.56460848233571,348.1845518591602,30.656778004852878,4.277434731571411,1613.594383740788,10.609543889735606,20.486405127579715,495.5925289110209,13.198289598905985,427.5392739606221,537.2193968071937,9.245353699480413,457.40087374427094,10.975110986785207,9.336161064482644,17.43857259472943,29.2276887980605,402.218719134943,912.2272305797235,70.85968764032135,750.7605785857513,37.105390821462805,797.9167880450102,263.9500731751648,31.64931417023498,21.239371642140142,28.17338936376253,18.346237822037807,12.648811557651953,40.90082064065045,509.393545739302,19.95645522498235,296.6640457748636,12.222447469179603,22.44627967948883,523.6767459297744,3137.3608188183516,205.97117054606758,1153.3546049693207,136.31591472694706,17.77456801732041,11.899732264491263,17.196646072381014,92.07700290233575,835.371783927657,6.908158886682142,32.56025880365626,2093.208298259529,2772.945085216636,56.89738492468434,1053.8127220628005,20.18148573580953,16.423327963984146,16.366533013709514,14.96854633389289,64.3315198024955,38.57023660025301,14.910363171469239,13.826853803781844,14.525485520788523,34.91591189008692,13.488560685822858,117.13293941770831,659.5438726149663,42.76261436298525,37.6145099350504,26.378232067001996,65.31121497885574,76.15889556117429,1747.429910130854,1300.0169242705726,64.26969247216097,510.12673163046185,265.19518051049806,78.55309119030137,86.528690473341,625.666361435472,641.5723431493236,958.9665156003728,57.41772518958756,2593.32959635776,859.1807486118449,3971.2813103198664,858.926433702159,339.1436505001534,3817.1520322092283,105.46408150698392,12.184654927589074,13.789618498614722,4.936718240102655,923.5408913597295,733.6902384960342,630.1014720984567,352.11259625201694,347.3412145162723,260.0281990710259,302.74731511100737,164.1080877498963,7.7652399838990025,144.87057671047438,240.15449002634352,18.49516982571612,171.11313531704468,0,171.11313531704468,104.35108717170067,258.7957269251435,103.94547950527414,118.78139882214808,228.1568819940238,314.08646115794585,120.44332439024438,392.95570678007346,129.51760540646205,126.24113019481855,410.8951163818004,24.13839622215821,208.66204573828966,131.15457248672033,165.3074107875539,1799.4130404541702,87.85619916484255,0,0,0,0,0,0,0,17.224553912798807,0,0,0,0,12.779029565847168,21.838855218211155,29.229174856574872,96.86770178123055,273.4125230032186,5832.674771443506,2964.499594490885,228.78255355811365,14.031487565109972,4.913247451966282,3.473370519281719,6.371244523638856,6.058948809844398,18.48608197109114,28.480745855303848,2116.2060253659874,5220.712743099331,2692.386285798575,732.4052160444845,492.48615370166954,443.7542686389577,9.721073190174675,8.223158073162674,5.349817374023814,3.692359597638076,3.67521873510995,2.451174613016811,2.4743825484328195,2.506562323972034,2.462418932744709,2.685012772165555,564.1314229559871,669.7864728618247,2.4446247501701173,2.3291379191377177,0.37125866463556806,0,0.4706173495481272,1.1617645123520934,0.34593301772322027,0,0.12019752330413523,5.82845162494292,37.03280625770174,3.26072945946307,3.6382374491115645,3.6184114140675874,3.6205334281225836,3.6288142486204005,3.5928805118946676,43.35516924203877
16,215.2691188440464,15.934347321864275,122.40018874028644,246.15230590740052,242.9763165613297,4.815399398851488,392.39658099688046,279.8254039947872,268.8532238919872,195.4958649550345,116.01356422885937,206.71205087953842,150.7663781272727,91.09566507606526,4.226775164539094,68.23247322404825,79.55545379786992,1099.1929964468413,189.1723063044984,941.193102226879,22.027561164286112,678.3113935526671,192.2336014518317,267.2904118182289,86.72540916658377,212.67549632739593,40.090541025086175,164.96926915640967,322.99301592867465,788.9398553973195,2159.585804580211,1363.696036519827,2333.931861458485,2992.168509447199,2896.6692807166096,3209.613095201552,1376.8927332674589,150.3862069514297,71.78091776691596,50.25490402515938,349.81934279198447,83.06681388540925,205.5073230895357,1214.6242809179346,754.799554740447,341.25233903145676,21.203213849725866,34.31504122431347,190.35001310076171,32.544308558275425,236.62955949481733,147.9389353817438,1.1561343896125678,168.4024903713202,1.5428915506930627,452.87442456061785,260.9695664453321,8.636351750072912,1.1688328184060617,10.461303536412585,1.1866210562668558,209.00457734944018,11320.796423653452,0.7204449917659996,1.2474621221743691,1.242558599001623,3.8681411718706142,1.1797926403507757,3.1106544412553236,0.773970435509162,0,2451.4790970820472,4563.124589013334,358.6525402401142,0.008206577005546384,1.8373003751972437,0.030121499849686456,9.711370710621962,0,0,8.717824303756299,261.12668479847395,0,11.55176276205256,0,0,0.8933785969374789,1.2517502780309504,0,0,0,1.727505434506453,0,27.000705650428205,0,40.734954086419016,10.120447248107661,3.7076613744627873,45.66465286537248,28.096518511326444,2.6486100942446527,0.049322354677942354,42.11113789466107,34.565217378916934,532.6249066812669,37.27183836080459,0.2938230168583581,22.7707668309583,12.822998005286843,1823.4714021861823,408.10291340791713,6.122220107102956,4606.572437499931,7516.559020063297,5.856296605159196,463.56018623997045,3515.822679045766,10.724025026859753,15.430710583505624,76.77551080380226,0,26.62702690121977,4.677221271618755,0,0,0,0,0,30.998812328557335,0,615.2662124000602,0,40.10542825691794,10.524557514561971,0,0,0.03468678205739719,0,0,1.0848858101212993,0.7011748876007998,0,3.969131455061331,0,0,0.7987223401649419,203.87305393134815,8.304638297381837,0,0,0,0,7.2597549040112845,290.0726912443684,2256.074450185278,1312.2070818158165,91.63868986544904,0,44.62724657781694,324.7674402695688,11.534336387119454,8.389419240169305,0,0,0,34.34348098431419,64.7050554438216,0.07969796232570749,0,0,0,0,0,2.5531395030630795,0,0,0,0,0,0,0,0,0.06947422455371804,0,0,0,34.17195032694086,310.1556609824067,39.37949205342181,38.77866173370501,810.3549878818635,743.7643577496901,580.1928399910614,55.63042945581484,1162.3520839982255,587.391536305962,73.11017023744296,0,0,0,0,0,0,0,14.38991756703351,182.21938248431402,9.895000870031268,0,0,0,0,0,0.06715670292665826,0,12.4757211304276,10.821254029579148,0.5369748383922851,2.6442811169889953,0.2434029620784411,0,76.01846319687851,1687.8609289785159,1757.7469566965972,525.1533537695374,125.12034802019149,0,0,12.603125213640906,0,0,6.6261020894559595,10.497787343293938,0,0.25299268102723454,0,0,0,0,57.905597419199424,0,11.832053642885802,0,21.769810785104518,0.7612036754355422,0.013825703814581985,1.1386855425888223,41.65418984541887,359.52736074484073,212.50851921154836,236.95644333672243,437.1683577574394,162.27288360284166,44.43857244760599,27.687202418394534,505.27774199433253,0,0.12598272915511424,285.82949174847283,241.926549684218,1487.4152612148462,2955.0965818103514,3994.282730778414,1167.8336760336529,233.24863339567673,475.38225599614265,10.362598811968823,1.1498114752650288,1.0471187328593416,12.832908464824193,0,0,0,0,0.36182599126807424,0.8294236506375244,238.78269854048077,200.58576403648522,263.45201869557405,498.591448289236,44.56180120186081,906.6201057677122,1048.930200724715,29.79940318138451,9.982051315622348,13.543788886446313,20.528244540374143,26.595672282013826,7.814763206340358,48.5379432592766,29.666121814736414,304.38828976175597,97.97110436117794,246.1844780927257,971.0324658832099,952.7890362654845,1456.6113056633176,2859.0137147970245,2592.884810927308,2383.2923084683325,1253.3182751594393,2096.037190069341,1210.639439778929,296.43798722055203,765.9146422599827,567.77832845216,472.4576146516237,159.47947338961933,48.420304709197694,40.183226124660706,37.07252147586208,16.74343090384013,65.85833468943476,50.492128195356706,2.606576195619979,432.44244052341253,87.0878550854686,762.1102463423064,434.78114661594805,1088.8915702388806,6243.071504801854,1903.5075972257443,36.56290060570158,0.9122001975921029,0,0,0,0,0,0,0.0838656089785173,0.14167134296772754,0,0,0,0,0.08547320526672461,0,0,0,0,1.1570825611805042,1.146390177532361,0,1.2005068823644225,0,0,0,0,16.815895463189,0,0,37.1019949081476,257.2139073396514,19.523948846456364,0,0.17366714913695572,1.2309420596259875,2.799611036647342,43.347163464851825,0,0,1.389465913351926,1.491664055295272,1.0571479980998904,4.916060783372718,0,31.37477217703207,0,13.63920603904109,12.521733003846482,5.770188032267513,13.778703689001873,47.59386644651558,0,4.959272629672407,18.997379095022655,32.47627007039321,0,0,28.646109742316696,0,0,0,39.14851869471382,30.024083983016357,0,0,12.037072855940286,3.4811520686784676,41.346978364507834,18.97696085189607,30.91450597936856,20.02250416817733,6.63092988484245,594.9744490062486,0,1.8253919445693803,0,2.8135731200260454,4.48532371689315,0,49.5604641072408,11.595057589415315,4.0075950716157,44.24437724844133,32.64515871314885,95.90200982793938,23.917231885287848,0,0,0,38.69733008252034,15.338280627531754,24.355937105707227,0.8722873388417822,5.335487670450025,0,0,2.04586258706398,3.16492206548137,0,0,3.007160263443827,0,0,0,25.842331667463235,26.745054929415968,0,0,0,0,0,0,0,0,2759.7366588739724,3201.1015354520177,4784.881417265686,5131.577797667888,4127.206157590371,924.8156004245072,3739.668206100153,17640.934858309818,0,655.0848937298197,24.059872740714393,137.41464461229756,788.6886544485258,133.7582932100283,63.820460679865285,850.0692709124357,91.93140226247773,102.56500509787878,392.71726458104274,106.88464497902166,42.051290700840646,331.86869744504645,144.65954582413855,526.7479625265432,921.4984938721436,151.06289309966888,515.2606705152484,196.60974660402397,351.1372714486107,710.8046679187977,1114.986984235352,1015.4557899794155,334.6462686235456,6159.346384672539,2924.0242040936564,336.8641676002304,718.843740686624,84.35564543212048,792.8464088795915,433.86813111023713,60.433693227398905,33.5404307945942,861.3913357345326,890.9945028936551,62.85541121062074,1101.8023210973965,107.2898082484847,995.1542981422674,7006.147400826937,19287.632796972295,1180.0150842412943,1016.4709717051813,77.2326840277457,392.37911817706345,709.7354792332486,1192.4442554956886,415.42959500010693,91.35432926295171,29.318827521712418,326.50981285309024,0,1110.0714982021589,572.7232490384943,754.9758068299407,128.70156601623728,100.00429569807409,160.32545219501975,538.2854381940696,591.1634992374302,231.15285027290062,57.184666899163695,26.15028422329757,23.796073592017624,15.998930461389037,7.028924737013912,6.2702095126362565,49.21517861582663,7.0416445213341765,581.3814306180997,670.7358376388883,356.81357786797304,2176.0982434767907,9626.717682638951,3390.6543910065734,4440.435029569252,975.8850929156312,7.898855270671104,61.22474759249716,9.177504032324237,0.25057131856986964,110.25364669193205,2.641893852512201,1117.7875526182106,885.1440425028353,144.21475132638773,48.500133738823514,27.176318393172657,170.52579094325066,111.81361996646326,693.5826277008052,132.70061871406512,5.156579106604726,65.7412853141313,187.12252528455966,496.2127640370096,461.33213716391367,475.72345884542983,239.10195511890132,10.731760778827734,148.60546364464375,567.930431104755,141.52774612172325,20.269691218038822,4.933819445957296,18.25581466502887,57.668097159493726,1002.989367897163,1193.9692243523061,2718.9821004971986,2066.7814182422553,1507.2170751273645,1126.925468070536,75.23342212474356,229.0262210010547,784.2368404260864,1495.0321107163634,529.6090705291411,305.4873815618933,93.55551767237759,40.34970153875564,25.00823892777716,250.50772223286762,4340.245089009735,1315.2120495470392,268.6127843747778,3176.654271340106,3751.3981547674316,966.3507836953452,3630.75724833435,319.5551247585841,171.20061239011312,175.24796612314242,0.12927738432293914,66.71277162792785,48.592685726807325,0.1674757373146445,0.09886564588437019,2.372540726396507,3.8011001549476333,24.821727040276908,8.421884004639042,26.45453711128853,167.9634319345927,293.30281918458854,831.1073964885057,1028.1688792188547,84.55763044839684,534.013251663482,3141.2986504314586,2823.320339069698,632.3478983536846,187.57313169169967,17.552075353588197,14.133841558549044,1.4900793674968997,51.392237767361394,15.104924383658494,735.6674375037287,915.0852282119686,524.4717101096687,404.00819024404484,233.82206709480238,1035.9787259584753,376.11736805944884,106.47839322424421,1312.7766267363722,184.35676321811792,2.27397863244482,41.434259430508,68.36234058982305,17.55203411294518,4.812727053501503,22.326761469503413,27.937425970821348,4206.581980041942,95.91192137283764,23.924126203654026,4.8263763444180965,21.224069139789695,947.2371891002718,1502.0556918917396,157.11641507407708,35.26931561965112,30.373764165543655,163.56802952572843,110.02574033760305,659.4399973514128,73.65914784583505,1009.5538608531798,60.73166315073835,1102.4578086169372,2804.435092720048,3208.012475679933,2434.232912534039,316.18053291478077,101.07236206143575,38.587131042447474,40.26579222416212,1046.9820814085251,74.64411435788634,107.69968509280534,76.3990038313378,877.2508022208538,285.30093267887656,620.8864885676528,42.10096705689715,596.7290386693302,851.8191379101411,226.16353521103755,35.99994481994937,60.347224479081234,1436.479737887615,561.2834620059896,615.8555422040263,258.13047556831276,204.31781323277048,106.16711446547372,115.48794023736382,8.170979556070412,12.975087011152647,32.49030073481436,2.9389030320939225,19.721144685699496,535.7553322915011,1141.4486012642526,108.56821922505137,830.53296485322,54.83425352712926,4.810167658705977,100.45397444246218,0,0,0,0.00877843503227256,0.17514447704153616,0.0176894709061373,0.4848760371899719,0.03572555806044534,0.025271079148089775,0.06143692870267804,0.0660982560898225,0.24468537829086554,0.09478485856415997,0.12109832966975224,0.0399763761949049,0,0.04055930503504532,0.2479443654147612,0,0.008190036127413128,0.022651979805403028,0,0,0,1.9035445131748578,3.4381724866218386,4.819677300587135,1237.4733175600497,1331.5318547833692,87.37043413046977,15.532547718872763,83.64491537418442,49.91980750896733,67.65913369470454,2.78811910424607,2.0641067449207737,3.014233974967918,2.520756518596547,2.728278820481312,482.11509483907065,776.7622499333236,1338.6371827947114,7.495011142366458,77.77506948022828,1204.7007984892489,1081.336360925227,1910.0123981386148,677.2822154621315,2474.7975856478215,831.0806500246957,66.8623435061113,2.8189006877181018,34.75756825156479,33.47760101061349,41.424034298204134,56.78901816761989,150.5890984711369,234.6719305355003,55.58076624216089,32.27944673239603,1.0475686876000885,43.750831402898946,106.16500516586947,1.6712740374358075,2.622185542866917,2.6587073475756386,4.810910461435028,0.6650648643055441,3.2181305353031884,1.3498423285389431,0.43786020618846766,0.48512863233221315,89.15327616577412,10.475071890941372,918.5592780770226,97.38937132544922,327.89071083622787,19.054982188095497,26.847302630286713,589.7046359988559,166.3092134030321,3052.9820977511017,184.26594385215313,1642.6452968228236,9438.72817034252,1549.3330691986218,35.50948617526748,0,112.13110486468915,0.13249725823153735,0,0,0,0.01481186514464384,0,0,0,0,0,0,0,0,0,0,0,0,0,0,0,0,0,0,0,0,0,0,0,0,0,0,0,0,0,0,0.02991723197633518,2.4358307757856723,68.01943028015059,0.7690448520735744,174.67229360326044,1.1415610022134932,0,0,0,0,0,0.2063717819981932,0,0,0,0,0,0,2.4704800666696416,60.28225810485794,17.68892813480999,109.07425641940992,57.60140086716485,609.565891283008,2554.908195272799,1848.6582305190145,1282.2967334982156,462.3859002505129,248.24447291422436,1232.409665819654,2158.113018851248,1948.706528068829,6108.827881064862,0,0,2763.775504316378,3285.853412847344,608.4907334748508,1762.9747047964747,2455.5015535774714,2060.4744768172523,1917.350364149832,1883.4657602939965,0,0,0.05105755831114353,0,0.15769159931976665,0.01949114922035245,0.01288038942428575,0.049192381564252714,0,0,0,0.05833950409757464,0.17990426716368832,0,0.16345909091022454,0,0.29348343856985987,0.037294751573322765,0,0.3940167326646321,0.05422084154755292,0,0.04050609611613891,0.031072666256747296,0.05659833730177356,0.029804433885687386,0.016011139723988176,0.33443647968217194,0.1171692589931317,0.07711910470423171,0.11376303948654858,1.0601129286012547,0.5748994779335348,0.012117603594947447,0.07115129313703213,0.08419063811382357,0.06736258956930838,4.582818938152755,7.078352376414727,8.883205449004356,82.02748194384674,50.87052018654985,173.57134355919504,9.089919278369194,15.451272291177922,28.70875803869662,1140.2343109557676,0,1088.664842537113,302.7956581795309,32.81883138212181,1037.4792641586903,455.4078712482018,1245.4634284146484,743.1242186735981,675.6150467255139,355.23152021909425,33.06899630547423,17.90603652454102,204.06690722444225,26.67386065188955,10.379800085095011,82.63423281104795,9.396377008806917,133.69875468608035,29.055843467772167,59.274362778940855,95.68977642501429,120.06420922179444,6.831252538086563,4.8223574879871975,14.941621360907249,17.001363091490212,25.605197187696973,24.689795092035883,32.89141831858656,115.39255795691815,38.155033355744216,18.79463769225448,14.145845564786738,64.50017934933456,358.43493861552616,481.58897004043257,805.858085494511,359.2268275078726,176.8921204130329,564.1991281197264,516.3220684002124,690.0409637977036,401.79383111145216,10.207325315705917,14.501021167254354,4.805590441220699,7.68175411680661,24.12211716738955,69.26550555767383,39.27511480953241,20.329764696006514,16.184404685894094,8.943256226438779,31.030270255494504,19.71097905645747,169.1553266470332,52.83620834849966,377.4673900459087,22.274623954685396,129.36828000920056,149.59454370899303,78.96035016363105,47.98255525057355,0,0,0,0,0.08735155428559421,0,0,0,0,0,0,0,0,0,0,0,0,0,0,0,0,0,0,0,0,0,0,0,0,0,0,0,0.549666090645301,0,0,0,0,2.070567521287928,0,0,0,0,0,0,9.688321710547608,2.7333613916890283,2.7692974937745296,0,0,0,0,0,0,0,0,0,0,0,0,0,0,0,0,0,0,0,0,0,0,0,0,0,0,0,0,0,0,0,0,0,0,0,0,0,0,0,0,0,0,0,0,0,0,0,1.1406841811165047,0,1.6682730131935635,0,4.042045301299986,0.28047062760291125,0,0,0,0,0,0,0,0,0,0,2.4029050599892745,0,31.674568790054977,0,0,20.332675422624504,44.122495743508956,1.1316764234170087,4.303787100111878,16.52984064476313,178.37032486115277,44.73769888510831,85.49268529458602,67.1093503379422,82.33739416828918,45.369007689317556,313.7233588856673,268.8791714578361,369.4653195769214,344.9681917581682,228.54513942415045,320.0023442514125,1089.1538868594348,478.2765490711186,548.0676385037563,1479.398004986087,342.34042314009986,134.72008302063333,0,0,0,0,0,0,0,0,0,0,0,0,0,0,0,0,0,0,0,0,0,0,0,0,0,0,0,0,0,0,0,0,0,0,0,0,0,0,0,0,0,0,0,0,0,0,0,0,0,0,0,0,0,0,0,0,0,0,0,0,0,0,0,0,0,0,0,0,0,0,0,0,0,0,0,0,0,0,0,0,0,0,0,0,0,0,0,0,0,0,0,0,0,0,0.14307417094040153,0,0,0,0,0,0,0,0,0,0,0,0,0,0,0,0,0,0,0,0,0,0,0,0,0,0,0,0,0,0,0,0,0,0,0,0,0,0,0,0,0,0,0,0,0,0,0,0,0,0,0,0,0,0,0,0,0,0,0,0,0,0,0,0,0,0,0,0,0,0,0,0,0,0,0,0,0,0,0,0,0,0,0,0,0,0,0,0,0,0,0,0,0.020501262928377433,0,0,0,0,0,0.013064818145892703,0,0.11765716637949945,0.12849427586831197,0,0.0151270966955683,0,0,0,0,0.017131304653524356,0.0998978919423588,0,0,0,0.05571079341425303,0,0,0,0,0,0,0,0,0,0,0,0,0,0,0,0,0,0,0,0,0,0,0,0,0,0,0,0,0,0,0,0,0,0,0,0,0,0,0,0,0,0,0,0,0,0,0,0,0,0,0,0,0,0,0,0,0,0,0,0,0,0,0,0,0,0,0,0,0,0,0,0,0,0,0,0,0,0,0,0,0,0,425.19257435563355,1847.8478903249345,68.65393720935778,0,0,0,0,0,0,0,0,0,0,0,0,0,0,0,0,0,0,0,0,0,0,0,0,0,0,0,0,0,0,0,7.867777713850492,12.754671934577768,0,0,0,0,0,0,0,0,0,0,0,0,61.2215999311987,148.51249880837304,33.31691360708575,113.3004403875696,44.510362722935355,122.1513623867929,17.56535610349416,403.8993354793948,43.03218722119951,63.444187287071635,145.86957975513553,79.92431902390413,7.496853375248914,25.438561051964836,8.856142294413846,11.832482171468907,0,8.197037678427158,4.130318150102454,15.181234102064755,186.368989760468,44.94923590193063,4.441697923139378,0,0,2.109550223964717,8.715195528153018,3.8748336160474843,0,2.1535749966034654,81.31815155130485,56.326207104781226,31.35900181848829,87.61966652502296,17.665724081713453,181.26120694016583,6.888939569072536,25.684200172116768,56.1147158299752,6.509092366219205,0,231.776871046928,157.56066380845473,10.792111552820517,0,41.06990670440644,47.548855370819894,572.5963964651371,1316.0758490057906,24.613288964271675,0,16.832277610536973,0.21461426371697354,94.09336946521157,1189.4673594796182,476.2917924025053,0,17.669291556286893,0,0,111.83458429148384,0,8.533957242855333,182.08107060579232,174.27573067729543,8.926258443156959,0,0,0,0,0.006642857396714684,0,8.832703981349518,2.185119228979118,8.247617733893872,0,0,0,0,0,11.579081346204427,9.312259451999125,0,0,0,0,0,0,0,0,0,0,0,0,0,0,0,0,0,0,0,0,0,0,0,0,0,0,0,0,0,0,0,0,0,0,0,0,0,0,0,0,0,0,0,0,0,0,0,0,0,0,0,0,0,0,0,0,0,0,0,0,0,0,0,0,0,0,0,0,0,0,0,0,0,0,0,0,0,0,0,0,0,0,0,0,0,0,0,0,0,0,0,0,0,0,0,0,0,0,0,0,0,0,0,79.36487311308701,0,0,0,0,0,0,0,0,0,0,0,0,0,0,0,9.184312881009332,0,0,0,0,0,0,0,0,0,5.820382312092644,79.33330109598656,212.81850044200684,288.20246319198094,1483.3573523408352,452.6355554007194,112.97272965530564,8.398926920232428,61.60759230643095,11.445657098444011,25.628794768218327,8.925172404329919,35.620724007341835,25.648687219870013,33.01761981827936,50.336732733223045,16.136099236203318,9.928828942683445,216.57477873115846,31.92409526570088,1419.5289842203786,2729.586085227359,20.137609418710245,507.7507179349339,61.26009059965345,464.3526904847523,674.9809344746521,10.132234137947897,1431.1802641167728,1289.4446369514535,500.5574054370376,612.6019302096144,1343.2238183158904,3388.246772529461,2924.296789624364,4773.518929898137,1772.361497194562,1396.5406708055848,853.2674088926008,300.51884321130234,26.72121501165603,1060.4237533594614,9.99366828014022,32.071643400958806,9.84016063757487,5.672384965945164,20.14626446347967,13.33072845116522,54.358418536644365,9.938550141465974,535.9300736538755,278.36719606483325,356.61108874984836,189.63336445874097,487.25432407053574,843.9236064631773,337.67433725974627,950.6933348714114,198.4127250064673,421.64477684254456,1877.558633328457,404.581102619536,653.0217358171526,1489.124169120368,3212.4793650184342,1370.8347591674126,2256.7199111022323,2406.57520981389,3141.0764881961913,1753.5950007492422,3996.981503831388,2515.089946577085,10376.007220743752,11012.621856714528,8645.140524232587,4974.491488727802,2381.677941731687,1212.2764063356997,526.8333621305371,0,355.84066485747815,392.8449046909192,2709.434114279826,1424.950919268315,2664.0497170419726,2176.0734313086555,346.32530628413224,1104.3447001517877,537.0173687799003,224.40951965417818,607.9360054977876,1015.1903662996242,884.3910820997124,1427.4499078053764,2594.75767536483,3748.2840171396374,3803.5845519067143,1591.1549057610275,854.5953504836692,1609.2026546779543,891.57982037818,3415.531555713499,1416.2794896238986,910.5219945468278,1018.7423374687259,1386.3451846043833,313.2086462849781,65.39448632902312,161.33407035175622,160.1072272143378,512.4974136504046,168.93187566308498,544.3299973345469,79.37117688942352,437.8160929214717,1575.6880604518135,661.9683378933726,1554.251712786613,468.1483433541382,229.38117311998604,1091.0741244448504,451.90931658038846,1876.5010749792289,1949.6369868397114,2210.6940217059137,1663.1308840803028,1227.536704902481,1302.913531121576,85.55576153602823,1401.7067168973717,108.27719076413184,1331.4168002621934,1819.8951841103317,796.832786995103,474.4774515749112,722.125283930012,1878.3807065506985,421.05192646831483,2291.125829687762,2798.127269075318,746.1239356000373,609.6330533208088,495.4581452375504,184.21078294345043,5092.0779766892765,1764.9383809757317,214.06819192754097,5.244631721153158,183.36046084911914,30.913098714299387,111.0065486717728,33.106753377920995,25.718101965705383,33.22792513931681,607.7300838464938,1089.8935943780568,64.53424737928009,665.4028344765499,79.06373617969889,22.904295002699953,799.2152136855302,34.12151484818896,870.7572527625443,692.7556819048498,62.32158889306341,741.962039769931,699.3809080862688,1199.7361556153737,1173.8187637237786,587.8698518252913,149.12014473483242,27.386843527128196,7.578662096331379,755.047860474678,1844.483917994373,1886.2250330000118,81.10785826850794,24.777178067471112,20.210589529158717,14.954004892335059,18.620384508513744,15.271937064925433,797.0691774813994,180.20325074015108,50.7712234709499,16.09104934360592,26.434803139254527,15.282462697534667,15.289110304790627,86.30564740027206,437.6046764793997,18.264261194672738,84.50467424077348,256.34234371997104,422.40165750676243,993.568621026644,883.9748111029515,604.0173645523956,332.13716187012056,7.488898341321489,353.34521948464607,39.1751808346246,40.04962923927298,43.21684142393941,98.2974172470259,46.6695144527142,1063.9874047965934,40.19091274047283,10.378863192381834,8.889405602797451,768.4774917908674,3051.8430477426314,2767.497663416687,3032.975760039737,439.1499675435781,11.059989245809728,4.545258194360078,900.8503496359964,789.0797376238153,344.0137814469711,435.7062175167901,482.45052294388836,306.5792450939325,450.0503288634746,629.8480554070499,0.46253396225836674,1.1105026594615475,0.6194805579564061,35.12535541037811,113.20738111498497,0.08617365408168082,4.287948051214887,18.153333022320133,1.5454426014698635,0.9207664776802502,76.73663379593778,7.467066346147812,10.029318544791664,115.02430479588692,163.1589943217564,2.5905593186129545,49.1956279666635,48.522562432457704,77.1298831738733,536.2551225065565,9.615608758653904,113.50080876584093,217.17865443590486,110.27182102720217,107.40842909136032,6572.844144852898,1518.8326951338568,873.1072100705794,172.50364477468491,211.58865928460904,7.5994021400725575,40.341078613175924,13.070628108793462,0.9477620741053239,0.7071254143970068,0.8180490509960899,0,368.5276450244295,7204.13260567631,0,0.9890684790135329,410.1819895540597,278.0362394711974,778.2483393420472,311.88967672355744,510.30360377035583,215.16733557971762,1.8017386496821817,15.80707341842623,39.48648145133694,3.9363195558484345,4.96487935226616,45.495581536955825,21.795217689117262,2.1350009262963296,2.7476904041759767,2.2561192026321586,14.966611114122571,20.529773488010395,101.43497753925871,6.472881547901223,31.613066811457678,133.65313171022075,9.546895037263452,31.482340379140133,87.6555843010397,4.558513853138499,3.2864530386639403,4.623386551953133,9.143574734913635,5.822260822294123,5.944176420672982,5.8448718830866255,11.586422546538978,192.28927835415712,9558.10465677692,153.1551394488609,21.295070126408174,172.47623129244806,10088.730509502388,2517.17066922239,328.5947868128537,231.86889105330474,292.69955969541496,197.35769247154673,1670.1248621900102,8562.695130808945,659.0822979104072,257.3769485553821,7700.871573098825,326.61015942919073,224.6267265368414,49.492581980680434,45.46079977841867,297.2585395135252,46.79093631903054,28.439565382727814,0,4.2001571664160116,10.362802531873294,1.4584737386028952,0,1.5837061866792002,1.725835114726478,36.07737131472364,1.7894316753246986,1.619806164253327,30.296835418456837,10.342342041445917,63.36964231295521,118.52906140739461,1608.9414323803942,358.97120275127304,24.415054795002217,3.1067219824476426,21.545660177090884,48.607913309806406,32.43375616296833,4.633706077172289,64.45626929116504,50.727856272153346,47.07503547778711,39.064891730712766,22.42459508184209,12.163630420832336,11.11497745507443,45.16611930896325,7.780789965902499,2.953475347428103,0.8817201298655043,12.768918758832092,2.297889099858122,42.08764136550675,14.791208776671734,42.61832758785821,14.575347064159113,41.3587853995249,32.08214185961177,23.13351914940936,7.301967339064204,22.29860562788255,10.75062327111498,16.992347923871215,18.814533210868728,11.8602140412477,6.3628503075033125,25.215957050474284,40.289501174238296,74.31815849371674,50.47873724044239,12.23957747806776,9.56241105592092,123.36819759892091,1.2369492017662662,1.064126289652373,1.4950546185271578,15.422951494314711,0,1.2630302696854374,0,0,0,1.7494186738232786,1.0128768290841208,2.1082235433009684,68.77285711578102,23.71968231368924,18.476999159922055,211.25858664912568,1.4272980457108218,2.084723429905075,5.607413749450813,257.5802052873957,8.611846521893037,105.63756561167862,59.375479620814446,113.9179417361024,170.69225416893238,353.3984637832811,161.83020526074753,249.64164439888117,302.68323946981945,338.3921524277824,260.3959525988302,210.34619723586283,223.64945886683486,223.9912739519274,193.76704938849875,230.1336617968132,486.7792743144577,386.71516190235013,183.99359290571704,27.776817398050696,86.80070717903482,39.27593767179711,69.54636889912582,103.82953063054859,227.2266498937735,166.63867488925175,146.2147644492412,92.92543874627277,63.91579660508939,57.123354011817526,34.719439339986764,72.38654848692862,8.97478632467735,100.12728343166611,234.39643162749127,305.8555453457287,335.88783350772457,82.3805611845336,198.7554080312704,115.98481973797553,49.0020626317686,63.23068570655499,0,0,0,0,0,0,0,0,0,0,0,0,0,0,0,0,0,0,0,0.20674309874060823,0,0.09744269197909586,0,0,0,0,0,0,0,0,0,0,0,0,0,0,0,0,0,0,0,0,0,0,0,0,0,0,0,0,0,0,0,0,0,0,0,0,0,0,0,0,0,0,0,0,0,0,0,0,0,0,0,0,0,0,0,0,0,0,0,0,0,0,0,0,0,0,0,0,0,0,0,0.4860861653504329,0,0,0,0,0,0,0,0,0,0,0,0,0,0,0,0,0,0,0,1.5011151530268858,93.14549432581543,0.5481460463711824,0,0,0,0,0,0,0,0,0,0,0,0,0.32356428120516717,3.6490226448733964,50.615571708915894,0.15113143799547898,0,0,0,0,0,0,0,0,0,1.0773077810034195,109.43596745440249,24.06783151312231,169.33530773285548,0,0,0,0,0,0,0,0,0,0,0,0,0,0,0,0,0,0,0,0,0,0,0.9899524512866026,0,0,0,0,0,0,0,0,0,0,0,0,0,0,0,0,0,0,0,0.6174989838547613,0,0,0,0,0,0,0,0,0,0,0,0,0,0,0,0,0,0,0,0,0,0,0,0,0,0,0,0,0,0,0.010184962304818931,0,0,0,0,0,0,0,0,0,0,0,0,0,0,0,0,0,0,0,0,0,0,0,0,0,0,0,0,0,0,0,0,0,12.88544887990648,0,0,0,0,0,0,0.1314411981460466,0,0,0,0,0,0,0,0,0,0,73.840856269094,0,0,0,0,0,0,0,0,0,0,0,0,0,0,0,0,0,0,0,0,0,0,0,0,0,0.2084799786925043,0,0,0,0,0,0,0,0,0,0,0,0,0,0,0,0,0,0,0,0,0,0,0,0,0,0,0,0,0,0,0,0,0,0,0,0,0,0,0,0,0,0,5.982352212485024,0,0,0,0,0,0,0,0,0,0,0,0,0,0,0,0,0,0,0,0,0,0,0,0,0,0,0,0,0,0,0,0,0,0,0,0,0,0,0,0,0,0,0,0,0,0,0,0,0,0,0,0,0,0,0,0,0,0,0,0,0,0,0,0,0,0,0,0,0,0,0,0,0,0,0,0,0,0,0,0,0,0,0,0,0,14.950516634965071,55.001606068107854,34.67971615892879,10.052626125864895,29.127929800361777,41.43097582083307,23.081454274532863,40.751861864472026,81.45531566046382,44.97112436327614,85.20894248627675,44.80630819033681,228.16958942872552,143.18825309554197,108.46213356467582,46.75222484046868,54.20039110348403,19.519095864760292,120.82428612610087,276.56134075014506,116.4311729936825,152.27424013190483,14.34496914564627,10.45761052887721,147.45992729098924,230.22693222241122,106.59698570507011,294.88657088100825,182.94595586911566,477.07399344783585,176.55644361168348,101.68672677633636,4.54993884353342,41.60462768232756,187.30073736131965,127.37790728278817,344.90976905623216,118.07246635265713,448.8911912162624,185.71453225088064,752.8318499474917,755.411750567745,464.4486970327257,281.9352443029282,152.37998601885835,152.3688238971383,306.8862594934657,672.7291961818796,1592.1107875375455,1936.6451369128379,4652.244794325626,104.18848782882458,361.89237390952087,465.3303033064583,542.9450086704138,927.7039811418871,1712.0006044792342,60.36231320318285,67.78300210984276,13.647057398670364,48.228222697330594,264.48148123521,102.83503397824886,1096.2590373780677,41.16922151039387,15.86647494596026,23.014357782394008,16.576972445657397,168.3242193727518,96.42502757562617,5.904716368425437,1.6621042953470166,8.994525425142594,69.9537480520667,9.249883583264591,52.542985164664124,53.48587248690425,128.23393375097282,184.30212370686434,447.0672186127024,871.8198718910083,1807.8971812051716,2688.0370796510915,3503.7092374874483,1995.7503984556893,1104.2970831621287,269.439603553806,192.46864925273266,38.64295554557826,27.34640371078502,9.567735323607643,364.8706268529179,346.31968592201963,23.0287972939377,91.63829368334933,199.2364836080388,4.803800804839463,71.46810844577004,102.35468462511625,35.380119867987986,12.62751566386595,41.63611777608279,43.07047726343376,23.897197150605226,20.660921538060922,10.713677910581811,90.5610047293075,35.35955440184106,13.046918563142752,13.74602337849141,498.47472748274254,11.57860240857463,8.1922390215595,9.81161962986265,19.8924537226182,3.263971706988042,3.1683362564183986,96.72876066057597,2.007815110390717,2.391759457752432,3.2927319113001907,13.510000335526552,27.751699311280518,366.04819605435836,216.2655646750081,165.33910950346348,26.52275666655194,18.189760096470135,4.883057952663373,105.88104085652833,706.4603266497328,263.569381890621,12.228138590530197,12.17761029493352,762.3662995577016,17.19013908703284,1616.3523328392337,437.63988993167357,1811.1263857721785,16.746658577462412,26.89004873772511,3.09862891333262,1.4832092301626911,165.12205551415175,2.458265114144879,22.23417461470316,8.87286378419021,7.511974258819547,127.93714523134413,527.0474416619929,1185.9382066729665,1054.1135701994533,155.20720512846677,500.52448256103474,0,1.1433575197830292,0,1.144160425808604,1.1681677566359658,1.1407125825779874,1.2126435106825655,0,0.033582623153306596,0.45064991634861223,11.054804329871226,30.493637228986017,7.229344922308712,2.0980725237356137,1.4084339194104238,0.5565048052590775,0.02754885072415795,233.90577816267535,3.444809858587389,62.55428755320418,779.6090129791654,2.685657528458997,5.254795576930222,4.0328239275365,386.2824808360924,565.9978931290541,709.3513706157987,273.5449551320785,99.89951330488921,222.02984430604053,873.0406076301637,48.62886592488302,699.7832891358364,141.71123263025166,882.9859756897393,1126.5551294418767,862.478282378947,1332.087427294558,534.487272426741,544.237381580719,193.42945665545153,1918.8266670352712,7318.956397327553,23460.87725834102,1777.057649394837,66.97794475605832,108.7851205545361,8.94943945605547,12.271683708067414,75.35459583058616,47.07758670290948,172.833949106874,255.90059674556042,263.1085324984731,33.40474245692622,111.27125980630134,1575.993076399585,19.08095317890542,41.97115093974891,7.196447544291874,44.02678880248969,196.25722261114896,216.21596878411637,99.25408161860896,32.97358119425673,19.29415525232805,106.26431340366139,43.29022671761009,101.07771482621345,26.527399061123702,10.129509231840592,161.65792615598204,7.628112608547296,18.322627604457608,45.843771391548884,41.80596133503098,10.411855411636711,17.171343860477414,57.071462932032006,31.926862064708992,387.2868177537814,76.7793515492979,31.392486445113548,76.56689966198901,133.66526786475927,27.933796861179662,2.3446332337843416,2.3866624408511528,2.9179787734972287,3.052111157522582,8.913078546844758,28.10476568790732,13.925517265620703,83.18023387506685,16.862463194915257,12.030134893207013,11.97691538695993,11.974843735060253,11.220000398082545,8.760583398860657,62.281096000062234,58.02178938567747,6.157287626700255,1.2798377907919485,0,2.022165683373702,11.863202930934468,55.88179182433697,39.59962706282804,15.165235012399805,9.58861998995064,15.331548808200052,32.078297114752345,27.725167450631588,9.681377123625959,9.467692034819917,10.382941005830576,8.879480335434671,9.335976042359897,0,0,9.177030466726519,9.298511859857538,9.55856346637016,9.521988228479938,9.529516903818765,9.2502857073207565,14.187701124276227,0,0,0,0,0,0,0,0,12.971997748531859,0,0,0,13.154406525978105,11.369899363420563,13.390264766882655,13.574859840115497,14.527513779341813,11.12668381075511,12.896358993463569,13.286934155666229,7.615418558765523,7.60666221501642,8.313584921495758,10.415514065104393,5.920040830308387,9.754821214102563,9.680887950516569,3.576502844783972,8.425962668967028,0,9.369600039656808,10.047352030868518,0,14.007860106486154,8.846432098889926,0,13.19244255510019,13.857745448034873,13.513505078743243,13.496126659885688,13.309245568744618,15.945829386895232,13.76741772368716,14.232821877160422,14.109817055846788,14.242720667221109,11.504636910027076,11.946703931256707,14.136769669598445,0,18.487738525728492,0,0,16.470113369441908,15.87591628646088,17.21911726228764,0,0,13.343657870999284,11.699185845959507,0,13.96580317180884,13.556161637976755,12.960769555580645,0,13.904439956570087,13.25720224952141,13.032313569077733,12.858263254072831,13.260275369609035,13.260275369609035,0,0,13.215142632976741,13.225581031813574,13.096671195087223,16.537813368890294,0,1106.255104008862,12.794653562852723,33.109503329380786,95.156009416304,13.649911032343681,14.332170303162199,14.18909534158623,13.7673259247143,12.13964086171648,12.311428892311286,12.45581719572713,12.391323428163602,12.451127163370113,0,12.097202150892038,12.447250565174263,11.954329533599228,12.514999901088808,12.236152064393764,11.806457983062229,0,28.208572528962772,11.856418404446657,11.86338063430682,12.061658978125859,11.91027041215213,12.257198320737277,10.93910762279208,12.429052781404712,12.94294201968959,12.290991098825769,12.682111163577364,12.656726259678864,12.296104339751917,12.125569579123887,12.582093435971306,13.903284638977961,44.18227075338681,83.06930833635283,18.631689086783595,25.209688405391837,351.0215200014806,73.50865000802644,1.3105749453399775,4.413449691260373,147.88100873733606,81.24508274363961,170.70972476882537,46.37222141229437,68.34795033671332,45.698463451193554,338.7359596893249,68.86819741461703,84.16984199020172,1146.8066145743244,1590.823850170704,22.02307890866402,108.69583075986216,205.17423598994225,12.60994152608745,6.784446993490593,59.15862113056004,19.219650840223988,36.790635752991236,13.68336104821859,1.7342735375951126,0.6403360308896902,3.7947856083908915,10.261991116741983,84.91453466455043,2.0826291230632057,0.08160881832741847,9.058187173215927,0,59.418100608833825,907.0341549598916,92.71941042830109,0,0,211.64262616313485,85.8807319028058,766.6381964772316,726.2017246639136,310.6763602245293,1214.1797063405943,755.8755385092098,295.8660076906095,110.54991224541409,80.59980469816246,224.90213623451749,2055.1974667493632,1341.6070281648529,290.8925229250448,0,1193.6464424736591,185.87199926746857,107.24996529293423,50.017756883459384,177.39897302249418,8.366017143700626,327.3075339279175,304.0885989275072,348.6555555137991,119.01126688908857,100.3178445890601,83.49557886997995,106.10410910248704,479.7389440151536,121.66814812683982,81.80799149154647,121.50717178175361,360.6820557858476,830.3753132691783,1219.4419891289945,202.25086706613362,116.6195325823241,333.00285415545363,784.1485471278955,240.98173282755695,103.82736706503623,158.7215505715017,1111.8111863610256,158.2772507185673,295.71408264987525,22.415189490384027,138.78836528063545,105.04592292105373,41.258012431120065,267.6296675268253,30.020669719908454,112.79784612580298,63.57559835536887,166.6636473404397,358.41698018215106,1185.3558334150293,14.88690945871521,110.7837965474159,132.99793948147845,167.49444692580568,309.19463963838183,135.3428837145614,130.14529635258373,120.47052264817584,157.36666577440005,361.80336304656083,386.75222379406586,1034.5267141228294,332.9884883759363,164.98477138874668,214.0695353677778,142.9317196203697,672.5200930280015,743.7416668646206,80.22039767329957,761.9569529742639,1611.0396776360865,654.4372629138677,1576.803624696892,1859.1522875748065,671.5828306434224,159.98756680337328,930.914771715415,832.9426674566655,736.9130597126328,28.832604650548927,777.9432936849474,210.39641763865183,327.85170273598044,1448.1007267675345,478.21082378084606,582.9811984004604,1497.5119736345373,329.71920801698303,210.00380639635148,106.94616525353388,382.95179645952425,226.41180125579012,48.44012653777784,50.31473938874639,284.07361311863895,311.8997679895855,147.09366711866886,114.08475239769805,546.0632309317468,948.2246345512087,83.7319360394157,67.36713110273816,314.63284469726136,451.0493435361737,372.0260332846527,272.16729030325064,845.5813557179786,146.63667184898094,673.7203648075237,213.10348697776806,29.454283966896313,0,301.5293987620111,285.9655299136835,211.52656847358003,122.98040046405963,64.931935810631785,178.06291687793663,189.89939835467607,106.43065679399821,51.86980563422404,301.31023309705733,1090.4959954780556,209.11909869015588,658.2394481594989,145.86497693389512,176.49841294512953,360.59873913339055,199.9371781748739,317.31763265223435,432.5365311358537,102.90049686248607,380.4026259069115,165.3588787157092,122.62427436392998,34.95414960108441,31.44302812713086,174.21189722282224,2.2076909580861237,126.31496623121727,133.8816282070882,235.34866608071758,354.1373647354055,48.03789021677125,595.0449156324906,635.0746691951005,189.2174627337258,108.75095331740158,148.2157186031345,60.345467321745446,16.731164254662367,11.157805192244878,32.42848686482536,19.619550283259688,121.79727348882531,51.64170598254304,99.99237038685916,63.56684989447274,302.68015951113296,490.0317419164338,72.82832618149858,93.03035552074951,219.14081324211597,30.71453836859246,214.29022040026342,143.156835652535,10.481738186442493,2.2017742761187344,27.227123084344456,36.7659743907162,617.685860930505,2292.191910329333,0,833.9922799964058,228.16173903666265,27.125635565211304,825.1312930622584,0,627.6462443478885,70.7644120902559,52.53065407892536,0,0,105.55559059281202,58.95036106346214,9.540079644953435,5.88156922374327,48.06789699406804,104.28981842467212,1.0822234191354274,0,0,0,0,0,0,0,0,0,0,0,0,3.8400702150675388,5.661310366594266,5.77434421596383,5.676387678724488,5.661310366594266,4.495847556996891,6.034043733288438,6.395239115771601,6.118399647630265,6.393184462790991,6.909819936258955,0,47.797889502569184,15.050234589926557,0,4.0171144310160605,0,8.982091089290785,23.442632491485405,28.01558610656199,23.362722950139414,23.627215959985307,0,0,6.700250676523822,6.63135776558303,7.895999715239067,9.986768685707947,8.411344632793275,3.7906432367764156,0,20.777732630114606,20.0740908623774,0,0,24.724547003894514,18.249785112863012,0,6.134683773376088,0,8.501107381515174,5.025852965273303,10.081082788207663,7.035617846252221,4.35925567622619,4.0054307311224475,3.414269150174855,3.701902144190793,5.799693458761568,3.413216363116636,3.366222106584168,4.0557381199680895,3.1690256287917666,3.944604794751094,59.66210758877319,0,0,0,0.057371812220421134,2.9581981021388923,2.9604402294682934,0,9.776237073656565,4.930824789312396,8.835982863587155,4.807105925140999,4.914628043706187,0,27.856315036160392,0,0,0,0,0,0,0,0,0,0,5.682754426323174,3.8939375072694165,0,5.763342681478229,6.557589600285858,0,0,5.016305466217714,0,4.546083159360293,0,3.684137146721493,12.774052511169653,5.202998386047186,5.579567960991887,5.382223328170647,4.015743901216896,4.044119626088884,24.910275384631134,5.416886915109776,6.204127095814019,0,2.1556928021191486,0,3.294823369980794,0,0,3.2937248208736483,3.4590798402881835,32.131810483228506,0,38.9020245383434,0,0,5.352928079268708,10.216703999060563,0,72.28311592500869,0,12.863464859995082,5.413586660531986,5.759104632990586,0,7.0925750741770965,0.5030266773936569,0,0,4.960926773784004,0.472262679040344,0,13.754966480979853,0,0,0,0,9.172916150850542,58.76920072035021,0,3.857939923224201,12.861880119875819,0,0,7.274153517783964,98.63335724778442,0,0,6.850446406014028,9.517328972662105,42.08580293464236,39.048303413952986,36.249328349343145,1.5221569158496653,26.173187294219876,12.123216139227143,0,0,0,6.8404100699497095,0,28.583244785604467,6.87159513260272,11.9411324657483,78.34908705848878,53.77701045878312,102.76174107047719,12.928190837209499,12.11821795019382,13.895114763258203,5.8373203587045035,14.294236373063255,0,8.995695932821047,0,6.890492469639017,5.104831691496376,6.288131833349389,6.115142922975579,6.36427200045535,11.003072300549492,60.479471169382066,60.032863948683676,130.84394933545437,72.90509846386084,198.57626490576328,0,131.05149177128715,79.57743918256365,4.693510393808189,10.760229257587602,112.63609485188823,9.548226109592754,50.151457988312984,8.556193937507585,0,8.976919223524632,117.98506300828367,8.144115944390371,9.539291391201168,0,10.541017507399642,9.478962330424809,111.28435335844839,10.25303465714906,0,170.69720848950405,7.101632784234749,284.7551331993266,10.518405746545193,106.85673447595171,9.771390821092435,99.21557228250771,99.42046910483586,283.30928981332636,53.71254736661528,34.986299956014975,11.332189399065209,9.55720546489817,10.702062753516453,8.181359443741737,7.436469529379486,0,0,0,0.9029327742186385,0,0,10.839778985458874,0,9.127154280055658,8.393266414712025,8.893104771306701,0,21.09647123465216,0,4.145693213591454,100.55662698558757,115.7731979864007,0,107.47251556833201,124.72501519787284,0,120.49618857452185,111.65653939238014,8.766097429062821,99.35650556195368,109.89935303799598,100.59576196447156,0,107.74794070507117,11.558120840841772,101.08890153099186,8.755584764236593,11.817019053447995,19.589175986006463,0,8.896406535958844,15.570233171380961,18.032575707261454,8.84926074559325,14.575144698533927,107.44238344454429,0,10.699513734764244,0,0,0,0,8.791496428680423,0,9.102386564645036,0,5.835106588856973,11.965674796382823,9.952914312379534,9.425966398542545,0,0,9.586040042777993,10.463670362037265,0,7.949294751662024,12.560467230089033,0,5.218096605342057,9.904838019401021,0,6.993167830888781,9.755716170737891,0,76.20188249862557,73.25497613203899,6.228080308185071,0,0,0,0,7.900541203098174,0,0,0,0,0,49.1166776064523,0,0,0,60.22405363652287,0,0,0,0,63.36623226242175,0,0,0,0,0,0,0,0,0,0,1.4404083933764502,0,0,20.84968312771652,0,6.268310730581432,0,4.376703011182861,4.062588854398886,4.179474807847835,0,0,3.9538385114092534,47.827166199545715,3.456399593248442,10.825969305716233,2.4013162659777585,0,3.080750800912949,0,0,3.3566616004037093,2.868780315913962,3.019637937324126,0,2.8183602660044325,0.6691690704373943,3.030717866393813,0.5394816480952384,0,16.913452120739173,0,2.8602483289500276,0,104.43620273721336,24.308403767144586,76.76759975218891,23.25789954939985,61.75285523799738,12.863609835183047,0,18.880860569381536,0,0,0,21.752435797201848,22.017177229531953,17.526815543573697,37.69299247619808,0,0,0,67.92579966106801,0,0,0,0,0,0,0,0,86.46251186196777,0,0,0,0,0,0,0,18.129225870122433,0,0,0,13.0131590311519,0,0,0,0,0,0,17.832379246005388,0,0,0,0,0,13.793798145324553,0,0,0,0,14.31860370295246,0,0,117.6121441530183,0,0,0,0,0,0,0,0,0,0,0,0,0,0,0,0,0,0,0,0,3.4939232684374972,0,3.647171925596549,2.518167435955731,3.497213561219502,0,0,3.7473216592232177,4.117105094578803,0,0,0,0,3.446258198243885,6.279828749886099,3.2770420415209585,2.427505198634375,3.662362689107899,3.262809773442458,3.4954924561489915,3.1049798599759,4.305926306073728,0,0,4.579210763599931,0,12.51457789553701,11.588771751369375,0,5.914485461676322,7.846914487040835,5.676993829661037,7.448230089437956,3.507780570665101,0,0,1.772269683242237,2.198511840881999,2.8380297046682332,3.488842470152205,2.9953400900554374,3.467476001318624,0,0,3.788411195735369,3.2654034820183013,3.4840709543417105,8.268820491625,3.7185476358622567,3.287435770548036,0,2.3918176247931746,0,3.088346453842873,4.05805916652959,2.2762542145504563,0,0,0,0,3.2103242572576414,0,5.89373497632747,37.32303598310797,16.669934938595198,4.947703354802486,0.9760470423368698,5.766815081346342,13.871138821047472,2.4213182368867936,0,11.084012451302357,4.289808324463148,26.215331873125177,13.601809754361163,5.197902335118137,0,10.09539634894059,9.267525500247402,7.267325149572994,110.62374761116136,7.39502355777375,7.175588297944526,5.532787079002498,6.798175045928062,5.336350299243451,4.086720048386306,5.998075053219343,6.160813524833096,0,5.470822198561334,6.386610291436739,2.956315167972181,7.066573071116163,0,5.7570498465417295,4.839154792305171,2.8966684316531284,5.586037435501325,0,2.7370325839232197,17.213931323817043,15.60133757156582,0,0,3.8798193501018563,6.074300332576062,14.197820970062931,13.98303074196694,13.13725570072099,22.460978527511852,32.992757522209345,0,36.54665263809107,4.38517228229669,8.212467142438042,4.915720522743789,4.978242288102111,3.816149465024321,0,4.702255574103979,6.029295705939932,5.033368707249022,3.979521694763707,5.026163909352109,4.583865130849125,0.39336543587430023,11.28269121476182,0.013320847712609728,13.702864691783704,14.476361924352737,14.671945357797165,14.506984023885439,14.506984023885439,0,0,14.541328347945246,14.587862722681445,130.86171538966195,0,13.608316322324495,0.6634824351891727,13.764632190071787,8.648470573467952,13.52340026364348,4.405915387262898,3.9719426253236656,13.280669668968114,3.966979397807154,3.0693588614676766,4.3126491201500174,16.075823018936877,3.6741222886648774,0,3.796503169692101,3.2887863676695606,1.2680759709738667,13.454299441139229,9.3365850965600945,3.152196022408676,3.138152762933029,10.31140230895868,3.209441219641612,2.1526565767164634,2.989827145907232,2.9783588470458655,2.5279085218771744,2.8780982552386747,2.7891869040122503,2.6239346342158525,2.625929340883361,2.647711638908309,0,2.89392817530669,2.8831075497218186,0,0,2.818336867230182,9.361319806054512,2.9536353143867116,1.7083938053902805,1.8657387901566456,2.982591697555759,13.80478137717457,17.205487303474516,0,13.673000234366565,8.880670815502814,2.415099663161139,9.575412788821618,2.234342130632657,14.007678825158637,2.7913957255676967,2.226669956623875,2.217349523567191,12.283690712918649,2.2387841680370664,2.4812092603478666,9.739773418580116,0.9869803455369173,2.2630418157903267,2.0168120299291044,2.130798976210358,2.0221212237055997,1.7054145875399662,2.0175944005072286,0,2.1501803683309713,2.1048531027310102,2.673620151681088,0,177.19083862748084,0,0,0,0,2.060612754869705,2.180721264390108,2.1853012869704633,0,2.175310954185123,3.0797668057105563,1.8208786166364785,0,2.4430914094299174,0,2.4653295344621253,0,1.8626079018915598,0,0,2.1737922258740303,0,0,0,0,0,1.836983552269246,0,0,0,2.6620532805519397,0,0,1.481446497229412,1.6867897604452604,0,0,0,0,0,0,0,0,0,0,0,1.1140273427719019,0,0,0,0.2546314550139242,0,4.378693135544691,1.5801368990356213,2.384109873854372,1.1565455945724006,0,4.877632866110703,5.661438159052943,0,0,0,8.570978570387608,3.5260881912104813,5.8493240344255515,1.8489160830634506,6.151008520678065,2.086699255357023,6.063735326120448,3.93186145467283,3.675004684619091,0,4.721714691269457,0,1.5406899180729559,4.011897363565396,4.331381937623462,5.497938315024215,1.6653899313055696,0,5.2872815640761,5.453115226908146,0,1.8963270456249988,6.962199771933151,5.83110124678712,5.812096122016027,0,6.156238104896149,0,0,5.519335770169937,6.101575497418994,6.147702343819794,0.9420256475607801,5.480618480497371,3.7929971246537537,3.869172255497127,1.730320774583108,0,1.7040251046624848,0,0,1.6865421491614554,5.29270992408914,3.8275636173784258,4.29381377443155,0,0,4.108548122029646,4.186913254707904,1.0262579857681968,4.264845235399626,4.3683865253513705,4.605775009833967,3.1928485721617483,0.2080613783227693,0,0.21433518761216427,4.0745625373283385,4.779285292308587,2.2560569197403026,3.5172007165529324,3.9301874553497353,0.2949725328578092,6.598157210411654,0,0,4.116510859948955,0.5294142775105064,0.26356949587076334,0,0.9137729148437359,0,0,0,4.909606616105373,4.580238330036723,0.7744622840006179,0,6.78482708058157,3.9135229994142158,0,0,0,4.006840275070703,0,0,0,0.4983260426500391,0,0,6.867938095120659,4.0083339209928335,0.24311644355831388,0,5.533476102027199,0.5229137872316967,0.30522024046137225,4.9819303369084365,0,0,2.048344944198275,5.189871145914249,2.446610604267474,0,0.8292025030349591,13.479547488490418,0.7837067270708792,9.623675576696892,0.8039864460276627,25.22827027600067,1.0077745853030236,0,5.219551798267363,8.540427540843352,0,0,0,0.7854471190771987,0.7910352084862645,0,7.595221641721615,0,0.8244061496215978,0,1.072245215046837,0,8.491481367107847,0,0,0,0.9991157606660239,7.728320248087032,0,0,8.503669085330023,6.523597186572108,0,0,1.169543447276757,0,6.952714232120099,0.6586947270394502,0,0,0,0.8061679925343701,0,0,0.6865538426350709,0,8.217018540087828,0,0,0,2.372308249752328,0,9.808858924671286,0,10.401169500020448,8.64309216461001,0,0,0,8.66202520863576,0.545580119038132,0,0,0,0,0,0,0,10.149064234817768,2.655374578705599,0,9.119988431917948,8.567158257229716,1.395151576489641,8.250806883293741,2.62557199392544,0,9.12569260859117,2.754548332271277,20.253455062382212,9.309000273473835,7.343146695216582,8.161025169238467,8.938377778574734,1.6797560063471397,2.918051328645594,16.676066168185084,18.474715201936874,19.452270734093123,18.064064486790382,12.891719317949844,12.747843724217638,5.739914489125065,12.747843724217638,14.479986745698563,0,12.796095824593907,9.200834552396664,0,24.94406974303294,5.029628746358916,5.353311717947311,4.2161276116742386,12.719030354813125,1.8017552948993514,12.719030354813125,33.21466774608328,0,1.6425708305567142,4.700795943695597,0,0,0.3013202447116114,28.640127682817983,26.518135123777594,0.29772085963090095,10.76694017849468,0,0,0,0,0,0,0,9.640197820390373,0,0,7.332981415563372,0,0,0,0,0,0,0,0,0,7.377583266717875,7.133091269673083,5.575615190187058,10.69111940050838,11.168019433115441,11.47299077878017,7.557391327795122,6.504624804599144,7.557391327795122,6.3067152382715985,7.557391327795122,8.010909010291346,7.025960557445028,8.357388235044764,0,8.357388235044764,8.947621596950471,11.570026767682197,8.545327551496678,1.8078217180557543,0,1.3340759400188245,0,1.029666666795456,2.1310679925831275,0,1.7604867691985504,0,0,0,0,0,0,0,0,0,0,0,0,0,0,0,0,0,0,0,0,0,0,0,0,0,0,0,0,0,0,0,13.677709858180643,0,5.101713021698641,8.70586053681455,0,0,0,0,0,0,0,0,0,0,0,0,7.67529036394054,18.588413912254484,23.83540329432089,14.071681717867536,3.6327718441545547,0,15.254477403953402,18.175231246128234,12.255672078799876,11.808224917148793,16.99638689956539,17.61603003300534,16.378437309800468,16.70906637158536,17.26186165416402,22.051494212248624,19.194559821800148,23.618489349688705,0,0,0,0,0,0,0,0,0.6297225401640216,0.8049869021082611,1.512566872899303,0.6498999908204632,0,0.6038148665517742,0,0,0.7782106286182002,0.08756275646657156,1.3934804982553122,1.630554541892098,0.10250311844161926,0.946368750908243,1.7402857263517726,0.3270087148863598,0,1.5331150158639995,0.7037675084211439,0.7705036052325962,0.7492985275142169,0,0.6840302976004969,0.7091366563606394,0.8647521437666822,1.354522929060364,1.0430246669621714,0.7939385946902561,0.7942718264746587,0.7807848984020271,0.7530731049535123,0,0.9334721461771042,0.5518127064691114,0.5460833850086654,0,0.5817011501924052,0,0.4583413452530023,0,0,0,0,0,0,0,0,0,0,0,0,0,34.64055458212134,0,0,32.60046116297086,36.26104570788171,31.210197726860798,31.078763536100016,24.687712651039156,26.560651283697336,0,0,42.8427861577623,37.282157145105145,0,35.33636602881551,33.615832176121835,0,0,34.742892187118535,0,0,32.269401654270105,31.358679128456433,0,0,0,0,0,1.3763830547448153,1.1578516722809664,0,1.2738090962432582,0,0,0,0,1.104013314145867,12.141791868310504,0,0,0,0,0,0,0,0,0,0,0,0,0,0,14.200893013738032,14.632717422531814,14.545802244967351,0,0,0,13.825696952072414,12.964787390629311,13.083237188409566,0,0,14.369102769452896,0,13.939071304602615,0,13.059428019407889,0,12.724954897782453,0,0,14.666830553298558,9.923350495667508,0,13.532292144690226,11.820233964710717,9.098598638861569,10.35519412114412,11.51896076641479,9.201441924245543,10.546742063280423,13.136525956824247,7.675609779467424,37.36776784811649,9.872683740416047,0,9.615888834552077,11.504257365985644,9.125417667527074,16.93195605743681,9.734300638999986,10.486590174674424,14.691039682550779,12.257340257208247,0,0,9.940203336096891,12.387562425498919,11.328337256127673,9.167278909890188,11.81959557105745,10.390175539773061,0,2.3190407143498906,14.092256606465122,9.898792546439365,5.691409060937153,9.648510312698212,0,5.691409060937153,15.466745303978398,0,9.202369382225314,5.691409060937153,5.691409060937153,5.691409060937153,7.7805146731177715,0,5.691409060937153,11.150487940394854,5.691409060937153,5.691409060937153,5.859249046977175,5.790629718912413,9.57908749550238,5.691409060937153,0,5.796835029453228,5.272575184732013,5.802783893410364,8.601662625675681,15.454497347826527,0,9.259979953258371,0,10.14137576611497,9.105693718631821,0,0,0,8.238519828187924,0,0,0,9.03742554259359,0,0,0,4.9389678397033014,0,0,0,0,0,0,0,0,0,0,0,0,16.810916649822317,22.343145540109127,0,0,16.810916649822317,19.384127054782045,20.547095581866813,23.29498243850386,0,0,0,0,0,0,0,0,0,0,0,10.849415595898721,0,12.717068333114515,0,24.3112440885782,25.8242630838264,41.6154094088417,55.289438709437825,48.96769972095604,24.442455000174952,0.7614457352314753,8.022708361493008,0,7.53598716336035,0,0,37.316430614547684,0,0,0,0,204.24963724238697,915.7542782808656,175.15249680381183,4.999177421386193,1.1220401093397414,0,242.42537005889886,28.350481933193656,292.73191151887914,993.2516802596591,74.92218595311203,3372.493899199508,225.97930983502184,3907.593219800428,140.17464762678966,1110.3462671030418,934.053505584667,16.752584600792694,13.919775764656,7.619315700286935,53.955508917170235,10.623568372459054,31.488953357412008,34.29458141048102,99.75620660717813,1.5753669666885837,9.944912458669823,31.27624858209215,180.79677715772348,7.145142960180745,4.787741024305358,14.208954754989938,11.413955602287652,14.752611177661429,126.66067960150846,116.47170804628175,56.05607947931765,26.076539050274068,61.942309094826705,201.77519778799228,127.20569827112678,57.38499456021197,28.966089688922104,62.657731969285514,355.8979142295755,113.93859475878956,102.74240834031826,255.23440692838403,209.61641281763394,121.2407532344177,106.10490859727437,74.008090049064,235.60182892432294,29.380686085131643,158.12775379145674,121.3031494467487,337.5793017725497,49.009011870769186,66.96842249639185,255.63421684849294,11.399899127075486,126.01067432516469,166.38849304769008,32.587659959777426,116.5210488157432,247.68419995434732,134.38179727420663,118.81434645026506,219.98451946943248,300.716673357583,443.4637187139845,594.1618528152476,1273.8633805018028,52.498386264650534,212.283664420688,254.0211314577072,478.7071592908651,710.8285493229286,16.24972160195327,84.57580911564986,265.5437776713266,157.0837587142506,172.96311659169402,99.71339552965004,148.75262374774934,272.0366675582318,229.70412530340334,10.031432160049915,9.817807130011609,50.264631620768455,225.39010126663695,74.32509028628981,11.634746966642593,80.34285764122146,1715.3377736737855,503.27679587687504,58.740044408580985,177.84734898000397,533.1781921619606,511.54073070214145,821.2829140761271,200.13667783266493,3546.856851670364,8943.847571765147,13030.746615537346,2266.947950046423,306.7300660957136,36.27008808602702,157.2170374118057,87.04412606739776,525.2361144043327,322.43596198308774,420.58608597919937,1965.019162829487,13.96865627252924,23.134770263912326,5.270627712383428,3.9052909380903618,24.46686623803979,70.26185525673402,61.518535995126705,64.68118114784828,34.44393842678151,14.656687017890562,81.52659991295941,19.804334599841162,10.056513884327748,10.707322132433132,20.767329148680865,67.92169527502503,12.994365936481701,49.72586325684412,847.453541396876,9.699578735892466,13.797967854562181,41.47010172212876,6.153115396579643,54.78948725380248,62.851524593680466,381.3011081416422,2758.3830663289395,197.6757389810398,12.041377929558015,9.889098160778019,28.924279460987517,13.13679432820952,60.29203438992354,29.76297708499934,70.8121280940442,56.577701727764335,43.37899827289416,31.239590141984294,178.39320116035734,23.284002965412686,3.684764367463628,22.359709835483763,75.65166190306738,1.4548169371040265,6.362248590215293,387.43913043013026,3.875721884685431,1.374681901825806,1.9603396969830122,34.40955203357703,1.5155330546197217,3.4610888564682782,23.417215307611794,2.777561308142586,1.5657244270370863,20.313643015803862,54.362389462421966,27.183979407543035,9.132875991049541,16.040502739334435,30.862858719595597,51.17388597466887,2.413483341148663,20.209375156887802,56.015867198985546,4.2105855321176495,25.292125369681465,1.986318762631626,51.11994218973962,132.0785784282666,104.52775134105606,2.548408366395613,82.24905619912053,150.99721267328005,148.9619224818089,183.1191491272086,203.97599773544516,231.75467079990602,165.21844092316263,121.14395269951599,17.883778660927824,14.172697889757364,52.70646181665291,65.65892982374434,8.006266878278678,8.22228948061101,56.98869542537325,103.779118533201,14.552462649415617,9.865454293569833,185.1563591160919,236.99497879396,360.1010998986464,8.403736134441372,1889.1230813878115,5.718521763416021,14.762590203257563,13.045193611760773,259.2395294114676,35.500711930122705,27.546963410643677,43.61014395760535,32.82777338703599,4.128451205677352,7.613950052574296,3.742873298829201,0,0,638.1874562973788,13.137075459178126,10.489355867677734,945.4564336707095,2609.8342089249936,1719.8928784771877,5811.5526795708965,9216.210892182295,12537.748001187316,1213.0022667707872,7417.057739964616,7336.764797259776,2417.2298015313095,0,644.6337387508427,0.09747439587747608,8.624801676226696,26.56233756591647,10.938237294233408,21.239903716784156,32.261836876441436,45.2103820581992,14.195362188739638,10.741447849937426,19.22662708205822,20.177900616806987,50.01267631138026,108.68432458450651,27.66459220039522,141.77836453886675,23.174644507376684,20.89944930656208,17.937812507064113,32.44944240867063,19.090164285059533,20.965425206336924,18.418621128130884,22.03116930510157,20.23175372826518,17.718173418399257,21.80890152656613,24.257414198645808,53.605433203421406,20.327347548366923,21.985976346756452,24.438995095903337,26.48866412970494,27.227505567605423,180.40161928750112,3957.1745089333467,160.7555403342501,11.919267952802176,7.668032927936643,26.800260738399984,204.8364103761864,41.05457557365547,40.40414841353796,570.1294993768989,1742.234880535694,11933.405922381442,537.0959605657957,6718.054105214655,96.45928215962913,24.060361667325715,91.81994937127197,25.156669462032156,27.12109474174619,30.516012729473427,160.9555887669308,15.517375156631221,19.671877648836485,27.23033018008875,25.806888207559965,25.82885107164132,27.005672759494782,39.11575482976321,32.412530562533256,150.92503256285065,2680.4614327883637,684.9757661650236,63.57723081300095,17.195716351280307,28.347176023480895,15.58922389692595,10.945060970159602,72.63137210431742,102.7715666015554,629.9677518875777,341.9645234503938,7.549692913376187,61.0216318020132,9.612320159175985,239.44490746981157,31.103761751042974,50.86593776286506,1.073514500323901,1.3891460484169178,1.0066228550595104,0.507920700483164,463.00272515738044,17600.698630814415,129.25920528311556,11.191637738741607,709.5266445509642,465.34717184011896,0.3993756313562002,98.9704002575194,350.5415688420888,470.64321966515263,240.5649890639588,167.05725242945263,40.33698930190299,0,1.2051540133397574,2.792178195147849,4.77454823856455,5.924648895920961,3.174968354071119,38.840371379052584,10.245153229217491,4.8064393204155165,3.4085985282203386,3.273096968481013,6.897550432988993,3.5234986752626543,64.24529536456575,5.374947060476573,5.541781520811123,5.8324461993163625,5.669555199335776,2.3648702488990594,2.299362889756042,1.804076825669971,31.3378848660327,44.69484023759322,81.82682544912058,204.5049196118725,1423.908916213357,16.27535950402284,124.09041561008975,16.53012439914886,105.74377190057778,269.80335194120306,436.7829451832513,220.12593709299358,238.8683320384264,156.3572642568753,195.75973738265637,112.79960132731368,29.764741954061616,105.36201176148629,775.9050218128004,35.96353716003292,750.9281270169988,415.93201252736554,662.0671357420509,24.217533930295495,1011.013246844437,125.68284260988999,462.10958423837445,2890.6205541207587,992.6974782782853,1417.9044680961385,7225.991345552153,5761.150073695927,2130.964942673358,885.6608237167463,812.4137319712052,273.9343202023188,178.56134645477775,365.05161247913844,13949.796921821451,29394.52935038014,818.0558503440798,1890.3444396019033,27627.675581552958,484.31189769185346,140.63113902060593,80.817107715737,238.2337193640614,27.97331311665065,23.491865266147265,83.90568543458205,1818.225350689297,317.03928715610147,1207.2101811045175,22.34769861800446,15.620414954323113,11.991225687755584,151.20724346270873,206.19021387183437,213.46684948421918,313.4216119496681,554.4488399877187,321.76143083913064,2676.17838006898,511.5240693454346,472.56798701006915,79.30045153801633,462.94426171724916,96.42045550188034,1215.2322952516872,1765.9126132661097,1092.8882887449233,443.1155687542082,2524.3220169341234,1227.8959900817708,1719.5620281464414,4483.922190926043,2940.2647614830735,9810.990386669562,6524.800784494688,1192.4652302574584,1136.1057471871375,777.6682878576198,1648.044387800718,1041.122043272561,3011.5340569103732,433.7892756063344,2762.1854015249833,2326.22282109716,2079.5636112226484,5840.673560850436,2016.4238570120747,5581.16590663715,3189.597550253674,588.8517485753913,1642.7237738396966,755.468492389181,1374.9652582709139,3295.5596134572224,2361.3086543828144,3506.823262076746,1690.9179080428648,436.561042887075,969.3884084461704,1803.2542823200702,2272.338716589763,3980.9769051970793,38.35834208636053,305.4216929709771,324.0318254536648,470.4086139459152,93.24934352713873,377.0323578986129,75.0718915163922,296.77013509534834,3246.116930883264,871.8368026863068,1209.7610602425489,576.2302094500412,1760.3116802536492,729.1853530971646,1729.1975471429143,1576.9956265903952,3094.1655730977172,1308.6134431625217,2921.9647867177678,576.1668290064791,1722.603925676668,1711.7601138406403,23028.302984197875,1810.9554347816013,107.84299537601869,538.7149790225357,42.38077813370436,142.99494702667732,1934.0251443133184,103.66151740384713,33.23367497302502,81.2309208120805,40.7389603789214,773.7844772641176,271.9569178310689,25.775281155431806,476.34501179796354,328.08197943350456,1573.1892653302727,251.52101302927193,185.54016082752764,464.1620884190823,1166.5683283363678,338.1259887000873,28.7230895421058,493.35409905898615,275.63975137249935,767.854204860761,550.453786617226,174.41729957910005,1430.774273161259,2331.243552146723,518.6156072820273,1759.7805242617899,563.3628537254649,2529.9870883359986,5637.105357804125,1310.6052219628198,587.3833274793573,201.7993807991256,1003.8900275202518,5617.600556974062,10426.849114700271,8198.466875093503,1070.1955832798144,686.5335082774651,430.39001319451125,341.768951685691,1738.0461955070264,193.86135679383946,1601.1757958908381,1517.1878961253399,1018.0500883517332,327.0439765448791,128.72177747191478,498.57657597430966,27.166201632563844,77.6865419701894,489.65010223600723,30.925854457916085,114.39390474553527,23.78572632568921,233.6800047079392,215.95845008249606,164.3638080820161,263.81287061008726,78.83491400935343,54.454071226765755,260.3519826989245,1969.2469679583648,494.3787891002973,89.78478071276014,830.4464310759976,561.6508259538595,1807.3571257881265,712.54325426905,1267.9093131327509,1822.7331559979584,2334.1033076159315,267.21240802737674,43.73181014638304,120.85303984101738,710.5710019788532,167.14055268528907,40.59285718236749,135.97396599780302,27.289765145568214,23.93795180228388,21.231616042153608,84.579731975099,1.9149681717352514,0.26505383570701485,0,46.47935095608838,0,119.94132365926862,197.88663975714047,30.796065783036184,119.51414965133645,0,13.588388386870275,0,0,0,118.57686740185606,161.49567444715166,0,8.768512190977273,0,139.45100829287662,0,110.45972767734395,0,524.6955424656686,18.67906962137235,201.52366132514217,118.99257915971916,27.353909035787694,24.363440936379707,6.412001392156219,26.20188157550271,46.66746090735256,10.30142081341101,48.69789968389389,58.81755989464618,6.312949940483636,699.212028689223,5.445868170937545,1.4483421761751873,20.486583755253054,12.649429226032439,3.0384200731283157,11.801122729723001,8.383769437102409,234.54095770649099,5.100045951943686,6.02269096459765,9.111714845517172,18.996526638291627,54.008465156122114,5.328981007102119,10.59483274201184,7.578117228894318,35.25594634976396,12.726175416894684,43.846200359304305,508.7241090286841,11.472971153245457,35.13498459956877,36.945298439981876,87.91453017423203,1082.6257243699702,62.71754234059703,9.561830811390202,4.026428815914224,24.334312956399838,4.263158951814722,1.2666972817392004,23.838514769802135,32.36534016292066,24.583194412102436,14.766028553758902,24.037900768711843,0,1.949262346361522,0,1.8945634319367113,1.049733622276663,2.5585986088589583,2.483853138806912,2.979211308370246,1.774666447057412,3.395515129890036,23.957445006755776,44.142357637915275,7.229613884065871,3.5176811614720185,915.577413374093,19.88660247341032,4.984443529732577,1988.759456191208,3.465347655432425,0,40.80074804836633,6.519449192302105,5.228261716956195,3.9192149946751558,3.1736431380354237,10.627845652531155,20.615038699277278,11.609683354878833,1.2862529214979384,10.658894766478316,6.2194259161147905,10.929906352529605,2.71519919549654,0,76.02044573330363,123.901673322367,976.7851855577965,5.464237770085577,965.965389848461,5245.940782861768,30.013742544465426,18206.345198786454,50.84501612244117,5868.175549443221,969.7988659491492,2137.0844467040297,253.82228425129128,624.8264361349517,841.5006633840796,406.98418620078553,1246.2935735789827,1854.9450431768864,68.29819712123016,2082.0480922437914,3039.4960263773014,830.6916882443669,438.35358668228474,182.0126363259722,951.9381288311356,859.5974921500698,3490.405783081421,934.2691660546724,497.6429767329633,636.2964820725352,272.68823964429714,223.56076513209126,6006.723741975524,434.957377456462,685.311753645163,53.532697695347025,59.279091824919156,105.83891821815219,51.00475986509761,62.280346236629214,2141.124516379601,5018.363852012381,7420.8294165310635,4019.324514083589,63.854585909561926,440.4578001110603,798.3788462197369,332.4119781524686,2210.472244301309,1899.199281766835,548.1567907189229,692.5455096784685,1516.5724704034153,590.2997222667689,364.0988353124666,320.7612943139764,493.93093297250124,291.34215441298824,3.30872761241883,1.2024039812862246,25.22580010576456,106.91321150903346,21.974636854042995,128.00040661461645,3.0651032980767052,8.250794975680646,2.3229150569180157,1.159100655790945,1.1159542263719937,0.1581120378127976,0.2854587543419562,0.1510359352535084,5.200737824947276,9.800260841517018,5.660589294358801,0.974166320282368,3.4615661219675813,1.898752876317957,440.5246793172264,6.1639153441275205,15.015277547944617,2.092407355328204,3.493536503277659,33.669769803267585,111.84633126644187,277.55071080225304,273.93932209379835,10.105476393342558,23.51885951288309,12.525983398350002,58.440662430143504,2.792270868349306,106.05835379492729,31.836846408018552,0.14196076456353218,0.9542491248519571,0.35714300119773923,0.7968082900913102,1.663886828356795,14.931068704531999,29.5395787406979,3.485463359795967,1.1835506699575196,1.8453379115707076,0,213.27319762169077,675.037165239266,3328.3128653277045,40.658766578568404,0,396.9318715781951,217.1469067587884,4.790448731876716,994.1068233205184,36.323635897014846,20.585675049402596,3.0742518877132827,2549.6281307338313,276.3274086933123,250.3489031591371,1288.7810498482424,26.946141091659594,720.5654770700683,3719.998478770165,28.114289561381234,930.4171359412502,85.89308165690129,955.1865826208203,26.884910530700886,1.3696288266085295,3.510647841505512,6.558361430285152,0,6.876692870639395,0.9162017211862165,11.39805543382113,10.733746798840254,1.1721950670161148,7.07793797274348,4.27517439783023,29.411417650463505,5.621896239476841,13.177006122397719,4.951219641748079,7.746448496490694,14.70997554922565,36.801973581945454,31.103301829965172,5.499108103798495,28.468801693023547,28.184988025470002,28.296215887726664,18.83246887931462,8.71187793762423,26.947607258676538,26.527043065826035,42.57653734903127,1.5779209309355542,2.5696032692112545,1.5937862567413268,20.611148146994008,29.318723770330756,15.018347179990554,25.162124805234455,6.17294617106335,7.461554994464506,7.254206937908607,9.101630987774975,5.438417449649418,3.6679849421006816,7.2081328562214,6.495305372440077,7.242845757753556,5.9095012789472,7.082443160885703,7.007006780078402,7.465078577196894,6.399346084844816,5.5590204720133665,0,7.226766818204376,6.951895563796005,7.4716515779433825,8.109348471839281,7.828397678019698,3.5088640791582546,2.979083716604576,11.552790709526796,6.366263932330904,12.343539585927616,4.767066450428706,9.209508630574776,6.5566663277104515,8.056567033708841,6.60075107758031,9.765005022744777,8.757968419750375,11.319472691703945,10.569792141588806,17.2912361412926,8.196748657769605,11.237974100393336,0,8.603865385899631,12.493209909489307,12.264132227455413,9.593793412002293,11.756080769926035,19.143835701593833,11.600355501690531,7.945975441145456,11.318547295911818,12.865870479508896,9.195381015916192,3.773579771781464,11.268379534072869,5.947141272509936,2.4526967480413826,5.540577339015191,177.88129675074327,11.045091967793033,14.569630109737867,19.150176575983878,12.404568591205484,18.218360099479035,14.366030736110794,6.227049149900126,10.427418490102399,8.076626027341756,1.9425292514973607,4.513163022469492,2.3251232415243166,1.674359398717937,4.404441353122092,2.482340334961633,1.3646917274259522,0.5291002737871185,1.1850061667631633,1.6366276108882902,0.04629593964977195,7.072545408155454,7.682344247414723,1.9159354703685048,322.6815741562724,16.9653026001576,2.7274036554207246,5.36532910060137,29.353101022228177,0.9698075651075608,2.744574437079829,0.12905574125206412,0.05883465382518654,0.08763482438849479,0.277676924369521,0.22526330741592518,0.28332416522038156,0.29037405503559766,3.4411285535008673,0.1454465470675823,0.38658524924165005,3.5566477966471006,0.9323405017346088,0.36461300010746983,11.818236006486888,0.19507045610572402,0.12517065414000314,1.1516646249973257,0.34085253875053695,0.19831144405406154,0.02322801343587876,0.03357626080681074,0.17561803789876748,0,2.799311192003903,0.24421889931838806,3.6595102395848964,0.2715516884227354,0.10054373502999762,0.1050237497749324,0.6079019013612286,0,0,0,0.04322407465379812,0.21711883378589755,45.71475894797447,0,0,0.2098942753016544,0.12693574890364384,0.1804972358997491,0.032432019506961125,0.011527622161004853,1.9083759943425291,0,3.1316663560220395,2.4164987557678956,4.2944474372926855,0,0.7679671998153738,1.8649652593949395,2.6292837108803893,3.8760521965112202,1.8618319827665932,1.703449374086886,6.160650699106744,3.697403638684317,1.124251219399054,5.867230292150245,10.698041282007283,10.672823835046291,0,3.52094441556887,0.4751260776983619,1.078353219061615,81.50020243848999,2.6853113859798987,99.97169943973492,0.5038023252966208,0,0.8598455287894681,2.144730837317348,0,2.9989382801754054,0.05491760652764456,0.02568443449560135,0,0,0,0.12748102418362262,0,2.0469140839190207,3.810011290352124,34.723478477285106,4.859973487553465,3.6188743820657923,3.652667025431041,26.0000077073743,56.3304471525378,155.00073635863322,216.96338718810074,21.378146575416316,18.36678109335048,22.995420092050505,25.859007471936735,16.984565564349257,30.97118433505512,301.4641422341764,612.5172931990156,6833.685475060567,875.22577692801,52.08494494503789,23.051097611599054,61.66099043267949,62.34954687737376,10.519036284579274,11.967015255849066,73.31603689169634,16.70358415589942,12.41574592642801,3.5564586811231056,3.398426330788666,5.121945009051839,5.480144102417792,5.347413788629287,78.01567600231796,3.725394292283424,1.786529389034655,1.7593546950495997,1.314516839319047,7.335936109821559,6.423998845442813,15.244921515244167,5.966800206845353,29.170322537780756,144.5098621955801,21.81066229705295,334.8803722921714,75.33520664486906,0,0,4.2672821374602155,6.0627554120988405,2.3646828722459947,49.45212268309414,28.29323910584241,144.87206296333733,2.5840693264237653,3.7707737659845875,2.5397767038506704,4.3489387826598485,2.02809532877506,4.376935438267301,17.88401159888513,108.17350610192864,24.3865080831412,6.598145054047415,3.7077291240947954,0.9782272794401917,0.8290585563660209,1.7617554448479844,1.6509253474567138,1.351297703732153,1.0168909545567275,0.1929577703906666,1.0043132472191492,10.504404653046306,16.362539770326123,53.59643142719011,314.5354226234124,10.973808828555818,2.265786530164448,28.24850326900604,55.99722086037522,31.391114199218027,42.50892286362212,55.02879921079312,20.982842496008793,33.717871004610764,108.89807616348463,733.1577851105571,374.1297865772398,57.76205476068844,91.64720517384707,38.439378666698786,95.47654497998316,170.89079493777137,162.5877291853017,17.637774278835103,257.10878555650635,2416.401384343472,1123.7017462453475,269.9298482195566,41.92114590529874,146.2321918733539,95.73616503734688,11.142987601559708,8.259421213646103,5.4126629350436914,62.85505081625679,344.46193627907815,465.22202259757665,1024.8146009651753,3028.1188525521575,2512.8287252502587,1443.8869923195866,1742.5557507548706,2400.5388355959835,4868.118446887542,10200.288432614974,5843.64501033205,4249.236795508006,1483.0343757910728,540.2922855341523,113.6392480201462,139.44908452849953,276.0954284724382,183.16567264888707,281.5030410207099,324.6235553434856,225.07554340856527,411.4509598482942,379.71878875333573,168.2846625161827,38.36282475560648,80.240495049762,36.3748057528014,3.2051071293618634,6.545312517744747,7.23543188104457,184.23205502196208,1238.7904759903572,160.90966752716523,135.28809034944732,147.3722171460405,76.14559573322067,159.88621444542815,734.5371366905547,2011.4536198685955,1692.7097681001162,1500.638570695991,863.8792708733051,258.0788360752674,85.82480561507631,39.143274040492486,14.212467601882212,126.91166386616538,65.53983745682514,155.3312396249347,127.97610186113027,158.1667360477525,62.14808657015143,104.75695881955167,24.4739363760029,23.237616788064972,14.69311577162454,65.57577151791116,80.44995287357732,230.8618149211486,290.53698284938804,256.6791197909728,213.5118130905512,319.9676332912643,194.03807392836325,501.7959499860521,290.0657247088813,153.13867331268094,340.2525198833418,88.365797981277,84.82567717449037,80.86940143468418,52.86486239825347,210.6648618075968,261.8013806036424,223.9029769616149,237.35314192850214,189.53702660916528,256.3286045112062,47.05127929892086,318.0650586201277,44.87762153260196,75.85439727738687,198.73385382749453,136.3850888631985,162.51306786982906,250.4115488093908,166.91524000182403,379.73948178974763,275.33706048585526,870.4183483003275,849.5713978992715,381.9659191951524,599.8019382494707,63.01900598932891,29.57516784822584,263.5366613063123,45.172487739430636,54.38448601399197,71.54490781318076,433.33989471349435,356.1453899345536,27.347043812462218,15.186456719481702,122.16516425902125,788.9865803981296,173.50190945869002,235.21623692667816,334.32702603356546,186.53217899821905,110.5175929908849,195.37026211379685,156.74871417635882,236.27429341767257,135.0568673164506,667.7472555615769,157.20672407596464,143.44805173017897,317.3444548630235,400.5985456053449,176.99163678464507,109.3981580246581,71.42890320124545,123.21736091686617,108.30848192109366,141.53398717782463,37.99652907161589,28.989076798421777,17.756715944730143,27.058084556455512,77.06475790041998,375.4525427074479,357.0755085883756,447.9868151502414,312.04197538406413,350.7600069692782,354.1242957517323,293.4120746584878,516.8667874622101,437.37177658907285,88.52153629159297,26.702588508299698,840.6876036168661,403.18108741447577,674.9960973812,326.58784825380735,1.3678016511314623,97.80847094109632,184.03257284091256,22.551862428827153,0,28.5256244227817,25.849467713931144,27.792732394549553,8.76165289532422,0,11.39638627186119,11.742514386025665,8.774467108193258,0,18.639258992862327,648.8029776268669,12.569190027296695,15.402429959251068,25.27853012694142,7.898716559573898,25.96902561760943,54.46164205920723,29.78643704806009,34.390024475309914,43.54348193980477,20.51320004985655,1.3226727442974036,0,11.569357049022955,11.464651584721764,10.361116379870525,9.651619406264018,12.910607992086586,39.30760038977324,41.269551113197856,2.693041896486848,1.343722670872842,2.779494661010224,2.586023399380099,0,1.3073274403043937,1.2122843757565502,1.3843023574903879,43.34508472863188,4.049430010594225,4.662613845810197,71.82358944822894,106.13772439529988,371.5876447396785,112.43310918142689,119.8614602801428,19.100575213296967,31.219748088075562,60.988156302563624,7.587000871356209,12.524356126111995,8.257482641752791,9.767875685711527,14.3814596544746,14.079587225898335,23.941689698200012,186.629023463535,100.24538332884048,14.750961782596717,43.254619154967905,100.14172949160314,50.464911287089606,293.73273389855655,93.29599378094679,55.78134993258298,69.43042424587858,186.4161222495264,264.3891854971667,162.67777211839797,242.65118466242143,81.7502178476742,11.33159338234551,18.304042284370688,84.28688804727211,333.15477055855087,192.77461319104998,19.455219812156358,58.550027152112,438.9741694951053,68.66453082087695,85.76750814828652,1171.8648076488178,2483.6746478123414,2783.7160749095942,506.37335488348896,175.14366413088362,84.79016903164361,63.641651234278754,197.5457427118027,30.01612585311842,482.77822744489265,397.34928254904446,793.022979680956,1441.6469898921216,581.5363512221205,404.5807765906791,103.5755395485699,52.19791506646677,61.01943626882895,463.3749151744237,253.74939277164097,126.17131459630585,418.1227615653087,501.0269471518559,939.2177434343376,477.8831108141307,4255.616219608563,289.0009293724067,103.79368564372508,47.52777437643509,74.62382118877915,54.68169765968829,2167.3359215729565,913.7384863024843,247.4707976081082,577.7113188797642,497.1245940890091,318.1028495637281,274.3737407033984,154.58576490398767,71.96707808833352,93.4563303901277,15.47137378019686,4.659977405963363,21.140143892065414,4.920673814652138,40.42777988776704,148.39742290359214,64.80962981441985,10.568811595408055,14.886142119284308,4.94863733181584,17.60440747872788,238.3349132737071,7.5742932238716225,798.2707731207795,3.7523132222367015,4.711754811141583,10.221987573593735,7.027620121651527,1.5329213114489673,2.936197408229143,21.120375409135843,21.212125529172862,18.355029942999447,8.306774399859632,0,2.611421721077955,0.7042253845747513,7.297555480325063,22.371648319397472,23.42132111877566,5.737911817141524,21.545110663453606,146.5273190170571,218.61495790763465,182.7580445616321,2381.9832696910353,244.51587315182337,149.8372270637987,179.95703629872742,25.052793688879024,6.352226739742984,0.1995607559014796,38.42403823825822,582.9562205352302,1062.0488607397565,1198.893599288178,162.60458395684142,109.71097537622522,291.55519077524053,64.15530335870264,284.6751804005454,503.891675022934,935.8615926653093,941.2648583110093,141.13964006163835,7.0957620048798695,0,23.374411750522043,15.811735714794736,140.80647626063273,81.06528035397093,8.044040006636205,2.26877458898753,22.12674366165546,30.246260138348255,0,0,127.88129492903205,105.63312012593653,95.03902624210286,7.867443010280768,2417.2364464866546,2852.5057923409195,632.297713940894,0,339.8045153288236,6.394524257134804,4.787235772425505,8.854708120627837,127.21125797599261,9.201522337381508,9.0926844695093,1053.4740010969372,807.3902013518158,715.7662644575095,4.969747479475193,6.119136191299453,369.79831040850473,117.0886094036621,47.94735975600074,70.68862673487084,819.5833024096836,158.49570830454778,49.781032664985325,260.76459751358317,138.5737272038832,160.4955284160032,10.142526560068992,10.975553521907448,180.22708348875307,20.13383446662673,298.17492596020503,4.352521525635532,1.544777966096253,1760.1731199213878,1033.3913733317186,3679.9374011417244,4646.822920777212,2176.754348732967,293.8888648765855,122.47073014072456,110.06753569664185,214.23947528517013,191.6198798832599,87.49663750404726,272.3569585612885,314.2384171109631,1995.8508410381662,3451.7796700810845,841.9806321787822,405.85192765162657,1042.7395280570167,108.41726267737458,59.16314251413008,230.05119179669995,4727.088168350398,1383.2023913838902,186.09085500649803,267.1127180810724,699.85052290309,799.371672968584,0.7856359254803807,0.08490063870588073,0.21842589121067738,1.139267655766434,3.2915444170487795,267.4850454168068,15.782511519371223,40.63490351212169,47.69184062747192,37.88005804330106,49.72452085603622,150.42424097927784,1055.709293629875,179.66215697175886,155.81424375639781,726.0363875777691,1059.0123090340214,3616.6057058101983,2325.1760469510164,458.4667466377396,326.2568957809006,255.09938553879763,19.557343288685185,384.5276543099363,16.55302233269726,14.634790797374473,2212.1165412001014,8541.09287813006,583.1519820883283,28.22894379198344,485.18575896314707,7011.512615933395,6258.906137388473,169.1203016050591,0,0,1.2739727557659364,2415.8922069120936,8.60065016673764,4.309303278126559,7.652355536605652,247.7911204554461,103.36048705230026,7.0033778187281,489.6411403944397,3.8093817848530107,35.12622708169606,40.58348017285364,110.42869768327179,0,184.59881212400387,48.131507855463454,258.3692915010414,30.816151015101994,0,12.81009583148973,0,0.035216515969640205,200.10611337138258,309.5829670108553,82.71704213032484,162.57110964883947,4.132929528403435,153.04499873380362,14.658755364919967,893.3592438305253,646.7027296728995,445.86198326388046,263.86044168833104,248.70967538078736,106.55963782942361,37.01557315864884,1.0178960569393063,136.31734195865073,262.7891923474642,460.3299304775166,279.6573674846518,102.51117387379844,14.369434834463867,137.3008811787609,153.5709058973836,280.6561648886585,219.67442307965237,2.0126853625729595,2415.359245031106,3245.411120120809,10677.784494884041,11755.829373420733,9150.49408111807,0.7811277317269996,0.5039116451984327,1.857336981090332,403.9183223901197,25.323443570227997,785.3114013846315,293.5005269061622,612.9588434689853,2514.653467640592,197.10042122468533,17.376711405845672,2.27362187562262,512.3820735577973,58.122966643261776,19.314151054265338,9.63790891653663,1.8145587970759018,1.7809789410271493,1.9511916180750042,2.053820164740591,4.079627065434186,1.80493873148973,3.0828732249650224,2.9171084048807243,6.196635797675121,3.3067819597863157,103.9582778111475,19.120661425344853,8.634343731839254,10.113959998861148,76.22352688666263,510.5691354236577,14.751474662311711,9.7738581345919,7.9760972946533215,23.641407089000907,580.6991583535247,13.533483053138346,61.91895564334838,57.70026864884842,109.96732519349086,14.510820111098415,18.663292902335265,18.750735779123513,6.69033614259764,9.255422692813527,45.35050799570223,9.805863007464572,656.5622957181652,9.248817164821133,121.09493768884913,7.861071221304857,11.97610225789499,799.3433339641523,5.729942444808667,32.122311049384706,75.1974874545643,2.8365225857327756,33.19033297773995,7.440741687516803,42.84944064376599,18.979040989785148,1403.4537699669324,187.26481739126416,4665.879576017503,4734.407202240015,3111.8472215491306,1088.7294258006452,2033.6404472072072,4.443914098838032,2.3942166871964314,2.247830000461498,6.354715016704666,431.63513395676154,466.8195868934521,22.38095437816945,15.363458361667282,1.4008036515683222,5.758585548056968,146.166210413855,428.32424058070995,62.6923792929423,47.37331811396393,4.557691181849112,7.548318985933335,68.40312178227356,78.669539032591,659.4333797034122,23.095721125222603,105.01601951831006,97.48130577107928,27.884312027339146,111.16778961253503,3.7372248745299186,3.6104923808814666,6.163183440968425,1.52192756755821,143.0722552703457,7.007095730320651,387.81742351776313,137.5309667341055,254.96572578679817,132.55698834795228,538.1153150134793,2280.4139477146887,1500.3149209096962,902.1967603245079,314.2729557744055,141.2608174171912,488.33416620673717,186.4897745981454,393.5396585162575,1106.8760790027857,799.8168800385649,2448.138261563187,1477.6661117738197,435.94411850900235,324.2218185247714,330.1099785515911,204.8189860378905,24.711302147045686,185.38033290602834,99.34988315114317,49.35380814530197,362.6046330538971,2380.6959634090676,920.9918685973595,115.1703273270783,1634.684134776348,818.0789828851391,185.21618604877088,19.3335410072143,429.55129928970945,870.7521841819222,1769.3327885616645,291.18221601187116,165.02255529361548,229.06526355426462,222.67073351458993,695.3943947392668,257.078811190713,20.634800489413355,133.1739349588203,371.7300936533945,957.7837158826522,863.3959470900742,870.9669677652126,1861.436478989719,2381.4187574676603,3927.3426982649007,2552.0719108523276,954.5135857564129,790.2389795994899,5959.681400379634,2380.1997519970787,616.2343704664507,31.04789505502887,39.00524795745545,57.5005077347515,524.3864071580618,61.03028553674295,366.2625251769762,622.2094303638338,34.414291952932786,269.71104705294715,75.78627071854362,377.2836477985356,1134.922106640654,1118.0139768160816,43.72793767357692,10.575755205551179,7.461798800610947,33.8490270762452,43.55108658507986,49.29655231926695,54.27815065436201,60.691547710967136,439.16530251264004,2278.2153014720516,1488.0353043153807,513.694889456332,257.9401251718143,34.27850081945068,346.0011109304853,0,0,993.6571059937852,0,380.56321968754577,0,446.4388549922127,359.41457111561476,1416.1214450020716,373.0526785435369,0,258.7649573104018,208.92019718694274,1094.6782306465911,605.1248179147525,636.2962864743783,1033.9428729013573,240.22207476706637,3986.3528801605253,1136.8663794806955,268.4871382913019,753.017622543732,717.2892921974895,820.6742576752044,507.6168554182374,2447.9694933962337,798.171804923625,1220.8392607390983,0,1372.1148993388388,1290.2188204818588,418.81966724181484,605.6233212277889,428.53352863894355,561.010470760347,585.9664536132187,0,644.0648456165324,512.6717803981572,0,374.3318894249852,3259.52067564757,670.9973084502968,1046.0517335069824,243.09798255858252,578.8434499462759,191.64877094429085,0,764.7739682023596,1647.2287379409886,896.2793780114813,1414.2953072277594,0,1362.2735759109853,1261.4495798349442,507.86820914727866,14.56536753405792,1092.8523692569318,0,1056.9399542099486,1090.1973087595156,564.8231222407261,485.2215151712034,492.8169648586092,986.8244834679759,1178.0781467719826,624.9411037515345,657.1623634932738,0,497.07061111081237,522.2088360444038,1112.7504099905793,339.0278424572047,854.794674838911,670.2712524956477,454.72704488081,720.5201004560552,767.1190391006564,0,513.1830626949734,0,1483.0931497002625,16.124368904270202,1281.488451612544,1.30130818171291,924.5758223022347,21.69069598899792,1065.6267795510555,823.2622858381093,1063.2218583728668,777.4071080434559,232.30781767290438,1052.4148298422206,668.1595005818552,650.0494794632299,0,597.8218853131336,738.2618241001463,450.6689611799683,0,0,514.4051184676206,654.9459733479594,690.6586903586089,404.251024053584,1022.7604270432352,632.298656709373,894.6631398204654,604.3781051260494,546.2229497319545,633.7952242904882,540.2159300833076,517.3381529176518,732.4943546932524,724.2837072198154,827.212806124379,721.7850584781479,537.1196144655247,511.36292698303276,1206.7319508036144,1417.9086809543135,830.9201566292314,841.9477873610308,780.8852571203063,398.99563896160726,492.10768560185664,861.7365079740579,1070.895509383619,739.7197309038002,753.5393400469709,1100.3780486064547,752.9969091994257,753.7571783349271,909.2902668996697,486.9746926118857,1131.592821871788,1117.6700691212243,0,1025.0114216958036,974.9134194525118,0,953.1184069370989,1194.517958739913,1508.743925036431,1766.0185790016283,1155.773207620725,1449.240037897049,1428.5287289911853,1321.1763801465333,1144.5746569684914,2675.745554717496,1239.7804594761162,1132.8721420289553,1192.8344814367347,0,1788.7840038218123,2335.434385994265,0,24.09982452986751,0,566.335214626636,1491.2565248347257,979.2293897707018,906.7388582476336,958.9684604033307,1590.2018476515518,932.3637142029496,617.067897043637,528.0541110083121,506.43841712809586,1275.9671486455711,753.82477010345394,950.716800473349,763.0347624557269,898.8316691064456,864.0131318241095,830.4478593301324,664.781006571027,1057.4274267639385,3177.840457216386,5374.544323836815,1088.9297689448797,719.6115610085435,668.7782101988339,552.2211292676881,8308.740763803458,585.0326659500778,1305.4887960677984,589.2279207202714,591.709972270167,621.295631243596,507.5866987221348,637.6418407210666,288.0623958984423,766.0458520263759,632.8029469182142,0,1279.2294375481688,620.9878129578831,607.7009812362528,0,306.80690062450367,0,490.5090698427929,466.43018548631164,701.1620649960187,549.8577543833991,550.1165029837188,759.4071106809293,517.8345127902165,758.5712450750631,820.598193213702,636.2927742647076,879.9668564283885,749.3290412363967,649.504838980611,0,501.5104864049972,0,1196.5770740396097,626.89692236833,739.6766275129786,765.6324356636864,643.6010012607145,389.89383826532327,0,0,424.6283245308389,413.4092719902561,416.88580058914005,0,423.14856777188487,382.247901798055,404.27034504179284,414.8624979166636,402.1808609101811,413.05508739901717,426.30975533804167,0,438.4645671185777,436.49646278255864,466.9002274960427,0,67.97498098336298,0,0,143.06767389053084,1052.139097084709,0,977.7756004024578,505.645074871897,180.83018822711867,457.64979885294525,651.7234683946467,1972.4742855109473,787.1287636942329,4.98172054251014,458.30526210173076,51.708649257148174,793.3691443594282,460.29734798293714,777.0354644929729,364.0711129274846,0,692.8632681198131,426.981825733182,502.1093843170288,610.238617353483,371.30903955624893,705.5134058212512,396.03809757476307,662.3367405850407,550.410239958814,715.3988872414168,518.3330402403212,518.3330402403212,514.4832236251041,402.6121970762152,556.2350342633591,420.87824103934764,432.4138589551652,391.7545187647843,556.3880534121635,367.82554346882955,467.26599011632806,371.55539343231624,580.0777041211724,524.4688654007626,442.38449219831205,436.80506855282067,577.4294514109203,373.4251909680981,414.41782216743894,623.0707885620382,0,446.99958970452855,430.52941998771587,370.88998790972704,464.29979806996124,553.0881910715602,477.262071647929,407.9504051965257,644.2335727020053,562.0524680508503,401.53570755901546,952.0789721538863,417.77061661608,356.72625139772595,362.35130160433204,624.0754500799454,588.1555998536746,364.46360553525585,357.10622212137343,371.02475979843723,354.783925867389,545.8374494099586,0,0,0,0,0,534.7576141558559,523.2063295384078,519.4633209485687,271.7772566552305,217.51173266961212,0,0,856.058784186093,736.8140381331275,531.32395836095,0,589.397395503366,596.6743464161162,436.75182956538595,810.7270410158987,660.0920654614115,679.956969544609,509.48708008870005,245.513727408474,0,723.0693846152953,256.09699999958184,1600.1151133243022,640.564181926461,1879.4502519931193,978.1361966797069,1152.165041133873,1049.5015169790881,292.86798027699797,0,280.1018516388192,618.8437791626665,282.11535342366085,233.6085140951394,266.9509089821998,609.8995393846666,364.0290347721539,333.18225163240925,310.54752748624685,402.2442282696323,1187.5174923135255,359.2458588239245,265.915683039721,0,319.71737795707213,512.4364980282212,1234.6098614052326,748.6827519444267,2220.127868617965,1233.3691450477609,483.9480178792263,1507.4833118292777,335.3051747005435,395.8057265557591,1946.6758024108724,439.88760683447856,346.69516574784507,363.23084669252177,406.32688081486583,321.5826185129221,293.440546724315,279.7982744899812,254.9904678605774,47.984182612686084,0,1718.8095067003853,1879.4787113503464,0,794.128332406777,1663.5952965293347,1420.7920839666208,825.7776888267085,1553.1614089764525,1029.9942764495822,0,1.573271311338678,0,0,0,0,0,0,0,0,0,0,0,0,0,0,45.44519415241495,0,0,0,0,0,0,0,0,0,0,79.52813691727559,178.51413490255047,32.939979256580855,28.211833066926935,9.137390845672023,210.1257571110687,1188.4396112977095,1379.3453652108901,150.99648288989414,768.4233925411619,0,185.53260604573939,55.806187707826595,49.25359084956794,55.07099177272012,457.8658291286757,25.347229756798566,146.05400280926386,27.112128081724862,77.21850003867388,57.965173472828056,140.31792210162058,139.03584201975875,199.5794509422134,0,0,298.34552249941635,50.14813889143287,2515.9597341500335,149.08525506095359,207.569884165167,50.77266674125177,1100.5475759810204,50.52217631809206,50.74703990665252,99.487112233699,0,0,30.539869737612452,47.74750413490138,82.72935046590905,23.559469004487468,212.31184015251532,37.45830326788878,11.768250012131318,36.69545683816179,39.04804594868103,36.76179727526407,18.30620123829842,36.02826744417819,19.719692345069475,30.50979003608808,20.462230013347842,21.718802402636555,31.562960430922654,27.4452281438625,28.836234926278152,50.61225022340264,33.22652688786314,34.61275252196629,23.62648118438618,27.937851799388373,27.419731243956726,168.27586865818813,54.06218343005439,40.52160405222763,24.196874640332627,247.47066219605279,204.0115589832704,53.15888983830888,688.5120619149386,314.88738708928986,139.57762462593732,387.01684231154223,391.3640693238318,200.87269838651886,78.3778506477818,174.46251652336812,53.86548946250392,245.3877896622874,0,14.17219811584686,1.1232289155959068,0,0,0,0,0,13.06773444733236,1089.4133086940428,77.54443739445924,1.881819983960329,78.28985142299157,508.7785739476187,201.656536989877,2999.5674000908,3073.6512284242144,1252.6405542394273,48.19897621074202,0,0,0,0,0,0,0,0,0,10.023145739999062,0,0,0,0,3.247179167293984,13.02580233894859,0,0,0,0,2.693678159777203,0,0,0,55.65350382568974,0.5048639830716026,55.019453911695464,37.63782980998744,39.65631361654476,0.8464265684107342,111.54100031729834,57.214254949095775,219.12695068246967,38.29848376243986,40.710770675868346,80.55989785655017,149.75614563764034,298.44040706478563,140.87877272813247,5.939175777006691,0,5.102416430085853,83.69992666500153,1.7199539365724812,0.3845903876284731,0.04672756550442849,66.00151203468938,37.455490207277926,0,41.0254168205586,495.47374197926473,102.6373738343563,16.8315509554173,11.414915356023135,5.307075084717285,28.240845012714754,7.604806356868784,25.043365619467384,7.030914456665954,0.14441066497456492,0.2980199198460215,225.9505977264048,69.09715079487835,92.34438025984849,7.044339729993521,37.407990615580985,95.38530095434946,0.6806156039187408,49.65720649935035,21.396129116982568,59.02866748834603,1326.5749691267363,4232.61002762166,5840.960702993804,178.23851761764863,117.52333675298415,8.605732053112536,162.7748697883484,94.98464221845614,805.4001386834323,191.19997056155646,62.47731376155784,1.2248500377740534,545.2178172924108,301.5237137766485,336.86200931235163,110.13939055783857,0.03941723790697225,1.8785964358423355,0.04686049369919262,55.09942972035999,0,0,57.60885001176383,57.3449699035867,14.527537448422468,0,0,0,0,0,0,0,0,0,0,0,0,0,1.3895344540058414,1.4776353349809477,0,153.16229255078005,2.6059035027287645,2.531506577435994,2.510674138168659,2.4936483455096283,0,51.54394181852887,51.806628838872214,51.388608531636606,51.44543916466098,51.75438180643079,48.213569105302525,0,0,0,0,0,0,59.928209629634885,51.649732780311275,0,137.45409182648038,60.815354849080734,0,46.41427383367809,51.148860758288144,56.317727779342974,2.026358873114029,0,0,53.64556102340174,76.89297952149647,19.329037037315864,61.07149106128391,40.85895142862671,52.58291380957256,57.80574826277083,64.51024171386642,63.900186821904,43.31765596248942,61.019366927960654,61.019366927960654,2.9719080371102526,2.9719080371102526,53.53598655612414,50.03175432411712,49.7887133840032,51.828015520878296,12.563017676320941,36.86590068988075,2.1656155424104284,0.915201707572781,36.5310067544456,29.178133572979494,0,0,26.170063171201846,0,41.13361702342635,0,71.67806994512262,0,41.151442759264064,353.4079196758819,51.43792559853626,71.80920550739545,34.52807093029563,76.57588718326053,37.430414967452926,85.37961049191317,51.58265941769349,2.651404265056757,51.039249777816856,5.652959052466594,46.94767032015145,52.435036776226646,35.98031765635205,31.809449631052967,38.26158448425864,48.44533967514298,30.345542745335738,45.148054134883,82.24586180380031,65.92645755902659,0,24.95435322207812,45.85940320122941,28.858798869363454,54.942620830515544,48.923662068043825,60.71713401437595,0,80.09869689400037,52.556257926752835,45.88132424909446,58.59649719601388,96.80064249202071,50.79537191576525,138.35222230499446,55.01303619966468,62.88826879479434,2.02132574939775,576.54152395983715,132.87799260460383,84.67278435208588,122.5317789751631,53.15394782858446,235.00690448985267,146.0539531629161,482.9342522611136,475.2102349261676,373.72669866885116,80.86093456253018,5.061643317169441,146.12049585008134,226.13115004574337,430.0879448597198,1167.480319536606,3175.8885411001156,531.3808649493233,3261.321061191502,51.5103838530075,3196.924930123906,414.91708411222254,431.99994064410834,104.7051015296418,94.12111589223181,282.48736640789974,41.324788326448676,15.561507791796604,4.666655707997269,344.78802584866827,103.05011694745554,0.1980224498907536,39.68948383297368,0,0,0,0,13.365154240917157,467.68181490370097,7559.726031084576,14718.029801415834,8426.149272580393,77.65622990963737,2.0869421662647927,221.08810248189147,116.78128424079371,1452.587677160992,197.47797735980322,650.1056097772399,2081.2153884526338,102.29910304029968,395.9170910427255,193.86182314979973,78.65561418781908,27.752313048832516,1.5763583480195076,586.7468911721968,942.9199941724436,1377.987977139297,561.4088894888682,1.6914532743311192,29.843860914625402,14.773009472449948,492.94860131036205,18.83202503236526,17.96359162809328,542.375310987755,4726.258332275748,360.8539636869957,33.492358253181685,99.48116109519476,38.012856554563264,426.917678713813,337.2920444351622,29.398118005183328,1983.0774999865043,498.1098675207796,87.90632882392352,10.388871690335385,170.16194410762864,273.1083094947751,5.416268209092482,3.8832519713455484,83.82886023573641,4.840220013194334,1.9969003092244104,8.614390888129924,152.72705998296317,23.69330202722317,17.319546760294752,4.5090218135281335,9.293406251823102,14.70058642982846,9.11822282193368,4.890845347855614,31.377883027607336,4.149732758889812,4.526720882851339,4.471836343466146,4.619307874049691,4.339654740476745,4.500302950691319,1.018918544463356,2.11584993389481,30.66815762750333,24.960956437777575,374.42205137998536,462.0517060761044,16.307622390034876,16.431479982720685,13.881403712221367,94.63870871538572,1277.4469764073658,9.27336414331817,590.534392605207,19.845453859423408,88.17237906601393,175.04051134280107,3.767188179927544,3.801383191808062,4.519174092270344,112.56111784080925,2.015257656560638,8.655446732636934,14.364173885428746,28.06482013279974,18.297058289935404,41.280754709681815,12.200254199110976,17.92943503462564,12.901317158896648,565.2974414296788,6868.564572506313,308.4374763730985,1194.0541517685965,11744.273387352509,2261.293913930823,58.711037138230495,21.26985097020362,11.794150852133399,51.83441355169411,76.03409309100557,211.18226199950453,164.25022102039284,902.6091892637575,1336.0196484489252,188.3021949596167,12.449629214472756,328.81164151841733,289.7102890624885,48.330339105955915,73.15440577387085,3.9687902112046123,2.338574100751425,53.06845467384337,49.06807031187111,2.0271883126877146,1.7890783331331597,16.710272480695377,0,0,0,0,0,0,0,0,0.2373281674263411,0,57.473054579618726,77.27108230485487,0,0.8783088954284776,0,1.7573578176979994,570.9446230930776,176.94814322187062,0.16502258319985894,98.53527240090575,518.8465515976923,263.3584944803668,882.7517574385625,495.9482849274307,365.65629057307456,307.2457693264883,431.1576449181922,583.4994892638103,500.4800396445344,588.4832606451657,93.37168076914746,848.824257769137,1495.0330867815917,945.8778714783116,3264.8468216938095,2430.6486038140615,1037.7607293232595,549.3505737768446,513.8580568056638,823.3967820135451,365.2668810803274,976.1465152917525,872.1466649129837,243.94342380621688,154.78354485329177,0.64245860963497,163.59254302959118,73.9777804010869,133.02479504114092,427.279355102386,142.51085521111764,136.46531021316247,212.50223811753415,279.7343361110365,605.4506876945717,461.6194236463964,597.750723079361,302.1358823245408,107.54684746110104,603.5036227558928,593.97468528712,82.73355317053583,48.0499241594701,422.8349846094616,283.7715579803107,332.6792044392805,799.4837979709531,1076.0158301026686,1531.4520995032613,1791.0682056171804,1274.1895446871958,828.4893101440721,1025.8070499470896,1463.3728466425314,2498.899084470624,2529.5295925666787,5578.609392847354,2256.6291992879455,1014.5457420142266,601.1173832568716,493.9837485782638,865.9519159119874,514.833653527286,218.46236591641147,145.22977234759554,606.9091404912062,244.75019350612664,273.1662952824815,142.69054231955863,452.23923237112626,1824.6242391193332,303.7344453452666,203.9383707901586,212.75404508933633,297.3456023504378,214.5038800597132,871.0280000038665,146.25053547961133,91.85356068120493,137.22135986470093,410.7471416438693,236.54602724689585,323.52195135594064,48.367542094131636,229.62015152170378,661.5329834644156,111.2069215000463,154.9756096586479,297.4412792656323,471.0725368383689,337.4879631457818,448.8223465119702,294.1146863422888,315.3281794303294,481.014220894902,438.56817250037074,20.371756194683655,401.4459550555971,55.071017066940236,583.3665192154355,7.398910205452272,1054.8852976442688,1817.7989646152396,1344.6343010109726,3808.7468018049403,2562.0524735839385,1262.7215453033402,457.7598896655309,463.9423002518269,843.4378021178227,527.2216358886322,86.63350277089431,304.7417971038177,1333.8986193388532,905.7165357861678,554.8237825684647,1129.3298677712196,1581.328078959615,237.12450667277133,110.37742076780775,264.4702010433996,391.75790943873346,335.21251114446443,333.5441135503793,503.62198128532873,303.3651563387172,40.21731487569135,44.462157385751205,14.484171543782221,14.603172497887018,15.999442851351718,18.65158999882993,0,0,18.534948306500674,1.8385793302442048,0,0,69.17188985080095,569.4229303225198,178.90258978182538,29.07570565335127,291.44371217359515,209.31498065276884,34.96413205897362,67.93923325409727,0.6664378442693449,21.64322513402312,2.320043830071894,91.14599282761984,5.3564091124301845,397.97544288533277,1657.4944904168347,339.82979648462907,221.15609017298178,14.442256689981315,0.6336333642209662,0.46345968618871153,30.850884520963735,110.08661410940603,0,0,0,0,0,2.8642170065399966,173.82543522834004,101.6775157859099,928.4880460079837,1109.2096456472343,228.89995928549703,752.287275931291,16.190318888666692,96.75540100198285,37.72783535007017,131.13438633782283,35.56174018996632,162.7489325491715,11.093845126757987,22.02750479267559,9.914764026840773,151.06703963510387,6.362313442520173,0.7603473613867412,1.703443169942664,202.09484396636714,25.034916845411605,36.62584213294606,206.4389510325162,686.437461055829,444.7554731787119,655.8496420588388,431.1719740767434,196.40403476315055,114.3312952042275,6.972863673247608,130.46890783108356,1126.6061669109833,2204.058747490333,2798.488986309332,2504.9703959525677,1568.851568283358,167.22705064531542,6.452885285126654,0.014712624133369484,1.3872155119479457,85.75804276374029,423.5007934481434,13.622800704941321,147.0126067655198,8.579622761694475,3.9172527139860627,15.102075480626374,59.15443658825656,8.144876869753201,0.010201264259724634,0.4456843511023396,190.71384911623812,14.328425800484082,172.8507770739849,227.48384804522018,3.3105050353289824,162.93490402897837,0,22.418351073196572,0,0.9125714985097533,0,0,6.3599895701519635,0,4.98998183818276,107.58197918227837,52.09953725608254,115.5893722074784,74.59894760705426,118.14392668214349,0,71.8397351074717,102.33416596636373,0,99.74682281355132,0,0,53.616723483327355,97.29783587085626,100.44601074519059,0,0,0,10.5896498425116,27.016175186105656,34.76819958393197,178.74124053977008,17.968879179117756,0,34.86191475123641,4.743489101736503,13.909085710114143,389.83699737636493,545.5262799208314,536.1404757269693,495.7148486027161,361.60148332941094,301.0935412895623,83.57599867703766,160.54079288435693,276.8801367250699,65.93778866988589,152.67710124801116,108.9615513130495,43.19324715632212,0.6673366833735948,10.569949483146738,0.025358614390301265,0,3.6170466301794706,0,0,0,0,0,0,0,0,0,0,0,0,0,0,0,0,0,0,0,0,0,0,0,0,0,0,0,0,0,0,0,0,0,0,0,0,0,0,0,0,0,0,0,0,12248.202933330589,52842.0099383059,30820.362033588324,41.427471410585945,1713.096890533395,65.78670319151152,50108.30509343255,33.54073303226828,402.33630866339956,32.83689752779744,39.73172742184401,53.63463572483681,72.68284814085116,84.36195511076772,44.71189515959919,545.8731143003847,7476.161740549439,1240.6603645614475,8999.812882476914,1062.1146608001065,2446.3920537019544,1748.7048250045502,3802.564299372307,719.2160955923134,187.85921975492687,82.24739477284537,64.40811234263886,1586.6704733578129,2323.502606781794,106.4683938507076,124.73247926191593,231.992231941983,105.71353419992418,226.54430406047538,186.92219220412738,171.5900163986547,105.90538202399637,127.56134493064394,248.80804547925155,392.6395753868122,329.9239969266491,8030.754670148364,4285.143482293211,81.01262879592865,68.58281989974981,76.98621643804688,1518.3036694969358,1469.2429940628658,129.3589272024179,189.52531108308585,161.53162880880058,0.6146129740908696,1.0288401387475583,0.01119232910516514,6.290843189393048,5.315889954100148,9.211867496339252,0,0,1.7322941158293332,9.421557836107397,232.73906892665582,93.2456948119244,43.6832012779177,182.36476986303182,370.92148271068515,395.77514177986814,59.01792299634742,68.68996782735735,16.309923473720083,346.86372907234625,129.4114989320187,0.00737149827270987,0.007553329996660604,10.693436545052938,7.157638414943632,64.57736583899049,3.2109112541423324,0.7552933126516288,88.79664892794345,11.189789020330094,1.2862517831873348,3.7597269179378476,186.6612460689915,55.25677439073568,155.02590811154712,405.1191054411928,553.3622595908815,915.2592399988473,847.912097011075,476.89160268639466,423.76790944199706,1223.198537826696,802.5012337247709,882.4171787043613,889.1744102976522,493.3701056080635,524.3629154297182,898.8312501573886,277.64245469643976,1069.379538167318,73.99865812525188,132.5417251431024,0.17333840106472947,128.10612196217463,31.45349659973158,8.831778865057782,395.3028019670694,88.18492994506038,87.06958626583398,293.9663934566049,421.34074237467064,737.6289024764139,783.8568450537189,67.1808186414622,1613.3923670073445,256.5579168572623,16.90166706981327,7.757860722285933,93.5293052161995,391.00290373821827,621.0898450973847,136.8616951412278,45.90243424382192,121.6911687506127,992.0207063943294,396.15038421879194,453.66616892578963,246.39502512060724,478.0242460062594,274.0513349524659,359.9881992067169,596.1300491489762,1436.2943531326769,670.7843405919728,1619.99020699119,1725.4596073745358,2034.6543723526443,1264.1175799602468,718.6091727811562,1448.9793995095436,816.3824899163656,632.0480103178943,627.7831521921103,539.9868820608602,756.3630213651182,310.0918529577654,188.61832351420074,0,0,0,293.4490393433582,17.540479255960612,617.4779811801259,186.42973458321015,130.80502595349736,462.91546885912726,79.37422357473494,134.34038020898953,763.7090551336898,1014.170697292899,858.4194315671803,865.7533443515972,807.3406918539864,492.68720776763104,90.2930842903733,91.02017138245978,255.76823221891098,0,201.78037243012056,2.5073451937722755,0,0.7473967011163188,26.505664969522773,236.4304013312125,8.299179840338331,0,0,0,0,0,0,0,0,0,0,0,0,0,0,0,0,0,0,0,0,0,0,0,0,0,0,0,0,0,0,0,0,0,0.19786378560974613,0,0,0,0,0,0,0,0,0,0,0,0,73.95359490995666,0,0,66.25576320979725,0,38.91599445263461,0,2.9647370073035897,10.945954400900778,18.311343060143823,0.006447394173568445,0,0.13214863571278698,0,0,0.01047647065741723,0,5.074417480189931,0,0,0,61.400534357387464,0,0,325.05608268159557,0,0,0,0,0,0,0,0,0,0,0,0,0,0,0,0,0,0,0,0,0,0,0,0.1531414320710103,0,0,0,0,0,0,0,0,0,0,0,0,0,0,0,0,0,0,0,0,0,0,0,0,0,0,0,0,0,0,0,0,0,0,0,0,0,0,0,0,0,0,0,0,0,0,0,0,0,0,0,0,0,0,0,0,0,0,0,0,0,1.047871770316361,59.5489946365422,1.67345922302036,0,0,0,0,0,0,2.209667590117032,4.112890248525749,7.398657683735745,39.645559550451665,425.9452082478393,368.1271450772035,462.36632586261555,825.8823788242382,69.86376497647487,290.6807810032534,415.69355694406624,79.1161072125259,139.8613928448474,105.20262585851765,147.54918451494615,9.324480515389554,2.75913529691549,2.4230840390185326,5.774550857266919,2.412892858080141,2.11256551145974,2.1198537099507546,1.8926610018904648,2.1485313284464396,282.84640347099713,7131.884891940692,3500.863755564147,2.777364054177321,1175.6365932039926,34148.62722300981,20764.105865566326,10072.209052419952,2.6005817305289156,7.860923662316287,1.6715783380287705,7.701373999553753,2.8331737711252454,6.57086741469425,6.270314703333944,5.24840775982312,624.0743307230516,10.251275087399296,52.22775838803304,51.80157565337199,7.09958059001042,17.695320727696227,1.5241977625383927,0.029353016235411103,2.861402473943943,168.01967228781157,23.980008338843316,321.77950136053727,21.24361313000526,138.3778417304077,44.064518931087235,7.614921559461764,965.5777018964822,107.95448091154375,2462.3148408620755,1897.2284997861375,550.544032291363,58.303021827514094,0.0658025976666307,0.09256646063904188,0.1543644285914486,0,1.1134201053696529,34.53015201522667,1.4267705461982592,1.2509203034085608,1.8748323197174992,1.2375033300847083,1.1875207499122455,84.10421551050375,5.661070586450092,4.811358202586662,0.9145939960125427,9.224044197638179,0.013219608594759548,1.0141423112157553,1.713094805092062,1.8882657264370264,52.14862487732853,2.246071258101486,2.3355008313564958,2.331037508001398,101.78431450836335,33.84513639952902,72.44327536564782,0.019673550838939773,1.8912053215614404,1.1755645552692622,7.484851986303135,1.1855132032920574,82.21447653500013,1.1757793727333739,1.1683605724560653,1.176017751536734,1.1861065501269572,2.2447161942647726,1.1831241010390383,3.441142171179802,3.183963220544296,3.347791459805984,25.05894583678933,0.09172928288234225,1.0403660317397623,1.1775130088269667,1.1521978599813283,1.154061333672389,1.1493430198587358,1.303682436902858,1147.254894485733,3879.2667320506657,2264.2736134236793,17.00097808979285,3117.5741923668056,657.9333749678166,1.1788361404250172,1.178666564952904,0,0,0,5.5122628667470295,2.3497494533336,2.1982602737207864,3.4628794918830335,2.319537739328225,1.698696782051604,1.3966607491661496,2.317230546916659,2.3217475148820976,2.3226069547662718,11.601531731302474,2.779586395100296,4.369576470602549,4.5777790620173,34.11682358123859,2.320488323078009,2.3670638066177805,2.322240468606312,149.07021851590378,2.349800107565007,2.396162171290501,3.5848500417425178,3.5572777730116756,2.3182365994540377,3.588498594956733,3.456817216300948,3.5520600844411923,2.313617816979067,2.3123679367995056,3.4350864243571695,3.602714025466186,5.638844006515517,3.5535534108791214,5.828939268712056,36.29428702739385,5.966351933240803,3.5558339934313548,46.570512362132995,0.1213029217088978,3.5079312178496775,3.3116799974001276,2.2120402009784,4.142680573132376,0,0,0,0,0,0.05320450015834521,229.5899431753477,159.30098482141895,585.2882467568799,9.960955690049788,6.66821980684119,109.97267927091885,93.76379594156644,77.29101599112023,434.15521209902624,8138.918832856339,8662.910360359263,523.8410643025667,19.29009601873462,88.43954089524746,153.75415184105782,157.65392559323465,23.01453474219569,7.203306272145339,12.853994561302153,0,35.05864295338602,19.86412473258406,8.122521832745582,5.914336017504258,5.549186297254945,15.201860679393038,33.161559294042995,17.75693563149474,13.337596094811575,22.690238621821514,272.4072027333819,1876.1030496639503,739.5518399146961,39.108928964728904,41.20595305201982,43.983009237723294,23.54659977696755,1100.0710945276521,2921.2914510072815,67.05071545609226,34.65512451174609,790.1218782806685,31.78735235696221,25.519940621793513,45.26954449732585,27.5753595811666,11.092941496784523,22.59058991068246,14.766348799095526,119.58823406829255,526.5674706303785,132.32272394452863,802.6405495315827,11.690741394827024,78.75428894473774,2154.795731526507,1113.9054121972672,1714.5525108888523,2406.3623395685904,4710.987978265843,10594.402227092383,12.92792344974454,11.122670712671257,43359.8116879385,41853.65638294512,202.43643826665595,10337.986751758415,16.797743678192646,5.169270219208626,46.46306942913892,48.482808910738214,354.7157715381703,1219.1298822630567,478.0327043669254,157.9981513224456,49.288375021510035,153.9779665409084,557.3036774612522,1751.901937379507,33.796151202233524,600.2565895205893,31.63585471162723,33.967391787742756,27.50227188095359,28.4852799815928,21.996846616675338,7.512991980421301,16.36257910110321,262.4003534766667,32.05400908930479,23.326859793546454,17.596600033242172,24.014022014931147,49.53259384251725,31.199436861581123,19.527718073463273,177.02558689448813,30.291622000663995,277.35433190661973,45.92833362320121,26.400536706211643,41.78498739231458,336.3517358233079,53.463318691588185,77.89182740200792,353.4868761553616,18.032056153477928,107.48728931001216,37.94103141451656,654.9938328578626,395.3645428596699,46.33788131266107,32.79187509086113,57.71543605735651,202.7137815355181,218.37751826331757,139.52451898298676,38.5679281366394,36.48285703736504,43.257608993714804,38.36253010182629,45.815593649168825,41.78378405921808,49.07826820341848,40.973763003053875,238.36249394769953,120.75835787273174,131.50410099348167,298.4318976312014,146.89805284019855,3.827677139977877,18.29811803436131,8.902371097520064,3.5323790464693015,5.556800585296206,10.41323452608098,527.7745349450814,231.95744197555908,24.104709933509806,6.017801302781722,20.33727898462675,21.106780950405913,20.94900791320063,6.5390558589675285,12.779704668602305,17.18286816064463,35.2771118248413,144.8090068230241,136.76488184167363,15.156133477478035,55.83922656691546,23.557079971510724,187.24730696939707,3.6255803686099326,10.711736256665917,29.220901975615863,30.74274082697464,18.805480539587517,13.497572476118135,24.776789038664372,28.906099512904728,32.265937716802355,30.610156133711197,16.63748522353557,34.90118071157333,10.399660438878353,26.315814342841584,32.17082373847871,34.129523902296334,35.63690919526565,28.218177902087593,25.51963574118668,816.2841452928491,160.80188154673672,73.17533391075948,44.35490785409777,34.594918134108916,36.07011058860096,30.606589101662685,60.83375145420785,40.13806215935772,24.13180691043697,30.15204142809818,27.750210097335103,36.26030622240488,63.659868577091416,26.643652724070645,1715.1371028617089,934.349739015456,1005.1355627158389,165.66805113781942,586.7115211371408,22.646425156440976,30.02628278703975,43.914328699242866,32.82228150678146,30.71575036473814,45.357680940005764,1820.1495330763094,34.82105961951961,43.38312824955585,36.21173814664686,14.916791323320304,31.615762700019143,264.65698006132493,1185.2134250696042,551.3146232487006,44.808250603894116,54.280626837704936,39.499195463474734,986.0390932853853,8672.37457739042,3801.8725784003636,2253.529183683718,1735.3334530737898,1875.6594638251952,106.67970115479677,57.76201303070471,42.56481026414359,65.52321731866843,72.39546361622776,83.16776736811887,117.59423434433732,280.12713583961346,2986.775726685052,380.5764814395535,84.93464405172566,110.86630743792176,70.17008720697275,70.03258662365859,39.69018426325767,1363.064326371403,1295.9958361721415,34.12200271498148,24.329075919267115,21.975587080282708,22.9867897909094,23.623046824875082,25.76774724477326,38.03882542133388,35.858151131110795,36.57573650624566,82.26161260080329,35.642729636511696,26.208641620842517,731.7605815365049,248.70842823526831,90.14992760001965,29.714193294699125,25.329903986760886,46.97383754775394,24.92858565311478,168.84379060451394,714.4183306825677,55.245169635147825,42.09787757867217,86.15020955821763,13.151643358612871,162.49654220685665,17.846077604890123,19.16591553017587,18.68968445839042,101.01204187533165,41.58497055430518,135.77367862998165,26.31505329097984,28.750551616079107,31.36641111931394,33.43967356934995,36.3694772175454,66.31727651447896,38.444243690777036,135.48159295437645,31.93548128068065,342.55506281429393,437.9707712717219,87.17568171385228,38.020099114958306,28.02408151508548,34.7860599336248,56.71219615097748,735.6021450293792,623.7612409564808,370.1199735869514,28.040581595736363,33.04756505184499,379.92012065927815,12.74394010036064,23.450449414748046,29.1635317342422,237.27900621120716,18.667617514920504,335.82533182583234,14.955994385234995,22.747465513092745,27.043395589364884,27.31798367958885,35.588053495340525,25.670270554889445,28.192498281959363,29.28949644202224,91.34070516873514,50.45711842562551,14.18135100965889,20.293612940015876,14.498905500998978,39.61751012019272,37.72833536371566,27.21310556043521,271.9514965883522,670.0483418370939,41.42002462066211,28.603837022251035,359.65494914226207,1394.6802875736103,92.36979653245841,12.133574866998819,20.087333866612024,15.789530043947517,16.66253985707584,17.645606373471306,18.357553455277177,15.26389354732024,542.5625437284043,65.80016018395165,38.535650062028324,245.44873256786,45.183541709020695,326.81484770209585,49.724016434358504,73.00330329366837,69.52667044314828,62.94160143869303,38.86967075847085,27.570268977840225,474.10538948527267,33.62366512169751,82.08659543004765,29.780733722139285,29.64251938556881,111.6494739858825,19.097383182754132,19.448901852283175,26.474559788507808,463.01830987381067,230.91155024683096,117.21421643797233,26.19587143743086,32.960386697103864,57.19999316875881,36.767212879095304,1080.050006454122,1833.8533435292904,62.75450290416617,31.28722743430896,420.94351641988317,4754.430349525103,443.78220051201964,30.898792011588707,29.53793002060542,37.89849385063791,42.60042558223551,22.857089903020015,26.109472446685192,24.898310668271765,35.386732100860605,30.628546266183886,27.11788798024024,28.84728575035787,28.245386041727468,82.48414236301,27.021254916781825,32.360276179497355,26.724164496143345,34.39991230687796,1552.2470086899752,260.40960604094823,35.13281036449357,30.952255570689527,37.21833410866617,29.227240044151124,38.217943399307025,33.80235983797665,34.466704453735225,31.68843062707882,181.96796314680896,1255.2338147821806,648.2133276856332,32.04355667823944,42.621527569453804,95.42047172450766,32.70522793467259,30.402833195846885,30.869388175954285,22.430325646503125,21.587797012368092,34.01656215831963,117.65755658496944,289.5782296112292,29.45536522666439,347.6899083522078,305.38507009468145,46.21231485086125,23.941721116445073,27.26337358155777,21.712216369131013,24.903470516380423,45.55308227831896,28.54898273853522,64.33905314147684,30.669988923271944,37.64156171057719,33.34118222166461,100.77853818574043,36.95993876008765,139.67103024257224,28.516000902438897,57.023088236727865,22.131558318753,42.679678955664734,25.078996736338656,89.24378398968304,34.106268155111366,49.58373406540671,32.62727646855747,25.364344964021935,31.34140472988157,142.9882177634092,166.51968116967464,45.10461373469923,20.906427109778797,26.705212804878457,20.396849422115416,33.12375387129485,27.44983874302929,29.252617795765516,13.422319191615543,29.209304905606317,189.38179900116302,17.005698379793746,16.888443068118352,22.089448801231264,28.31977334930693,17.262662292595234,36.13561423206614,14.67185684206869,20.02440754307883,29.17301856383379,15.11784798805919,19.48376135890778,20.47840979971373,236.42912267087823,397.43709768351704,386.02527278545637,75.29312682672273,109.8283689117481,677.9331159351935,441.4462577522598,70.66126269187819,88.65436523760195,96.268067201896,3.499754229449627,2.8166396389086477,4.152142957619365,7.621124031170368,441.34156841981803,282.7435300038873,152.32068735834255,40.90103224215969,40.99642050299964,334.9657648070651,192.90232766753792,171.81764665491323,461.3302037855435,648.5201318175858,863.0585199381524,3221.5264100020604,2482.786893407507,738.7427520321793,874.9449148132525,661.0618531748185,415.39196304434375,166.32765218179586,389.4023081830137,233.0761893901379,21.074012615972094,15.439194813959697,23.6846162664279,123.77507112210156,89.36658382166999,57.853464382154364,19.63368251306354,153.71244517627235,122.21903165508863,84.18364928016021,380.01777146662886,239.2309388300309,74.29623034684667,31.838977016931743,123.16224657790117,77.71663372133318,145.0357280441727,2102.696572409641,3250.1236513618524,1843.9990583925005,401.258173913005,288.9686024540317,131.30906067040033,57.758380722789,2592.9421433997627,871.954176581056,799.9405937340762,416.71476456597577,1518.4871287403764,3889.08921428278,2211.830424907828,3420.4528001144163,943.8502188251581,3260.122540442695,1700.9789962630703,1289.7233425541451,444.2158084033726,66.39242625250245,2.647518047451484,1.920315946295318,1.7111838069330936,39.549439070660526,72.2828094035844,17.520437138229155,28.20736014632946,156.54454825588974,89.82613253981388,95.70823565192639,82.83286312711974,122.06235743157842,220.9327130083631,175.0447959109281,149.8236938645382,34.591178758263496,256.83709929791746,116.5156358203199,0,207.9021431429538,10.537752548981475,170.19516450889424,3.1164354912139145,3.916707983616596,163.77937764059584,136.15104054408863,308.69023869373336,166.0758546030672,135.76529639701045,208.5324904138827,202.37316237370402,177.67543360909772,516.9922983327941,795.3888505689674,322.22243758835134,444.77854501482267,42.6210640218192,5.586595888934131,647.1909668135106,192.00979769028734,330.3573403632088,312.17537342951175,813.552108580492,162.35717623186534,73.60559794569771,122.33677956789604,110.41175613312284,82.42845618153157,81.05797174163176,96.3423132102897,119.55529430281824,333.27067607731465,148.03447062272267,136.55040963690547,72.57365593540494,97.36309655803392,396.4045199535069,124.45017255676952,167.6146927187847,137.72366130379643,169.06509652641893,425.06039076945893,315.7570447882678,353.16307763207215,333.8135544630134,299.35487334064976,334.8821103159708,169.21755964939652,94.05808451358583,210.17291226217162,21.41094099473982,0,169.7665193867228,1638.759244220888,405.8065326772604,67.77587779447154,1.407749623291918,1.4348883941354116,4.340088598553883,0,345.8139132336414,135.67587031434985,13.163066797616976,2.03085591788421,2.3712225534049107,18.100044585516272,1.4435511491899378,0,0,0,0,0,0,0,0,0,0,0,0,0,0,0,0,0,0,0,0,0,0,0,0,0,0,0,0,0,0,0,0,0,0,0,0,0,0,0,0,0,0,0,0,0,0,0,0,0,0,0,0,0,0,0,0,0,0,0,0,0,0,0,0,0,0,0,0,0,0,0,0,0,0,0,0,0,0,0,0,0,0,0,0,0,0,0,0,0,0,0,0,0,0,0,0,0,0,0,0,0,0,0,0,0,0,0,0,0,0,0,0,0,0,0,0,0,0,0,0,0,0,0,0,0,0,0,0,0,0,0,0,0,0,0,0,0,99.69635563732119,0,0,0,0,0,0,0,0,0,0,0,0,0,0,0,0,0,0,0,0,0,0,0,0,0,0,0,0,0,0,0,0,0,0,3.47120347402564,0,2.950419072041637,6.085060188018549,0,0,1.721194988723195,75.62948495665022,11.833003710845572,120.56973221659737,8.72283458465221,38.985346948045645,0.0832934375762139,0,0,0,2.019336979973085,4.853356592614396,18.519216735236498,19.49939918445611,12.518567605296246,76.08085947733086,6.114160605694285,0.9202371135820518,0.45947590053972204,0,0.011381749070123926,0,0,0,0,0,0,0,0,0,0,0,0,0,0,0,0,0,0,0,0,0,0,0,0,0,0,0,0,0,0,0,0,0,0,0,0,0,0,0,0,0,0,0,0,0,0,0,1.472253394380201,5.997653688248903,24.6446245518395,48.7819824866101,55.62309196342525,177.74511106032693,59.3044203141513,138.0452863891685,249.98953778408222,34.129673348305275,98.32204507509205,100.27774781024499,47.22557760899867,112.95375784547468,34.71164628649766,81.67346066137361,6.470632133793998,7.468326052094061,77.14885930395141,3.5908732609394507,0,0,0,0,0,3.54524753741818,3.0729666402302906,0,0,0,0,0,0,0,0,46.126821511867185,47.617613806599735,0,0,0,0,0,0,0,0,0,0,0,0,0,0,0,0,0,0,0,23.824896472264353,530.6981540641389,12.263711175481726,0,0,0,0,0,0,0,0,0,0,0,0,0,0,0,0,0,0,0,0,0,0,0,0,0,0,0,0,0,0,0,0,0,0,0,0,0,0,0,0,0,0,0,0,0,0,0,0,0,0,0,0,0,0,0,0,0,0,0,0,0,0,0,0,0,0,0,0,0,0,0,0,0,0,0,0,0,0,0,0,0,0,0,0,0,0,0,0,0,0,0,0,0,0,0,0,0,0,0,0,0,0,0,0,0,0,0,0,0,0,0,0,0,0,0,0,0,0,0,0,0,0,0,0,0,0,0,0,0,0,0,0,0,0,0,0,0,0,0,0,0,0,0,0,0,0,0,0,0,0,0,0,0,0,0,0,0,0,0,0,0,0,0,0,0,0,0,0,0,0,0,0,0,0,0,0,0,0,0,0,79.58958482686351,0.10209869900059054,1.8355827250444727,0,0,0,0,0,3.8256588871814023,0,0,0,0,53.09731369578579,370.5114175587011,68.20153813126743,226.93240794250053,102.3101145530547,434.3306376202023,28.154073010075862,15.710052833815583,877.6520603682072,41.47744337236909,111.88784071652388,1301.9115870499456,5.821381550846831,169.85601482740384,195.18022974513232,38.8865860500664,284.6102874756965,306.458767282929,129.37796115532606,111.52739316336631,60.95967690345386,1531.4939542563532,17.619908731360454,145.26907792743077,20.617403179497703,344.1932540331458,65.8394474251091,32.22823075092751,56.83175610282409,59.0644784451247,0,0,0,0,0,0,0,0,0,0,0,0,0,0,0,0,0,0,0,149.22463826171082,197.01804843744955,769.2938787981566,930.3640449484569,894.8494296179783,406.41979465363596,62.67911295343897,25.275518216794413,0.18988915218614713,179.10234048352237,1.9877371865392455,123.09709744122904,2.659815667822717,257.26002514302775,20.467305287317906,104.43604121950034,18.525424993031468,5.407241122196281,24.047966745450378,10.255116035928939,41.144792713991436,133.9052578478469,2.2295522789335447,69.3839268058212,60.85484672634253,23.801281537848322,194.2937145366324,214.15847782491988,106.38611456325579,39.08823449209655,10.775312868936837,9.085358750892235,102.39759647231358,0,0,0,0,0,0,0,0,0,0,0,0,0,0,0,0,0,0,0,0,0,0,0,0,0,0,0,0,0,0,0,0,0,0,0,0,0,0,0,0,0,0,0,0,0,0,0,0,0,0,0,0,0,0,0,0,0,0,0,0,0,0,0,0,0,0,0,0,0,0,0,0,0,0,0,0,0,0,0,0,0,0,0,0,0,0,0,0,0,0,0,0,0,0,0,0,0,0,0,0,0,0,0,0,0,0,0,0,0,0,0,0,0,0,0,0,0,0,0,0,0,0,0,0,0,0,0,0,0,0,0,0,0,0,0,0,0,0,0,0,0,0,0,0,0,0,0,0,0,0,0,0,0,0,0,0,0,0,0,0,0,0,0,0,0,0,0,0,0,0,0,0,0,0,13.717881467641586,49.85322339121058,111.81409813596797,128.80773310728273,0.4785604881605514,0.4144505561497033,0.1142833070297054,0.15903329802052216,58.345437586080735,4.247515851464731,0.4516323746870668,143.95893815597765,0.9556077886973594,3.0415622126810766,48.6195782412361,7.218496995883035,1199.9513042999515,2950.7992778519,244.3510102120556,2.5287098462481974,2.6757512009314115,5.034515941850948,3.83537429302834,2.0510679757610646,16.655144606034643,146.85164514887376,0,0,0.35439760090490763,348.9053209232441,1.140782540699068,46.61425440742754,40.89930457143388,9.042561065694978,9.36776244548163,190.8613470667419,11.741824667301243,47.16208629854288,87.64243131008324,14.669188273261007,10.762847289840884,603.5981650282278,769.8170012436369,205.57677929028918,106.29636636850333,12.258943461906826,13.51814593889963,25.457719900809696,16.428050941350172,661.7463987224329,10.871704028857128,11.426702401277694,62.211914079389395,301.3484792168754,2537.232228526295,700.7769760577555,1588.7576851584286,25896.07469135675,2148.329350501183,542.0373091091944,31.59115677908041,232.59879206486406,43.473768800821645,381.84201097934357,70.92002872742273,26.57817586993222,16.465584082271178,0,396.3626546086589,56.00182101323772,1347.5829312188223,1586.112329457797,13204.133267827556,1165.0186456167598,44.20167691951453,20.403977564334905,12.702418367328134,87.73620648088368,2814.151226945439,3736.6983934922528,1966.6949905891386,129.4081998607011,170.16456678204594,958.6640599089583,20.260875700010203,20.06423880291588,20.461577550060355,20.657588583954475,11.403455140349063,20.956056115499248,20.310846218169342,20.86084297843101,20.894669614374486,6.589247423636661,59.03422957905528,8.450348166138019,9.34307585335842,60.502302841046564,70.89513517224047,27.523881160518243,5.968525250533081,54.12259666968626,47.841035896783076,16.748065199029984,50.47576865821837,39.04700007753781,34.54710141099082,51.369709327133734,38.25507727916411,19.47978144210329,44.27998960216615,10.923999920296854,42.13099314437291,32.9016944486946,33.855959347708136,29.607612979938626,34.904653521477634,5.759483616637151,37.3976043799647,0,30.539354132681616,29.364553757187984,27.82733997489646,27.072441590856442,33.70483670868323,29.52532058381956,0,33.80224156665442,32.7150923385382,148.25579369493605,3.8620244985343324,4.637778286068378,136.15772901482833,10.386356336416474,13.082893608276171,3269.530087026796,750.0221312108312,80.53388996435243,1.8642355116405873,1.288100192404645,0.016548171620454643,0,1.2705421230993725,0.08963487063127168,0,0,6.741005634344416e-4,0.21325186997685655,1.3114343096370749,1.959252295714434,0.41882216637800046,0.002882686164119296,1.0523662655177763,2.546057070592777,2.7759236121431226,0.5732561460494169,0.0609761822661648,0.09202363551611778,0,0,1005.3429605308902,2034.3221491675126,0,0,0.40594471314620767,3.5189007314960854,5.184569429649051,8.000909272850368,5.151570221219096,0.4225230873328073,0.03876580425137266,0.012869610654619537,0.5499549623166753,0.6680801479983975,0.2312586696110988,29.87572728671221,171.0891779572554,3017.1984469391327,4702.445076491606,2383.9114941723583,4745.923057443706,434.790254042665,146.1106298770794,20.83301119603256,4.335454676458019,82.77721840517464,63.71359833954129,1.3086495047372613,15.867434621194327,758.6105777232558,0.7156576241631443,0.5723380986885678,8.563431226005553,16.85028233362817,6.144572153720284,236.32893578116594,212.93526695534294,9.6637413776348,13.13450225725713,123.67992208313849,108.97039030443268,782.8247246392452,2809.128593347318,146.02076864697455,103.14771194062709,65.98564376013637,0,177.64399013540515,169.5580504479706,2307.0337824124335,1683.4640697535326,1142.92927932485,240.92942846833736,250.54529632206072,143.25930943060985,322.939694166503,251.3784809260749,752.4870924776138,309.94514599888174,259.60259099676557,216.7984254675006,239.37084103218237,724.8762103829832,891.9446194435372,137.6936878442352,646.3179742972469,181.85434412337347,589.6579764884967,629.4601154843843,55.12092313616532,81.18675261512469,193.914765530215,214.80458548536052,47.35421535682201,86.33468876408445,22.42787710024527,10.603850483231728,55.62274196498505,105.51478171828323,551.4022706851846,1408.2909332182032,657.962383569984,1254.5396534011288,1064.9529387092566,18.430848737183833,125.5914926353314,258.5449936717061,84.7297112560509,126.13540295024167,919.6989601019951,376.39970664962794,378.5750696255025,335.1490692103072,18.62008870075723,344.95307352797204,394.4210128654643,553.324694411391,685.6973819399784,387.3075124119476,158.93579929362127,321.34905772230536,152.3205162962626,99.85298483490877,55.52956043411896,414.9485822859817,1888.3527648442894,234.9123555163979,469.5565076290095,568.9613281516195,681.0799899372437,391.287122752087,52.220730249052224,155.14884642983213,76.2791187568401,16.48160136061333,114.97577402361824,77.5419805374997,60.235722528098954,218.04521114502356,178.59651943450314,20.101768556418662,140.07162658940894,21.642124969503183,76.81638692066439,213.1744416703096,640.2301965037483,328.5215253489239,235.61485368190134,116.93862225115627,64.32757224946128,381.7642153344664,50.82616158901863,424.75965609706026,87.64027626388179,1002.5058585972802,349.9201279983974,96.57527670000539,42.895719634240386,60.24404033354173,62.75774611654444,172.44829853587373,220.08749896846427,281.98226239447513,569.6189303905265,164.9631809994346,42.21797049863025,118.86368603501685,61.841102678644795,143.81255006217555,66.38914661994704,69.81475658580976,84.36938903675673,28.178756025294895,55.827702102544215,34.61716623850234,213.8806362914934,372.35174497425186,308.52413299157155,242.75554146001568,343.4949930049956,435.08393752365566,630.2091152477193,221.5147731667597,150.92571487042292,515.2761100002775,431.71765541934644,246.2931710456399,465.8475566404343,222.48746579914013,431.3082378637758,95.63238616888106,256.9216204568591,287.62325605980186,669.8125937694059,660.289444746657,1236.8634297389278,276.5212501244813,176.3153925577421,306.9334347124824,2263.9201710191132,523.8995964845586,735.8006466981648,740.9164484511431,228.21153869207987,121.85769958125421,21.523490793089678,105.79016171669075,163.61290140789342,9.058931001777323,43.262778866225354,80.25696762025835,22.112802782427384,408.5538921516049,541.0513321611162,339.32534512418636,121.87367394220456,50.06488191754814,84.26896212846518,273.17710587650004,796.651656532375,321.9596951247291,5758.052089727176,1170.2332015100021,907.9765208599802,776.2407724792218,252.13124276971942,281.68877048215654,204.25393490945524,315.477656051134,245.55093543566937,351.56348771904993,359.29821820489707,491.73121619687845,601.7516983453926,514.8112578601306,130.47037063404628,92.12900555244305,202.0153056569516,122.5550828365389,120.95523048228321,72.63408715988487,109.42612772277519,123.87591089004616,5.336720740447996,247.46978059136703,120.30385206244962,4.264152560321288,6.246965300397527,280.72190064683275,160.54813669759432,215.6649884938955,210.06365085337077,557.9471055731212,1494.1600897370051,1305.6807101548152,1608.914377432513,1159.2263950245278,230.56785662268277,324.0029862202138,490.0368404280453,776.674630537389,1373.5463388593969,529.9565580887332,276.461406800261,15.743035433848716,122.07679664290832,475.6934486762863,94.03469553592933,205.6854501069384,863.6954815700146,210.4299128324991,8.855572181678946,180.0395602455933,1427.274019809821,410.02246782648444,66.30082900564581,39.084661491838965,569.1229002683178,193.54965332639844,83.81053049608649,105.45738255200651,326.05648757836127,76.06988636469447,113.31715890234504,338.2884999208093,286.0013575776844,624.1564228613748,1209.3698958548775,1054.4051782935464,3.8540613677024704,8.906249745645608,6.727098071433625,48.59622859174681,6.569756593730911,6.534337138857459,51.54165920265627,345.4609919634558,876.7753731808561,1702.6619662711141,4133.129386408412,955.0852602855238,7.188642166213787,514.4251249473822,13.93135706234346,631.1572525428509,43.60527578555657,331.14023198087244,48.04431109356087,73.19570543374574,142.66688543141927,13.284230396176381,21.962494905128747,184.56778389066704,84.69257973473464,219.5680230683854,144.72020145666298,153.94518583057376,160.28730032968858,11.35718454322499,9.240526967276177,90.25315448615238,0,0,0,0,0,12.628303149367897,2.5129200422690174,5.850517382382269,3.1677394434885606,18.28876690740519,490.12718541765634,47.298391545553805,87.13698147483103,8.646714652988958,126.55616186667801,35.65034394956937,306.2789582531274,2359.6913240283507,1128.9045242117845,1236.7461099290188,818.62707035717915,742.86517333983,263.57185706411224,241.96575484715586,424.2387546224371,389.7352557561393,288.6653808623541,606.6896808838464,561.637451421851,87.45344883879945,493.229666379846,1335.9539271302995,794.1580084734811,96.29182328374294,71.14605203124462,69.01617026982099,78.52848590796447,37.11513335802198,76.12162930078023,34.050325504469214,78.12616304033108,71.11274990745758,107.4682174825992,95.25680050948668,230.92779462925245,1713.298890184894,2243.6915635325217,2817.265001184019,855.8641811022297,763.982159701905,310.2510855588602,273.1953507022593,1686.429669979836,1228.0791207475907,1662.6763186738385,223.01907240190334,156.66159225718602,154.2995720354792,90.60870422715784,930.6404928390622,235.28156609070683,117.56593587769261,181.83466271958417,591.3453932341763,175.47037509460858,736.02413616440106,354.90745925119893,146.21565307431015,2430.714499851174,1144.165338160415,1347.5144336148255,1300.1122717087846,923.7576643995362,2058.909456212002,935.1419288188354,463.78986868547065,922.7585557068066,3987.0043239679894,891.3533706077551,574.4519504208664,11.497862287580988,45.76017570064965,55.051972072786405,36.1330720857271,41.395087858178755,35.91928455811726,20.991477925696984,7.9655436535515065,143.349564930977,4.2334300767237005,30.922091949584654,4.980610588175866,222.54638021215973,667.8736749901741,3342.084470179205,4.392720700744234,23.205920700641006,1.984450485665784,39.90307757769691,759.9016981739488,988.8424464935497,891.9249870375409,403.00611337769607,371.07697301292734,22.88277751078716,556.9582513855328,1183.4170745625972,756.0162947799142,2574.166112841082,1253.5771015404684,2077.8239050307193,655.1577517236402,1019.4065209162985,1043.0349625633303,1737.2411391107498,2728.932779269132,574.304056922288,592.094339485218,2952.4602897581103,1794.297594747491,599.6367102458706,1682.98375765488,1819.2410394302651,1045.8294346802165,1976.081805541907,3098.3790592515434,468.14712348495715,5001.696790703973,3990.6294506329937,58.52187167212592,2038.791420183274,829.0968028238632,37.588138756135315,1581.2504345587975,1755.1171909812201,1330.3565461148744,455.36985730790315,53.964441735800456,180.0595099690607,151.23802822927604,24.06235860050377,71.32757173436096,561.2127364237358,1258.9321660230978,875.7281395245581,22.951226949964216,426.8752915087669,8.07874538590779,6.479833187991887,5.64094095492214,5.690354803764301,6.110532026989816,5.575728383113343,9.21504125927974,19.369865223006983,22.320016013775138,16.028278465676724,12164.68638891245,676.1903820766278,3281.501111210632,591.9186354552793,6.9228739386009535,61.95717127051868,116.74520681253638,130.61199859255888,14.464210829417418,603.5253345983723,3695.016111815496,5223.797605318904,476.2909849525345,78.97699520413941,105.28985666516202,2480.7706143606115,12539.823044210229,114.53973275563372,2596.743017241879,721.0634160063247,803.630924650483,830.6485735231669,33.51732395164419,411.5184487832668,56.46535073583145,156.60688734366155,10.130530240439871,324.90553795952275,8.587466256741951,4.97175622598045,4.9318949762359114,15.196415718385948,1.6432591449669463,11.302280167878145,40.93323651082796,21.405670669653297,68.18235651104561,21.911469056361973,69.31578352988342,684.8600892400979,81.89890126124713,59.788775896464955,582.7406070030445,19.752858120703433,21.612549408868322,372.03317519828505,738.7307736313165,200.11737451816987,21.53702089093143,134.53309643672503,156.60074869180582,41.910149382297085,52.83711435246165,456.4770483472089,79.19497764563536,198.45754681500955,24.897556573442525,54.53037905096902,147.66508632382477,271.7823711081095,25.41771274679416,27.16146129507918,26.506228521626166,30.89572119682349,161.5325872423486,288.15194602585774,224.36466901402414,20.557477489346507,268.71660547977007,36.028059355064855,68.97251036002378,98.22189503757411,478.16665488887344,339.9536779166437,6.670692327347637,31.55961877990673,95.41541081545063,35.38615042775176,5.890645815245176,26.378114120468556,124.41328938624126,272.67767144705675,84.21355859318297,182.69815528695565,318.56128378678414,1189.242774485009,5365.283485536663,15761.751795138089,4572.9680477217835,464.0152082671664,529.4879182919934,473.04602889687425,138.4058075082972,194.40717219994548,199.0489659981547,244.79019111992218,130.52933043507545,68.88609613964567,49.66355731412475,231.76449292700906,205.1201838141864,99.19158649480616,20.219023347634202,42.01003348357023,2.3069803737194414,3655.3326921011535,7.66010858097489,4.740129335179164,609.4972166569501,56.710130552548975,43.08445475127733,43.47987620376546,0,19.494609260340408,0,37.38483107698881,5.266236389690114,22.312142240424894,23.61070093395872,21.674726881872168,22.891880762302492,21.175719163704645,23.532501917382035,0,0,0,149.21767731059106,49.75669009291105,204.52979074551558,262.05450866829153,122.90000391039007,55.34954049804698,54.52103178691564,259.1962878382205,247.89830945759226,354.9559115257426,322.8726450618,206.1347008070812,90.09734623172017,55.174422414648326,77.65759929340268,124.89633556540952,158.42706507966986,82.55367679259795,141.40315370018496,134.813113776326,483.4626927557397,776.7388318075244,138.2126466640986,421.7508954288159,22.442314458492532,119.25519643682158,610.3182788434287,140.3676509673472,174.90875082393373,819.5993670725878,148.17862794602718,716.7032890960041,833.1637694131682,835.0550560941051,1095.4944680231852,2891.681345028669,1297.2859018846807,3582.3400506812213,767.3803483522601,507.9086163149488,294.24636938501396,873.5589404093433,377.23172592659927,1506.1374376575623,0,9.04276763245368,9.809208956540374,42.85804895171479,25.96249482470016,629.7974378585858,40.17519398082032,34.594366558977,22.029242479451007,163.34344292681482,686.856125233485,536.423207724836,740.7671250507677,2421.214899916019,2566.908448338633,14.608862131722233,65.93270200576698,82.07076772655878,18.25813228688078,92.15093516234272,168.88802386905735,66.33368151572498,141.21100837887886,174.54150034526808,184.63162833299717,106.01327809309367,313.24225979095536,69.10593069732408,111.1773490836655,17.807823165245445,8.716187025049383,3.2210380401179357,50.093056755112976,13.756440846436087,3.3248603080708836,126.26900259167614,5.586551527729525,242.7948945096979,25.353070815263184,42.33240899981577,4.789464831168335,0.29462300976458033,2265.6378789156747,2276.9527953160605,493.24645892665956,549.155507217997,109.93542777583109,1237.4775680399398,1110.715413249097,644.2269998659009,332.56487178423095,112.90549997314235,109.4957272803957,111.04879831007183,28.908155285043165,36.39073196394417,45.2865925173822,27.78194090550139,27.412958503986285,63.334674389767265,62.791866226217934,89.41141604273336,416.7553351179486,1120.4179163572278,367.4121188671488,113.38800140848089,22.61683406489817,19.505595140103953,56.423966628116595,54.430587911473765,22.59644721562744,540.2667334189834,212.64769574992405,75.57563736158215,49.12835145597656,36.66827538963857,340.95531524183264,294.53454615537174,623.601931023241,648.7863227496736,185.2756402350481,151.2585062318936,294.8744732016826,311.2646562499706,531.9503799429789,179.98779847967896,4.6010412850871285,4.390381811911155,240.65121442884623,132.28979217165207,0,44.966012511214494,1.9938354653780643,3.2669660333954944,59.77777847478408,489.9849259537852,1199.8771952306367,1297.9629239790952,74.47852008329394,77.29553970102921,25.78560997325948,93.96797974185586,372.4143906775305,121.72283130886622,448.9105660032779,64.62485543162549,65.25367711993248,196.80682502241638,418.2581749731998,70.28165668019976,58.68624632392969,3.6014599129014027,2.1245042030154546,1.7930053336247185,6.21823018349014,1.9143047955488097,146.74701838809224,103.42067032040302,3.3494779957111835,4.387554989331066,12.525284602122492,6.812707736059391,20.034976772453817,192.85339594859624,473.34766414906255,11.145877186784666,116.63698956409107,96.81549218107786,5.362384958670312,96.89385998079965,0,0,23.206105780258763,208.37166481239908,125.77817748041572,6.248782481198793,469.871704296682,273.33616350801196,51.170013470346255,8.140273413965502,4.906625305268978,29.554629066155318,2.8907366349216983,40.2262161014242,3.4826244223682896,1.7713738908482162,3.0305373377737683,1.9857463423677502,3.138414773438125,1.71858446736796,11.11763708561763,231.5979429390995,1.68976074938037,0.5730877492433653,114.17229921769496,554.3244299496845,410.35096701903416,20.11722185425173,144.32342626119296,201.13656798983496,164.47346458423644,319.5722707678253,158.95732580648573,207.93877554415943,28.229350411680873,57.902856370978945,1234.5709658729322,887.5605646877584,3413.1014809196076,2538.4497409104524,2050.2946590349866,2338.9362635424695,1157.5644035291357,732.4686792092484,3.6445739297211155,0,0,0,0,775.5318548314605,0,0,0,0,0,391.22871847776764,0,0,0,0,0,0,0,0,0,0,0,0,35.61559810836149,55.80380507631136,0,0,0,0,0,0,0,0,0,0,0,0,0,0,0,0,0,0,0,0,0,0,0,0,0,0,0,0,0,0,0,0,0,0,0,0,0,0,0,0,0,0,0,0,0,0,0,30.456441431859588,59.92929719026521,32.203090014575906,47.81076891763338,0,0,88.59943939752024,0,0,0,1.0778155450059106,0,0,13.499353234055011,0,0,0,33.21792420065295,42.21400969873649,0,0,0,0,0,182.78964782692438,3.1394175921083023,37.024923659387625,7.8437280397410625,0,18.76914455274412,20.909814656346636,13.667975657497122,12.56394991918757,80.42316997141955,23.000491279525658,329.1836942762402,213.48095268313568,100.38261749774108,62.81926423104921,125.24252425969891,173.7616548374744,0,352.62146948166645,21.237451374206294,183.19085322635271,232.6596030164253,1514.6353241009958,117.79735340826016,0.7604473165496773,90.60228498721871,139.0247225046854,132.42602200764432,98.97880899513132,110.28811857625833,78.54340395922283,86.31987900112098,179.93592228508004,7.503742433471463,115.85403943495483,120.1269909640125,112.60771468247479,4.124593363794145,151.4179079142429,57.047784115846184,5.926684971899607,4.241827686607997,116.5747794121673,12.617525211340315,614.3416276928448,442.298373441727,18.76798130795777,413.97477587747795,320.1705956538219,581.4012812146673,133.4803149647939,568.7265366915304,160.40112237046807,520.715780026681,118.21867087250325,274.07548743999496,427.018739283716,41.74111518129408,690.286079250011,367.7880484376693,37.406672127789484,190.38677511370975,27.006722645231697,15.173118372728148,57.76752199875357,380.30975624744167,393.51856068301026,849.1530047042397,425.7430839160949,482.67614312952395,594.2499409607068,34.9768539363125,0,0,0,0,0.12831721023536086,0,0,0,0,0,0,0,0,17.36146418064241,94.05094567593271,121.80571673808663,280.7077888218046,0.2556041057928137,683.6533951400457,373.11245142414464,178.59078314637642,0.29690752730061876,0.3792252581875634,0,48.3545465014291,38.14789653886338,68.57815457259662,68.95671828064928,401.0152256942554,311.6086473753178,112.3795003857821,378.08381629495483,214.40971456758965,562.0451296728322,765.0391312059584,1735.3169019161842,1923.2354590767518,1345.0252839002128,2100.9331552095173,1330.1366160508423,239.54842480399412,1323.968154645859,1482.8980332882666,1502.4350381901722,809.3770393200926,1717.94717692195,0.21448153260787522,34.65754946561795,361.29833739607886,353.7886022722698,802.0240256917343,894.2201273390519,643.2150993593162,7.184084815872541,36.16083023713643,39.625423009563946,20.312573466718323,7.893146759231803,52.83649411084684,0.798888377031847,3.1024955200164173,15.025629589540282,167.64497944065172,335.90329137673916,56.04903267439638,135.77024674190147,981.4019377655095,123.20593226836156,595.2229208685826,1174.0760817757634,40.62172746103237,0.977243221020125,723.4438110235678,258.19440124976944,573.5807278688732,238.8809639703121,274.7217245253856,347.32344040033695,203.57980898633036,107.77300860419346,843.1877237855315,673.3180481150612,775.7626530637942,1217.612256966518,375.4304716217238,129.53222407773924,295.89653348640564,46.14090320812642,163.64208432735862,709.1787255472304,653.8606069881815,598.8440989149387,455.1492049649015,661.6128954441965,356.9198528372107,344.1889305376957,230.71228386328775,410.14514241013825,851.7587499899872,1202.1069616041964,1084.258370845734,751.3761633091373,415.27838971575665,178.70121905301744,330.88394713021347,125.95436411527092,558.0162058729574,393.5149478895235,978.7696904226291,163.6679793120794,0.616038965402338,0.09077303124696136,5.425185991944908,26.590127302981024,39.79978781482319,1211.6047392833618,3203.5815137973896,2768.59499444178,164.66079363577458,448.87413313647005,1584.55390171987,1442.6354812403492,188.34825491598656,484.1565371229569,505.02849128177553,423.8782228103947,194.8557659891998,1482.7997549605223,947.6858574904257,128.88200572511704,102.4091979093301,1239.576868768179,311.7694200965259,413.912915469802,381.26964540657633,781.1372605208222,266.74524815775914,207.04824222590332,228.3314575181934,194.4764461435882,794.4862869437617,398.28503567473814,313.35041160434815,319.54231243812944,324.377782107922,156.11138945725025,163.631114848468,485.5312637690099,96.2475133838854,262.86222853026595,411.0357929256742,162.1553203740118,206.65302814928143,556.0670255056485,1109.651562318841,133.97053002775678,657.0307957100208,45.93901246246716,1305.571006193858,1088.324200274049,172.66178794613012,274.8103378692272,270.3452111160431,1053.3115384769758,1173.9150665241718,1100.6810826529334,703.9662872565902,64.13530177012143,121.58224152247749,912.857738948842,297.90788680783834,56.26139323702095,249.82104879796623,819.8569684327867,4.634679691729745,1264.8227812143189,266.1856077120949,186.59741936696676,703.6459571343424,690.1192647868085,116.62469355480209,331.833194960726,485.6042865916703,250.2805477031017,709.1072487334962,309.6302673383498,2.0067428018169235,195.36770386604647,130.80744563796335,130.77976590443876,167.55049194111666,394.4034457829576,360.56400680890596,744.7763668643488,334.2956907896331,588.945064219129,379.70999107217847,168.6625713572143,4.975652819091026,552.799788808637,225.34006246378982,924.6082946942965,1243.5007450328712,1292.2728915589694,511.50623279361696,341.55130133773054,419.3406506503659,835.310292470488,466.24218772602376,457.1003020469315,0,2.005345819440582,114.41119622182786,49.55233224085493,0,0,24.975202426274276,0,6.303519262090054,0,0,0,0,667.5504070075572,0.01402370579063585,0,734.0619384686881,1056.3470389667111,1696.578333082079,1301.2842080863518,1170.09459487551,1555.475162008341,692.5045126858618,1188.4970384272644,0.34910942764569564,666.1159031851455,0,36.44711601509064,0,312.7302375691433,36.87370398211978,649.9177159713431,0,0,0,0,0,0,0,0,0.21763331393198942,0,0.014168528949623204,0.007927711432652286,0.03922748736350486,0,0.049488138850063625,0.07993317710466548,0.0037369588982623975,0.01595804223700799,0.02418408197670836,0.04021993844548961,0.03406311618046422,0,0.04199557289685077,0.07599000640998259,0,0.01916279195592758,0,0.045012113219149795,0,0.17661323670812293,0.03506781668075534,0.16737777771836332,0.011696070103832364,0.037485250874712585,0.051622552104078345,0.02488371407300503,0.2821333933479615,0.022316081828812236,0.09005014897018308,0.0129994527663413,0,0.004505864052483675,0.011351293965274864,0.0307023574105406,0.012607052639622425,80.07873324634177,238.59520479291035,689.6480977700606,161.85793857274,1045.2359944415598,37.47488755367417,53.60392567038576,3.346804611996118,0.24959210275331262,0,0,0.09522257560760564,0.036883871523375994,0.36095165072166713,0.04442862969703891,1532.13741546025,756.159005325325,208.53211500500146,85.38934599146297,444.8192459415404,57.916422569803565,55.35745483890079,278.6589888017717,50.86139769176158,142.51217118433274,187.62095860180315,70.14381871623053,419.86367342195814,181.54981188508987,607.4297328273788,1444.6015872484393,271.98666358281247,157.02429018080747,796.4306126498492,668.7603318301527,226.14854055130093,571.3532935780519,1771.8825019326646,1921.024560182916,1138.8924414670616,704.1468147468264,405.4634156941766,273.3385137445937,194.84282359029564,152.2929154107297,848.4158360646223,1111.636922793379,749.0965691689879,1840.0788463321494,763.5523761424379,1088.583738296086,1163.426804669725,1135.0148264821605,1425.6481440936138,2047.2874019572123,978.5228867164898,3086.239805698077,1894.6266806514739,274.6551900826815,1046.5656817046076,267.3178443563044,192.83026269631077,164.23621033522772,0.7804303192733945,33.51252030878592,24.66838714368628,37.730589828528984,18.94415515145368,6.282170041954447,82.1180797337489,30.932099943234427,84.02863956554269,2.525120055374879,16.64215535734748,310.55448369080693,22.417335162479723,100.75156324664981,22.15952971070538,210.5451997224166,14.421836892479645,25.58524090837585,41.56862251305185,169.6379414428421,87.52819183702921,107.65340793616174,3597.6662021754723,686.1372048315515,701.8736768957009,935.6104868221913,566.1145025565975,318.01451634360416,1946.0731946734184,1272.0470963038333,477.1052460099905,307.9840809213024,815.8310829200402,1388.0381680396115,1360.846062360846,4419.798523976444,3641.192136652193,1198.1252016117808,2427.303300787141,2075.1003056087834,5826.262928192434,6349.652492400434,2558.1502421727523,1747.2465194880936,1648.2625738034073,1943.139233960301,2288.266979941921,1206.8239774626866,1646.5849765866944,930.6896538287049,1770.722910366452,1589.495981527002,1681.285185053053,1563.9765300115457,1962.5427948456195,4233.461108507193,4306.958714317831,2827.857883352489,4020.816901837359,2405.1837399547767,1945.6765197594916,1069.104414901223,300.17097345682913,911.9826560254654,739.7903902533113,1020.9427401084713,193.9431828417184,332.397583061887,469.95712910526316,481.95690375466836,112.00352327548515,269.66932350020824,195.53817816194783,212.41657309847744,285.10575604310446,570.2369693669235,107.08273499149368,4.1371273269996225,14.53696743056356,255.3050517023845,240.38675521627266,228.89078860677947,103.76015209760662,384.23911191996274,149.60735479451702,62.92644916163819,282.739997421615,406.96172111716425,243.83831546210226,611.8563209659251,136.6670037367254,0,21.743866247085364,166.57451035090676,28.610882807205485,104.02263753054041,143.46466884280778,345.16305803004536,432.988815866728,834.742070908082,290.5705306467578,1345.1024736934698,504.3960223058405,2171.701017289125,347.1492153661435,540.459470198162,911.9060480738632,3641.711805578031,6703.51481034261,8659.947365465747,7030.055048131971,6707.678544529654,8108.652779761441,5950.052500078763,8984.153774434026,7119.947843543457,4946.571235708205,2649.5058038431994,336.2057605279209,624.6701874129031,2068.1387292848913,2283.6657653349394,1606.6513777071953,390.93320413476414,210.17911349512156,462.79500524394047,181.67968074312904,122.43482996605674,1665.1173692412492,892.4484343924613,1292.112443577321,1460.9806755183765,3457.041682521934,3759.8275552994737,5003.006752706428,3458.899311256456,3524.780182945929,2052.9097015472366,3806.692406113944,4233.0011038287075,2195.5753818010435,1974.800586671932,4311.833687848725,2983.797604710935,2745.5531027783645,3244.0143023177056,4575.839512009098,2375.07789300239,2040.4644512188463,910.5763502182189,7.772077733237648,248.49006478045712,73.70205399757373,43.5664462178891,99.35582769183154,240.97101510373525,352.7700338285785,293.2060813001757,233.64102730596937,185.58433217118733,341.4490983975616,353.698626224601,314.33904583852905,1049.0947877070255,267.6404847028427,234.537706691842,688.4190062317339,624.4497882795615,812.8319764815764,940.1062095849004,390.0644792420175,1713.392925175651,430.50188851475343,2051.1705359676403,1185.8644701068883,585.0063989537547,368.5956734664943,636.7018506422504,437.670895406281,324.70340669470755,167.8684974886662,874.335256063312,409.0025951459257,235.84052906995746,172.88033441008116,422.40535040095887,368.7383698882955,347.3695158553466,604.3926607503018,394.87481479586637,245.21370997681183,255.65097802661828,190.2879338897947,246.20364092997394,3415.6053941183955,1114.2388961897757,512.8760923816079,687.670796715745,1358.7702039927378,1376.5925147256114,940.811476381958,1289.1877158149805,497.2342774021177,266.26648994899745,372.556651181002,106.30611279849447,122.80134191408155,340.1782471578765,88.84184380601063,304.7761661917134,337.74860668450935,236.75969790910062,291.0191744364867,1086.9219211239708,440.5054911004575,337.3659742928657,1206.8997290583598,626.4789496256254,859.2864433639041,1074.9278787002688,1154.1835440752902,1114.0965637181312,647.1150568860578,1076.5879723923638,1521.9448021691437,1013.8768935235263,741.9554489580889,1017.5159467345799,1049.055379685976,310.42433205656357,315.21867566680913,169.67563525396665,158.48810324555507,152.81007169774992,100.34938240764586,112.74475269843144,156.32222616275533,927.085118785916,413.2615550903769,54.626073680567494,344.9349571882886,419.0738350094228,1018.8684959682989,1708.3072861590047,1301.576510907332,1243.5436115561924,2140.3762167695986,1852.907596404056,7936.181528188355,1151.49024468487,1289.9179481137428,521.7309668086226,334.1157758854937,1107.8146659289785,2681.9551686664645,3462.745755570621,5248.298161674404,9412.77449025999,4769.940095094106,3627.81103149945,2850.018559163604,1990.8815808691575,3943.4898032054903,1649.629661902293,2448.170790181116,3761.730459786673,15729.302391768533,834.7444450210431,1121.1744165955865,982.300847928251,1068.940235897392,1338.875542023796,585.8203781857472,270.88193877387903,439.7655392704788,1120.9813172510599,1351.7983856958786,1235.8787388267838,1014.358651025391,878.4826450772847,663.9773320919963,180.86508815196058,19.727892689460038,275.2833485581793,309.3519224217865,266.11495139996856,36.462851309436196,49.68063946866556,0.292501185236086,235.6676256694116,162.37981141442015,3149.6172536891063,2623.8260484459033,3238.896852061731,3929.6545738499685,1490.2700674482412,2479.129590777619,2029.9265184751857,1275.782229375511,1054.2861223555178,705.64035750855885,790.8009915352668,525.0523590032863,789.7540819402686,702.8764833657623,795.1615934721502,642.6727209440749,216.5950918688956,708.9500588630806,236.61098877936928,303.6241294570683,212.40631469070377,365.4775697821345,572.5907895756903,346.76707708143744,75.46181952159941,71.074346922249,56.48403199731955,636.5713627424567,73.73725337994611,481.5583097345503,386.23768884752883,272.3219336769934,527.8375472668786,311.7601071650644,388.08069847140695,701.618261628419,959.3795429483786,1931.825145713709,1777.2757947392865,1832.2752359593119,3436.829580987836,607.1461928657875,866.7343771956622,677.5705477368474,762.0944450392342,709.4018415494845,141.33575648607444,74.26952771657236,136.6148323938255,90.62864903453597,83.85835989613332,67.24841418591737,140.93130231879874,2.331812417583038,1204.6259787263064,190.41686289726093,145.22024894520032,46.32035174178994,55.20725523565192,2035.9961960064797,953.3266627940721,1683.425145205358,776.4317451839319,202.80368661276478,195.42744440931742,619.1569162935468,438.541439695619,771.4525076253642,1043.1972898444026,288.978550407975,975.185731995364,1430.4675800197188,1826.0788777880584,1124.3891331576815,1033.5239903928573,934.2322730884221,482.98022596867406,944.3984034393885,1133.776705527365,2407.076904655886,761.1783009256817,329.48363155915683,86.28766663162844,58.649693014423434,45.96199095010901,231.40419218593786,77.50397351478965,71.35781240757314,2686.981963829233,3266.1399069822173,1864.1716834290348,734.0973596679847,1512.0067934545639,1160.3313187282533,86.02326968488349,134.4412312414264,974.3683864869657,817.0289725173662,1915.55949831369,2647.060833030565,1622.5545618428007,781.0218423137036,771.8783133132735,488.9345177382613,280.15562760416316,63.920838367543226,260.816817362169,751.8869076691776,1022.3348961423404,1046.5560747474387,1563.9818947438862,1749.9958287063253,1220.6077074373568,103.07961717028165,1646.8913679961836,3100.2566737297734,784.6575371175327,26.252577634861435,21.998801862170485,90.40295824511836,18.34907641070158,18.46280538829173,29.376423889892763,22.900600774955528,854.3922018817459,3.9461655954235826,571.7860203932793,35.86593649882607,664.9844735455479,39.9842694324308,50.12450176163538,25.258360715852575,232.31916554410938,34.70620402319845,172.87756977351177,79.06152795737083,91.44018369275015,127.39633330377931,401.81671037882603,118.37364150917752,203.2042888579329,58.251844255085764,200.01485223562236,470.36389164054066,286.08508328699736,347.7181327374017,312.95800483581013,555.5667812830915,117.42645053098325,201.3670664012339,56.994644286445705,224.69024895987607,17.233062373314308,35.80182965105266,63.9744187492088,84.68810246387605,73.59430767694059,445.4093864713657,238.5048963138407,142.5394548784546,113.66337664904205,66.663497040813,66.96093155622353,59.78449490640122,60.16203019682477,65.68872019784295,166.68536742655238,52.09187635614816,57.101362340411484,235.0763605974326,56.19829632907222,158.52873513927452,240.76939855408256,564.2017699027307,1814.471176493236,2171.6068698538666,1741.9573694478202,1287.160511714844,181.50492081928465,215.89530865577433,69.00177493147295,209.4016462630915,489.57824001880704,401.36815808066876,170.3552549956768,583.8758091536002,188.39425517344105,543.5973807860116,591.0520516631818,219.6051126573867,524.8359332639714,547.0392815396776,153.735362801113,559.2917781234056,202.76709932909424,179.21694576768408,23.32358989449782,273.3258875954825,190.96848358311289,406.9719313071878,712.130780783424,549.3479667903886,117.41554366255598,384.02368553876073,118.6316265831004,95.92558119973899,331.8770804806356,263.3384530787107,520.3078088176462,514.3646542883791,275.45227220798586,279.238439156283,116.58561971030349,143.40888161440057,64.51472534059178,505.31323507723766,878.5506657379722,1466.642898287509,906.3825744408125,1208.0107467973985,1772.8671115031932,2201.3768518193265,3944.180723281021,2266.7536693117268,87.70746938538407,190.58523787712795,302.45230630247676,635.3165181801576,271.53161214158405,287.9761146340311,292.5041388610713,387.69541488057956,696.7192172911099,310.9677818333997,314.87339168002967,299.3157473130285,1382.4731197425367,341.6653702062292,134.99426420213007,394.8988475723843,752.4575327449481,430.22180373556375,86.31047912915852,188.4397766606938,24.64475787883142,251.36287132958347,678.9219457973943,979.1519908201466,664.96247667521,668.6080938662732,575.2424904454473,985.1268842738598,366.10135385990026,83.54908447379854,292.9468742835018,318.7816670636395,111.03724008335162,197.0923833129635,117.58856534739151,321.5997310543829,387.07638183538774,682.7509798043595,416.499974018884,361.21010726794515,276.8592101236093,57.86214345737383,1499.7140918876166,2150.534142833868,1506.553094759825,1246.398937251621,2042.3979668136228,1788.8312326722591,1346.7748684622718,2014.7408041217313,1443.7781958361836,2181.915251879188,815.3150611304194,607.2282328396808,237.85953194341496,897.5183896621878,45.0664884860279,485.9732094193323,706.5626387342967,655.9463930939153,1028.036573520045,809.2907137032659,38.14281924727434,270.1694143908736,55.51313419707532,137.53357155168402,352.91755007524756,302.3046871360314,348.89655291372515,81.48819170944002,6.539495986842495,27.172230868000227,42.18831667938685,129.32609240901525,664.259973903017,121.54199776575886,748.4257326976364,798.1335264609728,231.16744391699177,131.67536323816617,687.3256116599425,182.8853618233354,61.290187919279006,42.54093722219192,315.5095335364968,621.3754154985139,259.8364926996649,168.32044669978356,103.57878147141805,173.3004285785063,72.21662006627533,80.42241811975279,126.69484271189263,206.9174228038297,329.0604952386086,310.5636223875084,205.09488858258115,726.888881739504,691.8946002978352,46.51950485875504,79.91179348560823,212.17526424478189,346.117107960509,106.92479410319798,245.7402715242454,220.11486441412453,81.67366379223796,90.67462145498955,83.48740928158571,263.681296114657,516.0629300669319,84.56707756974686,162.13002623056897,608.6473769797869,1747.4459607368706,141.115668478557,244.9610759348275,507.3127999028773,350.59144085022587,49.88270212683778,55.20419171769049,248.8309006173767,409.9899537978664,80.29718687403107,203.3248297257587,400.4166934032976,191.31294497714902,783.8397203206475,1126.6018452828987,1071.8367503253116,1468.2698905543286,324.9108342926635,516.2477221110445,354.34885461420095,146.39338353187182,164.82026277180213,667.220256585139,733.5380127060414,131.4429896115876,26.176005919648368,41.163215723847834,101.78451007455068,30.389172933849604,70.1526479719837,9.809098935552518,43.56668237803144,116.61620681411956,139.79461957355133,466.91347700330346,178.06073664634226,263.2041211450107,589.7290769573094,211.65796618837732,12.544577670831831,212.67441628772167,0,0,0.06448375009013338,0,0,0.004425520886724336,0.09937856439761827,0.1704255461964594,0,0,0.02166705346604503,0,0,0,0,0.05709269652617639,0,0,0,0,0.0029634936878138026,0.11883738293939941,0.6498614660264048,0,0,0.0022806262054107735,0,0,0,0,0,0,2.7533467206755993,0,0,0,0,0,0,0,0,0,0,0,0,0.7243186646330685,369.5185735918152,1.6381063745911724,117.10991248515602,4.142898108298074,0,0,0,0,0,0,0,0,0.10066039639020119,0,0,0,0,0,0,0,0,0.06550136348087159,0,0,8.247314142888845,9.87293011799733e-4,0.7439227771066194,0.8845673647271993,0.4222768744017156,0,0,0.352544414099421,0.007586016364868002,0,0,0,0.33385306897212336,1.040436133028339,1.1457328891215928,0,0.007283716437957175,0.573682901092948,0.005254446315480583,0,0,0,0,0,1.0714519168203709,0.044429416504698636,0.08787620632430027,0,0,0,0,0.0630810087116478,3.878052043423415,9.78551816109623,2.4434990448075835,0.34359183430811224,1.173817498724174,7.957450867360914,0.5695498875393691,0,0,64.81215279832539,83.2920352509001,53.24843279976562,39.44945754681536,54.14804358477391,1365.2656938942464,1168.6638414097415,1628.9273738130903,384.36831362877575,1398.8743622693435,1245.7273010615768,565.1998078351684,369.181171110444,620.8560166749625,2787.3423681041295,1525.9666815420187,1488.129922702327,2.7359817745596025,14.300244895305541,3.0760952246949658,8.380923218159674,8.362730715082128,101.06129595043215,110.56244921742709,425.1695968644907,66.03577481596395,0,135.20704265797946,536.3702495836458,166.42210678190153,89.90201203516756,133.4523325146284,526.1503915524535,432.0249974797688,1380.3446797672052,883.3346766401556,1654.0398901026247,7.28123673689713,97.60215803688101,19.256435058293523,0,0,23.350616856696934,58.388062530388595,1.0180695061541398,0,0,0,0,413.0601863227658,0,0,7.336306992508607,0.11333176448765278,307.9284360922843,1360.095003941673,64.19330853286021,1312.3079037493833,313.46143678236274,1319.9098169115534,1393.8308684118645,650.8898521843817,224.5954040867403,0,987.7507362485981,523.192741195852,187.51764371922425,53.54824725691522,35.838805684672366,286.8262528421827,170.19639341701955,361.93519969136617,37.06913633636659,53.26281436446796,197.15626031338084,532.1398117474939,1191.0016406040309,35.46106345471174,6.55644719451438,257.48035218162283,334.92337859972,175.6380904130526,442.1874342982777,158.28276713770975,2085.3461835500266,3002.0441851147084,2808.524046257215,10003.805614914221,2387.056303643527,10090.951055304236,3366.607982111987,3310.976420059509,1485.2771547086656,2896.1421757916837,1785.6824451201876,2003.6037012575457,2658.573065569997,1060.0739166548708,1475.1679301459037,2314.9337564911298,1573.6494948539398,855.2208355155443,345.77245164804407,304.71001154487107,277.1465670665366,420.2669193671454,1301.1366963158785,861.0678191200093,2128.1308698228304,1089.3631136987942,2209.886704818981,2168.61337521668,2579.2870124444394,1846.38903666947,6353.427530640642,2939.0128530100837,13136.684467877989,5963.737536912902,13752.69553268114,455.6421470708396,13.101171920591302,396.7477864655649,52.49615667568461,1881.4072507309254,294.7072726684118,1.0076006044750685,560.2401368532649,221.3145607269891,550.4326493123399,1.7750043835847553,395.5803875287526,386.6331488767181,215.45751143428538,369.5614220156558,267.9781345536317,385.85136219484934,228.96037713243263,492.37005567093945,464.34676948776774,79.91033615428046,615.7583067951674,315.5909355273234,270.1198972551497,262.5815266758106,1.2214641821442045,0,0,38.167122206934,11.657387836224478,25.424794431729588,0,0.7773844745626229,5.442414653164882,3.7792390148611075,774.2143200836254,360.51486637460704,334.01240408249464,12.32939392332659,31.62248721455874,45.15078088610253,5.711222162231164,87.17275289958877,59.784689060677366,110.20988562857299,448.658767939005,97.03293196362148,43.42257693438242,144.19224674606016,281.11059193602915,783.5295388866466,607.7207821042324,922.1246863218689,775.7403318820157,1296.7282282914446,297.01896608354,255.8337903858117,1329.905680234576,939.7364019043318,585.3585392802175,103.17954235715,173.03016818106516,394.7644452144086,141.32940272939086,9.038833734039441,28.627410723996373,123.67881750648719,19.960427493802047,4.228520514134462,11.096286106954805,4.421832327315352,12.558792609059628,143.21684546094866,754.0650501288121,334.15345425991546,111.57370508918288,32.12603070946785,5.933887411775219,14.782280326863043,26.630974333010034,29.004857826571246,13.830708422137953,29.154844677960188,29.42055932299982,27.34260250860524,0,0,0,28.38098381869027,44.83642093150961,59.080773154479886,46.22586349739335,46.87270828660264,44.60826228024581,0.9496741087705198,0.953364765134488,2.0160733238660247,156.39361199358004,1364.4442887517157,1725.6100716503709,77.39752007923788,5.90252216168151,46.781149281275624,21.639988705130364,22.402836215095636,1088.0866371919453,3746.4415131685464,167.4770143308903,601.7429588488072,164.87187958509702,4.494877368313486,295.11166745261363,7.444074087498734,74.04508652628247,20.45044246646895,0,0,38.86569762985378,105.35177553252677,1325.3683977880787,1496.2917922958545,1176.8503641328193,480.57433972269405,810.2489353509775,340.0172462523907,236.05463933062535,213.46702024559127,1975.9805894656383,34.57132791461637,37.937832150630804,38.29680497680721,9.261784372328425,91.96415522870403,770.2998400287781,619.146298358233,822.074691603247,125.57359923457894,110.13694254572442,209.3688108209935,40.438336507401736,13.742608022672265,79.47598188929805,2.2860483538655627,1.95802306291517,0,0,602.2869028764034,1100.0895950309682,1212.4602227523949,656.414573920934,286.7565181031841,0,0,0,0,0,0,0,8.59943739612982,1106.439931859724,3825.127795674097,435.5949329568549,9.238927756423601,24.564153422483564,47.16379906738035,49.099054392572995,149.37748914279652,9459.682785584913,8983.199282179354,5063.8292239618595,11.606621729965964,22.34327700665883,661.7529386627149,214.3350740544925,12.501134028907082,18.467377245651413,16.355800163588437,13.374997078192859,19.555974857793114,50.459606750301944,16.667238536456498,87.39730526627956,756.329250661688,22.709484620548977,111.58466148588,1095.3807861151356,40.5944676870263,388.5760954768103,383.63534455607464,191.15647257541343,24.116581727729123,48.38087975083061,913.5829503704747,334.67192624625864,494.6736865048452,268.9283805043847,149.6481651603624,226.97818813834783,73.56144709358189,2369.5280092983253,37.94192852170221,4293.587919130566,3503.4917849711533,6823.896223747324,1577.858207203276,134.64367544989582,576.3382515257732,608.6969931098837,310.7580729299596,2040.3299487175675,436.1581030346491,335.4380075110501,20.916366108102725,15.040292615133998,11.424245866740684,294.37934169272074,5.935600223313111,9.406159535290714,356.5785251787747,120.56460848233571,348.1845518591602,30.656778004852878,4.277434731571411,1613.594383740788,10.609543889735606,20.486405127579715,495.5925289110209,13.198289598905985,427.5392739606221,537.2193968071937,9.245353699480413,457.40087374427094,10.975110986785207,9.336161064482644,17.43857259472943,29.2276887980605,402.218719134943,912.2272305797235,70.85968764032135,750.7605785857513,37.105390821462805,797.9167880450102,263.9500731751648,31.64931417023498,21.239371642140142,28.17338936376253,18.346237822037807,12.648811557651953,40.90082064065045,509.393545739302,19.95645522498235,296.6640457748636,12.222447469179603,22.44627967948883,523.6767459297744,3137.3608188183516,205.97117054606758,1153.3546049693207,136.31591472694706,17.77456801732041,11.899732264491263,17.196646072381014,92.07700290233575,835.371783927657,6.908158886682142,32.56025880365626,2093.208298259529,2772.945085216636,56.89738492468434,1053.8127220628005,20.18148573580953,16.423327963984146,16.366533013709514,14.96854633389289,64.3315198024955,38.57023660025301,14.910363171469239,13.826853803781844,14.525485520788523,34.91591189008692,13.488560685822858,117.13293941770831,659.5438726149663,42.76261436298525,37.6145099350504,26.378232067001996,65.31121497885574,76.15889556117429,1747.429910130854,1300.0169242705726,64.26969247216097,510.12673163046185,265.19518051049806,78.55309119030137,86.528690473341,625.666361435472,641.5723431493236,958.9665156003728,57.41772518958756,2593.32959635776,859.1807486118449,3971.2813103198664,858.926433702159,339.1436505001534,3817.1520322092283,105.46408150698392,12.184654927589074,13.789618498614722,4.936718240102655,923.5408913597295,733.6902384960342,630.1014720984567,352.11259625201694,347.3412145162723,260.0281990710259,302.74731511100737,164.1080877498963,7.7652399838990025,144.87057671047438,240.15449002634352,18.49516982571612,171.11313531704468,0,171.11313531704468,104.35108717170067,258.7957269251435,103.94547950527414,118.78139882214808,228.1568819940238,314.08646115794585,120.44332439024438,392.95570678007346,129.51760540646205,126.24113019481855,410.8951163818004,24.13839622215821,208.66204573828966,131.15457248672033,165.3074107875539,1799.4130404541702,87.85619916484255,0,0,0,0,0,0,0,17.224553912798807,0,0,0,0,12.779029565847168,21.838855218211155,29.229174856574872,96.86770178123055,273.4125230032186,5832.674771443506,2964.499594490885,228.78255355811365,14.031487565109972,4.913247451966282,3.473370519281719,6.371244523638856,6.058948809844398,18.48608197109114,28.480745855303848,2116.2060253659874,5220.712743099331,2692.386285798575,732.4052160444845,492.48615370166954,443.7542686389577,9.721073190174675,8.223158073162674,5.349817374023814,3.692359597638076,3.67521873510995,2.451174613016811,2.4743825484328195,2.506562323972034,2.462418932744709,2.685012772165555,564.1314229559871,669.7864728618247,2.4446247501701173,2.3291379191377177,0.37125866463556806,0,0.4706173495481272,1.1617645123520934,0.34593301772322027,0,0.12019752330413523,5.82845162494292,37.03280625770174,3.26072945946307,3.6382374491115645,3.6184114140675874,3.6205334281225836,3.6288142486204005,3.5928805118946676,43.35516924203877
17,215.2691188440464,15.934347321864275,122.40018874028644,246.15230590740052,242.9763165613297,4.815399398851488,392.39658099688046,279.8254039947872,268.8532238919872,195.4958649550345,116.01356422885937,206.71205087953842,150.7663781272727,91.09566507606526,4.226775164539094,68.23247322404825,79.55545379786992,1099.1929964468413,189.1723063044984,941.193102226879,22.027561164286112,678.3113935526671,192.2336014518317,267.2904118182289,86.72540916658377,212.67549632739593,40.090541025086175,164.96926915640967,322.99301592867465,788.9398553973195,2159.585804580211,1363.696036519827,2333.931861458485,2992.168509447199,2896.6692807166096,3209.613095201552,1376.8927332674589,150.3862069514297,71.78091776691596,50.25490402515938,349.81934279198447,83.06681388540925,205.5073230895357,1214.6242809179346,754.799554740447,341.25233903145676,21.203213849725866,34.31504122431347,190.35001310076171,32.544308558275425,236.62955949481733,147.9389353817438,1.1561343896125678,168.4024903713202,1.5428915506930627,452.87442456061785,260.9695664453321,8.636351750072912,1.1688328184060617,10.461303536412585,1.1866210562668558,209.00457734944018,11320.796423653452,0.7204449917659996,1.2474621221743691,1.242558599001623,3.8681411718706142,1.1797926403507757,3.1106544412553236,0.773970435509162,0,2451.4790970820472,4563.124589013334,358.6525402401142,0.008206577005546384,1.8373003751972437,0.030121499849686456,9.711370710621962,0,0,8.717824303756299,261.12668479847395,0,11.55176276205256,0,0,0.8933785969374789,1.2517502780309504,0,0,0,1.727505434506453,0,27.000705650428205,0,40.734954086419016,10.120447248107661,3.7076613744627873,45.66465286537248,28.096518511326444,2.6486100942446527,0.049322354677942354,42.11113789466107,34.565217378916934,532.6249066812669,37.27183836080459,0.2938230168583581,22.7707668309583,12.822998005286843,1823.4714021861823,408.10291340791713,6.122220107102956,4606.572437499931,7516.559020063297,5.856296605159196,463.56018623997045,3515.822679045766,10.724025026859753,15.430710583505624,76.77551080380226,0,26.62702690121977,4.677221271618755,0,0,0,0,0,30.998812328557335,0,615.2662124000602,0,40.10542825691794,10.524557514561971,0,0,0.03468678205739719,0,0,1.0848858101212993,0.7011748876007998,0,3.969131455061331,0,0,0.7987223401649419,203.87305393134815,8.304638297381837,0,0,0,0,7.2597549040112845,290.0726912443684,2256.074450185278,1312.2070818158165,91.63868986544904,0,44.62724657781694,324.7674402695688,11.534336387119454,8.389419240169305,0,0,0,34.34348098431419,64.7050554438216,0.07969796232570749,0,0,0,0,0,2.5531395030630795,0,0,0,0,0,0,0,0,0.06947422455371804,0,0,0,34.17195032694086,310.1556609824067,39.37949205342181,38.77866173370501,810.3549878818635,743.7643577496901,580.1928399910614,55.63042945581484,1162.3520839982255,587.391536305962,73.11017023744296,0,0,0,0,0,0,0,14.38991756703351,182.21938248431402,9.895000870031268,0,0,0,0,0,0.06715670292665826,0,12.4757211304276,10.821254029579148,0.5369748383922851,2.6442811169889953,0.2434029620784411,0,76.01846319687851,1687.8609289785159,1757.7469566965972,525.1533537695374,125.12034802019149,0,0,12.603125213640906,0,0,6.6261020894559595,10.497787343293938,0,0.25299268102723454,0,0,0,0,57.905597419199424,0,11.832053642885802,0,21.769810785104518,0.7612036754355422,0.013825703814581985,1.1386855425888223,41.65418984541887,359.52736074484073,212.50851921154836,236.95644333672243,437.1683577574394,162.27288360284166,44.43857244760599,27.687202418394534,505.27774199433253,0,0.12598272915511424,285.82949174847283,241.926549684218,1487.4152612148462,2955.0965818103514,3994.282730778414,1167.8336760336529,233.24863339567673,475.38225599614265,10.362598811968823,1.1498114752650288,1.0471187328593416,12.832908464824193,0,0,0,0,0.36182599126807424,0.8294236506375244,238.78269854048077,200.58576403648522,263.45201869557405,498.591448289236,44.56180120186081,906.6201057677122,1048.930200724715,29.79940318138451,9.982051315622348,13.543788886446313,20.528244540374143,26.595672282013826,7.814763206340358,48.5379432592766,29.666121814736414,304.38828976175597,97.97110436117794,246.1844780927257,971.0324658832099,952.7890362654845,1456.6113056633176,2859.0137147970245,2592.884810927308,2383.2923084683325,1253.3182751594393,2096.037190069341,1210.639439778929,296.43798722055203,765.9146422599827,567.77832845216,472.4576146516237,159.47947338961933,48.420304709197694,40.183226124660706,37.07252147586208,16.74343090384013,65.85833468943476,50.492128195356706,2.606576195619979,432.44244052341253,87.0878550854686,762.1102463423064,434.78114661594805,1088.8915702388806,6243.071504801854,1903.5075972257443,36.56290060570158,0.9122001975921029,0,0,0,0,0,0,0.0838656089785173,0.14167134296772754,0,0,0,0,0.08547320526672461,0,0,0,0,1.1570825611805042,1.146390177532361,0,1.2005068823644225,0,0,0,0,16.815895463189,0,0,37.1019949081476,257.2139073396514,19.523948846456364,0,0.17366714913695572,1.2309420596259875,2.799611036647342,43.347163464851825,0,0,1.389465913351926,1.491664055295272,1.0571479980998904,4.916060783372718,0,31.37477217703207,0,13.63920603904109,12.521733003846482,5.770188032267513,13.778703689001873,47.59386644651558,0,4.959272629672407,18.997379095022655,32.47627007039321,0,0,28.646109742316696,0,0,0,39.14851869471382,30.024083983016357,0,0,12.037072855940286,3.4811520686784676,41.346978364507834,18.97696085189607,30.91450597936856,20.02250416817733,6.63092988484245,594.9744490062486,0,1.8253919445693803,0,2.8135731200260454,4.48532371689315,0,49.5604641072408,11.595057589415315,4.0075950716157,44.24437724844133,32.64515871314885,95.90200982793938,23.917231885287848,0,0,0,38.69733008252034,15.338280627531754,24.355937105707227,0.8722873388417822,5.335487670450025,0,0,2.04586258706398,3.16492206548137,0,0,3.007160263443827,0,0,0,25.842331667463235,26.745054929415968,0,0,0,0,0,0,0,0,2759.7366588739724,3201.1015354520177,4784.881417265686,5131.577797667888,4127.206157590371,924.8156004245072,3739.668206100153,17640.934858309818,0,655.0848937298197,24.059872740714393,137.41464461229756,788.6886544485258,133.7582932100283,63.820460679865285,850.0692709124357,91.93140226247773,102.56500509787878,392.71726458104274,106.88464497902166,42.051290700840646,331.86869744504645,144.65954582413855,526.7479625265432,921.4984938721436,151.06289309966888,515.2606705152484,196.60974660402397,351.1372714486107,710.8046679187977,1114.986984235352,1015.4557899794155,334.6462686235456,6159.346384672539,2924.0242040936564,336.8641676002304,718.843740686624,84.35564543212048,792.8464088795915,433.86813111023713,60.433693227398905,33.5404307945942,861.3913357345326,890.9945028936551,62.85541121062074,1101.8023210973965,107.2898082484847,995.1542981422674,7006.147400826937,19287.632796972295,1180.0150842412943,1016.4709717051813,77.2326840277457,392.37911817706345,709.7354792332486,1192.4442554956886,415.42959500010693,91.35432926295171,29.318827521712418,326.50981285309024,0,1110.0714982021589,572.7232490384943,754.9758068299407,128.70156601623728,100.00429569807409,160.32545219501975,538.2854381940696,591.1634992374302,231.15285027290062,57.184666899163695,26.15028422329757,23.796073592017624,15.998930461389037,7.028924737013912,6.2702095126362565,49.21517861582663,7.0416445213341765,581.3814306180997,670.7358376388883,356.81357786797304,2176.0982434767907,9626.717682638951,3390.6543910065734,4440.435029569252,975.8850929156312,7.898855270671104,61.22474759249716,9.177504032324237,0.25057131856986964,110.25364669193205,2.641893852512201,1117.7875526182106,885.1440425028353,144.21475132638773,48.500133738823514,27.176318393172657,170.52579094325066,111.81361996646326,693.5826277008052,132.70061871406512,5.156579106604726,65.7412853141313,187.12252528455966,496.2127640370096,461.33213716391367,475.72345884542983,239.10195511890132,10.731760778827734,148.60546364464375,567.930431104755,141.52774612172325,20.269691218038822,4.933819445957296,18.25581466502887,57.668097159493726,1002.989367897163,1193.9692243523061,2718.9821004971986,2066.7814182422553,1507.2170751273645,1126.925468070536,75.23342212474356,229.0262210010547,784.2368404260864,1495.0321107163634,529.6090705291411,305.4873815618933,93.55551767237759,40.34970153875564,25.00823892777716,250.50772223286762,4340.245089009735,1315.2120495470392,268.6127843747778,3176.654271340106,3751.3981547674316,966.3507836953452,3630.75724833435,319.5551247585841,171.20061239011312,175.24796612314242,0.12927738432293914,66.71277162792785,48.592685726807325,0.1674757373146445,0.09886564588437019,2.372540726396507,3.8011001549476333,24.821727040276908,8.421884004639042,26.45453711128853,167.9634319345927,293.30281918458854,831.1073964885057,1028.1688792188547,84.55763044839684,534.013251663482,3141.2986504314586,2823.320339069698,632.3478983536846,187.57313169169967,17.552075353588197,14.133841558549044,1.4900793674968997,51.392237767361394,15.104924383658494,735.6674375037287,915.0852282119686,524.4717101096687,404.00819024404484,233.82206709480238,1035.9787259584753,376.11736805944884,106.47839322424421,1312.7766267363722,184.35676321811792,2.27397863244482,41.434259430508,68.36234058982305,17.55203411294518,4.812727053501503,22.326761469503413,27.937425970821348,4206.581980041942,95.91192137283764,23.924126203654026,4.8263763444180965,21.224069139789695,947.2371891002718,1502.0556918917396,157.11641507407708,35.26931561965112,30.373764165543655,163.56802952572843,110.02574033760305,659.4399973514128,73.65914784583505,1009.5538608531798,60.73166315073835,1102.4578086169372,2804.435092720048,3208.012475679933,2434.232912534039,316.18053291478077,101.07236206143575,38.587131042447474,40.26579222416212,1046.9820814085251,74.64411435788634,107.69968509280534,76.3990038313378,877.2508022208538,285.30093267887656,620.8864885676528,42.10096705689715,596.7290386693302,851.8191379101411,226.16353521103755,35.99994481994937,60.347224479081234,1436.479737887615,561.2834620059896,615.8555422040263,258.13047556831276,204.31781323277048,106.16711446547372,115.48794023736382,8.170979556070412,12.975087011152647,32.49030073481436,2.9389030320939225,19.721144685699496,535.7553322915011,1141.4486012642526,108.56821922505137,830.53296485322,54.83425352712926,4.810167658705977,100.45397444246218,0,0,0,0.00877843503227256,0.17514447704153616,0.0176894709061373,0.4848760371899719,0.03572555806044534,0.025271079148089775,0.06143692870267804,0.0660982560898225,0.24468537829086554,0.09478485856415997,0.12109832966975224,0.0399763761949049,0,0.04055930503504532,0.2479443654147612,0,0.008190036127413128,0.022651979805403028,0,0,0,1.9035445131748578,3.4381724866218386,4.819677300587135,1237.4733175600497,1331.5318547833692,87.37043413046977,15.532547718872763,83.64491537418442,49.91980750896733,67.65913369470454,2.78811910424607,2.0641067449207737,3.014233974967918,2.520756518596547,2.728278820481312,482.11509483907065,776.7622499333236,1338.6371827947114,7.495011142366458,77.77506948022828,1204.7007984892489,1081.336360925227,1910.0123981386148,677.2822154621315,2474.7975856478215,831.0806500246957,66.8623435061113,2.8189006877181018,34.75756825156479,33.47760101061349,41.424034298204134,56.78901816761989,150.5890984711369,234.6719305355003,55.58076624216089,32.27944673239603,1.0475686876000885,43.750831402898946,106.16500516586947,1.6712740374358075,2.622185542866917,2.6587073475756386,4.810910461435028,0.6650648643055441,3.2181305353031884,1.3498423285389431,0.43786020618846766,0.48512863233221315,89.15327616577412,10.475071890941372,918.5592780770226,97.38937132544922,327.89071083622787,19.054982188095497,26.847302630286713,589.7046359988559,166.3092134030321,3052.9820977511017,184.26594385215313,1642.6452968228236,9438.72817034252,1549.3330691986218,35.50948617526748,0,112.13110486468915,0.13249725823153735,0,0,0,0.01481186514464384,0,0,0,0,0,0,0,0,0,0,0,0,0,0,0,0,0,0,0,0,0,0,0,0,0,0,0,0,0,0,0.02991723197633518,2.4358307757856723,68.01943028015059,0.7690448520735744,174.67229360326044,1.1415610022134932,0,0,0,0,0,0.2063717819981932,0,0,0,0,0,0,2.4704800666696416,60.28225810485794,17.68892813480999,109.07425641940992,57.60140086716485,609.565891283008,2554.908195272799,1848.6582305190145,1282.2967334982156,462.3859002505129,248.24447291422436,1232.409665819654,2158.113018851248,1948.706528068829,6108.827881064862,0,0,2763.775504316378,3285.853412847344,608.4907334748508,1762.9747047964747,2455.5015535774714,2060.4744768172523,1917.350364149832,1883.4657602939965,0,0,0.05105755831114353,0,0.15769159931976665,0.01949114922035245,0.01288038942428575,0.049192381564252714,0,0,0,0.05833950409757464,0.17990426716368832,0,0.16345909091022454,0,0.29348343856985987,0.037294751573322765,0,0.3940167326646321,0.05422084154755292,0,0.04050609611613891,0.031072666256747296,0.05659833730177356,0.029804433885687386,0.016011139723988176,0.33443647968217194,0.1171692589931317,0.07711910470423171,0.11376303948654858,1.0601129286012547,0.5748994779335348,0.012117603594947447,0.07115129313703213,0.08419063811382357,0.06736258956930838,4.582818938152755,7.078352376414727,8.883205449004356,82.02748194384674,50.87052018654985,173.57134355919504,9.089919278369194,15.451272291177922,28.70875803869662,1140.2343109557676,0,1088.664842537113,302.7956581795309,32.81883138212181,1037.4792641586903,455.4078712482018,1245.4634284146484,743.1242186735981,675.6150467255139,355.23152021909425,33.06899630547423,17.90603652454102,204.06690722444225,26.67386065188955,10.379800085095011,82.63423281104795,9.396377008806917,133.69875468608035,29.055843467772167,59.274362778940855,95.68977642501429,120.06420922179444,6.831252538086563,4.8223574879871975,14.941621360907249,17.001363091490212,25.605197187696973,24.689795092035883,32.89141831858656,115.39255795691815,38.155033355744216,18.79463769225448,14.145845564786738,64.50017934933456,358.43493861552616,481.58897004043257,805.858085494511,359.2268275078726,176.8921204130329,564.1991281197264,516.3220684002124,690.0409637977036,401.79383111145216,10.207325315705917,14.501021167254354,4.805590441220699,7.68175411680661,24.12211716738955,69.26550555767383,39.27511480953241,20.329764696006514,16.184404685894094,8.943256226438779,31.030270255494504,19.71097905645747,169.1553266470332,52.83620834849966,377.4673900459087,22.274623954685396,129.36828000920056,149.59454370899303,78.96035016363105,47.98255525057355,0,0,0,0,0.08735155428559421,0,0,0,0,0,0,0,0,0,0,0,0,0,0,0,0,0,0,0,0,0,0,0,0,0,0,0,0.549666090645301,0,0,0,0,2.070567521287928,0,0,0,0,0,0,9.688321710547608,2.7333613916890283,2.7692974937745296,0,0,0,0,0,0,0,0,0,0,0,0,0,0,0,0,0,0,0,0,0,0,0,0,0,0,0,0,0,0,0,0,0,0,0,0,0,0,0,0,0,0,0,0,0,0,0,1.1406841811165047,0,1.6682730131935635,0,4.042045301299986,0.28047062760291125,0,0,0,0,0,0,0,0,0,0,2.4029050599892745,0,31.674568790054977,0,0,20.332675422624504,44.122495743508956,1.1316764234170087,4.303787100111878,16.52984064476313,178.37032486115277,44.73769888510831,85.49268529458602,67.1093503379422,82.33739416828918,45.369007689317556,313.7233588856673,268.8791714578361,369.4653195769214,344.9681917581682,228.54513942415045,320.0023442514125,1089.1538868594348,478.2765490711186,548.0676385037563,1479.398004986087,342.34042314009986,134.72008302063333,0,0,0,0,0,0,0,0,0,0,0,0,0,0,0,0,0,0,0,0,0,0,0,0,0,0,0,0,0,0,0,0,0,0,0,0,0,0,0,0,0,0,0,0,0,0,0,0,0,0,0,0,0,0,0,0,0,0,0,0,0,0,0,0,0,0,0,0,0,0,0,0,0,0,0,0,0,0,0,0,0,0,0,0,0,0,0,0,0,0,0,0,0,0,0.14307417094040153,0,0,0,0,0,0,0,0,0,0,0,0,0,0,0,0,0,0,0,0,0,0,0,0,0,0,0,0,0,0,0,0,0,0,0,0,0,0,0,0,0,0,0,0,0,0,0,0,0,0,0,0,0,0,0,0,0,0,0,0,0,0,0,0,0,0,0,0,0,0,0,0,0,0,0,0,0,0,0,0,0,0,0,0,0,0,0,0,0,0,0,0,0.020501262928377433,0,0,0,0,0,0.013064818145892703,0,0.11765716637949945,0.12849427586831197,0,0.0151270966955683,0,0,0,0,0.017131304653524356,0.0998978919423588,0,0,0,0.05571079341425303,0,0,0,0,0,0,0,0,0,0,0,0,0,0,0,0,0,0,0,0,0,0,0,0,0,0,0,0,0,0,0,0,0,0,0,0,0,0,0,0,0,0,0,0,0,0,0,0,0,0,0,0,0,0,0,0,0,0,0,0,0,0,0,0,0,0,0,0,0,0,0,0,0,0,0,0,0,0,0,0,0,0,425.19257435563355,1847.8478903249345,68.65393720935778,0,0,0,0,0,0,0,0,0,0,0,0,0,0,0,0,0,0,0,0,0,0,0,0,0,0,0,0,0,0,0,7.867777713850492,12.754671934577768,0,0,0,0,0,0,0,0,0,0,0,0,61.2215999311987,148.51249880837304,33.31691360708575,113.3004403875696,44.510362722935355,122.1513623867929,17.56535610349416,403.8993354793948,43.03218722119951,63.444187287071635,145.86957975513553,79.92431902390413,7.496853375248914,25.438561051964836,8.856142294413846,11.832482171468907,0,8.197037678427158,4.130318150102454,15.181234102064755,186.368989760468,44.94923590193063,4.441697923139378,0,0,2.109550223964717,8.715195528153018,3.8748336160474843,0,2.1535749966034654,81.31815155130485,56.326207104781226,31.35900181848829,87.61966652502296,17.665724081713453,181.26120694016583,6.888939569072536,25.684200172116768,56.1147158299752,6.509092366219205,0,231.776871046928,157.56066380845473,10.792111552820517,0,41.06990670440644,47.548855370819894,572.5963964651371,1316.0758490057906,24.613288964271675,0,16.832277610536973,0.21461426371697354,94.09336946521157,1189.4673594796182,476.2917924025053,0,17.669291556286893,0,0,111.83458429148384,0,8.533957242855333,182.08107060579232,174.27573067729543,8.926258443156959,0,0,0,0,0.006642857396714684,0,8.832703981349518,2.185119228979118,8.247617733893872,0,0,0,0,0,11.579081346204427,9.312259451999125,0,0,0,0,0,0,0,0,0,0,0,0,0,0,0,0,0,0,0,0,0,0,0,0,0,0,0,0,0,0,0,0,0,0,0,0,0,0,0,0,0,0,0,0,0,0,0,0,0,0,0,0,0,0,0,0,0,0,0,0,0,0,0,0,0,0,0,0,0,0,0,0,0,0,0,0,0,0,0,0,0,0,0,0,0,0,0,0,0,0,0,0,0,0,0,0,0,0,0,0,0,0,0,79.36487311308701,0,0,0,0,0,0,0,0,0,0,0,0,0,0,0,9.184312881009332,0,0,0,0,0,0,0,0,0,5.820382312092644,79.33330109598656,212.81850044200684,288.20246319198094,1483.3573523408352,452.6355554007194,112.97272965530564,8.398926920232428,61.60759230643095,11.445657098444011,25.628794768218327,8.925172404329919,35.620724007341835,25.648687219870013,33.01761981827936,50.336732733223045,16.136099236203318,9.928828942683445,216.57477873115846,31.92409526570088,1419.5289842203786,2729.586085227359,20.137609418710245,507.7507179349339,61.26009059965345,464.3526904847523,674.9809344746521,10.132234137947897,1431.1802641167728,1289.4446369514535,500.5574054370376,612.6019302096144,1343.2238183158904,3388.246772529461,2924.296789624364,4773.518929898137,1772.361497194562,1396.5406708055848,853.2674088926008,300.51884321130234,26.72121501165603,1060.4237533594614,9.99366828014022,32.071643400958806,9.84016063757487,5.672384965945164,20.14626446347967,13.33072845116522,54.358418536644365,9.938550141465974,535.9300736538755,278.36719606483325,356.61108874984836,189.63336445874097,487.25432407053574,843.9236064631773,337.67433725974627,950.6933348714114,198.4127250064673,421.64477684254456,1877.558633328457,404.581102619536,653.0217358171526,1489.124169120368,3212.4793650184342,1370.8347591674126,2256.7199111022323,2406.57520981389,3141.0764881961913,1753.5950007492422,3996.981503831388,2515.089946577085,10376.007220743752,11012.621856714528,8645.140524232587,4974.491488727802,2381.677941731687,1212.2764063356997,526.8333621305371,0,355.84066485747815,392.8449046909192,2709.434114279826,1424.950919268315,2664.0497170419726,2176.0734313086555,346.32530628413224,1104.3447001517877,537.0173687799003,224.40951965417818,607.9360054977876,1015.1903662996242,884.3910820997124,1427.4499078053764,2594.75767536483,3748.2840171396374,3803.5845519067143,1591.1549057610275,854.5953504836692,1609.2026546779543,891.57982037818,3415.531555713499,1416.2794896238986,910.5219945468278,1018.7423374687259,1386.3451846043833,313.2086462849781,65.39448632902312,161.33407035175622,160.1072272143378,512.4974136504046,168.93187566308498,544.3299973345469,79.37117688942352,437.8160929214717,1575.6880604518135,661.9683378933726,1554.251712786613,468.1483433541382,229.38117311998604,1091.0741244448504,451.90931658038846,1876.5010749792289,1949.6369868397114,2210.6940217059137,1663.1308840803028,1227.536704902481,1302.913531121576,85.55576153602823,1401.7067168973717,108.27719076413184,1331.4168002621934,1819.8951841103317,796.832786995103,474.4774515749112,722.125283930012,1878.3807065506985,421.05192646831483,2291.125829687762,2798.127269075318,746.1239356000373,609.6330533208088,495.4581452375504,184.21078294345043,5092.0779766892765,1764.9383809757317,214.06819192754097,5.244631721153158,183.36046084911914,30.913098714299387,111.0065486717728,33.106753377920995,25.718101965705383,33.22792513931681,607.7300838464938,1089.8935943780568,64.53424737928009,665.4028344765499,79.06373617969889,22.904295002699953,799.2152136855302,34.12151484818896,870.7572527625443,692.7556819048498,62.32158889306341,741.962039769931,699.3809080862688,1199.7361556153737,1173.8187637237786,587.8698518252913,149.12014473483242,27.386843527128196,7.578662096331379,755.047860474678,1844.483917994373,1886.2250330000118,81.10785826850794,24.777178067471112,20.210589529158717,14.954004892335059,18.620384508513744,15.271937064925433,797.0691774813994,180.20325074015108,50.7712234709499,16.09104934360592,26.434803139254527,15.282462697534667,15.289110304790627,86.30564740027206,437.6046764793997,18.264261194672738,84.50467424077348,256.34234371997104,422.40165750676243,993.568621026644,883.9748111029515,604.0173645523956,332.13716187012056,7.488898341321489,353.34521948464607,39.1751808346246,40.04962923927298,43.21684142393941,98.2974172470259,46.6695144527142,1063.9874047965934,40.19091274047283,10.378863192381834,8.889405602797451,768.4774917908674,3051.8430477426314,2767.497663416687,3032.975760039737,439.1499675435781,11.059989245809728,4.545258194360078,900.8503496359964,789.0797376238153,344.0137814469711,435.7062175167901,482.45052294388836,306.5792450939325,450.0503288634746,629.8480554070499,0.46253396225836674,1.1105026594615475,0.6194805579564061,35.12535541037811,113.20738111498497,0.08617365408168082,4.287948051214887,18.153333022320133,1.5454426014698635,0.9207664776802502,76.73663379593778,7.467066346147812,10.029318544791664,115.02430479588692,163.1589943217564,2.5905593186129545,49.1956279666635,48.522562432457704,77.1298831738733,536.2551225065565,9.615608758653904,113.50080876584093,217.17865443590486,110.27182102720217,107.40842909136032,6572.844144852898,1518.8326951338568,873.1072100705794,172.50364477468491,211.58865928460904,7.5994021400725575,40.341078613175924,13.070628108793462,0.9477620741053239,0.7071254143970068,0.8180490509960899,0,368.5276450244295,7204.13260567631,0,0.9890684790135329,410.1819895540597,278.0362394711974,778.2483393420472,311.88967672355744,510.30360377035583,215.16733557971762,1.8017386496821817,15.80707341842623,39.48648145133694,3.9363195558484345,4.96487935226616,45.495581536955825,21.795217689117262,2.1350009262963296,2.7476904041759767,2.2561192026321586,14.966611114122571,20.529773488010395,101.43497753925871,6.472881547901223,31.613066811457678,133.65313171022075,9.546895037263452,31.482340379140133,87.6555843010397,4.558513853138499,3.2864530386639403,4.623386551953133,9.143574734913635,5.822260822294123,5.944176420672982,5.8448718830866255,11.586422546538978,192.28927835415712,9558.10465677692,153.1551394488609,21.295070126408174,172.47623129244806,10088.730509502388,2517.17066922239,328.5947868128537,231.86889105330474,292.69955969541496,197.35769247154673,1670.1248621900102,8562.695130808945,659.0822979104072,257.3769485553821,7700.871573098825,326.61015942919073,224.6267265368414,49.492581980680434,45.46079977841867,297.2585395135252,46.79093631903054,28.439565382727814,0,4.2001571664160116,10.362802531873294,1.4584737386028952,0,1.5837061866792002,1.725835114726478,36.07737131472364,1.7894316753246986,1.619806164253327,30.296835418456837,10.342342041445917,63.36964231295521,118.52906140739461,1608.9414323803942,358.97120275127304,24.415054795002217,3.1067219824476426,21.545660177090884,48.607913309806406,32.43375616296833,4.633706077172289,64.45626929116504,50.727856272153346,47.07503547778711,39.064891730712766,22.42459508184209,12.163630420832336,11.11497745507443,45.16611930896325,7.780789965902499,2.953475347428103,0.8817201298655043,12.768918758832092,2.297889099858122,42.08764136550675,14.791208776671734,42.61832758785821,14.575347064159113,41.3587853995249,32.08214185961177,23.13351914940936,7.301967339064204,22.29860562788255,10.75062327111498,16.992347923871215,18.814533210868728,11.8602140412477,6.3628503075033125,25.215957050474284,40.289501174238296,74.31815849371674,50.47873724044239,12.23957747806776,9.56241105592092,123.36819759892091,1.2369492017662662,1.064126289652373,1.4950546185271578,15.422951494314711,0,1.2630302696854374,0,0,0,1.7494186738232786,1.0128768290841208,2.1082235433009684,68.77285711578102,23.71968231368924,18.476999159922055,211.25858664912568,1.4272980457108218,2.084723429905075,5.607413749450813,257.5802052873957,8.611846521893037,105.63756561167862,59.375479620814446,113.9179417361024,170.69225416893238,353.3984637832811,161.83020526074753,249.64164439888117,302.68323946981945,338.3921524277824,260.3959525988302,210.34619723586283,223.64945886683486,223.9912739519274,193.76704938849875,230.1336617968132,486.7792743144577,386.71516190235013,183.99359290571704,27.776817398050696,86.80070717903482,39.27593767179711,69.54636889912582,103.82953063054859,227.2266498937735,166.63867488925175,146.2147644492412,92.92543874627277,63.91579660508939,57.123354011817526,34.719439339986764,72.38654848692862,8.97478632467735,100.12728343166611,234.39643162749127,305.8555453457287,335.88783350772457,82.3805611845336,198.7554080312704,115.98481973797553,49.0020626317686,63.23068570655499,0,0,0,0,0,0,0,0,0,0,0,0,0,0,0,0,0,0,0,0.20674309874060823,0,0.09744269197909586,0,0,0,0,0,0,0,0,0,0,0,0,0,0,0,0,0,0,0,0,0,0,0,0,0,0,0,0,0,0,0,0,0,0,0,0,0,0,0,0,0,0,0,0,0,0,0,0,0,0,0,0,0,0,0,0,0,0,0,0,0,0,0,0,0,0,0,0,0,0,0,0.4860861653504329,0,0,0,0,0,0,0,0,0,0,0,0,0,0,0,0,0,0,0,1.5011151530268858,93.14549432581543,0.5481460463711824,0,0,0,0,0,0,0,0,0,0,0,0,0.32356428120516717,3.6490226448733964,50.615571708915894,0.15113143799547898,0,0,0,0,0,0,0,0,0,1.0773077810034195,109.43596745440249,24.06783151312231,169.33530773285548,0,0,0,0,0,0,0,0,0,0,0,0,0,0,0,0,0,0,0,0,0,0,0.9899524512866026,0,0,0,0,0,0,0,0,0,0,0,0,0,0,0,0,0,0,0,0.6174989838547613,0,0,0,0,0,0,0,0,0,0,0,0,0,0,0,0,0,0,0,0,0,0,0,0,0,0,0,0,0,0,0.010184962304818931,0,0,0,0,0,0,0,0,0,0,0,0,0,0,0,0,0,0,0,0,0,0,0,0,0,0,0,0,0,0,0,0,0,12.88544887990648,0,0,0,0,0,0,0.1314411981460466,0,0,0,0,0,0,0,0,0,0,73.840856269094,0,0,0,0,0,0,0,0,0,0,0,0,0,0,0,0,0,0,0,0,0,0,0,0,0,0.2084799786925043,0,0,0,0,0,0,0,0,0,0,0,0,0,0,0,0,0,0,0,0,0,0,0,0,0,0,0,0,0,0,0,0,0,0,0,0,0,0,0,0,0,0,5.982352212485024,0,0,0,0,0,0,0,0,0,0,0,0,0,0,0,0,0,0,0,0,0,0,0,0,0,0,0,0,0,0,0,0,0,0,0,0,0,0,0,0,0,0,0,0,0,0,0,0,0,0,0,0,0,0,0,0,0,0,0,0,0,0,0,0,0,0,0,0,0,0,0,0,0,0,0,0,0,0,0,0,0,0,0,0,0,14.950516634965071,55.001606068107854,34.67971615892879,10.052626125864895,29.127929800361777,41.43097582083307,23.081454274532863,40.751861864472026,81.45531566046382,44.97112436327614,85.20894248627675,44.80630819033681,228.16958942872552,143.18825309554197,108.46213356467582,46.75222484046868,54.20039110348403,19.519095864760292,120.82428612610087,276.56134075014506,116.4311729936825,152.27424013190483,14.34496914564627,10.45761052887721,147.45992729098924,230.22693222241122,106.59698570507011,294.88657088100825,182.94595586911566,477.07399344783585,176.55644361168348,101.68672677633636,4.54993884353342,41.60462768232756,187.30073736131965,127.37790728278817,344.90976905623216,118.07246635265713,448.8911912162624,185.71453225088064,752.8318499474917,755.411750567745,464.4486970327257,281.9352443029282,152.37998601885835,152.3688238971383,306.8862594934657,672.7291961818796,1592.1107875375455,1936.6451369128379,4652.244794325626,104.18848782882458,361.89237390952087,465.3303033064583,542.9450086704138,927.7039811418871,1712.0006044792342,60.36231320318285,67.78300210984276,13.647057398670364,48.228222697330594,264.48148123521,102.83503397824886,1096.2590373780677,41.16922151039387,15.86647494596026,23.014357782394008,16.576972445657397,168.3242193727518,96.42502757562617,5.904716368425437,1.6621042953470166,8.994525425142594,69.9537480520667,9.249883583264591,52.542985164664124,53.48587248690425,128.23393375097282,184.30212370686434,447.0672186127024,871.8198718910083,1807.8971812051716,2688.0370796510915,3503.7092374874483,1995.7503984556893,1104.2970831621287,269.439603553806,192.46864925273266,38.64295554557826,27.34640371078502,9.567735323607643,364.8706268529179,346.31968592201963,23.0287972939377,91.63829368334933,199.2364836080388,4.803800804839463,71.46810844577004,102.35468462511625,35.380119867987986,12.62751566386595,41.63611777608279,43.07047726343376,23.897197150605226,20.660921538060922,10.713677910581811,90.5610047293075,35.35955440184106,13.046918563142752,13.74602337849141,498.47472748274254,11.57860240857463,8.1922390215595,9.81161962986265,19.8924537226182,3.263971706988042,3.1683362564183986,96.72876066057597,2.007815110390717,2.391759457752432,3.2927319113001907,13.510000335526552,27.751699311280518,366.04819605435836,216.2655646750081,165.33910950346348,26.52275666655194,18.189760096470135,4.883057952663373,105.88104085652833,706.4603266497328,263.569381890621,12.228138590530197,12.17761029493352,762.3662995577016,17.19013908703284,1616.3523328392337,437.63988993167357,1811.1263857721785,16.746658577462412,26.89004873772511,3.09862891333262,1.4832092301626911,165.12205551415175,2.458265114144879,22.23417461470316,8.87286378419021,7.511974258819547,127.93714523134413,527.0474416619929,1185.9382066729665,1054.1135701994533,155.20720512846677,500.52448256103474,0,1.1433575197830292,0,1.144160425808604,1.1681677566359658,1.1407125825779874,1.2126435106825655,0,0.033582623153306596,0.45064991634861223,11.054804329871226,30.493637228986017,7.229344922308712,2.0980725237356137,1.4084339194104238,0.5565048052590775,0.02754885072415795,233.90577816267535,3.444809858587389,62.55428755320418,779.6090129791654,2.685657528458997,5.254795576930222,4.0328239275365,386.2824808360924,565.9978931290541,709.3513706157987,273.5449551320785,99.89951330488921,222.02984430604053,873.0406076301637,48.62886592488302,699.7832891358364,141.71123263025166,882.9859756897393,1126.5551294418767,862.478282378947,1332.087427294558,534.487272426741,544.237381580719,193.42945665545153,1918.8266670352712,7318.956397327553,23460.87725834102,1777.057649394837,66.97794475605832,108.7851205545361,8.94943945605547,12.271683708067414,75.35459583058616,47.07758670290948,172.833949106874,255.90059674556042,263.1085324984731,33.40474245692622,111.27125980630134,1575.993076399585,19.08095317890542,41.97115093974891,7.196447544291874,44.02678880248969,196.25722261114896,216.21596878411637,99.25408161860896,32.97358119425673,19.29415525232805,106.26431340366139,43.29022671761009,101.07771482621345,26.527399061123702,10.129509231840592,161.65792615598204,7.628112608547296,18.322627604457608,45.843771391548884,41.80596133503098,10.411855411636711,17.171343860477414,57.071462932032006,31.926862064708992,387.2868177537814,76.7793515492979,31.392486445113548,76.56689966198901,133.66526786475927,27.933796861179662,2.3446332337843416,2.3866624408511528,2.9179787734972287,3.052111157522582,8.913078546844758,28.10476568790732,13.925517265620703,83.18023387506685,16.862463194915257,12.030134893207013,11.97691538695993,11.974843735060253,11.220000398082545,8.760583398860657,62.281096000062234,58.02178938567747,6.157287626700255,1.2798377907919485,0,2.022165683373702,11.863202930934468,55.88179182433697,39.59962706282804,15.165235012399805,9.58861998995064,15.331548808200052,32.078297114752345,27.725167450631588,9.681377123625959,9.467692034819917,10.382941005830576,8.879480335434671,9.335976042359897,0,0,9.177030466726519,9.298511859857538,9.55856346637016,9.521988228479938,9.529516903818765,9.2502857073207565,14.187701124276227,0,0,0,0,0,0,0,0,12.971997748531859,0,0,0,13.154406525978105,11.369899363420563,13.390264766882655,13.574859840115497,14.527513779341813,11.12668381075511,12.896358993463569,13.286934155666229,7.615418558765523,7.60666221501642,8.313584921495758,10.415514065104393,5.920040830308387,9.754821214102563,9.680887950516569,3.576502844783972,8.425962668967028,0,9.369600039656808,10.047352030868518,0,14.007860106486154,8.846432098889926,0,13.19244255510019,13.857745448034873,13.513505078743243,13.496126659885688,13.309245568744618,15.945829386895232,13.76741772368716,14.232821877160422,14.109817055846788,14.242720667221109,11.504636910027076,11.946703931256707,14.136769669598445,0,18.487738525728492,0,0,16.470113369441908,15.87591628646088,17.21911726228764,0,0,13.343657870999284,11.699185845959507,0,13.96580317180884,13.556161637976755,12.960769555580645,0,13.904439956570087,13.25720224952141,13.032313569077733,12.858263254072831,13.260275369609035,13.260275369609035,0,0,13.215142632976741,13.225581031813574,13.096671195087223,16.537813368890294,0,1106.255104008862,12.794653562852723,33.109503329380786,95.156009416304,13.649911032343681,14.332170303162199,14.18909534158623,13.7673259247143,12.13964086171648,12.311428892311286,12.45581719572713,12.391323428163602,12.451127163370113,0,12.097202150892038,12.447250565174263,11.954329533599228,12.514999901088808,12.236152064393764,11.806457983062229,0,28.208572528962772,11.856418404446657,11.86338063430682,12.061658978125859,11.91027041215213,12.257198320737277,10.93910762279208,12.429052781404712,12.94294201968959,12.290991098825769,12.682111163577364,12.656726259678864,12.296104339751917,12.125569579123887,12.582093435971306,13.903284638977961,44.18227075338681,83.06930833635283,18.631689086783595,25.209688405391837,351.0215200014806,73.50865000802644,1.3105749453399775,4.413449691260373,147.88100873733606,81.24508274363961,170.70972476882537,46.37222141229437,68.34795033671332,45.698463451193554,338.7359596893249,68.86819741461703,84.16984199020172,1146.8066145743244,1590.823850170704,22.02307890866402,108.69583075986216,205.17423598994225,12.60994152608745,6.784446993490593,59.15862113056004,19.219650840223988,36.790635752991236,13.68336104821859,1.7342735375951126,0.6403360308896902,3.7947856083908915,10.261991116741983,84.91453466455043,2.0826291230632057,0.08160881832741847,9.058187173215927,0,59.418100608833825,907.0341549598916,92.71941042830109,0,0,211.64262616313485,85.8807319028058,766.6381964772316,726.2017246639136,310.6763602245293,1214.1797063405943,755.8755385092098,295.8660076906095,110.54991224541409,80.59980469816246,224.90213623451749,2055.1974667493632,1341.6070281648529,290.8925229250448,0,1193.6464424736591,185.87199926746857,107.24996529293423,50.017756883459384,177.39897302249418,8.366017143700626,327.3075339279175,304.0885989275072,348.6555555137991,119.01126688908857,100.3178445890601,83.49557886997995,106.10410910248704,479.7389440151536,121.66814812683982,81.80799149154647,121.50717178175361,360.6820557858476,830.3753132691783,1219.4419891289945,202.25086706613362,116.6195325823241,333.00285415545363,784.1485471278955,240.98173282755695,103.82736706503623,158.7215505715017,1111.8111863610256,158.2772507185673,295.71408264987525,22.415189490384027,138.78836528063545,105.04592292105373,41.258012431120065,267.6296675268253,30.020669719908454,112.79784612580298,63.57559835536887,166.6636473404397,358.41698018215106,1185.3558334150293,14.88690945871521,110.7837965474159,132.99793948147845,167.49444692580568,309.19463963838183,135.3428837145614,130.14529635258373,120.47052264817584,157.36666577440005,361.80336304656083,386.75222379406586,1034.5267141228294,332.9884883759363,164.98477138874668,214.0695353677778,142.9317196203697,672.5200930280015,743.7416668646206,80.22039767329957,761.9569529742639,1611.0396776360865,654.4372629138677,1576.803624696892,1859.1522875748065,671.5828306434224,159.98756680337328,930.914771715415,832.9426674566655,736.9130597126328,28.832604650548927,777.9432936849474,210.39641763865183,327.85170273598044,1448.1007267675345,478.21082378084606,582.9811984004604,1497.5119736345373,329.71920801698303,210.00380639635148,106.94616525353388,382.95179645952425,226.41180125579012,48.44012653777784,50.31473938874639,284.07361311863895,311.8997679895855,147.09366711866886,114.08475239769805,546.0632309317468,948.2246345512087,83.7319360394157,67.36713110273816,314.63284469726136,451.0493435361737,372.0260332846527,272.16729030325064,845.5813557179786,146.63667184898094,673.7203648075237,213.10348697776806,29.454283966896313,0,301.5293987620111,285.9655299136835,211.52656847358003,122.98040046405963,64.931935810631785,178.06291687793663,189.89939835467607,106.43065679399821,51.86980563422404,301.31023309705733,1090.4959954780556,209.11909869015588,658.2394481594989,145.86497693389512,176.49841294512953,360.59873913339055,199.9371781748739,317.31763265223435,432.5365311358537,102.90049686248607,380.4026259069115,165.3588787157092,122.62427436392998,34.95414960108441,31.44302812713086,174.21189722282224,2.2076909580861237,126.31496623121727,133.8816282070882,235.34866608071758,354.1373647354055,48.03789021677125,595.0449156324906,635.0746691951005,189.2174627337258,108.75095331740158,148.2157186031345,60.345467321745446,16.731164254662367,11.157805192244878,32.42848686482536,19.619550283259688,121.79727348882531,51.64170598254304,99.99237038685916,63.56684989447274,302.68015951113296,490.0317419164338,72.82832618149858,93.03035552074951,219.14081324211597,30.71453836859246,214.29022040026342,143.156835652535,10.481738186442493,2.2017742761187344,27.227123084344456,36.7659743907162,617.685860930505,2292.191910329333,0,833.9922799964058,228.16173903666265,27.125635565211304,825.1312930622584,0,627.6462443478885,70.7644120902559,52.53065407892536,0,0,105.55559059281202,58.95036106346214,9.540079644953435,5.88156922374327,48.06789699406804,104.28981842467212,1.0822234191354274,0,0,0,0,0,0,0,0,0,0,0,0,3.8400702150675388,5.661310366594266,5.77434421596383,5.676387678724488,5.661310366594266,4.495847556996891,6.034043733288438,6.395239115771601,6.118399647630265,6.393184462790991,6.909819936258955,0,47.797889502569184,15.050234589926557,0,4.0171144310160605,0,8.982091089290785,23.442632491485405,28.01558610656199,23.362722950139414,23.627215959985307,0,0,6.700250676523822,6.63135776558303,7.895999715239067,9.986768685707947,8.411344632793275,3.7906432367764156,0,20.777732630114606,20.0740908623774,0,0,24.724547003894514,18.249785112863012,0,6.134683773376088,0,8.501107381515174,5.025852965273303,10.081082788207663,7.035617846252221,4.35925567622619,4.0054307311224475,3.414269150174855,3.701902144190793,5.799693458761568,3.413216363116636,3.366222106584168,4.0557381199680895,3.1690256287917666,3.944604794751094,59.66210758877319,0,0,0,0.057371812220421134,2.9581981021388923,2.9604402294682934,0,9.776237073656565,4.930824789312396,8.835982863587155,4.807105925140999,4.914628043706187,0,27.856315036160392,0,0,0,0,0,0,0,0,0,0,5.682754426323174,3.8939375072694165,0,5.763342681478229,6.557589600285858,0,0,5.016305466217714,0,4.546083159360293,0,3.684137146721493,12.774052511169653,5.202998386047186,5.579567960991887,5.382223328170647,4.015743901216896,4.044119626088884,24.910275384631134,5.416886915109776,6.204127095814019,0,2.1556928021191486,0,3.294823369980794,0,0,3.2937248208736483,3.4590798402881835,32.131810483228506,0,38.9020245383434,0,0,5.352928079268708,10.216703999060563,0,72.28311592500869,0,12.863464859995082,5.413586660531986,5.759104632990586,0,7.0925750741770965,0.5030266773936569,0,0,4.960926773784004,0.472262679040344,0,13.754966480979853,0,0,0,0,9.172916150850542,58.76920072035021,0,3.857939923224201,12.861880119875819,0,0,7.274153517783964,98.63335724778442,0,0,6.850446406014028,9.517328972662105,42.08580293464236,39.048303413952986,36.249328349343145,1.5221569158496653,26.173187294219876,12.123216139227143,0,0,0,6.8404100699497095,0,28.583244785604467,6.87159513260272,11.9411324657483,78.34908705848878,53.77701045878312,102.76174107047719,12.928190837209499,12.11821795019382,13.895114763258203,5.8373203587045035,14.294236373063255,0,8.995695932821047,0,6.890492469639017,5.104831691496376,6.288131833349389,6.115142922975579,6.36427200045535,11.003072300549492,60.479471169382066,60.032863948683676,130.84394933545437,72.90509846386084,198.57626490576328,0,131.05149177128715,79.57743918256365,4.693510393808189,10.760229257587602,112.63609485188823,9.548226109592754,50.151457988312984,8.556193937507585,0,8.976919223524632,117.98506300828367,8.144115944390371,9.539291391201168,0,10.541017507399642,9.478962330424809,111.28435335844839,10.25303465714906,0,170.69720848950405,7.101632784234749,284.7551331993266,10.518405746545193,106.85673447595171,9.771390821092435,99.21557228250771,99.42046910483586,283.30928981332636,53.71254736661528,34.986299956014975,11.332189399065209,9.55720546489817,10.702062753516453,8.181359443741737,7.436469529379486,0,0,0,0.9029327742186385,0,0,10.839778985458874,0,9.127154280055658,8.393266414712025,8.893104771306701,0,21.09647123465216,0,4.145693213591454,100.55662698558757,115.7731979864007,0,107.47251556833201,124.72501519787284,0,120.49618857452185,111.65653939238014,8.766097429062821,99.35650556195368,109.89935303799598,100.59576196447156,0,107.74794070507117,11.558120840841772,101.08890153099186,8.755584764236593,11.817019053447995,19.589175986006463,0,8.896406535958844,15.570233171380961,18.032575707261454,8.84926074559325,14.575144698533927,107.44238344454429,0,10.699513734764244,0,0,0,0,8.791496428680423,0,9.102386564645036,0,5.835106588856973,11.965674796382823,9.952914312379534,9.425966398542545,0,0,9.586040042777993,10.463670362037265,0,7.949294751662024,12.560467230089033,0,5.218096605342057,9.904838019401021,0,6.993167830888781,9.755716170737891,0,76.20188249862557,73.25497613203899,6.228080308185071,0,0,0,0,7.900541203098174,0,0,0,0,0,49.1166776064523,0,0,0,60.22405363652287,0,0,0,0,63.36623226242175,0,0,0,0,0,0,0,0,0,0,1.4404083933764502,0,0,20.84968312771652,0,6.268310730581432,0,4.376703011182861,4.062588854398886,4.179474807847835,0,0,3.9538385114092534,47.827166199545715,3.456399593248442,10.825969305716233,2.4013162659777585,0,3.080750800912949,0,0,3.3566616004037093,2.868780315913962,3.019637937324126,0,2.8183602660044325,0.6691690704373943,3.030717866393813,0.5394816480952384,0,16.913452120739173,0,2.8602483289500276,0,104.43620273721336,24.308403767144586,76.76759975218891,23.25789954939985,61.75285523799738,12.863609835183047,0,18.880860569381536,0,0,0,21.752435797201848,22.017177229531953,17.526815543573697,37.69299247619808,0,0,0,67.92579966106801,0,0,0,0,0,0,0,0,86.46251186196777,0,0,0,0,0,0,0,18.129225870122433,0,0,0,13.0131590311519,0,0,0,0,0,0,17.832379246005388,0,0,0,0,0,13.793798145324553,0,0,0,0,14.31860370295246,0,0,117.6121441530183,0,0,0,0,0,0,0,0,0,0,0,0,0,0,0,0,0,0,0,0,3.4939232684374972,0,3.647171925596549,2.518167435955731,3.497213561219502,0,0,3.7473216592232177,4.117105094578803,0,0,0,0,3.446258198243885,6.279828749886099,3.2770420415209585,2.427505198634375,3.662362689107899,3.262809773442458,3.4954924561489915,3.1049798599759,4.305926306073728,0,0,4.579210763599931,0,12.51457789553701,11.588771751369375,0,5.914485461676322,7.846914487040835,5.676993829661037,7.448230089437956,3.507780570665101,0,0,1.772269683242237,2.198511840881999,2.8380297046682332,3.488842470152205,2.9953400900554374,3.467476001318624,0,0,3.788411195735369,3.2654034820183013,3.4840709543417105,8.268820491625,3.7185476358622567,3.287435770548036,0,2.3918176247931746,0,3.088346453842873,4.05805916652959,2.2762542145504563,0,0,0,0,3.2103242572576414,0,5.89373497632747,37.32303598310797,16.669934938595198,4.947703354802486,0.9760470423368698,5.766815081346342,13.871138821047472,2.4213182368867936,0,11.084012451302357,4.289808324463148,26.215331873125177,13.601809754361163,5.197902335118137,0,10.09539634894059,9.267525500247402,7.267325149572994,110.62374761116136,7.39502355777375,7.175588297944526,5.532787079002498,6.798175045928062,5.336350299243451,4.086720048386306,5.998075053219343,6.160813524833096,0,5.470822198561334,6.386610291436739,2.956315167972181,7.066573071116163,0,5.7570498465417295,4.839154792305171,2.8966684316531284,5.586037435501325,0,2.7370325839232197,17.213931323817043,15.60133757156582,0,0,3.8798193501018563,6.074300332576062,14.197820970062931,13.98303074196694,13.13725570072099,22.460978527511852,32.992757522209345,0,36.54665263809107,4.38517228229669,8.212467142438042,4.915720522743789,4.978242288102111,3.816149465024321,0,4.702255574103979,6.029295705939932,5.033368707249022,3.979521694763707,5.026163909352109,4.583865130849125,0.39336543587430023,11.28269121476182,0.013320847712609728,13.702864691783704,14.476361924352737,14.671945357797165,14.506984023885439,14.506984023885439,0,0,14.541328347945246,14.587862722681445,130.86171538966195,0,13.608316322324495,0.6634824351891727,13.764632190071787,8.648470573467952,13.52340026364348,4.405915387262898,3.9719426253236656,13.280669668968114,3.966979397807154,3.0693588614676766,4.3126491201500174,16.075823018936877,3.6741222886648774,0,3.796503169692101,3.2887863676695606,1.2680759709738667,13.454299441139229,9.3365850965600945,3.152196022408676,3.138152762933029,10.31140230895868,3.209441219641612,2.1526565767164634,2.989827145907232,2.9783588470458655,2.5279085218771744,2.8780982552386747,2.7891869040122503,2.6239346342158525,2.625929340883361,2.647711638908309,0,2.89392817530669,2.8831075497218186,0,0,2.818336867230182,9.361319806054512,2.9536353143867116,1.7083938053902805,1.8657387901566456,2.982591697555759,13.80478137717457,17.205487303474516,0,13.673000234366565,8.880670815502814,2.415099663161139,9.575412788821618,2.234342130632657,14.007678825158637,2.7913957255676967,2.226669956623875,2.217349523567191,12.283690712918649,2.2387841680370664,2.4812092603478666,9.739773418580116,0.9869803455369173,2.2630418157903267,2.0168120299291044,2.130798976210358,2.0221212237055997,1.7054145875399662,2.0175944005072286,0,2.1501803683309713,2.1048531027310102,2.673620151681088,0,177.19083862748084,0,0,0,0,2.060612754869705,2.180721264390108,2.1853012869704633,0,2.175310954185123,3.0797668057105563,1.8208786166364785,0,2.4430914094299174,0,2.4653295344621253,0,1.8626079018915598,0,0,2.1737922258740303,0,0,0,0,0,1.836983552269246,0,0,0,2.6620532805519397,0,0,1.481446497229412,1.6867897604452604,0,0,0,0,0,0,0,0,0,0,0,1.1140273427719019,0,0,0,0.2546314550139242,0,4.378693135544691,1.5801368990356213,2.384109873854372,1.1565455945724006,0,4.877632866110703,5.661438159052943,0,0,0,8.570978570387608,3.5260881912104813,5.8493240344255515,1.8489160830634506,6.151008520678065,2.086699255357023,6.063735326120448,3.93186145467283,3.675004684619091,0,4.721714691269457,0,1.5406899180729559,4.011897363565396,4.331381937623462,5.497938315024215,1.6653899313055696,0,5.2872815640761,5.453115226908146,0,1.8963270456249988,6.962199771933151,5.83110124678712,5.812096122016027,0,6.156238104896149,0,0,5.519335770169937,6.101575497418994,6.147702343819794,0.9420256475607801,5.480618480497371,3.7929971246537537,3.869172255497127,1.730320774583108,0,1.7040251046624848,0,0,1.6865421491614554,5.29270992408914,3.8275636173784258,4.29381377443155,0,0,4.108548122029646,4.186913254707904,1.0262579857681968,4.264845235399626,4.3683865253513705,4.605775009833967,3.1928485721617483,0.2080613783227693,0,0.21433518761216427,4.0745625373283385,4.779285292308587,2.2560569197403026,3.5172007165529324,3.9301874553497353,0.2949725328578092,6.598157210411654,0,0,4.116510859948955,0.5294142775105064,0.26356949587076334,0,0.9137729148437359,0,0,0,4.909606616105373,4.580238330036723,0.7744622840006179,0,6.78482708058157,3.9135229994142158,0,0,0,4.006840275070703,0,0,0,0.4983260426500391,0,0,6.867938095120659,4.0083339209928335,0.24311644355831388,0,5.533476102027199,0.5229137872316967,0.30522024046137225,4.9819303369084365,0,0,2.048344944198275,5.189871145914249,2.446610604267474,0,0.8292025030349591,13.479547488490418,0.7837067270708792,9.623675576696892,0.8039864460276627,25.22827027600067,1.0077745853030236,0,5.219551798267363,8.540427540843352,0,0,0,0.7854471190771987,0.7910352084862645,0,7.595221641721615,0,0.8244061496215978,0,1.072245215046837,0,8.491481367107847,0,0,0,0.9991157606660239,7.728320248087032,0,0,8.503669085330023,6.523597186572108,0,0,1.169543447276757,0,6.952714232120099,0.6586947270394502,0,0,0,0.8061679925343701,0,0,0.6865538426350709,0,8.217018540087828,0,0,0,2.372308249752328,0,9.808858924671286,0,10.401169500020448,8.64309216461001,0,0,0,8.66202520863576,0.545580119038132,0,0,0,0,0,0,0,10.149064234817768,2.655374578705599,0,9.119988431917948,8.567158257229716,1.395151576489641,8.250806883293741,2.62557199392544,0,9.12569260859117,2.754548332271277,20.253455062382212,9.309000273473835,7.343146695216582,8.161025169238467,8.938377778574734,1.6797560063471397,2.918051328645594,16.676066168185084,18.474715201936874,19.452270734093123,18.064064486790382,12.891719317949844,12.747843724217638,5.739914489125065,12.747843724217638,14.479986745698563,0,12.796095824593907,9.200834552396664,0,24.94406974303294,5.029628746358916,5.353311717947311,4.2161276116742386,12.719030354813125,1.8017552948993514,12.719030354813125,33.21466774608328,0,1.6425708305567142,4.700795943695597,0,0,0.3013202447116114,28.640127682817983,26.518135123777594,0.29772085963090095,10.76694017849468,0,0,0,0,0,0,0,9.640197820390373,0,0,7.332981415563372,0,0,0,0,0,0,0,0,0,7.377583266717875,7.133091269673083,5.575615190187058,10.69111940050838,11.168019433115441,11.47299077878017,7.557391327795122,6.504624804599144,7.557391327795122,6.3067152382715985,7.557391327795122,8.010909010291346,7.025960557445028,8.357388235044764,0,8.357388235044764,8.947621596950471,11.570026767682197,8.545327551496678,1.8078217180557543,0,1.3340759400188245,0,1.029666666795456,2.1310679925831275,0,1.7604867691985504,0,0,0,0,0,0,0,0,0,0,0,0,0,0,0,0,0,0,0,0,0,0,0,0,0,0,0,0,0,0,0,13.677709858180643,0,5.101713021698641,8.70586053681455,0,0,0,0,0,0,0,0,0,0,0,0,7.67529036394054,18.588413912254484,23.83540329432089,14.071681717867536,3.6327718441545547,0,15.254477403953402,18.175231246128234,12.255672078799876,11.808224917148793,16.99638689956539,17.61603003300534,16.378437309800468,16.70906637158536,17.26186165416402,22.051494212248624,19.194559821800148,23.618489349688705,0,0,0,0,0,0,0,0,0.6297225401640216,0.8049869021082611,1.512566872899303,0.6498999908204632,0,0.6038148665517742,0,0,0.7782106286182002,0.08756275646657156,1.3934804982553122,1.630554541892098,0.10250311844161926,0.946368750908243,1.7402857263517726,0.3270087148863598,0,1.5331150158639995,0.7037675084211439,0.7705036052325962,0.7492985275142169,0,0.6840302976004969,0.7091366563606394,0.8647521437666822,1.354522929060364,1.0430246669621714,0.7939385946902561,0.7942718264746587,0.7807848984020271,0.7530731049535123,0,0.9334721461771042,0.5518127064691114,0.5460833850086654,0,0.5817011501924052,0,0.4583413452530023,0,0,0,0,0,0,0,0,0,0,0,0,0,34.64055458212134,0,0,32.60046116297086,36.26104570788171,31.210197726860798,31.078763536100016,24.687712651039156,26.560651283697336,0,0,42.8427861577623,37.282157145105145,0,35.33636602881551,33.615832176121835,0,0,34.742892187118535,0,0,32.269401654270105,31.358679128456433,0,0,0,0,0,1.3763830547448153,1.1578516722809664,0,1.2738090962432582,0,0,0,0,1.104013314145867,12.141791868310504,0,0,0,0,0,0,0,0,0,0,0,0,0,0,14.200893013738032,14.632717422531814,14.545802244967351,0,0,0,13.825696952072414,12.964787390629311,13.083237188409566,0,0,14.369102769452896,0,13.939071304602615,0,13.059428019407889,0,12.724954897782453,0,0,14.666830553298558,9.923350495667508,0,13.532292144690226,11.820233964710717,9.098598638861569,10.35519412114412,11.51896076641479,9.201441924245543,10.546742063280423,13.136525956824247,7.675609779467424,37.36776784811649,9.872683740416047,0,9.615888834552077,11.504257365985644,9.125417667527074,16.93195605743681,9.734300638999986,10.486590174674424,14.691039682550779,12.257340257208247,0,0,9.940203336096891,12.387562425498919,11.328337256127673,9.167278909890188,11.81959557105745,10.390175539773061,0,2.3190407143498906,14.092256606465122,9.898792546439365,5.691409060937153,9.648510312698212,0,5.691409060937153,15.466745303978398,0,9.202369382225314,5.691409060937153,5.691409060937153,5.691409060937153,7.7805146731177715,0,5.691409060937153,11.150487940394854,5.691409060937153,5.691409060937153,5.859249046977175,5.790629718912413,9.57908749550238,5.691409060937153,0,5.796835029453228,5.272575184732013,5.802783893410364,8.601662625675681,15.454497347826527,0,9.259979953258371,0,10.14137576611497,9.105693718631821,0,0,0,8.238519828187924,0,0,0,9.03742554259359,0,0,0,4.9389678397033014,0,0,0,0,0,0,0,0,0,0,0,0,16.810916649822317,22.343145540109127,0,0,16.810916649822317,19.384127054782045,20.547095581866813,23.29498243850386,0,0,0,0,0,0,0,0,0,0,0,10.849415595898721,0,12.717068333114515,0,24.3112440885782,25.8242630838264,41.6154094088417,55.289438709437825,48.96769972095604,24.442455000174952,0.7614457352314753,8.022708361493008,0,7.53598716336035,0,0,37.316430614547684,0,0,0,0,204.24963724238697,915.7542782808656,175.15249680381183,4.999177421386193,1.1220401093397414,0,242.42537005889886,28.350481933193656,292.73191151887914,993.2516802596591,74.92218595311203,3372.493899199508,225.97930983502184,3907.593219800428,140.17464762678966,1110.3462671030418,934.053505584667,16.752584600792694,13.919775764656,7.619315700286935,53.955508917170235,10.623568372459054,31.488953357412008,34.29458141048102,99.75620660717813,1.5753669666885837,9.944912458669823,31.27624858209215,180.79677715772348,7.145142960180745,4.787741024305358,14.208954754989938,11.413955602287652,14.752611177661429,126.66067960150846,116.47170804628175,56.05607947931765,26.076539050274068,61.942309094826705,201.77519778799228,127.20569827112678,57.38499456021197,28.966089688922104,62.657731969285514,355.8979142295755,113.93859475878956,102.74240834031826,255.23440692838403,209.61641281763394,121.2407532344177,106.10490859727437,74.008090049064,235.60182892432294,29.380686085131643,158.12775379145674,121.3031494467487,337.5793017725497,49.009011870769186,66.96842249639185,255.63421684849294,11.399899127075486,126.01067432516469,166.38849304769008,32.587659959777426,116.5210488157432,247.68419995434732,134.38179727420663,118.81434645026506,219.98451946943248,300.716673357583,443.4637187139845,594.1618528152476,1273.8633805018028,52.498386264650534,212.283664420688,254.0211314577072,478.7071592908651,710.8285493229286,16.24972160195327,84.57580911564986,265.5437776713266,157.0837587142506,172.96311659169402,99.71339552965004,148.75262374774934,272.0366675582318,229.70412530340334,10.031432160049915,9.817807130011609,50.264631620768455,225.39010126663695,74.32509028628981,11.634746966642593,80.34285764122146,1715.3377736737855,503.27679587687504,58.740044408580985,177.84734898000397,533.1781921619606,511.54073070214145,821.2829140761271,200.13667783266493,3546.856851670364,8943.847571765147,13030.746615537346,2266.947950046423,306.7300660957136,36.27008808602702,157.2170374118057,87.04412606739776,525.2361144043327,322.43596198308774,420.58608597919937,1965.019162829487,13.96865627252924,23.134770263912326,5.270627712383428,3.9052909380903618,24.46686623803979,70.26185525673402,61.518535995126705,64.68118114784828,34.44393842678151,14.656687017890562,81.52659991295941,19.804334599841162,10.056513884327748,10.707322132433132,20.767329148680865,67.92169527502503,12.994365936481701,49.72586325684412,847.453541396876,9.699578735892466,13.797967854562181,41.47010172212876,6.153115396579643,54.78948725380248,62.851524593680466,381.3011081416422,2758.3830663289395,197.6757389810398,12.041377929558015,9.889098160778019,28.924279460987517,13.13679432820952,60.29203438992354,29.76297708499934,70.8121280940442,56.577701727764335,43.37899827289416,31.239590141984294,178.39320116035734,23.284002965412686,3.684764367463628,22.359709835483763,75.65166190306738,1.4548169371040265,6.362248590215293,387.43913043013026,3.875721884685431,1.374681901825806,1.9603396969830122,34.40955203357703,1.5155330546197217,3.4610888564682782,23.417215307611794,2.777561308142586,1.5657244270370863,20.313643015803862,54.362389462421966,27.183979407543035,9.132875991049541,16.040502739334435,30.862858719595597,51.17388597466887,2.413483341148663,20.209375156887802,56.015867198985546,4.2105855321176495,25.292125369681465,1.986318762631626,51.11994218973962,132.0785784282666,104.52775134105606,2.548408366395613,82.24905619912053,150.99721267328005,148.9619224818089,183.1191491272086,203.97599773544516,231.75467079990602,165.21844092316263,121.14395269951599,17.883778660927824,14.172697889757364,52.70646181665291,65.65892982374434,8.006266878278678,8.22228948061101,56.98869542537325,103.779118533201,14.552462649415617,9.865454293569833,185.1563591160919,236.99497879396,360.1010998986464,8.403736134441372,1889.1230813878115,5.718521763416021,14.762590203257563,13.045193611760773,259.2395294114676,35.500711930122705,27.546963410643677,43.61014395760535,32.82777338703599,4.128451205677352,7.613950052574296,3.742873298829201,0,0,638.1874562973788,13.137075459178126,10.489355867677734,945.4564336707095,2609.8342089249936,1719.8928784771877,5811.5526795708965,9216.210892182295,12537.748001187316,1213.0022667707872,7417.057739964616,7336.764797259776,2417.2298015313095,0,644.6337387508427,0.09747439587747608,8.624801676226696,26.56233756591647,10.938237294233408,21.239903716784156,32.261836876441436,45.2103820581992,14.195362188739638,10.741447849937426,19.22662708205822,20.177900616806987,50.01267631138026,108.68432458450651,27.66459220039522,141.77836453886675,23.174644507376684,20.89944930656208,17.937812507064113,32.44944240867063,19.090164285059533,20.965425206336924,18.418621128130884,22.03116930510157,20.23175372826518,17.718173418399257,21.80890152656613,24.257414198645808,53.605433203421406,20.327347548366923,21.985976346756452,24.438995095903337,26.48866412970494,27.227505567605423,180.40161928750112,3957.1745089333467,160.7555403342501,11.919267952802176,7.668032927936643,26.800260738399984,204.8364103761864,41.05457557365547,40.40414841353796,570.1294993768989,1742.234880535694,11933.405922381442,537.0959605657957,6718.054105214655,96.45928215962913,24.060361667325715,91.81994937127197,25.156669462032156,27.12109474174619,30.516012729473427,160.9555887669308,15.517375156631221,19.671877648836485,27.23033018008875,25.806888207559965,25.82885107164132,27.005672759494782,39.11575482976321,32.412530562533256,150.92503256285065,2680.4614327883637,684.9757661650236,63.57723081300095,17.195716351280307,28.347176023480895,15.58922389692595,10.945060970159602,72.63137210431742,102.7715666015554,629.9677518875777,341.9645234503938,7.549692913376187,61.0216318020132,9.612320159175985,239.44490746981157,31.103761751042974,50.86593776286506,1.073514500323901,1.3891460484169178,1.0066228550595104,0.507920700483164,463.00272515738044,17600.698630814415,129.25920528311556,11.191637738741607,709.5266445509642,465.34717184011896,0.3993756313562002,98.9704002575194,350.5415688420888,470.64321966515263,240.5649890639588,167.05725242945263,40.33698930190299,0,1.2051540133397574,2.792178195147849,4.77454823856455,5.924648895920961,3.174968354071119,38.840371379052584,10.245153229217491,4.8064393204155165,3.4085985282203386,3.273096968481013,6.897550432988993,3.5234986752626543,64.24529536456575,5.374947060476573,5.541781520811123,5.8324461993163625,5.669555199335776,2.3648702488990594,2.299362889756042,1.804076825669971,31.3378848660327,44.69484023759322,81.82682544912058,204.5049196118725,1423.908916213357,16.27535950402284,124.09041561008975,16.53012439914886,105.74377190057778,269.80335194120306,436.7829451832513,220.12593709299358,238.8683320384264,156.3572642568753,195.75973738265637,112.79960132731368,29.764741954061616,105.36201176148629,775.9050218128004,35.96353716003292,750.9281270169988,415.93201252736554,662.0671357420509,24.217533930295495,1011.013246844437,125.68284260988999,462.10958423837445,2890.6205541207587,992.6974782782853,1417.9044680961385,7225.991345552153,5761.150073695927,2130.964942673358,885.6608237167463,812.4137319712052,273.9343202023188,178.56134645477775,365.05161247913844,13949.796921821451,29394.52935038014,818.0558503440798,1890.3444396019033,27627.675581552958,484.31189769185346,140.63113902060593,80.817107715737,238.2337193640614,27.97331311665065,23.491865266147265,83.90568543458205,1818.225350689297,317.03928715610147,1207.2101811045175,22.34769861800446,15.620414954323113,11.991225687755584,151.20724346270873,206.19021387183437,213.46684948421918,313.4216119496681,554.4488399877187,321.76143083913064,2676.17838006898,511.5240693454346,472.56798701006915,79.30045153801633,462.94426171724916,96.42045550188034,1215.2322952516872,1765.9126132661097,1092.8882887449233,443.1155687542082,2524.3220169341234,1227.8959900817708,1719.5620281464414,4483.922190926043,2940.2647614830735,9810.990386669562,6524.800784494688,1192.4652302574584,1136.1057471871375,777.6682878576198,1648.044387800718,1041.122043272561,3011.5340569103732,433.7892756063344,2762.1854015249833,2326.22282109716,2079.5636112226484,5840.673560850436,2016.4238570120747,5581.16590663715,3189.597550253674,588.8517485753913,1642.7237738396966,755.468492389181,1374.9652582709139,3295.5596134572224,2361.3086543828144,3506.823262076746,1690.9179080428648,436.561042887075,969.3884084461704,1803.2542823200702,2272.338716589763,3980.9769051970793,38.35834208636053,305.4216929709771,324.0318254536648,470.4086139459152,93.24934352713873,377.0323578986129,75.0718915163922,296.77013509534834,3246.116930883264,871.8368026863068,1209.7610602425489,576.2302094500412,1760.3116802536492,729.1853530971646,1729.1975471429143,1576.9956265903952,3094.1655730977172,1308.6134431625217,2921.9647867177678,576.1668290064791,1722.603925676668,1711.7601138406403,23028.302984197875,1810.9554347816013,107.84299537601869,538.7149790225357,42.38077813370436,142.99494702667732,1934.0251443133184,103.66151740384713,33.23367497302502,81.2309208120805,40.7389603789214,773.7844772641176,271.9569178310689,25.775281155431806,476.34501179796354,328.08197943350456,1573.1892653302727,251.52101302927193,185.54016082752764,464.1620884190823,1166.5683283363678,338.1259887000873,28.7230895421058,493.35409905898615,275.63975137249935,767.854204860761,550.453786617226,174.41729957910005,1430.774273161259,2331.243552146723,518.6156072820273,1759.7805242617899,563.3628537254649,2529.9870883359986,5637.105357804125,1310.6052219628198,587.3833274793573,201.7993807991256,1003.8900275202518,5617.600556974062,10426.849114700271,8198.466875093503,1070.1955832798144,686.5335082774651,430.39001319451125,341.768951685691,1738.0461955070264,193.86135679383946,1601.1757958908381,1517.1878961253399,1018.0500883517332,327.0439765448791,128.72177747191478,498.57657597430966,27.166201632563844,77.6865419701894,489.65010223600723,30.925854457916085,114.39390474553527,23.78572632568921,233.6800047079392,215.95845008249606,164.3638080820161,263.81287061008726,78.83491400935343,54.454071226765755,260.3519826989245,1969.2469679583648,494.3787891002973,89.78478071276014,830.4464310759976,561.6508259538595,1807.3571257881265,712.54325426905,1267.9093131327509,1822.7331559979584,2334.1033076159315,267.21240802737674,43.73181014638304,120.85303984101738,710.5710019788532,167.14055268528907,40.59285718236749,135.97396599780302,27.289765145568214,23.93795180228388,21.231616042153608,84.579731975099,1.9149681717352514,0.26505383570701485,0,46.47935095608838,0,119.94132365926862,197.88663975714047,30.796065783036184,119.51414965133645,0,13.588388386870275,0,0,0,118.57686740185606,161.49567444715166,0,8.768512190977273,0,139.45100829287662,0,110.45972767734395,0,524.6955424656686,18.67906962137235,201.52366132514217,118.99257915971916,27.353909035787694,24.363440936379707,6.412001392156219,26.20188157550271,46.66746090735256,10.30142081341101,48.69789968389389,58.81755989464618,6.312949940483636,699.212028689223,5.445868170937545,1.4483421761751873,20.486583755253054,12.649429226032439,3.0384200731283157,11.801122729723001,8.383769437102409,234.54095770649099,5.100045951943686,6.02269096459765,9.111714845517172,18.996526638291627,54.008465156122114,5.328981007102119,10.59483274201184,7.578117228894318,35.25594634976396,12.726175416894684,43.846200359304305,508.7241090286841,11.472971153245457,35.13498459956877,36.945298439981876,87.91453017423203,1082.6257243699702,62.71754234059703,9.561830811390202,4.026428815914224,24.334312956399838,4.263158951814722,1.2666972817392004,23.838514769802135,32.36534016292066,24.583194412102436,14.766028553758902,24.037900768711843,0,1.949262346361522,0,1.8945634319367113,1.049733622276663,2.5585986088589583,2.483853138806912,2.979211308370246,1.774666447057412,3.395515129890036,23.957445006755776,44.142357637915275,7.229613884065871,3.5176811614720185,915.577413374093,19.88660247341032,4.984443529732577,1988.759456191208,3.465347655432425,0,40.80074804836633,6.519449192302105,5.228261716956195,3.9192149946751558,3.1736431380354237,10.627845652531155,20.615038699277278,11.609683354878833,1.2862529214979384,10.658894766478316,6.2194259161147905,10.929906352529605,2.71519919549654,0,76.02044573330363,123.901673322367,976.7851855577965,5.464237770085577,965.965389848461,5245.940782861768,30.013742544465426,18206.345198786454,50.84501612244117,5868.175549443221,969.7988659491492,2137.0844467040297,253.82228425129128,624.8264361349517,841.5006633840796,406.98418620078553,1246.2935735789827,1854.9450431768864,68.29819712123016,2082.0480922437914,3039.4960263773014,830.6916882443669,438.35358668228474,182.0126363259722,951.9381288311356,859.5974921500698,3490.405783081421,934.2691660546724,497.6429767329633,636.2964820725352,272.68823964429714,223.56076513209126,6006.723741975524,434.957377456462,685.311753645163,53.532697695347025,59.279091824919156,105.83891821815219,51.00475986509761,62.280346236629214,2141.124516379601,5018.363852012381,7420.8294165310635,4019.324514083589,63.854585909561926,440.4578001110603,798.3788462197369,332.4119781524686,2210.472244301309,1899.199281766835,548.1567907189229,692.5455096784685,1516.5724704034153,590.2997222667689,364.0988353124666,320.7612943139764,493.93093297250124,291.34215441298824,3.30872761241883,1.2024039812862246,25.22580010576456,106.91321150903346,21.974636854042995,128.00040661461645,3.0651032980767052,8.250794975680646,2.3229150569180157,1.159100655790945,1.1159542263719937,0.1581120378127976,0.2854587543419562,0.1510359352535084,5.200737824947276,9.800260841517018,5.660589294358801,0.974166320282368,3.4615661219675813,1.898752876317957,440.5246793172264,6.1639153441275205,15.015277547944617,2.092407355328204,3.493536503277659,33.669769803267585,111.84633126644187,277.55071080225304,273.93932209379835,10.105476393342558,23.51885951288309,12.525983398350002,58.440662430143504,2.792270868349306,106.05835379492729,31.836846408018552,0.14196076456353218,0.9542491248519571,0.35714300119773923,0.7968082900913102,1.663886828356795,14.931068704531999,29.5395787406979,3.485463359795967,1.1835506699575196,1.8453379115707076,0,213.27319762169077,675.037165239266,3328.3128653277045,40.658766578568404,0,396.9318715781951,217.1469067587884,4.790448731876716,994.1068233205184,36.323635897014846,20.585675049402596,3.0742518877132827,2549.6281307338313,276.3274086933123,250.3489031591371,1288.7810498482424,26.946141091659594,720.5654770700683,3719.998478770165,28.114289561381234,930.4171359412502,85.89308165690129,955.1865826208203,26.884910530700886,1.3696288266085295,3.510647841505512,6.558361430285152,0,6.876692870639395,0.9162017211862165,11.39805543382113,10.733746798840254,1.1721950670161148,7.07793797274348,4.27517439783023,29.411417650463505,5.621896239476841,13.177006122397719,4.951219641748079,7.746448496490694,14.70997554922565,36.801973581945454,31.103301829965172,5.499108103798495,28.468801693023547,28.184988025470002,28.296215887726664,18.83246887931462,8.71187793762423,26.947607258676538,26.527043065826035,42.57653734903127,1.5779209309355542,2.5696032692112545,1.5937862567413268,20.611148146994008,29.318723770330756,15.018347179990554,25.162124805234455,6.17294617106335,7.461554994464506,7.254206937908607,9.101630987774975,5.438417449649418,3.6679849421006816,7.2081328562214,6.495305372440077,7.242845757753556,5.9095012789472,7.082443160885703,7.007006780078402,7.465078577196894,6.399346084844816,5.5590204720133665,0,7.226766818204376,6.951895563796005,7.4716515779433825,8.109348471839281,7.828397678019698,3.5088640791582546,2.979083716604576,11.552790709526796,6.366263932330904,12.343539585927616,4.767066450428706,9.209508630574776,6.5566663277104515,8.056567033708841,6.60075107758031,9.765005022744777,8.757968419750375,11.319472691703945,10.569792141588806,17.2912361412926,8.196748657769605,11.237974100393336,0,8.603865385899631,12.493209909489307,12.264132227455413,9.593793412002293,11.756080769926035,19.143835701593833,11.600355501690531,7.945975441145456,11.318547295911818,12.865870479508896,9.195381015916192,3.773579771781464,11.268379534072869,5.947141272509936,2.4526967480413826,5.540577339015191,177.88129675074327,11.045091967793033,14.569630109737867,19.150176575983878,12.404568591205484,18.218360099479035,14.366030736110794,6.227049149900126,10.427418490102399,8.076626027341756,1.9425292514973607,4.513163022469492,2.3251232415243166,1.674359398717937,4.404441353122092,2.482340334961633,1.3646917274259522,0.5291002737871185,1.1850061667631633,1.6366276108882902,0.04629593964977195,7.072545408155454,7.682344247414723,1.9159354703685048,322.6815741562724,16.9653026001576,2.7274036554207246,5.36532910060137,29.353101022228177,0.9698075651075608,2.744574437079829,0.12905574125206412,0.05883465382518654,0.08763482438849479,0.277676924369521,0.22526330741592518,0.28332416522038156,0.29037405503559766,3.4411285535008673,0.1454465470675823,0.38658524924165005,3.5566477966471006,0.9323405017346088,0.36461300010746983,11.818236006486888,0.19507045610572402,0.12517065414000314,1.1516646249973257,0.34085253875053695,0.19831144405406154,0.02322801343587876,0.03357626080681074,0.17561803789876748,0,2.799311192003903,0.24421889931838806,3.6595102395848964,0.2715516884227354,0.10054373502999762,0.1050237497749324,0.6079019013612286,0,0,0,0.04322407465379812,0.21711883378589755,45.71475894797447,0,0,0.2098942753016544,0.12693574890364384,0.1804972358997491,0.032432019506961125,0.011527622161004853,1.9083759943425291,0,3.1316663560220395,2.4164987557678956,4.2944474372926855,0,0.7679671998153738,1.8649652593949395,2.6292837108803893,3.8760521965112202,1.8618319827665932,1.703449374086886,6.160650699106744,3.697403638684317,1.124251219399054,5.867230292150245,10.698041282007283,10.672823835046291,0,3.52094441556887,0.4751260776983619,1.078353219061615,81.50020243848999,2.6853113859798987,99.97169943973492,0.5038023252966208,0,0.8598455287894681,2.144730837317348,0,2.9989382801754054,0.05491760652764456,0.02568443449560135,0,0,0,0.12748102418362262,0,2.0469140839190207,3.810011290352124,34.723478477285106,4.859973487553465,3.6188743820657923,3.652667025431041,26.0000077073743,56.3304471525378,155.00073635863322,216.96338718810074,21.378146575416316,18.36678109335048,22.995420092050505,25.859007471936735,16.984565564349257,30.97118433505512,301.4641422341764,612.5172931990156,6833.685475060567,875.22577692801,52.08494494503789,23.051097611599054,61.66099043267949,62.34954687737376,10.519036284579274,11.967015255849066,73.31603689169634,16.70358415589942,12.41574592642801,3.5564586811231056,3.398426330788666,5.121945009051839,5.480144102417792,5.347413788629287,78.01567600231796,3.725394292283424,1.786529389034655,1.7593546950495997,1.314516839319047,7.335936109821559,6.423998845442813,15.244921515244167,5.966800206845353,29.170322537780756,144.5098621955801,21.81066229705295,334.8803722921714,75.33520664486906,0,0,4.2672821374602155,6.0627554120988405,2.3646828722459947,49.45212268309414,28.29323910584241,144.87206296333733,2.5840693264237653,3.7707737659845875,2.5397767038506704,4.3489387826598485,2.02809532877506,4.376935438267301,17.88401159888513,108.17350610192864,24.3865080831412,6.598145054047415,3.7077291240947954,0.9782272794401917,0.8290585563660209,1.7617554448479844,1.6509253474567138,1.351297703732153,1.0168909545567275,0.1929577703906666,1.0043132472191492,10.504404653046306,16.362539770326123,53.59643142719011,314.5354226234124,10.973808828555818,2.265786530164448,28.24850326900604,55.99722086037522,31.391114199218027,42.50892286362212,55.02879921079312,20.982842496008793,33.717871004610764,108.89807616348463,733.1577851105571,374.1297865772398,57.76205476068844,91.64720517384707,38.439378666698786,95.47654497998316,170.89079493777137,162.5877291853017,17.637774278835103,257.10878555650635,2416.401384343472,1123.7017462453475,269.9298482195566,41.92114590529874,146.2321918733539,95.73616503734688,11.142987601559708,8.259421213646103,5.4126629350436914,62.85505081625679,344.46193627907815,465.22202259757665,1024.8146009651753,3028.1188525521575,2512.8287252502587,1443.8869923195866,1742.5557507548706,2400.5388355959835,4868.118446887542,10200.288432614974,5843.64501033205,4249.236795508006,1483.0343757910728,540.2922855341523,113.6392480201462,139.44908452849953,276.0954284724382,183.16567264888707,281.5030410207099,324.6235553434856,225.07554340856527,411.4509598482942,379.71878875333573,168.2846625161827,38.36282475560648,80.240495049762,36.3748057528014,3.2051071293618634,6.545312517744747,7.23543188104457,184.23205502196208,1238.7904759903572,160.90966752716523,135.28809034944732,147.3722171460405,76.14559573322067,159.88621444542815,734.5371366905547,2011.4536198685955,1692.7097681001162,1500.638570695991,863.8792708733051,258.0788360752674,85.82480561507631,39.143274040492486,14.212467601882212,126.91166386616538,65.53983745682514,155.3312396249347,127.97610186113027,158.1667360477525,62.14808657015143,104.75695881955167,24.4739363760029,23.237616788064972,14.69311577162454,65.57577151791116,80.44995287357732,230.8618149211486,290.53698284938804,256.6791197909728,213.5118130905512,319.9676332912643,194.03807392836325,501.7959499860521,290.0657247088813,153.13867331268094,340.2525198833418,88.365797981277,84.82567717449037,80.86940143468418,52.86486239825347,210.6648618075968,261.8013806036424,223.9029769616149,237.35314192850214,189.53702660916528,256.3286045112062,47.05127929892086,318.0650586201277,44.87762153260196,75.85439727738687,198.73385382749453,136.3850888631985,162.51306786982906,250.4115488093908,166.91524000182403,379.73948178974763,275.33706048585526,870.4183483003275,849.5713978992715,381.9659191951524,599.8019382494707,63.01900598932891,29.57516784822584,263.5366613063123,45.172487739430636,54.38448601399197,71.54490781318076,433.33989471349435,356.1453899345536,27.347043812462218,15.186456719481702,122.16516425902125,788.9865803981296,173.50190945869002,235.21623692667816,334.32702603356546,186.53217899821905,110.5175929908849,195.37026211379685,156.74871417635882,236.27429341767257,135.0568673164506,667.7472555615769,157.20672407596464,143.44805173017897,317.3444548630235,400.5985456053449,176.99163678464507,109.3981580246581,71.42890320124545,123.21736091686617,108.30848192109366,141.53398717782463,37.99652907161589,28.989076798421777,17.756715944730143,27.058084556455512,77.06475790041998,375.4525427074479,357.0755085883756,447.9868151502414,312.04197538406413,350.7600069692782,354.1242957517323,293.4120746584878,516.8667874622101,437.37177658907285,88.52153629159297,26.702588508299698,840.6876036168661,403.18108741447577,674.9960973812,326.58784825380735,1.3678016511314623,97.80847094109632,184.03257284091256,22.551862428827153,0,28.5256244227817,25.849467713931144,27.792732394549553,8.76165289532422,0,11.39638627186119,11.742514386025665,8.774467108193258,0,18.639258992862327,648.8029776268669,12.569190027296695,15.402429959251068,25.27853012694142,7.898716559573898,25.96902561760943,54.46164205920723,29.78643704806009,34.390024475309914,43.54348193980477,20.51320004985655,1.3226727442974036,0,11.569357049022955,11.464651584721764,10.361116379870525,9.651619406264018,12.910607992086586,39.30760038977324,41.269551113197856,2.693041896486848,1.343722670872842,2.779494661010224,2.586023399380099,0,1.3073274403043937,1.2122843757565502,1.3843023574903879,43.34508472863188,4.049430010594225,4.662613845810197,71.82358944822894,106.13772439529988,371.5876447396785,112.43310918142689,119.8614602801428,19.100575213296967,31.219748088075562,60.988156302563624,7.587000871356209,12.524356126111995,8.257482641752791,9.767875685711527,14.3814596544746,14.079587225898335,23.941689698200012,186.629023463535,100.24538332884048,14.750961782596717,43.254619154967905,100.14172949160314,50.464911287089606,293.73273389855655,93.29599378094679,55.78134993258298,69.43042424587858,186.4161222495264,264.3891854971667,162.67777211839797,242.65118466242143,81.7502178476742,11.33159338234551,18.304042284370688,84.28688804727211,333.15477055855087,192.77461319104998,19.455219812156358,58.550027152112,438.9741694951053,68.66453082087695,85.76750814828652,1171.8648076488178,2483.6746478123414,2783.7160749095942,506.37335488348896,175.14366413088362,84.79016903164361,63.641651234278754,197.5457427118027,30.01612585311842,482.77822744489265,397.34928254904446,793.022979680956,1441.6469898921216,581.5363512221205,404.5807765906791,103.5755395485699,52.19791506646677,61.01943626882895,463.3749151744237,253.74939277164097,126.17131459630585,418.1227615653087,501.0269471518559,939.2177434343376,477.8831108141307,4255.616219608563,289.0009293724067,103.79368564372508,47.52777437643509,74.62382118877915,54.68169765968829,2167.3359215729565,913.7384863024843,247.4707976081082,577.7113188797642,497.1245940890091,318.1028495637281,274.3737407033984,154.58576490398767,71.96707808833352,93.4563303901277,15.47137378019686,4.659977405963363,21.140143892065414,4.920673814652138,40.42777988776704,148.39742290359214,64.80962981441985,10.568811595408055,14.886142119284308,4.94863733181584,17.60440747872788,238.3349132737071,7.5742932238716225,798.2707731207795,3.7523132222367015,4.711754811141583,10.221987573593735,7.027620121651527,1.5329213114489673,2.936197408229143,21.120375409135843,21.212125529172862,18.355029942999447,8.306774399859632,0,2.611421721077955,0.7042253845747513,7.297555480325063,22.371648319397472,23.42132111877566,5.737911817141524,21.545110663453606,146.5273190170571,218.61495790763465,182.7580445616321,2381.9832696910353,244.51587315182337,149.8372270637987,179.95703629872742,25.052793688879024,6.352226739742984,0.1995607559014796,38.42403823825822,582.9562205352302,1062.0488607397565,1198.893599288178,162.60458395684142,109.71097537622522,291.55519077524053,64.15530335870264,284.6751804005454,503.891675022934,935.8615926653093,941.2648583110093,141.13964006163835,7.0957620048798695,0,23.374411750522043,15.811735714794736,140.80647626063273,81.06528035397093,8.044040006636205,2.26877458898753,22.12674366165546,30.246260138348255,0,0,127.88129492903205,105.63312012593653,95.03902624210286,7.867443010280768,2417.2364464866546,2852.5057923409195,632.297713940894,0,339.8045153288236,6.394524257134804,4.787235772425505,8.854708120627837,127.21125797599261,9.201522337381508,9.0926844695093,1053.4740010969372,807.3902013518158,715.7662644575095,4.969747479475193,6.119136191299453,369.79831040850473,117.0886094036621,47.94735975600074,70.68862673487084,819.5833024096836,158.49570830454778,49.781032664985325,260.76459751358317,138.5737272038832,160.4955284160032,10.142526560068992,10.975553521907448,180.22708348875307,20.13383446662673,298.17492596020503,4.352521525635532,1.544777966096253,1760.1731199213878,1033.3913733317186,3679.9374011417244,4646.822920777212,2176.754348732967,293.8888648765855,122.47073014072456,110.06753569664185,214.23947528517013,191.6198798832599,87.49663750404726,272.3569585612885,314.2384171109631,1995.8508410381662,3451.7796700810845,841.9806321787822,405.85192765162657,1042.7395280570167,108.41726267737458,59.16314251413008,230.05119179669995,4727.088168350398,1383.2023913838902,186.09085500649803,267.1127180810724,699.85052290309,799.371672968584,0.7856359254803807,0.08490063870588073,0.21842589121067738,1.139267655766434,3.2915444170487795,267.4850454168068,15.782511519371223,40.63490351212169,47.69184062747192,37.88005804330106,49.72452085603622,150.42424097927784,1055.709293629875,179.66215697175886,155.81424375639781,726.0363875777691,1059.0123090340214,3616.6057058101983,2325.1760469510164,458.4667466377396,326.2568957809006,255.09938553879763,19.557343288685185,384.5276543099363,16.55302233269726,14.634790797374473,2212.1165412001014,8541.09287813006,583.1519820883283,28.22894379198344,485.18575896314707,7011.512615933395,6258.906137388473,169.1203016050591,0,0,1.2739727557659364,2415.8922069120936,8.60065016673764,4.309303278126559,7.652355536605652,247.7911204554461,103.36048705230026,7.0033778187281,489.6411403944397,3.8093817848530107,35.12622708169606,40.58348017285364,110.42869768327179,0,184.59881212400387,48.131507855463454,258.3692915010414,30.816151015101994,0,12.81009583148973,0,0.035216515969640205,200.10611337138258,309.5829670108553,82.71704213032484,162.57110964883947,4.132929528403435,153.04499873380362,14.658755364919967,893.3592438305253,646.7027296728995,445.86198326388046,263.86044168833104,248.70967538078736,106.55963782942361,37.01557315864884,1.0178960569393063,136.31734195865073,262.7891923474642,460.3299304775166,279.6573674846518,102.51117387379844,14.369434834463867,137.3008811787609,153.5709058973836,280.6561648886585,219.67442307965237,2.0126853625729595,2415.359245031106,3245.411120120809,10677.784494884041,11755.829373420733,9150.49408111807,0.7811277317269996,0.5039116451984327,1.857336981090332,403.9183223901197,25.323443570227997,785.3114013846315,293.5005269061622,612.9588434689853,2514.653467640592,197.10042122468533,17.376711405845672,2.27362187562262,512.3820735577973,58.122966643261776,19.314151054265338,9.63790891653663,1.8145587970759018,1.7809789410271493,1.9511916180750042,2.053820164740591,4.079627065434186,1.80493873148973,3.0828732249650224,2.9171084048807243,6.196635797675121,3.3067819597863157,103.9582778111475,19.120661425344853,8.634343731839254,10.113959998861148,76.22352688666263,510.5691354236577,14.751474662311711,9.7738581345919,7.9760972946533215,23.641407089000907,580.6991583535247,13.533483053138346,61.91895564334838,57.70026864884842,109.96732519349086,14.510820111098415,18.663292902335265,18.750735779123513,6.69033614259764,9.255422692813527,45.35050799570223,9.805863007464572,656.5622957181652,9.248817164821133,121.09493768884913,7.861071221304857,11.97610225789499,799.3433339641523,5.729942444808667,32.122311049384706,75.1974874545643,2.8365225857327756,33.19033297773995,7.440741687516803,42.84944064376599,18.979040989785148,1403.4537699669324,187.26481739126416,4665.879576017503,4734.407202240015,3111.8472215491306,1088.7294258006452,2033.6404472072072,4.443914098838032,2.3942166871964314,2.247830000461498,6.354715016704666,431.63513395676154,466.8195868934521,22.38095437816945,15.363458361667282,1.4008036515683222,5.758585548056968,146.166210413855,428.32424058070995,62.6923792929423,47.37331811396393,4.557691181849112,7.548318985933335,68.40312178227356,78.669539032591,659.4333797034122,23.095721125222603,105.01601951831006,97.48130577107928,27.884312027339146,111.16778961253503,3.7372248745299186,3.6104923808814666,6.163183440968425,1.52192756755821,143.0722552703457,7.007095730320651,387.81742351776313,137.5309667341055,254.96572578679817,132.55698834795228,538.1153150134793,2280.4139477146887,1500.3149209096962,902.1967603245079,314.2729557744055,141.2608174171912,488.33416620673717,186.4897745981454,393.5396585162575,1106.8760790027857,799.8168800385649,2448.138261563187,1477.6661117738197,435.94411850900235,324.2218185247714,330.1099785515911,204.8189860378905,24.711302147045686,185.38033290602834,99.34988315114317,49.35380814530197,362.6046330538971,2380.6959634090676,920.9918685973595,115.1703273270783,1634.684134776348,818.0789828851391,185.21618604877088,19.3335410072143,429.55129928970945,870.7521841819222,1769.3327885616645,291.18221601187116,165.02255529361548,229.06526355426462,222.67073351458993,695.3943947392668,257.078811190713,20.634800489413355,133.1739349588203,371.7300936533945,957.7837158826522,863.3959470900742,870.9669677652126,1861.436478989719,2381.4187574676603,3927.3426982649007,2552.0719108523276,954.5135857564129,790.2389795994899,5959.681400379634,2380.1997519970787,616.2343704664507,31.04789505502887,39.00524795745545,57.5005077347515,524.3864071580618,61.03028553674295,366.2625251769762,622.2094303638338,34.414291952932786,269.71104705294715,75.78627071854362,377.2836477985356,1134.922106640654,1118.0139768160816,43.72793767357692,10.575755205551179,7.461798800610947,33.8490270762452,43.55108658507986,49.29655231926695,54.27815065436201,60.691547710967136,439.16530251264004,2278.2153014720516,1488.0353043153807,513.694889456332,257.9401251718143,34.27850081945068,346.0011109304853,0,0,993.6571059937852,0,380.56321968754577,0,446.4388549922127,359.41457111561476,1416.1214450020716,373.0526785435369,0,258.7649573104018,208.92019718694274,1094.6782306465911,605.1248179147525,636.2962864743783,1033.9428729013573,240.22207476706637,3986.3528801605253,1136.8663794806955,268.4871382913019,753.017622543732,717.2892921974895,820.6742576752044,507.6168554182374,2447.9694933962337,798.171804923625,1220.8392607390983,0,1372.1148993388388,1290.2188204818588,418.81966724181484,605.6233212277889,428.53352863894355,561.010470760347,585.9664536132187,0,644.0648456165324,512.6717803981572,0,374.3318894249852,3259.52067564757,670.9973084502968,1046.0517335069824,243.09798255858252,578.8434499462759,191.64877094429085,0,764.7739682023596,1647.2287379409886,896.2793780114813,1414.2953072277594,0,1362.2735759109853,1261.4495798349442,507.86820914727866,14.56536753405792,1092.8523692569318,0,1056.9399542099486,1090.1973087595156,564.8231222407261,485.2215151712034,492.8169648586092,986.8244834679759,1178.0781467719826,624.9411037515345,657.1623634932738,0,497.07061111081237,522.2088360444038,1112.7504099905793,339.0278424572047,854.794674838911,670.2712524956477,454.72704488081,720.5201004560552,767.1190391006564,0,513.1830626949734,0,1483.0931497002625,16.124368904270202,1281.488451612544,1.30130818171291,924.5758223022347,21.69069598899792,1065.6267795510555,823.2622858381093,1063.2218583728668,777.4071080434559,232.30781767290438,1052.4148298422206,668.1595005818552,650.0494794632299,0,597.8218853131336,738.2618241001463,450.6689611799683,0,0,514.4051184676206,654.9459733479594,690.6586903586089,404.251024053584,1022.7604270432352,632.298656709373,894.6631398204654,604.3781051260494,546.2229497319545,633.7952242904882,540.2159300833076,517.3381529176518,732.4943546932524,724.2837072198154,827.212806124379,721.7850584781479,537.1196144655247,511.36292698303276,1206.7319508036144,1417.9086809543135,830.9201566292314,841.9477873610308,780.8852571203063,398.99563896160726,492.10768560185664,861.7365079740579,1070.895509383619,739.7197309038002,753.5393400469709,1100.3780486064547,752.9969091994257,753.7571783349271,909.2902668996697,486.9746926118857,1131.592821871788,1117.6700691212243,0,1025.0114216958036,974.9134194525118,0,953.1184069370989,1194.517958739913,1508.743925036431,1766.0185790016283,1155.773207620725,1449.240037897049,1428.5287289911853,1321.1763801465333,1144.5746569684914,2675.745554717496,1239.7804594761162,1132.8721420289553,1192.8344814367347,0,1788.7840038218123,2335.434385994265,0,24.09982452986751,0,566.335214626636,1491.2565248347257,979.2293897707018,906.7388582476336,958.9684604033307,1590.2018476515518,932.3637142029496,617.067897043637,528.0541110083121,506.43841712809586,1275.9671486455711,753.82477010345394,950.716800473349,763.0347624557269,898.8316691064456,864.0131318241095,830.4478593301324,664.781006571027,1057.4274267639385,3177.840457216386,5374.544323836815,1088.9297689448797,719.6115610085435,668.7782101988339,552.2211292676881,8308.740763803458,585.0326659500778,1305.4887960677984,589.2279207202714,591.709972270167,621.295631243596,507.5866987221348,637.6418407210666,288.0623958984423,766.0458520263759,632.8029469182142,0,1279.2294375481688,620.9878129578831,607.7009812362528,0,306.80690062450367,0,490.5090698427929,466.43018548631164,701.1620649960187,549.8577543833991,550.1165029837188,759.4071106809293,517.8345127902165,758.5712450750631,820.598193213702,636.2927742647076,879.9668564283885,749.3290412363967,649.504838980611,0,501.5104864049972,0,1196.5770740396097,626.89692236833,739.6766275129786,765.6324356636864,643.6010012607145,389.89383826532327,0,0,424.6283245308389,413.4092719902561,416.88580058914005,0,423.14856777188487,382.247901798055,404.27034504179284,414.8624979166636,402.1808609101811,413.05508739901717,426.30975533804167,0,438.4645671185777,436.49646278255864,466.9002274960427,0,67.97498098336298,0,0,143.06767389053084,1052.139097084709,0,977.7756004024578,505.645074871897,180.83018822711867,457.64979885294525,651.7234683946467,1972.4742855109473,787.1287636942329,4.98172054251014,458.30526210173076,51.708649257148174,793.3691443594282,460.29734798293714,777.0354644929729,364.0711129274846,0,692.8632681198131,426.981825733182,502.1093843170288,610.238617353483,371.30903955624893,705.5134058212512,396.03809757476307,662.3367405850407,550.410239958814,715.3988872414168,518.3330402403212,518.3330402403212,514.4832236251041,402.6121970762152,556.2350342633591,420.87824103934764,432.4138589551652,391.7545187647843,556.3880534121635,367.82554346882955,467.26599011632806,371.55539343231624,580.0777041211724,524.4688654007626,442.38449219831205,436.80506855282067,577.4294514109203,373.4251909680981,414.41782216743894,623.0707885620382,0,446.99958970452855,430.52941998771587,370.88998790972704,464.29979806996124,553.0881910715602,477.262071647929,407.9504051965257,644.2335727020053,562.0524680508503,401.53570755901546,952.0789721538863,417.77061661608,356.72625139772595,362.35130160433204,624.0754500799454,588.1555998536746,364.46360553525585,357.10622212137343,371.02475979843723,354.783925867389,545.8374494099586,0,0,0,0,0,534.7576141558559,523.2063295384078,519.4633209485687,271.7772566552305,217.51173266961212,0,0,856.058784186093,736.8140381331275,531.32395836095,0,589.397395503366,596.6743464161162,436.75182956538595,810.7270410158987,660.0920654614115,679.956969544609,509.48708008870005,245.513727408474,0,723.0693846152953,256.09699999958184,1600.1151133243022,640.564181926461,1879.4502519931193,978.1361966797069,1152.165041133873,1049.5015169790881,292.86798027699797,0,280.1018516388192,618.8437791626665,282.11535342366085,233.6085140951394,266.9509089821998,609.8995393846666,364.0290347721539,333.18225163240925,310.54752748624685,402.2442282696323,1187.5174923135255,359.2458588239245,265.915683039721,0,319.71737795707213,512.4364980282212,1234.6098614052326,748.6827519444267,2220.127868617965,1233.3691450477609,483.9480178792263,1507.4833118292777,335.3051747005435,395.8057265557591,1946.6758024108724,439.88760683447856,346.69516574784507,363.23084669252177,406.32688081486583,321.5826185129221,293.440546724315,279.7982744899812,254.9904678605774,47.984182612686084,0,1718.8095067003853,1879.4787113503464,0,794.128332406777,1663.5952965293347,1420.7920839666208,825.7776888267085,1553.1614089764525,1029.9942764495822,0,1.573271311338678,0,0,0,0,0,0,0,0,0,0,0,0,0,0,45.44519415241495,0,0,0,0,0,0,0,0,0,0,79.52813691727559,178.51413490255047,32.939979256580855,28.211833066926935,9.137390845672023,210.1257571110687,1188.4396112977095,1379.3453652108901,150.99648288989414,768.4233925411619,0,185.53260604573939,55.806187707826595,49.25359084956794,55.07099177272012,457.8658291286757,25.347229756798566,146.05400280926386,27.112128081724862,77.21850003867388,57.965173472828056,140.31792210162058,139.03584201975875,199.5794509422134,0,0,298.34552249941635,50.14813889143287,2515.9597341500335,149.08525506095359,207.569884165167,50.77266674125177,1100.5475759810204,50.52217631809206,50.74703990665252,99.487112233699,0,0,30.539869737612452,47.74750413490138,82.72935046590905,23.559469004487468,212.31184015251532,37.45830326788878,11.768250012131318,36.69545683816179,39.04804594868103,36.76179727526407,18.30620123829842,36.02826744417819,19.719692345069475,30.50979003608808,20.462230013347842,21.718802402636555,31.562960430922654,27.4452281438625,28.836234926278152,50.61225022340264,33.22652688786314,34.61275252196629,23.62648118438618,27.937851799388373,27.419731243956726,168.27586865818813,54.06218343005439,40.52160405222763,24.196874640332627,247.47066219605279,204.0115589832704,53.15888983830888,688.5120619149386,314.88738708928986,139.57762462593732,387.01684231154223,391.3640693238318,200.87269838651886,78.3778506477818,174.46251652336812,53.86548946250392,245.3877896622874,0,14.17219811584686,1.1232289155959068,0,0,0,0,0,13.06773444733236,1089.4133086940428,77.54443739445924,1.881819983960329,78.28985142299157,508.7785739476187,201.656536989877,2999.5674000908,3073.6512284242144,1252.6405542394273,48.19897621074202,0,0,0,0,0,0,0,0,0,10.023145739999062,0,0,0,0,3.247179167293984,13.02580233894859,0,0,0,0,2.693678159777203,0,0,0,55.65350382568974,0.5048639830716026,55.019453911695464,37.63782980998744,39.65631361654476,0.8464265684107342,111.54100031729834,57.214254949095775,219.12695068246967,38.29848376243986,40.710770675868346,80.55989785655017,149.75614563764034,298.44040706478563,140.87877272813247,5.939175777006691,0,5.102416430085853,83.69992666500153,1.7199539365724812,0.3845903876284731,0.04672756550442849,66.00151203468938,37.455490207277926,0,41.0254168205586,495.47374197926473,102.6373738343563,16.8315509554173,11.414915356023135,5.307075084717285,28.240845012714754,7.604806356868784,25.043365619467384,7.030914456665954,0.14441066497456492,0.2980199198460215,225.9505977264048,69.09715079487835,92.34438025984849,7.044339729993521,37.407990615580985,95.38530095434946,0.6806156039187408,49.65720649935035,21.396129116982568,59.02866748834603,1326.5749691267363,4232.61002762166,5840.960702993804,178.23851761764863,117.52333675298415,8.605732053112536,162.7748697883484,94.98464221845614,805.4001386834323,191.19997056155646,62.47731376155784,1.2248500377740534,545.2178172924108,301.5237137766485,336.86200931235163,110.13939055783857,0.03941723790697225,1.8785964358423355,0.04686049369919262,55.09942972035999,0,0,57.60885001176383,57.3449699035867,14.527537448422468,0,0,0,0,0,0,0,0,0,0,0,0,0,1.3895344540058414,1.4776353349809477,0,153.16229255078005,2.6059035027287645,2.531506577435994,2.510674138168659,2.4936483455096283,0,51.54394181852887,51.806628838872214,51.388608531636606,51.44543916466098,51.75438180643079,48.213569105302525,0,0,0,0,0,0,59.928209629634885,51.649732780311275,0,137.45409182648038,60.815354849080734,0,46.41427383367809,51.148860758288144,56.317727779342974,2.026358873114029,0,0,53.64556102340174,76.89297952149647,19.329037037315864,61.07149106128391,40.85895142862671,52.58291380957256,57.80574826277083,64.51024171386642,63.900186821904,43.31765596248942,61.019366927960654,61.019366927960654,2.9719080371102526,2.9719080371102526,53.53598655612414,50.03175432411712,49.7887133840032,51.828015520878296,12.563017676320941,36.86590068988075,2.1656155424104284,0.915201707572781,36.5310067544456,29.178133572979494,0,0,26.170063171201846,0,41.13361702342635,0,71.67806994512262,0,41.151442759264064,353.4079196758819,51.43792559853626,71.80920550739545,34.52807093029563,76.57588718326053,37.430414967452926,85.37961049191317,51.58265941769349,2.651404265056757,51.039249777816856,5.652959052466594,46.94767032015145,52.435036776226646,35.98031765635205,31.809449631052967,38.26158448425864,48.44533967514298,30.345542745335738,45.148054134883,82.24586180380031,65.92645755902659,0,24.95435322207812,45.85940320122941,28.858798869363454,54.942620830515544,48.923662068043825,60.71713401437595,0,80.09869689400037,52.556257926752835,45.88132424909446,58.59649719601388,96.80064249202071,50.79537191576525,138.35222230499446,55.01303619966468,62.88826879479434,2.02132574939775,576.54152395983715,132.87799260460383,84.67278435208588,122.5317789751631,53.15394782858446,235.00690448985267,146.0539531629161,482.9342522611136,475.2102349261676,373.72669866885116,80.86093456253018,5.061643317169441,146.12049585008134,226.13115004574337,430.0879448597198,1167.480319536606,3175.8885411001156,531.3808649493233,3261.321061191502,51.5103838530075,3196.924930123906,414.91708411222254,431.99994064410834,104.7051015296418,94.12111589223181,282.48736640789974,41.324788326448676,15.561507791796604,4.666655707997269,344.78802584866827,103.05011694745554,0.1980224498907536,39.68948383297368,0,0,0,0,13.365154240917157,467.68181490370097,7559.726031084576,14718.029801415834,8426.149272580393,77.65622990963737,2.0869421662647927,221.08810248189147,116.78128424079371,1452.587677160992,197.47797735980322,650.1056097772399,2081.2153884526338,102.29910304029968,395.9170910427255,193.86182314979973,78.65561418781908,27.752313048832516,1.5763583480195076,586.7468911721968,942.9199941724436,1377.987977139297,561.4088894888682,1.6914532743311192,29.843860914625402,14.773009472449948,492.94860131036205,18.83202503236526,17.96359162809328,542.375310987755,4726.258332275748,360.8539636869957,33.492358253181685,99.48116109519476,38.012856554563264,426.917678713813,337.2920444351622,29.398118005183328,1983.0774999865043,498.1098675207796,87.90632882392352,10.388871690335385,170.16194410762864,273.1083094947751,5.416268209092482,3.8832519713455484,83.82886023573641,4.840220013194334,1.9969003092244104,8.614390888129924,152.72705998296317,23.69330202722317,17.319546760294752,4.5090218135281335,9.293406251823102,14.70058642982846,9.11822282193368,4.890845347855614,31.377883027607336,4.149732758889812,4.526720882851339,4.471836343466146,4.619307874049691,4.339654740476745,4.500302950691319,1.018918544463356,2.11584993389481,30.66815762750333,24.960956437777575,374.42205137998536,462.0517060761044,16.307622390034876,16.431479982720685,13.881403712221367,94.63870871538572,1277.4469764073658,9.27336414331817,590.534392605207,19.845453859423408,88.17237906601393,175.04051134280107,3.767188179927544,3.801383191808062,4.519174092270344,112.56111784080925,2.015257656560638,8.655446732636934,14.364173885428746,28.06482013279974,18.297058289935404,41.280754709681815,12.200254199110976,17.92943503462564,12.901317158896648,565.2974414296788,6868.564572506313,308.4374763730985,1194.0541517685965,11744.273387352509,2261.293913930823,58.711037138230495,21.26985097020362,11.794150852133399,51.83441355169411,76.03409309100557,211.18226199950453,164.25022102039284,902.6091892637575,1336.0196484489252,188.3021949596167,12.449629214472756,328.81164151841733,289.7102890624885,48.330339105955915,73.15440577387085,3.9687902112046123,2.338574100751425,53.06845467384337,49.06807031187111,2.0271883126877146,1.7890783331331597,16.710272480695377,0,0,0,0,0,0,0,0,0.2373281674263411,0,57.473054579618726,77.27108230485487,0,0.8783088954284776,0,1.7573578176979994,570.9446230930776,176.94814322187062,0.16502258319985894,98.53527240090575,518.8465515976923,263.3584944803668,882.7517574385625,495.9482849274307,365.65629057307456,307.2457693264883,431.1576449181922,583.4994892638103,500.4800396445344,588.4832606451657,93.37168076914746,848.824257769137,1495.0330867815917,945.8778714783116,3264.8468216938095,2430.6486038140615,1037.7607293232595,549.3505737768446,513.8580568056638,823.3967820135451,365.2668810803274,976.1465152917525,872.1466649129837,243.94342380621688,154.78354485329177,0.64245860963497,163.59254302959118,73.9777804010869,133.02479504114092,427.279355102386,142.51085521111764,136.46531021316247,212.50223811753415,279.7343361110365,605.4506876945717,461.6194236463964,597.750723079361,302.1358823245408,107.54684746110104,603.5036227558928,593.97468528712,82.73355317053583,48.0499241594701,422.8349846094616,283.7715579803107,332.6792044392805,799.4837979709531,1076.0158301026686,1531.4520995032613,1791.0682056171804,1274.1895446871958,828.4893101440721,1025.8070499470896,1463.3728466425314,2498.899084470624,2529.5295925666787,5578.609392847354,2256.6291992879455,1014.5457420142266,601.1173832568716,493.9837485782638,865.9519159119874,514.833653527286,218.46236591641147,145.22977234759554,606.9091404912062,244.75019350612664,273.1662952824815,142.69054231955863,452.23923237112626,1824.6242391193332,303.7344453452666,203.9383707901586,212.75404508933633,297.3456023504378,214.5038800597132,871.0280000038665,146.25053547961133,91.85356068120493,137.22135986470093,410.7471416438693,236.54602724689585,323.52195135594064,48.367542094131636,229.62015152170378,661.5329834644156,111.2069215000463,154.9756096586479,297.4412792656323,471.0725368383689,337.4879631457818,448.8223465119702,294.1146863422888,315.3281794303294,481.014220894902,438.56817250037074,20.371756194683655,401.4459550555971,55.071017066940236,583.3665192154355,7.398910205452272,1054.8852976442688,1817.7989646152396,1344.6343010109726,3808.7468018049403,2562.0524735839385,1262.7215453033402,457.7598896655309,463.9423002518269,843.4378021178227,527.2216358886322,86.63350277089431,304.7417971038177,1333.8986193388532,905.7165357861678,554.8237825684647,1129.3298677712196,1581.328078959615,237.12450667277133,110.37742076780775,264.4702010433996,391.75790943873346,335.21251114446443,333.5441135503793,503.62198128532873,303.3651563387172,40.21731487569135,44.462157385751205,14.484171543782221,14.603172497887018,15.999442851351718,18.65158999882993,0,0,18.534948306500674,1.8385793302442048,0,0,69.17188985080095,569.4229303225198,178.90258978182538,29.07570565335127,291.44371217359515,209.31498065276884,34.96413205897362,67.93923325409727,0.6664378442693449,21.64322513402312,2.320043830071894,91.14599282761984,5.3564091124301845,397.97544288533277,1657.4944904168347,339.82979648462907,221.15609017298178,14.442256689981315,0.6336333642209662,0.46345968618871153,30.850884520963735,110.08661410940603,0,0,0,0,0,2.8642170065399966,173.82543522834004,101.6775157859099,928.4880460079837,1109.2096456472343,228.89995928549703,752.287275931291,16.190318888666692,96.75540100198285,37.72783535007017,131.13438633782283,35.56174018996632,162.7489325491715,11.093845126757987,22.02750479267559,9.914764026840773,151.06703963510387,6.362313442520173,0.7603473613867412,1.703443169942664,202.09484396636714,25.034916845411605,36.62584213294606,206.4389510325162,686.437461055829,444.7554731787119,655.8496420588388,431.1719740767434,196.40403476315055,114.3312952042275,6.972863673247608,130.46890783108356,1126.6061669109833,2204.058747490333,2798.488986309332,2504.9703959525677,1568.851568283358,167.22705064531542,6.452885285126654,0.014712624133369484,1.3872155119479457,85.75804276374029,423.5007934481434,13.622800704941321,147.0126067655198,8.579622761694475,3.9172527139860627,15.102075480626374,59.15443658825656,8.144876869753201,0.010201264259724634,0.4456843511023396,190.71384911623812,14.328425800484082,172.8507770739849,227.48384804522018,3.3105050353289824,162.93490402897837,0,22.418351073196572,0,0.9125714985097533,0,0,6.3599895701519635,0,4.98998183818276,107.58197918227837,52.09953725608254,115.5893722074784,74.59894760705426,118.14392668214349,0,71.8397351074717,102.33416596636373,0,99.74682281355132,0,0,53.616723483327355,97.29783587085626,100.44601074519059,0,0,0,10.5896498425116,27.016175186105656,34.76819958393197,178.74124053977008,17.968879179117756,0,34.86191475123641,4.743489101736503,13.909085710114143,389.83699737636493,545.5262799208314,536.1404757269693,495.7148486027161,361.60148332941094,301.0935412895623,83.57599867703766,160.54079288435693,276.8801367250699,65.93778866988589,152.67710124801116,108.9615513130495,43.19324715632212,0.6673366833735948,10.569949483146738,0.025358614390301265,0,3.6170466301794706,0,0,0,0,0,0,0,0,0,0,0,0,0,0,0,0,0,0,0,0,0,0,0,0,0,0,0,0,0,0,0,0,0,0,0,0,0,0,0,0,0,0,0,0,12248.202933330589,52842.0099383059,30820.362033588324,41.427471410585945,1713.096890533395,65.78670319151152,50108.30509343255,33.54073303226828,402.33630866339956,32.83689752779744,39.73172742184401,53.63463572483681,72.68284814085116,84.36195511076772,44.71189515959919,545.8731143003847,7476.161740549439,1240.6603645614475,8999.812882476914,1062.1146608001065,2446.3920537019544,1748.7048250045502,3802.564299372307,719.2160955923134,187.85921975492687,82.24739477284537,64.40811234263886,1586.6704733578129,2323.502606781794,106.4683938507076,124.73247926191593,231.992231941983,105.71353419992418,226.54430406047538,186.92219220412738,171.5900163986547,105.90538202399637,127.56134493064394,248.80804547925155,392.6395753868122,329.9239969266491,8030.754670148364,4285.143482293211,81.01262879592865,68.58281989974981,76.98621643804688,1518.3036694969358,1469.2429940628658,129.3589272024179,189.52531108308585,161.53162880880058,0.6146129740908696,1.0288401387475583,0.01119232910516514,6.290843189393048,5.315889954100148,9.211867496339252,0,0,1.7322941158293332,9.421557836107397,232.73906892665582,93.2456948119244,43.6832012779177,182.36476986303182,370.92148271068515,395.77514177986814,59.01792299634742,68.68996782735735,16.309923473720083,346.86372907234625,129.4114989320187,0.00737149827270987,0.007553329996660604,10.693436545052938,7.157638414943632,64.57736583899049,3.2109112541423324,0.7552933126516288,88.79664892794345,11.189789020330094,1.2862517831873348,3.7597269179378476,186.6612460689915,55.25677439073568,155.02590811154712,405.1191054411928,553.3622595908815,915.2592399988473,847.912097011075,476.89160268639466,423.76790944199706,1223.198537826696,802.5012337247709,882.4171787043613,889.1744102976522,493.3701056080635,524.3629154297182,898.8312501573886,277.64245469643976,1069.379538167318,73.99865812525188,132.5417251431024,0.17333840106472947,128.10612196217463,31.45349659973158,8.831778865057782,395.3028019670694,88.18492994506038,87.06958626583398,293.9663934566049,421.34074237467064,737.6289024764139,783.8568450537189,67.1808186414622,1613.3923670073445,256.5579168572623,16.90166706981327,7.757860722285933,93.5293052161995,391.00290373821827,621.0898450973847,136.8616951412278,45.90243424382192,121.6911687506127,992.0207063943294,396.15038421879194,453.66616892578963,246.39502512060724,478.0242460062594,274.0513349524659,359.9881992067169,596.1300491489762,1436.2943531326769,670.7843405919728,1619.99020699119,1725.4596073745358,2034.6543723526443,1264.1175799602468,718.6091727811562,1448.9793995095436,816.3824899163656,632.0480103178943,627.7831521921103,539.9868820608602,756.3630213651182,310.0918529577654,188.61832351420074,0,0,0,293.4490393433582,17.540479255960612,617.4779811801259,186.42973458321015,130.80502595349736,462.91546885912726,79.37422357473494,134.34038020898953,763.7090551336898,1014.170697292899,858.4194315671803,865.7533443515972,807.3406918539864,492.68720776763104,90.2930842903733,91.02017138245978,255.76823221891098,0,201.78037243012056,2.5073451937722755,0,0.7473967011163188,26.505664969522773,236.4304013312125,8.299179840338331,0,0,0,0,0,0,0,0,0,0,0,0,0,0,0,0,0,0,0,0,0,0,0,0,0,0,0,0,0,0,0,0,0,0.19786378560974613,0,0,0,0,0,0,0,0,0,0,0,0,73.95359490995666,0,0,66.25576320979725,0,38.91599445263461,0,2.9647370073035897,10.945954400900778,18.311343060143823,0.006447394173568445,0,0.13214863571278698,0,0,0.01047647065741723,0,5.074417480189931,0,0,0,61.400534357387464,0,0,325.05608268159557,0,0,0,0,0,0,0,0,0,0,0,0,0,0,0,0,0,0,0,0,0,0,0,0.1531414320710103,0,0,0,0,0,0,0,0,0,0,0,0,0,0,0,0,0,0,0,0,0,0,0,0,0,0,0,0,0,0,0,0,0,0,0,0,0,0,0,0,0,0,0,0,0,0,0,0,0,0,0,0,0,0,0,0,0,0,0,0,0,1.047871770316361,59.5489946365422,1.67345922302036,0,0,0,0,0,0,2.209667590117032,4.112890248525749,7.398657683735745,39.645559550451665,425.9452082478393,368.1271450772035,462.36632586261555,825.8823788242382,69.86376497647487,290.6807810032534,415.69355694406624,79.1161072125259,139.8613928448474,105.20262585851765,147.54918451494615,9.324480515389554,2.75913529691549,2.4230840390185326,5.774550857266919,2.412892858080141,2.11256551145974,2.1198537099507546,1.8926610018904648,2.1485313284464396,282.84640347099713,7131.884891940692,3500.863755564147,2.777364054177321,1175.6365932039926,34148.62722300981,20764.105865566326,10072.209052419952,2.6005817305289156,7.860923662316287,1.6715783380287705,7.701373999553753,2.8331737711252454,6.57086741469425,6.270314703333944,5.24840775982312,624.0743307230516,10.251275087399296,52.22775838803304,51.80157565337199,7.09958059001042,17.695320727696227,1.5241977625383927,0.029353016235411103,2.861402473943943,168.01967228781157,23.980008338843316,321.77950136053727,21.24361313000526,138.3778417304077,44.064518931087235,7.614921559461764,965.5777018964822,107.95448091154375,2462.3148408620755,1897.2284997861375,550.544032291363,58.303021827514094,0.0658025976666307,0.09256646063904188,0.1543644285914486,0,1.1134201053696529,34.53015201522667,1.4267705461982592,1.2509203034085608,1.8748323197174992,1.2375033300847083,1.1875207499122455,84.10421551050375,5.661070586450092,4.811358202586662,0.9145939960125427,9.224044197638179,0.013219608594759548,1.0141423112157553,1.713094805092062,1.8882657264370264,52.14862487732853,2.246071258101486,2.3355008313564958,2.331037508001398,101.78431450836335,33.84513639952902,72.44327536564782,0.019673550838939773,1.8912053215614404,1.1755645552692622,7.484851986303135,1.1855132032920574,82.21447653500013,1.1757793727333739,1.1683605724560653,1.176017751536734,1.1861065501269572,2.2447161942647726,1.1831241010390383,3.441142171179802,3.183963220544296,3.347791459805984,25.05894583678933,0.09172928288234225,1.0403660317397623,1.1775130088269667,1.1521978599813283,1.154061333672389,1.1493430198587358,1.303682436902858,1147.254894485733,3879.2667320506657,2264.2736134236793,17.00097808979285,3117.5741923668056,657.9333749678166,1.1788361404250172,1.178666564952904,0,0,0,5.5122628667470295,2.3497494533336,2.1982602737207864,3.4628794918830335,2.319537739328225,1.698696782051604,1.3966607491661496,2.317230546916659,2.3217475148820976,2.3226069547662718,11.601531731302474,2.779586395100296,4.369576470602549,4.5777790620173,34.11682358123859,2.320488323078009,2.3670638066177805,2.322240468606312,149.07021851590378,2.349800107565007,2.396162171290501,3.5848500417425178,3.5572777730116756,2.3182365994540377,3.588498594956733,3.456817216300948,3.5520600844411923,2.313617816979067,2.3123679367995056,3.4350864243571695,3.602714025466186,5.638844006515517,3.5535534108791214,5.828939268712056,36.29428702739385,5.966351933240803,3.5558339934313548,46.570512362132995,0.1213029217088978,3.5079312178496775,3.3116799974001276,2.2120402009784,4.142680573132376,0,0,0,0,0,0.05320450015834521,229.5899431753477,159.30098482141895,585.2882467568799,9.960955690049788,6.66821980684119,109.97267927091885,93.76379594156644,77.29101599112023,434.15521209902624,8138.918832856339,8662.910360359263,523.8410643025667,19.29009601873462,88.43954089524746,153.75415184105782,157.65392559323465,23.01453474219569,7.203306272145339,12.853994561302153,0,35.05864295338602,19.86412473258406,8.122521832745582,5.914336017504258,5.549186297254945,15.201860679393038,33.161559294042995,17.75693563149474,13.337596094811575,22.690238621821514,272.4072027333819,1876.1030496639503,739.5518399146961,39.108928964728904,41.20595305201982,43.983009237723294,23.54659977696755,1100.0710945276521,2921.2914510072815,67.05071545609226,34.65512451174609,790.1218782806685,31.78735235696221,25.519940621793513,45.26954449732585,27.5753595811666,11.092941496784523,22.59058991068246,14.766348799095526,119.58823406829255,526.5674706303785,132.32272394452863,802.6405495315827,11.690741394827024,78.75428894473774,2154.795731526507,1113.9054121972672,1714.5525108888523,2406.3623395685904,4710.987978265843,10594.402227092383,12.92792344974454,11.122670712671257,43359.8116879385,41853.65638294512,202.43643826665595,10337.986751758415,16.797743678192646,5.169270219208626,46.46306942913892,48.482808910738214,354.7157715381703,1219.1298822630567,478.0327043669254,157.9981513224456,49.288375021510035,153.9779665409084,557.3036774612522,1751.901937379507,33.796151202233524,600.2565895205893,31.63585471162723,33.967391787742756,27.50227188095359,28.4852799815928,21.996846616675338,7.512991980421301,16.36257910110321,262.4003534766667,32.05400908930479,23.326859793546454,17.596600033242172,24.014022014931147,49.53259384251725,31.199436861581123,19.527718073463273,177.02558689448813,30.291622000663995,277.35433190661973,45.92833362320121,26.400536706211643,41.78498739231458,336.3517358233079,53.463318691588185,77.89182740200792,353.4868761553616,18.032056153477928,107.48728931001216,37.94103141451656,654.9938328578626,395.3645428596699,46.33788131266107,32.79187509086113,57.71543605735651,202.7137815355181,218.37751826331757,139.52451898298676,38.5679281366394,36.48285703736504,43.257608993714804,38.36253010182629,45.815593649168825,41.78378405921808,49.07826820341848,40.973763003053875,238.36249394769953,120.75835787273174,131.50410099348167,298.4318976312014,146.89805284019855,3.827677139977877,18.29811803436131,8.902371097520064,3.5323790464693015,5.556800585296206,10.41323452608098,527.7745349450814,231.95744197555908,24.104709933509806,6.017801302781722,20.33727898462675,21.106780950405913,20.94900791320063,6.5390558589675285,12.779704668602305,17.18286816064463,35.2771118248413,144.8090068230241,136.76488184167363,15.156133477478035,55.83922656691546,23.557079971510724,187.24730696939707,3.6255803686099326,10.711736256665917,29.220901975615863,30.74274082697464,18.805480539587517,13.497572476118135,24.776789038664372,28.906099512904728,32.265937716802355,30.610156133711197,16.63748522353557,34.90118071157333,10.399660438878353,26.315814342841584,32.17082373847871,34.129523902296334,35.63690919526565,28.218177902087593,25.51963574118668,816.2841452928491,160.80188154673672,73.17533391075948,44.35490785409777,34.594918134108916,36.07011058860096,30.606589101662685,60.83375145420785,40.13806215935772,24.13180691043697,30.15204142809818,27.750210097335103,36.26030622240488,63.659868577091416,26.643652724070645,1715.1371028617089,934.349739015456,1005.1355627158389,165.66805113781942,586.7115211371408,22.646425156440976,30.02628278703975,43.914328699242866,32.82228150678146,30.71575036473814,45.357680940005764,1820.1495330763094,34.82105961951961,43.38312824955585,36.21173814664686,14.916791323320304,31.615762700019143,264.65698006132493,1185.2134250696042,551.3146232487006,44.808250603894116,54.280626837704936,39.499195463474734,986.0390932853853,8672.37457739042,3801.8725784003636,2253.529183683718,1735.3334530737898,1875.6594638251952,106.67970115479677,57.76201303070471,42.56481026414359,65.52321731866843,72.39546361622776,83.16776736811887,117.59423434433732,280.12713583961346,2986.775726685052,380.5764814395535,84.93464405172566,110.86630743792176,70.17008720697275,70.03258662365859,39.69018426325767,1363.064326371403,1295.9958361721415,34.12200271498148,24.329075919267115,21.975587080282708,22.9867897909094,23.623046824875082,25.76774724477326,38.03882542133388,35.858151131110795,36.57573650624566,82.26161260080329,35.642729636511696,26.208641620842517,731.7605815365049,248.70842823526831,90.14992760001965,29.714193294699125,25.329903986760886,46.97383754775394,24.92858565311478,168.84379060451394,714.4183306825677,55.245169635147825,42.09787757867217,86.15020955821763,13.151643358612871,162.49654220685665,17.846077604890123,19.16591553017587,18.68968445839042,101.01204187533165,41.58497055430518,135.77367862998165,26.31505329097984,28.750551616079107,31.36641111931394,33.43967356934995,36.3694772175454,66.31727651447896,38.444243690777036,135.48159295437645,31.93548128068065,342.55506281429393,437.9707712717219,87.17568171385228,38.020099114958306,28.02408151508548,34.7860599336248,56.71219615097748,735.6021450293792,623.7612409564808,370.1199735869514,28.040581595736363,33.04756505184499,379.92012065927815,12.74394010036064,23.450449414748046,29.1635317342422,237.27900621120716,18.667617514920504,335.82533182583234,14.955994385234995,22.747465513092745,27.043395589364884,27.31798367958885,35.588053495340525,25.670270554889445,28.192498281959363,29.28949644202224,91.34070516873514,50.45711842562551,14.18135100965889,20.293612940015876,14.498905500998978,39.61751012019272,37.72833536371566,27.21310556043521,271.9514965883522,670.0483418370939,41.42002462066211,28.603837022251035,359.65494914226207,1394.6802875736103,92.36979653245841,12.133574866998819,20.087333866612024,15.789530043947517,16.66253985707584,17.645606373471306,18.357553455277177,15.26389354732024,542.5625437284043,65.80016018395165,38.535650062028324,245.44873256786,45.183541709020695,326.81484770209585,49.724016434358504,73.00330329366837,69.52667044314828,62.94160143869303,38.86967075847085,27.570268977840225,474.10538948527267,33.62366512169751,82.08659543004765,29.780733722139285,29.64251938556881,111.6494739858825,19.097383182754132,19.448901852283175,26.474559788507808,463.01830987381067,230.91155024683096,117.21421643797233,26.19587143743086,32.960386697103864,57.19999316875881,36.767212879095304,1080.050006454122,1833.8533435292904,62.75450290416617,31.28722743430896,420.94351641988317,4754.430349525103,443.78220051201964,30.898792011588707,29.53793002060542,37.89849385063791,42.60042558223551,22.857089903020015,26.109472446685192,24.898310668271765,35.386732100860605,30.628546266183886,27.11788798024024,28.84728575035787,28.245386041727468,82.48414236301,27.021254916781825,32.360276179497355,26.724164496143345,34.39991230687796,1552.2470086899752,260.40960604094823,35.13281036449357,30.952255570689527,37.21833410866617,29.227240044151124,38.217943399307025,33.80235983797665,34.466704453735225,31.68843062707882,181.96796314680896,1255.2338147821806,648.2133276856332,32.04355667823944,42.621527569453804,95.42047172450766,32.70522793467259,30.402833195846885,30.869388175954285,22.430325646503125,21.587797012368092,34.01656215831963,117.65755658496944,289.5782296112292,29.45536522666439,347.6899083522078,305.38507009468145,46.21231485086125,23.941721116445073,27.26337358155777,21.712216369131013,24.903470516380423,45.55308227831896,28.54898273853522,64.33905314147684,30.669988923271944,37.64156171057719,33.34118222166461,100.77853818574043,36.95993876008765,139.67103024257224,28.516000902438897,57.023088236727865,22.131558318753,42.679678955664734,25.078996736338656,89.24378398968304,34.106268155111366,49.58373406540671,32.62727646855747,25.364344964021935,31.34140472988157,142.9882177634092,166.51968116967464,45.10461373469923,20.906427109778797,26.705212804878457,20.396849422115416,33.12375387129485,27.44983874302929,29.252617795765516,13.422319191615543,29.209304905606317,189.38179900116302,17.005698379793746,16.888443068118352,22.089448801231264,28.31977334930693,17.262662292595234,36.13561423206614,14.67185684206869,20.02440754307883,29.17301856383379,15.11784798805919,19.48376135890778,20.47840979971373,236.42912267087823,397.43709768351704,386.02527278545637,75.29312682672273,109.8283689117481,677.9331159351935,441.4462577522598,70.66126269187819,88.65436523760195,96.268067201896,3.499754229449627,2.8166396389086477,4.152142957619365,7.621124031170368,441.34156841981803,282.7435300038873,152.32068735834255,40.90103224215969,40.99642050299964,334.9657648070651,192.90232766753792,171.81764665491323,461.3302037855435,648.5201318175858,863.0585199381524,3221.5264100020604,2482.786893407507,738.7427520321793,874.9449148132525,661.0618531748185,415.39196304434375,166.32765218179586,389.4023081830137,233.0761893901379,21.074012615972094,15.439194813959697,23.6846162664279,123.77507112210156,89.36658382166999,57.853464382154364,19.63368251306354,153.71244517627235,122.21903165508863,84.18364928016021,380.01777146662886,239.2309388300309,74.29623034684667,31.838977016931743,123.16224657790117,77.71663372133318,145.0357280441727,2102.696572409641,3250.1236513618524,1843.9990583925005,401.258173913005,288.9686024540317,131.30906067040033,57.758380722789,2592.9421433997627,871.954176581056,799.9405937340762,416.71476456597577,1518.4871287403764,3889.08921428278,2211.830424907828,3420.4528001144163,943.8502188251581,3260.122540442695,1700.9789962630703,1289.7233425541451,444.2158084033726,66.39242625250245,2.647518047451484,1.920315946295318,1.7111838069330936,39.549439070660526,72.2828094035844,17.520437138229155,28.20736014632946,156.54454825588974,89.82613253981388,95.70823565192639,82.83286312711974,122.06235743157842,220.9327130083631,175.0447959109281,149.8236938645382,34.591178758263496,256.83709929791746,116.5156358203199,0,207.9021431429538,10.537752548981475,170.19516450889424,3.1164354912139145,3.916707983616596,163.77937764059584,136.15104054408863,308.69023869373336,166.0758546030672,135.76529639701045,208.5324904138827,202.37316237370402,177.67543360909772,516.9922983327941,795.3888505689674,322.22243758835134,444.77854501482267,42.6210640218192,5.586595888934131,647.1909668135106,192.00979769028734,330.3573403632088,312.17537342951175,813.552108580492,162.35717623186534,73.60559794569771,122.33677956789604,110.41175613312284,82.42845618153157,81.05797174163176,96.3423132102897,119.55529430281824,333.27067607731465,148.03447062272267,136.55040963690547,72.57365593540494,97.36309655803392,396.4045199535069,124.45017255676952,167.6146927187847,137.72366130379643,169.06509652641893,425.06039076945893,315.7570447882678,353.16307763207215,333.8135544630134,299.35487334064976,334.8821103159708,169.21755964939652,94.05808451358583,210.17291226217162,21.41094099473982,0,169.7665193867228,1638.759244220888,405.8065326772604,67.77587779447154,1.407749623291918,1.4348883941354116,4.340088598553883,0,345.8139132336414,135.67587031434985,13.163066797616976,2.03085591788421,2.3712225534049107,18.100044585516272,1.4435511491899378,0,0,0,0,0,0,0,0,0,0,0,0,0,0,0,0,0,0,0,0,0,0,0,0,0,0,0,0,0,0,0,0,0,0,0,0,0,0,0,0,0,0,0,0,0,0,0,0,0,0,0,0,0,0,0,0,0,0,0,0,0,0,0,0,0,0,0,0,0,0,0,0,0,0,0,0,0,0,0,0,0,0,0,0,0,0,0,0,0,0,0,0,0,0,0,0,0,0,0,0,0,0,0,0,0,0,0,0,0,0,0,0,0,0,0,0,0,0,0,0,0,0,0,0,0,0,0,0,0,0,0,0,0,0,0,0,0,99.69635563732119,0,0,0,0,0,0,0,0,0,0,0,0,0,0,0,0,0,0,0,0,0,0,0,0,0,0,0,0,0,0,0,0,0,0,3.47120347402564,0,2.950419072041637,6.085060188018549,0,0,1.721194988723195,75.62948495665022,11.833003710845572,120.56973221659737,8.72283458465221,38.985346948045645,0.0832934375762139,0,0,0,2.019336979973085,4.853356592614396,18.519216735236498,19.49939918445611,12.518567605296246,76.08085947733086,6.114160605694285,0.9202371135820518,0.45947590053972204,0,0.011381749070123926,0,0,0,0,0,0,0,0,0,0,0,0,0,0,0,0,0,0,0,0,0,0,0,0,0,0,0,0,0,0,0,0,0,0,0,0,0,0,0,0,0,0,0,0,0,0,0,1.472253394380201,5.997653688248903,24.6446245518395,48.7819824866101,55.62309196342525,177.74511106032693,59.3044203141513,138.0452863891685,249.98953778408222,34.129673348305275,98.32204507509205,100.27774781024499,47.22557760899867,112.95375784547468,34.71164628649766,81.67346066137361,6.470632133793998,7.468326052094061,77.14885930395141,3.5908732609394507,0,0,0,0,0,3.54524753741818,3.0729666402302906,0,0,0,0,0,0,0,0,46.126821511867185,47.617613806599735,0,0,0,0,0,0,0,0,0,0,0,0,0,0,0,0,0,0,0,23.824896472264353,530.6981540641389,12.263711175481726,0,0,0,0,0,0,0,0,0,0,0,0,0,0,0,0,0,0,0,0,0,0,0,0,0,0,0,0,0,0,0,0,0,0,0,0,0,0,0,0,0,0,0,0,0,0,0,0,0,0,0,0,0,0,0,0,0,0,0,0,0,0,0,0,0,0,0,0,0,0,0,0,0,0,0,0,0,0,0,0,0,0,0,0,0,0,0,0,0,0,0,0,0,0,0,0,0,0,0,0,0,0,0,0,0,0,0,0,0,0,0,0,0,0,0,0,0,0,0,0,0,0,0,0,0,0,0,0,0,0,0,0,0,0,0,0,0,0,0,0,0,0,0,0,0,0,0,0,0,0,0,0,0,0,0,0,0,0,0,0,0,0,0,0,0,0,0,0,0,0,0,0,0,0,0,0,0,0,0,0,79.58958482686351,0.10209869900059054,1.8355827250444727,0,0,0,0,0,3.8256588871814023,0,0,0,0,53.09731369578579,370.5114175587011,68.20153813126743,226.93240794250053,102.3101145530547,434.3306376202023,28.154073010075862,15.710052833815583,877.6520603682072,41.47744337236909,111.88784071652388,1301.9115870499456,5.821381550846831,169.85601482740384,195.18022974513232,38.8865860500664,284.6102874756965,306.458767282929,129.37796115532606,111.52739316336631,60.95967690345386,1531.4939542563532,17.619908731360454,145.26907792743077,20.617403179497703,344.1932540331458,65.8394474251091,32.22823075092751,56.83175610282409,59.0644784451247,0,0,0,0,0,0,0,0,0,0,0,0,0,0,0,0,0,0,0,149.22463826171082,197.01804843744955,769.2938787981566,930.3640449484569,894.8494296179783,406.41979465363596,62.67911295343897,25.275518216794413,0.18988915218614713,179.10234048352237,1.9877371865392455,123.09709744122904,2.659815667822717,257.26002514302775,20.467305287317906,104.43604121950034,18.525424993031468,5.407241122196281,24.047966745450378,10.255116035928939,41.144792713991436,133.9052578478469,2.2295522789335447,69.3839268058212,60.85484672634253,23.801281537848322,194.2937145366324,214.15847782491988,106.38611456325579,39.08823449209655,10.775312868936837,9.085358750892235,102.39759647231358,0,0,0,0,0,0,0,0,0,0,0,0,0,0,0,0,0,0,0,0,0,0,0,0,0,0,0,0,0,0,0,0,0,0,0,0,0,0,0,0,0,0,0,0,0,0,0,0,0,0,0,0,0,0,0,0,0,0,0,0,0,0,0,0,0,0,0,0,0,0,0,0,0,0,0,0,0,0,0,0,0,0,0,0,0,0,0,0,0,0,0,0,0,0,0,0,0,0,0,0,0,0,0,0,0,0,0,0,0,0,0,0,0,0,0,0,0,0,0,0,0,0,0,0,0,0,0,0,0,0,0,0,0,0,0,0,0,0,0,0,0,0,0,0,0,0,0,0,0,0,0,0,0,0,0,0,0,0,0,0,0,0,0,0,0,0,0,0,0,0,0,0,0,0,13.717881467641586,49.85322339121058,111.81409813596797,128.80773310728273,0.4785604881605514,0.4144505561497033,0.1142833070297054,0.15903329802052216,58.345437586080735,4.247515851464731,0.4516323746870668,143.95893815597765,0.9556077886973594,3.0415622126810766,48.6195782412361,7.218496995883035,1199.9513042999515,2950.7992778519,244.3510102120556,2.5287098462481974,2.6757512009314115,5.034515941850948,3.83537429302834,2.0510679757610646,16.655144606034643,146.85164514887376,0,0,0.35439760090490763,348.9053209232441,1.140782540699068,46.61425440742754,40.89930457143388,9.042561065694978,9.36776244548163,190.8613470667419,11.741824667301243,47.16208629854288,87.64243131008324,14.669188273261007,10.762847289840884,603.5981650282278,769.8170012436369,205.57677929028918,106.29636636850333,12.258943461906826,13.51814593889963,25.457719900809696,16.428050941350172,661.7463987224329,10.871704028857128,11.426702401277694,62.211914079389395,301.3484792168754,2537.232228526295,700.7769760577555,1588.7576851584286,25896.07469135675,2148.329350501183,542.0373091091944,31.59115677908041,232.59879206486406,43.473768800821645,381.84201097934357,70.92002872742273,26.57817586993222,16.465584082271178,0,396.3626546086589,56.00182101323772,1347.5829312188223,1586.112329457797,13204.133267827556,1165.0186456167598,44.20167691951453,20.403977564334905,12.702418367328134,87.73620648088368,2814.151226945439,3736.6983934922528,1966.6949905891386,129.4081998607011,170.16456678204594,958.6640599089583,20.260875700010203,20.06423880291588,20.461577550060355,20.657588583954475,11.403455140349063,20.956056115499248,20.310846218169342,20.86084297843101,20.894669614374486,6.589247423636661,59.03422957905528,8.450348166138019,9.34307585335842,60.502302841046564,70.89513517224047,27.523881160518243,5.968525250533081,54.12259666968626,47.841035896783076,16.748065199029984,50.47576865821837,39.04700007753781,34.54710141099082,51.369709327133734,38.25507727916411,19.47978144210329,44.27998960216615,10.923999920296854,42.13099314437291,32.9016944486946,33.855959347708136,29.607612979938626,34.904653521477634,5.759483616637151,37.3976043799647,0,30.539354132681616,29.364553757187984,27.82733997489646,27.072441590856442,33.70483670868323,29.52532058381956,0,33.80224156665442,32.7150923385382,148.25579369493605,3.8620244985343324,4.637778286068378,136.15772901482833,10.386356336416474,13.082893608276171,3269.530087026796,750.0221312108312,80.53388996435243,1.8642355116405873,1.288100192404645,0.016548171620454643,0,1.2705421230993725,0.08963487063127168,0,0,6.741005634344416e-4,0.21325186997685655,1.3114343096370749,1.959252295714434,0.41882216637800046,0.002882686164119296,1.0523662655177763,2.546057070592777,2.7759236121431226,0.5732561460494169,0.0609761822661648,0.09202363551611778,0,0,1005.3429605308902,2034.3221491675126,0,0,0.40594471314620767,3.5189007314960854,5.184569429649051,8.000909272850368,5.151570221219096,0.4225230873328073,0.03876580425137266,0.012869610654619537,0.5499549623166753,0.6680801479983975,0.2312586696110988,29.87572728671221,171.0891779572554,3017.1984469391327,4702.445076491606,2383.9114941723583,4745.923057443706,434.790254042665,146.1106298770794,20.83301119603256,4.335454676458019,82.77721840517464,63.71359833954129,1.3086495047372613,15.867434621194327,758.6105777232558,0.7156576241631443,0.5723380986885678,8.563431226005553,16.85028233362817,6.144572153720284,236.32893578116594,212.93526695534294,9.6637413776348,13.13450225725713,123.67992208313849,108.97039030443268,782.8247246392452,2809.128593347318,146.02076864697455,103.14771194062709,65.98564376013637,0,177.64399013540515,169.5580504479706,2307.0337824124335,1683.4640697535326,1142.92927932485,240.92942846833736,250.54529632206072,143.25930943060985,322.939694166503,251.3784809260749,752.4870924776138,309.94514599888174,259.60259099676557,216.7984254675006,239.37084103218237,724.8762103829832,891.9446194435372,137.6936878442352,646.3179742972469,181.85434412337347,589.6579764884967,629.4601154843843,55.12092313616532,81.18675261512469,193.914765530215,214.80458548536052,47.35421535682201,86.33468876408445,22.42787710024527,10.603850483231728,55.62274196498505,105.51478171828323,551.4022706851846,1408.2909332182032,657.962383569984,1254.5396534011288,1064.9529387092566,18.430848737183833,125.5914926353314,258.5449936717061,84.7297112560509,126.13540295024167,919.6989601019951,376.39970664962794,378.5750696255025,335.1490692103072,18.62008870075723,344.95307352797204,394.4210128654643,553.324694411391,685.6973819399784,387.3075124119476,158.93579929362127,321.34905772230536,152.3205162962626,99.85298483490877,55.52956043411896,414.9485822859817,1888.3527648442894,234.9123555163979,469.5565076290095,568.9613281516195,681.0799899372437,391.287122752087,52.220730249052224,155.14884642983213,76.2791187568401,16.48160136061333,114.97577402361824,77.5419805374997,60.235722528098954,218.04521114502356,178.59651943450314,20.101768556418662,140.07162658940894,21.642124969503183,76.81638692066439,213.1744416703096,640.2301965037483,328.5215253489239,235.61485368190134,116.93862225115627,64.32757224946128,381.7642153344664,50.82616158901863,424.75965609706026,87.64027626388179,1002.5058585972802,349.9201279983974,96.57527670000539,42.895719634240386,60.24404033354173,62.75774611654444,172.44829853587373,220.08749896846427,281.98226239447513,569.6189303905265,164.9631809994346,42.21797049863025,118.86368603501685,61.841102678644795,143.81255006217555,66.38914661994704,69.81475658580976,84.36938903675673,28.178756025294895,55.827702102544215,34.61716623850234,213.8806362914934,372.35174497425186,308.52413299157155,242.75554146001568,343.4949930049956,435.08393752365566,630.2091152477193,221.5147731667597,150.92571487042292,515.2761100002775,431.71765541934644,246.2931710456399,465.8475566404343,222.48746579914013,431.3082378637758,95.63238616888106,256.9216204568591,287.62325605980186,669.8125937694059,660.289444746657,1236.8634297389278,276.5212501244813,176.3153925577421,306.9334347124824,2263.9201710191132,523.8995964845586,735.8006466981648,740.9164484511431,228.21153869207987,121.85769958125421,21.523490793089678,105.79016171669075,163.61290140789342,9.058931001777323,43.262778866225354,80.25696762025835,22.112802782427384,408.5538921516049,541.0513321611162,339.32534512418636,121.87367394220456,50.06488191754814,84.26896212846518,273.17710587650004,796.651656532375,321.9596951247291,5758.052089727176,1170.2332015100021,907.9765208599802,776.2407724792218,252.13124276971942,281.68877048215654,204.25393490945524,315.477656051134,245.55093543566937,351.56348771904993,359.29821820489707,491.73121619687845,601.7516983453926,514.8112578601306,130.47037063404628,92.12900555244305,202.0153056569516,122.5550828365389,120.95523048228321,72.63408715988487,109.42612772277519,123.87591089004616,5.336720740447996,247.46978059136703,120.30385206244962,4.264152560321288,6.246965300397527,280.72190064683275,160.54813669759432,215.6649884938955,210.06365085337077,557.9471055731212,1494.1600897370051,1305.6807101548152,1608.914377432513,1159.2263950245278,230.56785662268277,324.0029862202138,490.0368404280453,776.674630537389,1373.5463388593969,529.9565580887332,276.461406800261,15.743035433848716,122.07679664290832,475.6934486762863,94.03469553592933,205.6854501069384,863.6954815700146,210.4299128324991,8.855572181678946,180.0395602455933,1427.274019809821,410.02246782648444,66.30082900564581,39.084661491838965,569.1229002683178,193.54965332639844,83.81053049608649,105.45738255200651,326.05648757836127,76.06988636469447,113.31715890234504,338.2884999208093,286.0013575776844,624.1564228613748,1209.3698958548775,1054.4051782935464,3.8540613677024704,8.906249745645608,6.727098071433625,48.59622859174681,6.569756593730911,6.534337138857459,51.54165920265627,345.4609919634558,876.7753731808561,1702.6619662711141,4133.129386408412,955.0852602855238,7.188642166213787,514.4251249473822,13.93135706234346,631.1572525428509,43.60527578555657,331.14023198087244,48.04431109356087,73.19570543374574,142.66688543141927,13.284230396176381,21.962494905128747,184.56778389066704,84.69257973473464,219.5680230683854,144.72020145666298,153.94518583057376,160.28730032968858,11.35718454322499,9.240526967276177,90.25315448615238,0,0,0,0,0,12.628303149367897,2.5129200422690174,5.850517382382269,3.1677394434885606,18.28876690740519,490.12718541765634,47.298391545553805,87.13698147483103,8.646714652988958,126.55616186667801,35.65034394956937,306.2789582531274,2359.6913240283507,1128.9045242117845,1236.7461099290188,818.62707035717915,742.86517333983,263.57185706411224,241.96575484715586,424.2387546224371,389.7352557561393,288.6653808623541,606.6896808838464,561.637451421851,87.45344883879945,493.229666379846,1335.9539271302995,794.1580084734811,96.29182328374294,71.14605203124462,69.01617026982099,78.52848590796447,37.11513335802198,76.12162930078023,34.050325504469214,78.12616304033108,71.11274990745758,107.4682174825992,95.25680050948668,230.92779462925245,1713.298890184894,2243.6915635325217,2817.265001184019,855.8641811022297,763.982159701905,310.2510855588602,273.1953507022593,1686.429669979836,1228.0791207475907,1662.6763186738385,223.01907240190334,156.66159225718602,154.2995720354792,90.60870422715784,930.6404928390622,235.28156609070683,117.56593587769261,181.83466271958417,591.3453932341763,175.47037509460858,736.02413616440106,354.90745925119893,146.21565307431015,2430.714499851174,1144.165338160415,1347.5144336148255,1300.1122717087846,923.7576643995362,2058.909456212002,935.1419288188354,463.78986868547065,922.7585557068066,3987.0043239679894,891.3533706077551,574.4519504208664,11.497862287580988,45.76017570064965,55.051972072786405,36.1330720857271,41.395087858178755,35.91928455811726,20.991477925696984,7.9655436535515065,143.349564930977,4.2334300767237005,30.922091949584654,4.980610588175866,222.54638021215973,667.8736749901741,3342.084470179205,4.392720700744234,23.205920700641006,1.984450485665784,39.90307757769691,759.9016981739488,988.8424464935497,891.9249870375409,403.00611337769607,371.07697301292734,22.88277751078716,556.9582513855328,1183.4170745625972,756.0162947799142,2574.166112841082,1253.5771015404684,2077.8239050307193,655.1577517236402,1019.4065209162985,1043.0349625633303,1737.2411391107498,2728.932779269132,574.304056922288,592.094339485218,2952.4602897581103,1794.297594747491,599.6367102458706,1682.98375765488,1819.2410394302651,1045.8294346802165,1976.081805541907,3098.3790592515434,468.14712348495715,5001.696790703973,3990.6294506329937,58.52187167212592,2038.791420183274,829.0968028238632,37.588138756135315,1581.2504345587975,1755.1171909812201,1330.3565461148744,455.36985730790315,53.964441735800456,180.0595099690607,151.23802822927604,24.06235860050377,71.32757173436096,561.2127364237358,1258.9321660230978,875.7281395245581,22.951226949964216,426.8752915087669,8.07874538590779,6.479833187991887,5.64094095492214,5.690354803764301,6.110532026989816,5.575728383113343,9.21504125927974,19.369865223006983,22.320016013775138,16.028278465676724,12164.68638891245,676.1903820766278,3281.501111210632,591.9186354552793,6.9228739386009535,61.95717127051868,116.74520681253638,130.61199859255888,14.464210829417418,603.5253345983723,3695.016111815496,5223.797605318904,476.2909849525345,78.97699520413941,105.28985666516202,2480.7706143606115,12539.823044210229,114.53973275563372,2596.743017241879,721.0634160063247,803.630924650483,830.6485735231669,33.51732395164419,411.5184487832668,56.46535073583145,156.60688734366155,10.130530240439871,324.90553795952275,8.587466256741951,4.97175622598045,4.9318949762359114,15.196415718385948,1.6432591449669463,11.302280167878145,40.93323651082796,21.405670669653297,68.18235651104561,21.911469056361973,69.31578352988342,684.8600892400979,81.89890126124713,59.788775896464955,582.7406070030445,19.752858120703433,21.612549408868322,372.03317519828505,738.7307736313165,200.11737451816987,21.53702089093143,134.53309643672503,156.60074869180582,41.910149382297085,52.83711435246165,456.4770483472089,79.19497764563536,198.45754681500955,24.897556573442525,54.53037905096902,147.66508632382477,271.7823711081095,25.41771274679416,27.16146129507918,26.506228521626166,30.89572119682349,161.5325872423486,288.15194602585774,224.36466901402414,20.557477489346507,268.71660547977007,36.028059355064855,68.97251036002378,98.22189503757411,478.16665488887344,339.9536779166437,6.670692327347637,31.55961877990673,95.41541081545063,35.38615042775176,5.890645815245176,26.378114120468556,124.41328938624126,272.67767144705675,84.21355859318297,182.69815528695565,318.56128378678414,1189.242774485009,5365.283485536663,15761.751795138089,4572.9680477217835,464.0152082671664,529.4879182919934,473.04602889687425,138.4058075082972,194.40717219994548,199.0489659981547,244.79019111992218,130.52933043507545,68.88609613964567,49.66355731412475,231.76449292700906,205.1201838141864,99.19158649480616,20.219023347634202,42.01003348357023,2.3069803737194414,3655.3326921011535,7.66010858097489,4.740129335179164,609.4972166569501,56.710130552548975,43.08445475127733,43.47987620376546,0,19.494609260340408,0,37.38483107698881,5.266236389690114,22.312142240424894,23.61070093395872,21.674726881872168,22.891880762302492,21.175719163704645,23.532501917382035,0,0,0,149.21767731059106,49.75669009291105,204.52979074551558,262.05450866829153,122.90000391039007,55.34954049804698,54.52103178691564,259.1962878382205,247.89830945759226,354.9559115257426,322.8726450618,206.1347008070812,90.09734623172017,55.174422414648326,77.65759929340268,124.89633556540952,158.42706507966986,82.55367679259795,141.40315370018496,134.813113776326,483.4626927557397,776.7388318075244,138.2126466640986,421.7508954288159,22.442314458492532,119.25519643682158,610.3182788434287,140.3676509673472,174.90875082393373,819.5993670725878,148.17862794602718,716.7032890960041,833.1637694131682,835.0550560941051,1095.4944680231852,2891.681345028669,1297.2859018846807,3582.3400506812213,767.3803483522601,507.9086163149488,294.24636938501396,873.5589404093433,377.23172592659927,1506.1374376575623,0,9.04276763245368,9.809208956540374,42.85804895171479,25.96249482470016,629.7974378585858,40.17519398082032,34.594366558977,22.029242479451007,163.34344292681482,686.856125233485,536.423207724836,740.7671250507677,2421.214899916019,2566.908448338633,14.608862131722233,65.93270200576698,82.07076772655878,18.25813228688078,92.15093516234272,168.88802386905735,66.33368151572498,141.21100837887886,174.54150034526808,184.63162833299717,106.01327809309367,313.24225979095536,69.10593069732408,111.1773490836655,17.807823165245445,8.716187025049383,3.2210380401179357,50.093056755112976,13.756440846436087,3.3248603080708836,126.26900259167614,5.586551527729525,242.7948945096979,25.353070815263184,42.33240899981577,4.789464831168335,0.29462300976458033,2265.6378789156747,2276.9527953160605,493.24645892665956,549.155507217997,109.93542777583109,1237.4775680399398,1110.715413249097,644.2269998659009,332.56487178423095,112.90549997314235,109.4957272803957,111.04879831007183,28.908155285043165,36.39073196394417,45.2865925173822,27.78194090550139,27.412958503986285,63.334674389767265,62.791866226217934,89.41141604273336,416.7553351179486,1120.4179163572278,367.4121188671488,113.38800140848089,22.61683406489817,19.505595140103953,56.423966628116595,54.430587911473765,22.59644721562744,540.2667334189834,212.64769574992405,75.57563736158215,49.12835145597656,36.66827538963857,340.95531524183264,294.53454615537174,623.601931023241,648.7863227496736,185.2756402350481,151.2585062318936,294.8744732016826,311.2646562499706,531.9503799429789,179.98779847967896,4.6010412850871285,4.390381811911155,240.65121442884623,132.28979217165207,0,44.966012511214494,1.9938354653780643,3.2669660333954944,59.77777847478408,489.9849259537852,1199.8771952306367,1297.9629239790952,74.47852008329394,77.29553970102921,25.78560997325948,93.96797974185586,372.4143906775305,121.72283130886622,448.9105660032779,64.62485543162549,65.25367711993248,196.80682502241638,418.2581749731998,70.28165668019976,58.68624632392969,3.6014599129014027,2.1245042030154546,1.7930053336247185,6.21823018349014,1.9143047955488097,146.74701838809224,103.42067032040302,3.3494779957111835,4.387554989331066,12.525284602122492,6.812707736059391,20.034976772453817,192.85339594859624,473.34766414906255,11.145877186784666,116.63698956409107,96.81549218107786,5.362384958670312,96.89385998079965,0,0,23.206105780258763,208.37166481239908,125.77817748041572,6.248782481198793,469.871704296682,273.33616350801196,51.170013470346255,8.140273413965502,4.906625305268978,29.554629066155318,2.8907366349216983,40.2262161014242,3.4826244223682896,1.7713738908482162,3.0305373377737683,1.9857463423677502,3.138414773438125,1.71858446736796,11.11763708561763,231.5979429390995,1.68976074938037,0.5730877492433653,114.17229921769496,554.3244299496845,410.35096701903416,20.11722185425173,144.32342626119296,201.13656798983496,164.47346458423644,319.5722707678253,158.95732580648573,207.93877554415943,28.229350411680873,57.902856370978945,1234.5709658729322,887.5605646877584,3413.1014809196076,2538.4497409104524,2050.2946590349866,2338.9362635424695,1157.5644035291357,732.4686792092484,3.6445739297211155,0,0,0,0,775.5318548314605,0,0,0,0,0,391.22871847776764,0,0,0,0,0,0,0,0,0,0,0,0,35.61559810836149,55.80380507631136,0,0,0,0,0,0,0,0,0,0,0,0,0,0,0,0,0,0,0,0,0,0,0,0,0,0,0,0,0,0,0,0,0,0,0,0,0,0,0,0,0,0,0,0,0,0,0,30.456441431859588,59.92929719026521,32.203090014575906,47.81076891763338,0,0,88.59943939752024,0,0,0,1.0778155450059106,0,0,13.499353234055011,0,0,0,33.21792420065295,42.21400969873649,0,0,0,0,0,182.78964782692438,3.1394175921083023,37.024923659387625,7.8437280397410625,0,18.76914455274412,20.909814656346636,13.667975657497122,12.56394991918757,80.42316997141955,23.000491279525658,329.1836942762402,213.48095268313568,100.38261749774108,62.81926423104921,125.24252425969891,173.7616548374744,0,352.62146948166645,21.237451374206294,183.19085322635271,232.6596030164253,1514.6353241009958,117.79735340826016,0.7604473165496773,90.60228498721871,139.0247225046854,132.42602200764432,98.97880899513132,110.28811857625833,78.54340395922283,86.31987900112098,179.93592228508004,7.503742433471463,115.85403943495483,120.1269909640125,112.60771468247479,4.124593363794145,151.4179079142429,57.047784115846184,5.926684971899607,4.241827686607997,116.5747794121673,12.617525211340315,614.3416276928448,442.298373441727,18.76798130795777,413.97477587747795,320.1705956538219,581.4012812146673,133.4803149647939,568.7265366915304,160.40112237046807,520.715780026681,118.21867087250325,274.07548743999496,427.018739283716,41.74111518129408,690.286079250011,367.7880484376693,37.406672127789484,190.38677511370975,27.006722645231697,15.173118372728148,57.76752199875357,380.30975624744167,393.51856068301026,849.1530047042397,425.7430839160949,482.67614312952395,594.2499409607068,34.9768539363125,0,0,0,0,0.12831721023536086,0,0,0,0,0,0,0,0,17.36146418064241,94.05094567593271,121.80571673808663,280.7077888218046,0.2556041057928137,683.6533951400457,373.11245142414464,178.59078314637642,0.29690752730061876,0.3792252581875634,0,48.3545465014291,38.14789653886338,68.57815457259662,68.95671828064928,401.0152256942554,311.6086473753178,112.3795003857821,378.08381629495483,214.40971456758965,562.0451296728322,765.0391312059584,1735.3169019161842,1923.2354590767518,1345.0252839002128,2100.9331552095173,1330.1366160508423,239.54842480399412,1323.968154645859,1482.8980332882666,1502.4350381901722,809.3770393200926,1717.94717692195,0.21448153260787522,34.65754946561795,361.29833739607886,353.7886022722698,802.0240256917343,894.2201273390519,643.2150993593162,7.184084815872541,36.16083023713643,39.625423009563946,20.312573466718323,7.893146759231803,52.83649411084684,0.798888377031847,3.1024955200164173,15.025629589540282,167.64497944065172,335.90329137673916,56.04903267439638,135.77024674190147,981.4019377655095,123.20593226836156,595.2229208685826,1174.0760817757634,40.62172746103237,0.977243221020125,723.4438110235678,258.19440124976944,573.5807278688732,238.8809639703121,274.7217245253856,347.32344040033695,203.57980898633036,107.77300860419346,843.1877237855315,673.3180481150612,775.7626530637942,1217.612256966518,375.4304716217238,129.53222407773924,295.89653348640564,46.14090320812642,163.64208432735862,709.1787255472304,653.8606069881815,598.8440989149387,455.1492049649015,661.6128954441965,356.9198528372107,344.1889305376957,230.71228386328775,410.14514241013825,851.7587499899872,1202.1069616041964,1084.258370845734,751.3761633091373,415.27838971575665,178.70121905301744,330.88394713021347,125.95436411527092,558.0162058729574,393.5149478895235,978.7696904226291,163.6679793120794,0.616038965402338,0.09077303124696136,5.425185991944908,26.590127302981024,39.79978781482319,1211.6047392833618,3203.5815137973896,2768.59499444178,164.66079363577458,448.87413313647005,1584.55390171987,1442.6354812403492,188.34825491598656,484.1565371229569,505.02849128177553,423.8782228103947,194.8557659891998,1482.7997549605223,947.6858574904257,128.88200572511704,102.4091979093301,1239.576868768179,311.7694200965259,413.912915469802,381.26964540657633,781.1372605208222,266.74524815775914,207.04824222590332,228.3314575181934,194.4764461435882,794.4862869437617,398.28503567473814,313.35041160434815,319.54231243812944,324.377782107922,156.11138945725025,163.631114848468,485.5312637690099,96.2475133838854,262.86222853026595,411.0357929256742,162.1553203740118,206.65302814928143,556.0670255056485,1109.651562318841,133.97053002775678,657.0307957100208,45.93901246246716,1305.571006193858,1088.324200274049,172.66178794613012,274.8103378692272,270.3452111160431,1053.3115384769758,1173.9150665241718,1100.6810826529334,703.9662872565902,64.13530177012143,121.58224152247749,912.857738948842,297.90788680783834,56.26139323702095,249.82104879796623,819.8569684327867,4.634679691729745,1264.8227812143189,266.1856077120949,186.59741936696676,703.6459571343424,690.1192647868085,116.62469355480209,331.833194960726,485.6042865916703,250.2805477031017,709.1072487334962,309.6302673383498,2.0067428018169235,195.36770386604647,130.80744563796335,130.77976590443876,167.55049194111666,394.4034457829576,360.56400680890596,744.7763668643488,334.2956907896331,588.945064219129,379.70999107217847,168.6625713572143,4.975652819091026,552.799788808637,225.34006246378982,924.6082946942965,1243.5007450328712,1292.2728915589694,511.50623279361696,341.55130133773054,419.3406506503659,835.310292470488,466.24218772602376,457.1003020469315,0,2.005345819440582,114.41119622182786,49.55233224085493,0,0,24.975202426274276,0,6.303519262090054,0,0,0,0,667.5504070075572,0.01402370579063585,0,734.0619384686881,1056.3470389667111,1696.578333082079,1301.2842080863518,1170.09459487551,1555.475162008341,692.5045126858618,1188.4970384272644,0.34910942764569564,666.1159031851455,0,36.44711601509064,0,312.7302375691433,36.87370398211978,649.9177159713431,0,0,0,0,0,0,0,0,0.21763331393198942,0,0.014168528949623204,0.007927711432652286,0.03922748736350486,0,0.049488138850063625,0.07993317710466548,0.0037369588982623975,0.01595804223700799,0.02418408197670836,0.04021993844548961,0.03406311618046422,0,0.04199557289685077,0.07599000640998259,0,0.01916279195592758,0,0.045012113219149795,0,0.17661323670812293,0.03506781668075534,0.16737777771836332,0.011696070103832364,0.037485250874712585,0.051622552104078345,0.02488371407300503,0.2821333933479615,0.022316081828812236,0.09005014897018308,0.0129994527663413,0,0.004505864052483675,0.011351293965274864,0.0307023574105406,0.012607052639622425,80.07873324634177,238.59520479291035,689.6480977700606,161.85793857274,1045.2359944415598,37.47488755367417,53.60392567038576,3.346804611996118,0.24959210275331262,0,0,0.09522257560760564,0.036883871523375994,0.36095165072166713,0.04442862969703891,1532.13741546025,756.159005325325,208.53211500500146,85.38934599146297,444.8192459415404,57.916422569803565,55.35745483890079,278.6589888017717,50.86139769176158,142.51217118433274,187.62095860180315,70.14381871623053,419.86367342195814,181.54981188508987,607.4297328273788,1444.6015872484393,271.98666358281247,157.02429018080747,796.4306126498492,668.7603318301527,226.14854055130093,571.3532935780519,1771.8825019326646,1921.024560182916,1138.8924414670616,704.1468147468264,405.4634156941766,273.3385137445937,194.84282359029564,152.2929154107297,848.4158360646223,1111.636922793379,749.0965691689879,1840.0788463321494,763.5523761424379,1088.583738296086,1163.426804669725,1135.0148264821605,1425.6481440936138,2047.2874019572123,978.5228867164898,3086.239805698077,1894.6266806514739,274.6551900826815,1046.5656817046076,267.3178443563044,192.83026269631077,164.23621033522772,0.7804303192733945,33.51252030878592,24.66838714368628,37.730589828528984,18.94415515145368,6.282170041954447,82.1180797337489,30.932099943234427,84.02863956554269,2.525120055374879,16.64215535734748,310.55448369080693,22.417335162479723,100.75156324664981,22.15952971070538,210.5451997224166,14.421836892479645,25.58524090837585,41.56862251305185,169.6379414428421,87.52819183702921,107.65340793616174,3597.6662021754723,686.1372048315515,701.8736768957009,935.6104868221913,566.1145025565975,318.01451634360416,1946.0731946734184,1272.0470963038333,477.1052460099905,307.9840809213024,815.8310829200402,1388.0381680396115,1360.846062360846,4419.798523976444,3641.192136652193,1198.1252016117808,2427.303300787141,2075.1003056087834,5826.262928192434,6349.652492400434,2558.1502421727523,1747.2465194880936,1648.2625738034073,1943.139233960301,2288.266979941921,1206.8239774626866,1646.5849765866944,930.6896538287049,1770.722910366452,1589.495981527002,1681.285185053053,1563.9765300115457,1962.5427948456195,4233.461108507193,4306.958714317831,2827.857883352489,4020.816901837359,2405.1837399547767,1945.6765197594916,1069.104414901223,300.17097345682913,911.9826560254654,739.7903902533113,1020.9427401084713,193.9431828417184,332.397583061887,469.95712910526316,481.95690375466836,112.00352327548515,269.66932350020824,195.53817816194783,212.41657309847744,285.10575604310446,570.2369693669235,107.08273499149368,4.1371273269996225,14.53696743056356,255.3050517023845,240.38675521627266,228.89078860677947,103.76015209760662,384.23911191996274,149.60735479451702,62.92644916163819,282.739997421615,406.96172111716425,243.83831546210226,611.8563209659251,136.6670037367254,0,21.743866247085364,166.57451035090676,28.610882807205485,104.02263753054041,143.46466884280778,345.16305803004536,432.988815866728,834.742070908082,290.5705306467578,1345.1024736934698,504.3960223058405,2171.701017289125,347.1492153661435,540.459470198162,911.9060480738632,3641.711805578031,6703.51481034261,8659.947365465747,7030.055048131971,6707.678544529654,8108.652779761441,5950.052500078763,8984.153774434026,7119.947843543457,4946.571235708205,2649.5058038431994,336.2057605279209,624.6701874129031,2068.1387292848913,2283.6657653349394,1606.6513777071953,390.93320413476414,210.17911349512156,462.79500524394047,181.67968074312904,122.43482996605674,1665.1173692412492,892.4484343924613,1292.112443577321,1460.9806755183765,3457.041682521934,3759.8275552994737,5003.006752706428,3458.899311256456,3524.780182945929,2052.9097015472366,3806.692406113944,4233.0011038287075,2195.5753818010435,1974.800586671932,4311.833687848725,2983.797604710935,2745.5531027783645,3244.0143023177056,4575.839512009098,2375.07789300239,2040.4644512188463,910.5763502182189,7.772077733237648,248.49006478045712,73.70205399757373,43.5664462178891,99.35582769183154,240.97101510373525,352.7700338285785,293.2060813001757,233.64102730596937,185.58433217118733,341.4490983975616,353.698626224601,314.33904583852905,1049.0947877070255,267.6404847028427,234.537706691842,688.4190062317339,624.4497882795615,812.8319764815764,940.1062095849004,390.0644792420175,1713.392925175651,430.50188851475343,2051.1705359676403,1185.8644701068883,585.0063989537547,368.5956734664943,636.7018506422504,437.670895406281,324.70340669470755,167.8684974886662,874.335256063312,409.0025951459257,235.84052906995746,172.88033441008116,422.40535040095887,368.7383698882955,347.3695158553466,604.3926607503018,394.87481479586637,245.21370997681183,255.65097802661828,190.2879338897947,246.20364092997394,3415.6053941183955,1114.2388961897757,512.8760923816079,687.670796715745,1358.7702039927378,1376.5925147256114,940.811476381958,1289.1877158149805,497.2342774021177,266.26648994899745,372.556651181002,106.30611279849447,122.80134191408155,340.1782471578765,88.84184380601063,304.7761661917134,337.74860668450935,236.75969790910062,291.0191744364867,1086.9219211239708,440.5054911004575,337.3659742928657,1206.8997290583598,626.4789496256254,859.2864433639041,1074.9278787002688,1154.1835440752902,1114.0965637181312,647.1150568860578,1076.5879723923638,1521.9448021691437,1013.8768935235263,741.9554489580889,1017.5159467345799,1049.055379685976,310.42433205656357,315.21867566680913,169.67563525396665,158.48810324555507,152.81007169774992,100.34938240764586,112.74475269843144,156.32222616275533,927.085118785916,413.2615550903769,54.626073680567494,344.9349571882886,419.0738350094228,1018.8684959682989,1708.3072861590047,1301.576510907332,1243.5436115561924,2140.3762167695986,1852.907596404056,7936.181528188355,1151.49024468487,1289.9179481137428,521.7309668086226,334.1157758854937,1107.8146659289785,2681.9551686664645,3462.745755570621,5248.298161674404,9412.77449025999,4769.940095094106,3627.81103149945,2850.018559163604,1990.8815808691575,3943.4898032054903,1649.629661902293,2448.170790181116,3761.730459786673,15729.302391768533,834.7444450210431,1121.1744165955865,982.300847928251,1068.940235897392,1338.875542023796,585.8203781857472,270.88193877387903,439.7655392704788,1120.9813172510599,1351.7983856958786,1235.8787388267838,1014.358651025391,878.4826450772847,663.9773320919963,180.86508815196058,19.727892689460038,275.2833485581793,309.3519224217865,266.11495139996856,36.462851309436196,49.68063946866556,0.292501185236086,235.6676256694116,162.37981141442015,3149.6172536891063,2623.8260484459033,3238.896852061731,3929.6545738499685,1490.2700674482412,2479.129590777619,2029.9265184751857,1275.782229375511,1054.2861223555178,705.64035750855885,790.8009915352668,525.0523590032863,789.7540819402686,702.8764833657623,795.1615934721502,642.6727209440749,216.5950918688956,708.9500588630806,236.61098877936928,303.6241294570683,212.40631469070377,365.4775697821345,572.5907895756903,346.76707708143744,75.46181952159941,71.074346922249,56.48403199731955,636.5713627424567,73.73725337994611,481.5583097345503,386.23768884752883,272.3219336769934,527.8375472668786,311.7601071650644,388.08069847140695,701.618261628419,959.3795429483786,1931.825145713709,1777.2757947392865,1832.2752359593119,3436.829580987836,607.1461928657875,866.7343771956622,677.5705477368474,762.0944450392342,709.4018415494845,141.33575648607444,74.26952771657236,136.6148323938255,90.62864903453597,83.85835989613332,67.24841418591737,140.93130231879874,2.331812417583038,1204.6259787263064,190.41686289726093,145.22024894520032,46.32035174178994,55.20725523565192,2035.9961960064797,953.3266627940721,1683.425145205358,776.4317451839319,202.80368661276478,195.42744440931742,619.1569162935468,438.541439695619,771.4525076253642,1043.1972898444026,288.978550407975,975.185731995364,1430.4675800197188,1826.0788777880584,1124.3891331576815,1033.5239903928573,934.2322730884221,482.98022596867406,944.3984034393885,1133.776705527365,2407.076904655886,761.1783009256817,329.48363155915683,86.28766663162844,58.649693014423434,45.96199095010901,231.40419218593786,77.50397351478965,71.35781240757314,2686.981963829233,3266.1399069822173,1864.1716834290348,734.0973596679847,1512.0067934545639,1160.3313187282533,86.02326968488349,134.4412312414264,974.3683864869657,817.0289725173662,1915.55949831369,2647.060833030565,1622.5545618428007,781.0218423137036,771.8783133132735,488.9345177382613,280.15562760416316,63.920838367543226,260.816817362169,751.8869076691776,1022.3348961423404,1046.5560747474387,1563.9818947438862,1749.9958287063253,1220.6077074373568,103.07961717028165,1646.8913679961836,3100.2566737297734,784.6575371175327,26.252577634861435,21.998801862170485,90.40295824511836,18.34907641070158,18.46280538829173,29.376423889892763,22.900600774955528,854.3922018817459,3.9461655954235826,571.7860203932793,35.86593649882607,664.9844735455479,39.9842694324308,50.12450176163538,25.258360715852575,232.31916554410938,34.70620402319845,172.87756977351177,79.06152795737083,91.44018369275015,127.39633330377931,401.81671037882603,118.37364150917752,203.2042888579329,58.251844255085764,200.01485223562236,470.36389164054066,286.08508328699736,347.7181327374017,312.95800483581013,555.5667812830915,117.42645053098325,201.3670664012339,56.994644286445705,224.69024895987607,17.233062373314308,35.80182965105266,63.9744187492088,84.68810246387605,73.59430767694059,445.4093864713657,238.5048963138407,142.5394548784546,113.66337664904205,66.663497040813,66.96093155622353,59.78449490640122,60.16203019682477,65.68872019784295,166.68536742655238,52.09187635614816,57.101362340411484,235.0763605974326,56.19829632907222,158.52873513927452,240.76939855408256,564.2017699027307,1814.471176493236,2171.6068698538666,1741.9573694478202,1287.160511714844,181.50492081928465,215.89530865577433,69.00177493147295,209.4016462630915,489.57824001880704,401.36815808066876,170.3552549956768,583.8758091536002,188.39425517344105,543.5973807860116,591.0520516631818,219.6051126573867,524.8359332639714,547.0392815396776,153.735362801113,559.2917781234056,202.76709932909424,179.21694576768408,23.32358989449782,273.3258875954825,190.96848358311289,406.9719313071878,712.130780783424,549.3479667903886,117.41554366255598,384.02368553876073,118.6316265831004,95.92558119973899,331.8770804806356,263.3384530787107,520.3078088176462,514.3646542883791,275.45227220798586,279.238439156283,116.58561971030349,143.40888161440057,64.51472534059178,505.31323507723766,878.5506657379722,1466.642898287509,906.3825744408125,1208.0107467973985,1772.8671115031932,2201.3768518193265,3944.180723281021,2266.7536693117268,87.70746938538407,190.58523787712795,302.45230630247676,635.3165181801576,271.53161214158405,287.9761146340311,292.5041388610713,387.69541488057956,696.7192172911099,310.9677818333997,314.87339168002967,299.3157473130285,1382.4731197425367,341.6653702062292,134.99426420213007,394.8988475723843,752.4575327449481,430.22180373556375,86.31047912915852,188.4397766606938,24.64475787883142,251.36287132958347,678.9219457973943,979.1519908201466,664.96247667521,668.6080938662732,575.2424904454473,985.1268842738598,366.10135385990026,83.54908447379854,292.9468742835018,318.7816670636395,111.03724008335162,197.0923833129635,117.58856534739151,321.5997310543829,387.07638183538774,682.7509798043595,416.499974018884,361.21010726794515,276.8592101236093,57.86214345737383,1499.7140918876166,2150.534142833868,1506.553094759825,1246.398937251621,2042.3979668136228,1788.8312326722591,1346.7748684622718,2014.7408041217313,1443.7781958361836,2181.915251879188,815.3150611304194,607.2282328396808,237.85953194341496,897.5183896621878,45.0664884860279,485.9732094193323,706.5626387342967,655.9463930939153,1028.036573520045,809.2907137032659,38.14281924727434,270.1694143908736,55.51313419707532,137.53357155168402,352.91755007524756,302.3046871360314,348.89655291372515,81.48819170944002,6.539495986842495,27.172230868000227,42.18831667938685,129.32609240901525,664.259973903017,121.54199776575886,748.4257326976364,798.1335264609728,231.16744391699177,131.67536323816617,687.3256116599425,182.8853618233354,61.290187919279006,42.54093722219192,315.5095335364968,621.3754154985139,259.8364926996649,168.32044669978356,103.57878147141805,173.3004285785063,72.21662006627533,80.42241811975279,126.69484271189263,206.9174228038297,329.0604952386086,310.5636223875084,205.09488858258115,726.888881739504,691.8946002978352,46.51950485875504,79.91179348560823,212.17526424478189,346.117107960509,106.92479410319798,245.7402715242454,220.11486441412453,81.67366379223796,90.67462145498955,83.48740928158571,263.681296114657,516.0629300669319,84.56707756974686,162.13002623056897,608.6473769797869,1747.4459607368706,141.115668478557,244.9610759348275,507.3127999028773,350.59144085022587,49.88270212683778,55.20419171769049,248.8309006173767,409.9899537978664,80.29718687403107,203.3248297257587,400.4166934032976,191.31294497714902,783.8397203206475,1126.6018452828987,1071.8367503253116,1468.2698905543286,324.9108342926635,516.2477221110445,354.34885461420095,146.39338353187182,164.82026277180213,667.220256585139,733.5380127060414,131.4429896115876,26.176005919648368,41.163215723847834,101.78451007455068,30.389172933849604,70.1526479719837,9.809098935552518,43.56668237803144,116.61620681411956,139.79461957355133,466.91347700330346,178.06073664634226,263.2041211450107,589.7290769573094,211.65796618837732,12.544577670831831,212.67441628772167,0,0,0.06448375009013338,0,0,0.004425520886724336,0.09937856439761827,0.1704255461964594,0,0,0.02166705346604503,0,0,0,0,0.05709269652617639,0,0,0,0,0.0029634936878138026,0.11883738293939941,0.6498614660264048,0,0,0.0022806262054107735,0,0,0,0,0,0,2.7533467206755993,0,0,0,0,0,0,0,0,0,0,0,0,0.7243186646330685,369.5185735918152,1.6381063745911724,117.10991248515602,4.142898108298074,0,0,0,0,0,0,0,0,0.10066039639020119,0,0,0,0,0,0,0,0,0.06550136348087159,0,0,8.247314142888845,9.87293011799733e-4,0.7439227771066194,0.8845673647271993,0.4222768744017156,0,0,0.352544414099421,0.007586016364868002,0,0,0,0.33385306897212336,1.040436133028339,1.1457328891215928,0,0.007283716437957175,0.573682901092948,0.005254446315480583,0,0,0,0,0,1.0714519168203709,0.044429416504698636,0.08787620632430027,0,0,0,0,0.0630810087116478,3.878052043423415,9.78551816109623,2.4434990448075835,0.34359183430811224,1.173817498724174,7.957450867360914,0.5695498875393691,0,0,64.81215279832539,83.2920352509001,53.24843279976562,39.44945754681536,54.14804358477391,1365.2656938942464,1168.6638414097415,1628.9273738130903,384.36831362877575,1398.8743622693435,1245.7273010615768,565.1998078351684,369.181171110444,620.8560166749625,2787.3423681041295,1525.9666815420187,1488.129922702327,2.7359817745596025,14.300244895305541,3.0760952246949658,8.380923218159674,8.362730715082128,101.06129595043215,110.56244921742709,425.1695968644907,66.03577481596395,0,135.20704265797946,536.3702495836458,166.42210678190153,89.90201203516756,133.4523325146284,526.1503915524535,432.0249974797688,1380.3446797672052,883.3346766401556,1654.0398901026247,7.28123673689713,97.60215803688101,19.256435058293523,0,0,23.350616856696934,58.388062530388595,1.0180695061541398,0,0,0,0,413.0601863227658,0,0,7.336306992508607,0.11333176448765278,307.9284360922843,1360.095003941673,64.19330853286021,1312.3079037493833,313.46143678236274,1319.9098169115534,1393.8308684118645,650.8898521843817,224.5954040867403,0,987.7507362485981,523.192741195852,187.51764371922425,53.54824725691522,35.838805684672366,286.8262528421827,170.19639341701955,361.93519969136617,37.06913633636659,53.26281436446796,197.15626031338084,532.1398117474939,1191.0016406040309,35.46106345471174,6.55644719451438,257.48035218162283,334.92337859972,175.6380904130526,442.1874342982777,158.28276713770975,2085.3461835500266,3002.0441851147084,2808.524046257215,10003.805614914221,2387.056303643527,10090.951055304236,3366.607982111987,3310.976420059509,1485.2771547086656,2896.1421757916837,1785.6824451201876,2003.6037012575457,2658.573065569997,1060.0739166548708,1475.1679301459037,2314.9337564911298,1573.6494948539398,855.2208355155443,345.77245164804407,304.71001154487107,277.1465670665366,420.2669193671454,1301.1366963158785,861.0678191200093,2128.1308698228304,1089.3631136987942,2209.886704818981,2168.61337521668,2579.2870124444394,1846.38903666947,6353.427530640642,2939.0128530100837,13136.684467877989,5963.737536912902,13752.69553268114,455.6421470708396,13.101171920591302,396.7477864655649,52.49615667568461,1881.4072507309254,294.7072726684118,1.0076006044750685,560.2401368532649,221.3145607269891,550.4326493123399,1.7750043835847553,395.5803875287526,386.6331488767181,215.45751143428538,369.5614220156558,267.9781345536317,385.85136219484934,228.96037713243263,492.37005567093945,464.34676948776774,79.91033615428046,615.7583067951674,315.5909355273234,270.1198972551497,262.5815266758106,1.2214641821442045,0,0,38.167122206934,11.657387836224478,25.424794431729588,0,0.7773844745626229,5.442414653164882,3.7792390148611075,774.2143200836254,360.51486637460704,334.01240408249464,12.32939392332659,31.62248721455874,45.15078088610253,5.711222162231164,87.17275289958877,59.784689060677366,110.20988562857299,448.658767939005,97.03293196362148,43.42257693438242,144.19224674606016,281.11059193602915,783.5295388866466,607.7207821042324,922.1246863218689,775.7403318820157,1296.7282282914446,297.01896608354,255.8337903858117,1329.905680234576,939.7364019043318,585.3585392802175,103.17954235715,173.03016818106516,394.7644452144086,141.32940272939086,9.038833734039441,28.627410723996373,123.67881750648719,19.960427493802047,4.228520514134462,11.096286106954805,4.421832327315352,12.558792609059628,143.21684546094866,754.0650501288121,334.15345425991546,111.57370508918288,32.12603070946785,5.933887411775219,14.782280326863043,26.630974333010034,29.004857826571246,13.830708422137953,29.154844677960188,29.42055932299982,27.34260250860524,0,0,0,28.38098381869027,44.83642093150961,59.080773154479886,46.22586349739335,46.87270828660264,44.60826228024581,0.9496741087705198,0.953364765134488,2.0160733238660247,156.39361199358004,1364.4442887517157,1725.6100716503709,77.39752007923788,5.90252216168151,46.781149281275624,21.639988705130364,22.402836215095636,1088.0866371919453,3746.4415131685464,167.4770143308903,601.7429588488072,164.87187958509702,4.494877368313486,295.11166745261363,7.444074087498734,74.04508652628247,20.45044246646895,0,0,38.86569762985378,105.35177553252677,1325.3683977880787,1496.2917922958545,1176.8503641328193,480.57433972269405,810.2489353509775,340.0172462523907,236.05463933062535,213.46702024559127,1975.9805894656383,34.57132791461637,37.937832150630804,38.29680497680721,9.261784372328425,91.96415522870403,770.2998400287781,619.146298358233,822.074691603247,125.57359923457894,110.13694254572442,209.3688108209935,40.438336507401736,13.742608022672265,79.47598188929805,2.2860483538655627,1.95802306291517,0,0,602.2869028764034,1100.0895950309682,1212.4602227523949,656.414573920934,286.7565181031841,0,0,0,0,0,0,0,8.59943739612982,1106.439931859724,3825.127795674097,435.5949329568549,9.238927756423601,24.564153422483564,47.16379906738035,49.099054392572995,149.37748914279652,9459.682785584913,8983.199282179354,5063.8292239618595,11.606621729965964,22.34327700665883,661.7529386627149,214.3350740544925,12.501134028907082,18.467377245651413,16.355800163588437,13.374997078192859,19.555974857793114,50.459606750301944,16.667238536456498,87.39730526627956,756.329250661688,22.709484620548977,111.58466148588,1095.3807861151356,40.5944676870263,388.5760954768103,383.63534455607464,191.15647257541343,24.116581727729123,48.38087975083061,913.5829503704747,334.67192624625864,494.6736865048452,268.9283805043847,149.6481651603624,226.97818813834783,73.56144709358189,2369.5280092983253,37.94192852170221,4293.587919130566,3503.4917849711533,6823.896223747324,1577.858207203276,134.64367544989582,576.3382515257732,608.6969931098837,310.7580729299596,2040.3299487175675,436.1581030346491,335.4380075110501,20.916366108102725,15.040292615133998,11.424245866740684,294.37934169272074,5.935600223313111,9.406159535290714,356.5785251787747,120.56460848233571,348.1845518591602,30.656778004852878,4.277434731571411,1613.594383740788,10.609543889735606,20.486405127579715,495.5925289110209,13.198289598905985,427.5392739606221,537.2193968071937,9.245353699480413,457.40087374427094,10.975110986785207,9.336161064482644,17.43857259472943,29.2276887980605,402.218719134943,912.2272305797235,70.85968764032135,750.7605785857513,37.105390821462805,797.9167880450102,263.9500731751648,31.64931417023498,21.239371642140142,28.17338936376253,18.346237822037807,12.648811557651953,40.90082064065045,509.393545739302,19.95645522498235,296.6640457748636,12.222447469179603,22.44627967948883,523.6767459297744,3137.3608188183516,205.97117054606758,1153.3546049693207,136.31591472694706,17.77456801732041,11.899732264491263,17.196646072381014,92.07700290233575,835.371783927657,6.908158886682142,32.56025880365626,2093.208298259529,2772.945085216636,56.89738492468434,1053.8127220628005,20.18148573580953,16.423327963984146,16.366533013709514,14.96854633389289,64.3315198024955,38.57023660025301,14.910363171469239,13.826853803781844,14.525485520788523,34.91591189008692,13.488560685822858,117.13293941770831,659.5438726149663,42.76261436298525,37.6145099350504,26.378232067001996,65.31121497885574,76.15889556117429,1747.429910130854,1300.0169242705726,64.26969247216097,510.12673163046185,265.19518051049806,78.55309119030137,86.528690473341,625.666361435472,641.5723431493236,958.9665156003728,57.41772518958756,2593.32959635776,859.1807486118449,3971.2813103198664,858.926433702159,339.1436505001534,3817.1520322092283,105.46408150698392,12.184654927589074,13.789618498614722,4.936718240102655,923.5408913597295,733.6902384960342,630.1014720984567,352.11259625201694,347.3412145162723,260.0281990710259,302.74731511100737,164.1080877498963,7.7652399838990025,144.87057671047438,240.15449002634352,18.49516982571612,171.11313531704468,0,171.11313531704468,104.35108717170067,258.7957269251435,103.94547950527414,118.78139882214808,228.1568819940238,314.08646115794585,120.44332439024438,392.95570678007346,129.51760540646205,126.24113019481855,410.8951163818004,24.13839622215821,208.66204573828966,131.15457248672033,165.3074107875539,1799.4130404541702,87.85619916484255,0,0,0,0,0,0,0,17.224553912798807,0,0,0,0,12.779029565847168,21.838855218211155,29.229174856574872,96.86770178123055,273.4125230032186,5832.674771443506,2964.499594490885,228.78255355811365,14.031487565109972,4.913247451966282,3.473370519281719,6.371244523638856,6.058948809844398,18.48608197109114,28.480745855303848,2116.2060253659874,5220.712743099331,2692.386285798575,732.4052160444845,492.48615370166954,443.7542686389577,9.721073190174675,8.223158073162674,5.349817374023814,3.692359597638076,3.67521873510995,2.451174613016811,2.4743825484328195,2.506562323972034,2.462418932744709,2.685012772165555,564.1314229559871,669.7864728618247,2.4446247501701173,2.3291379191377177,0.37125866463556806,0,0.4706173495481272,1.1617645123520934,0.34593301772322027,0,0.12019752330413523,5.82845162494292,37.03280625770174,3.26072945946307,3.6382374491115645,3.6184114140675874,3.6205334281225836,3.6288142486204005,3.5928805118946676,43.35516924203877
18,215.2691188440464,15.934347321864275,122.40018874028644,246.15230590740052,242.9763165613297,4.815399398851488,392.39658099688046,279.8254039947872,268.8532238919872,195.4958649550345,116.01356422885937,206.71205087953842,150.7663781272727,91.09566507606526,4.226775164539094,68.23247322404825,79.55545379786992,1099.1929964468413,189.1723063044984,941.193102226879,22.027561164286112,678.3113935526671,192.2336014518317,267.2904118182289,86.72540916658377,212.67549632739593,40.090541025086175,164.96926915640967,322.99301592867465,788.9398553973195,2159.585804580211,1363.696036519827,2333.931861458485,2992.168509447199,2896.6692807166096,3209.613095201552,1376.8927332674589,150.3862069514297,71.78091776691596,50.25490402515938,349.81934279198447,83.06681388540925,205.5073230895357,1214.6242809179346,754.799554740447,341.25233903145676,21.203213849725866,34.31504122431347,190.35001310076171,32.544308558275425,236.62955949481733,147.9389353817438,1.1561343896125678,168.4024903713202,1.5428915506930627,452.87442456061785,260.9695664453321,8.636351750072912,1.1688328184060617,10.461303536412585,1.1866210562668558,209.00457734944018,11320.796423653452,0.7204449917659996,1.2474621221743691,1.242558599001623,3.8681411718706142,1.1797926403507757,3.1106544412553236,0.773970435509162,0,2451.4790970820472,4563.124589013334,358.6525402401142,0.008206577005546384,1.8373003751972437,0.030121499849686456,9.711370710621962,0,0,8.717824303756299,261.12668479847395,0,11.55176276205256,0,0,0.8933785969374789,1.2517502780309504,0,0,0,1.727505434506453,0,27.000705650428205,0,40.734954086419016,10.120447248107661,3.7076613744627873,45.66465286537248,28.096518511326444,2.6486100942446527,0.049322354677942354,42.11113789466107,34.565217378916934,532.6249066812669,37.27183836080459,0.2938230168583581,22.7707668309583,12.822998005286843,1823.4714021861823,408.10291340791713,6.122220107102956,4606.572437499931,7516.559020063297,5.856296605159196,463.56018623997045,3515.822679045766,10.724025026859753,15.430710583505624,76.77551080380226,0,26.62702690121977,4.677221271618755,0,0,0,0,0,30.998812328557335,0,615.2662124000602,0,40.10542825691794,10.524557514561971,0,0,0.03468678205739719,0,0,1.0848858101212993,0.7011748876007998,0,3.969131455061331,0,0,0.7987223401649419,203.87305393134815,8.304638297381837,0,0,0,0,7.2597549040112845,290.0726912443684,2256.074450185278,1312.2070818158165,91.63868986544904,0,44.62724657781694,324.7674402695688,11.534336387119454,8.389419240169305,0,0,0,34.34348098431419,64.7050554438216,0.07969796232570749,0,0,0,0,0,2.5531395030630795,0,0,0,0,0,0,0,0,0.06947422455371804,0,0,0,34.17195032694086,310.1556609824067,39.37949205342181,38.77866173370501,810.3549878818635,743.7643577496901,580.1928399910614,55.63042945581484,1162.3520839982255,587.391536305962,73.11017023744296,0,0,0,0,0,0,0,14.38991756703351,182.21938248431402,9.895000870031268,0,0,0,0,0,0.06715670292665826,0,12.4757211304276,10.821254029579148,0.5369748383922851,2.6442811169889953,0.2434029620784411,0,76.01846319687851,1687.8609289785159,1757.7469566965972,525.1533537695374,125.12034802019149,0,0,12.603125213640906,0,0,6.6261020894559595,10.497787343293938,0,0.25299268102723454,0,0,0,0,57.905597419199424,0,11.832053642885802,0,21.769810785104518,0.7612036754355422,0.013825703814581985,1.1386855425888223,41.65418984541887,359.52736074484073,212.50851921154836,236.95644333672243,437.1683577574394,162.27288360284166,44.43857244760599,27.687202418394534,505.27774199433253,0,0.12598272915511424,285.82949174847283,241.926549684218,1487.4152612148462,2955.0965818103514,3994.282730778414,1167.8336760336529,233.24863339567673,475.38225599614265,10.362598811968823,1.1498114752650288,1.0471187328593416,12.832908464824193,0,0,0,0,0.36182599126807424,0.8294236506375244,238.78269854048077,200.58576403648522,263.45201869557405,498.591448289236,44.56180120186081,906.6201057677122,1048.930200724715,29.79940318138451,9.982051315622348,13.543788886446313,20.528244540374143,26.595672282013826,7.814763206340358,48.5379432592766,29.666121814736414,304.38828976175597,97.97110436117794,246.1844780927257,971.0324658832099,952.7890362654845,1456.6113056633176,2859.0137147970245,2592.884810927308,2383.2923084683325,1253.3182751594393,2096.037190069341,1210.639439778929,296.43798722055203,765.9146422599827,567.77832845216,472.4576146516237,159.47947338961933,48.420304709197694,40.183226124660706,37.07252147586208,16.74343090384013,65.85833468943476,50.492128195356706,2.606576195619979,432.44244052341253,87.0878550854686,762.1102463423064,434.78114661594805,1088.8915702388806,6243.071504801854,1903.5075972257443,36.56290060570158,0.9122001975921029,0,0,0,0,0,0,0.0838656089785173,0.14167134296772754,0,0,0,0,0.08547320526672461,0,0,0,0,1.1570825611805042,1.146390177532361,0,1.2005068823644225,0,0,0,0,16.815895463189,0,0,37.1019949081476,257.2139073396514,19.523948846456364,0,0.17366714913695572,1.2309420596259875,2.799611036647342,43.347163464851825,0,0,1.389465913351926,1.491664055295272,1.0571479980998904,4.916060783372718,0,31.37477217703207,0,13.63920603904109,12.521733003846482,5.770188032267513,13.778703689001873,47.59386644651558,0,4.959272629672407,18.997379095022655,32.47627007039321,0,0,28.646109742316696,0,0,0,39.14851869471382,30.024083983016357,0,0,12.037072855940286,3.4811520686784676,41.346978364507834,18.97696085189607,30.91450597936856,20.02250416817733,6.63092988484245,594.9744490062486,0,1.8253919445693803,0,2.8135731200260454,4.48532371689315,0,49.5604641072408,11.595057589415315,4.0075950716157,44.24437724844133,32.64515871314885,95.90200982793938,23.917231885287848,0,0,0,38.69733008252034,15.338280627531754,24.355937105707227,0.8722873388417822,5.335487670450025,0,0,2.04586258706398,3.16492206548137,0,0,3.007160263443827,0,0,0,25.842331667463235,26.745054929415968,0,0,0,0,0,0,0,0,2759.7366588739724,3201.1015354520177,4784.881417265686,5131.577797667888,4127.206157590371,924.8156004245072,3739.668206100153,17640.934858309818,0,655.0848937298197,24.059872740714393,137.41464461229756,788.6886544485258,133.7582932100283,63.820460679865285,850.0692709124357,91.93140226247773,102.56500509787878,392.71726458104274,106.88464497902166,42.051290700840646,331.86869744504645,144.65954582413855,526.7479625265432,921.4984938721436,151.06289309966888,515.2606705152484,196.60974660402397,351.1372714486107,710.8046679187977,1114.986984235352,1015.4557899794155,334.6462686235456,6159.346384672539,2924.0242040936564,336.8641676002304,718.843740686624,84.35564543212048,792.8464088795915,433.86813111023713,60.433693227398905,33.5404307945942,861.3913357345326,890.9945028936551,62.85541121062074,1101.8023210973965,107.2898082484847,995.1542981422674,7006.147400826937,19287.632796972295,1180.0150842412943,1016.4709717051813,77.2326840277457,392.37911817706345,709.7354792332486,1192.4442554956886,415.42959500010693,91.35432926295171,29.318827521712418,326.50981285309024,0,1110.0714982021589,572.7232490384943,754.9758068299407,128.70156601623728,100.00429569807409,160.32545219501975,538.2854381940696,591.1634992374302,231.15285027290062,57.184666899163695,26.15028422329757,23.796073592017624,15.998930461389037,7.028924737013912,6.2702095126362565,49.21517861582663,7.0416445213341765,581.3814306180997,670.7358376388883,356.81357786797304,2176.0982434767907,9626.717682638951,3390.6543910065734,4440.435029569252,975.8850929156312,7.898855270671104,61.22474759249716,9.177504032324237,0.25057131856986964,110.25364669193205,2.641893852512201,1117.7875526182106,885.1440425028353,144.21475132638773,48.500133738823514,27.176318393172657,170.52579094325066,111.81361996646326,693.5826277008052,132.70061871406512,5.156579106604726,65.7412853141313,187.12252528455966,496.2127640370096,461.33213716391367,475.72345884542983,239.10195511890132,10.731760778827734,148.60546364464375,567.930431104755,141.52774612172325,20.269691218038822,4.933819445957296,18.25581466502887,57.668097159493726,1002.989367897163,1193.9692243523061,2718.9821004971986,2066.7814182422553,1507.2170751273645,1126.925468070536,75.23342212474356,229.0262210010547,784.2368404260864,1495.0321107163634,529.6090705291411,305.4873815618933,93.55551767237759,40.34970153875564,25.00823892777716,250.50772223286762,4340.245089009735,1315.2120495470392,268.6127843747778,3176.654271340106,3751.3981547674316,966.3507836953452,3630.75724833435,319.5551247585841,171.20061239011312,175.24796612314242,0.12927738432293914,66.71277162792785,48.592685726807325,0.1674757373146445,0.09886564588437019,2.372540726396507,3.8011001549476333,24.821727040276908,8.421884004639042,26.45453711128853,167.9634319345927,293.30281918458854,831.1073964885057,1028.1688792188547,84.55763044839684,534.013251663482,3141.2986504314586,2823.320339069698,632.3478983536846,187.57313169169967,17.552075353588197,14.133841558549044,1.4900793674968997,51.392237767361394,15.104924383658494,735.6674375037287,915.0852282119686,524.4717101096687,404.00819024404484,233.82206709480238,1035.9787259584753,376.11736805944884,106.47839322424421,1312.7766267363722,184.35676321811792,2.27397863244482,41.434259430508,68.36234058982305,17.55203411294518,4.812727053501503,22.326761469503413,27.937425970821348,4206.581980041942,95.91192137283764,23.924126203654026,4.8263763444180965,21.224069139789695,947.2371891002718,1502.0556918917396,157.11641507407708,35.26931561965112,30.373764165543655,163.56802952572843,110.02574033760305,659.4399973514128,73.65914784583505,1009.5538608531798,60.73166315073835,1102.4578086169372,2804.435092720048,3208.012475679933,2434.232912534039,316.18053291478077,101.07236206143575,38.587131042447474,40.26579222416212,1046.9820814085251,74.64411435788634,107.69968509280534,76.3990038313378,877.2508022208538,285.30093267887656,620.8864885676528,42.10096705689715,596.7290386693302,851.8191379101411,226.16353521103755,35.99994481994937,60.347224479081234,1436.479737887615,561.2834620059896,615.8555422040263,258.13047556831276,204.31781323277048,106.16711446547372,115.48794023736382,8.170979556070412,12.975087011152647,32.49030073481436,2.9389030320939225,19.721144685699496,535.7553322915011,1141.4486012642526,108.56821922505137,830.53296485322,54.83425352712926,4.810167658705977,100.45397444246218,0,0,0,0.00877843503227256,0.17514447704153616,0.0176894709061373,0.4848760371899719,0.03572555806044534,0.025271079148089775,0.06143692870267804,0.0660982560898225,0.24468537829086554,0.09478485856415997,0.12109832966975224,0.0399763761949049,0,0.04055930503504532,0.2479443654147612,0,0.008190036127413128,0.022651979805403028,0,0,0,1.9035445131748578,3.4381724866218386,4.819677300587135,1237.4733175600497,1331.5318547833692,87.37043413046977,15.532547718872763,83.64491537418442,49.91980750896733,67.65913369470454,2.78811910424607,2.0641067449207737,3.014233974967918,2.520756518596547,2.728278820481312,482.11509483907065,776.7622499333236,1338.6371827947114,7.495011142366458,77.77506948022828,1204.7007984892489,1081.336360925227,1910.0123981386148,677.2822154621315,2474.7975856478215,831.0806500246957,66.8623435061113,2.8189006877181018,34.75756825156479,33.47760101061349,41.424034298204134,56.78901816761989,150.5890984711369,234.6719305355003,55.58076624216089,32.27944673239603,1.0475686876000885,43.750831402898946,106.16500516586947,1.6712740374358075,2.622185542866917,2.6587073475756386,4.810910461435028,0.6650648643055441,3.2181305353031884,1.3498423285389431,0.43786020618846766,0.48512863233221315,89.15327616577412,10.475071890941372,918.5592780770226,97.38937132544922,327.89071083622787,19.054982188095497,26.847302630286713,589.7046359988559,166.3092134030321,3052.9820977511017,184.26594385215313,1642.6452968228236,9438.72817034252,1549.3330691986218,35.50948617526748,0,112.13110486468915,0.13249725823153735,0,0,0,0.01481186514464384,0,0,0,0,0,0,0,0,0,0,0,0,0,0,0,0,0,0,0,0,0,0,0,0,0,0,0,0,0,0,0.02991723197633518,2.4358307757856723,68.01943028015059,0.7690448520735744,174.67229360326044,1.1415610022134932,0,0,0,0,0,0.2063717819981932,0,0,0,0,0,0,2.4704800666696416,60.28225810485794,17.68892813480999,109.07425641940992,57.60140086716485,609.565891283008,2554.908195272799,1848.6582305190145,1282.2967334982156,462.3859002505129,248.24447291422436,1232.409665819654,2158.113018851248,1948.706528068829,6108.827881064862,0,0,2763.775504316378,3285.853412847344,608.4907334748508,1762.9747047964747,2455.5015535774714,2060.4744768172523,1917.350364149832,1883.4657602939965,0,0,0.05105755831114353,0,0.15769159931976665,0.01949114922035245,0.01288038942428575,0.049192381564252714,0,0,0,0.05833950409757464,0.17990426716368832,0,0.16345909091022454,0,0.29348343856985987,0.037294751573322765,0,0.3940167326646321,0.05422084154755292,0,0.04050609611613891,0.031072666256747296,0.05659833730177356,0.029804433885687386,0.016011139723988176,0.33443647968217194,0.1171692589931317,0.07711910470423171,0.11376303948654858,1.0601129286012547,0.5748994779335348,0.012117603594947447,0.07115129313703213,0.08419063811382357,0.06736258956930838,4.582818938152755,7.078352376414727,8.883205449004356,82.02748194384674,50.87052018654985,173.57134355919504,9.089919278369194,15.451272291177922,28.70875803869662,1140.2343109557676,0,1088.664842537113,302.7956581795309,32.81883138212181,1037.4792641586903,455.4078712482018,1245.4634284146484,743.1242186735981,675.6150467255139,355.23152021909425,33.06899630547423,17.90603652454102,204.06690722444225,26.67386065188955,10.379800085095011,82.63423281104795,9.396377008806917,133.69875468608035,29.055843467772167,59.274362778940855,95.68977642501429,120.06420922179444,6.831252538086563,4.8223574879871975,14.941621360907249,17.001363091490212,25.605197187696973,24.689795092035883,32.89141831858656,115.39255795691815,38.155033355744216,18.79463769225448,14.145845564786738,64.50017934933456,358.43493861552616,481.58897004043257,805.858085494511,359.2268275078726,176.8921204130329,564.1991281197264,516.3220684002124,690.0409637977036,401.79383111145216,10.207325315705917,14.501021167254354,4.805590441220699,7.68175411680661,24.12211716738955,69.26550555767383,39.27511480953241,20.329764696006514,16.184404685894094,8.943256226438779,31.030270255494504,19.71097905645747,169.1553266470332,52.83620834849966,377.4673900459087,22.274623954685396,129.36828000920056,149.59454370899303,78.96035016363105,47.98255525057355,0,0,0,0,0.08735155428559421,0,0,0,0,0,0,0,0,0,0,0,0,0,0,0,0,0,0,0,0,0,0,0,0,0,0,0,0.549666090645301,0,0,0,0,2.070567521287928,0,0,0,0,0,0,9.688321710547608,2.7333613916890283,2.7692974937745296,0,0,0,0,0,0,0,0,0,0,0,0,0,0,0,0,0,0,0,0,0,0,0,0,0,0,0,0,0,0,0,0,0,0,0,0,0,0,0,0,0,0,0,0,0,0,0,1.1406841811165047,0,1.6682730131935635,0,4.042045301299986,0.28047062760291125,0,0,0,0,0,0,0,0,0,0,2.4029050599892745,0,31.674568790054977,0,0,20.332675422624504,44.122495743508956,1.1316764234170087,4.303787100111878,16.52984064476313,178.37032486115277,44.73769888510831,85.49268529458602,67.1093503379422,82.33739416828918,45.369007689317556,313.7233588856673,268.8791714578361,369.4653195769214,344.9681917581682,228.54513942415045,320.0023442514125,1089.1538868594348,478.2765490711186,548.0676385037563,1479.398004986087,342.34042314009986,134.72008302063333,0,0,0,0,0,0,0,0,0,0,0,0,0,0,0,0,0,0,0,0,0,0,0,0,0,0,0,0,0,0,0,0,0,0,0,0,0,0,0,0,0,0,0,0,0,0,0,0,0,0,0,0,0,0,0,0,0,0,0,0,0,0,0,0,0,0,0,0,0,0,0,0,0,0,0,0,0,0,0,0,0,0,0,0,0,0,0,0,0,0,0,0,0,0,0.14307417094040153,0,0,0,0,0,0,0,0,0,0,0,0,0,0,0,0,0,0,0,0,0,0,0,0,0,0,0,0,0,0,0,0,0,0,0,0,0,0,0,0,0,0,0,0,0,0,0,0,0,0,0,0,0,0,0,0,0,0,0,0,0,0,0,0,0,0,0,0,0,0,0,0,0,0,0,0,0,0,0,0,0,0,0,0,0,0,0,0,0,0,0,0,0.020501262928377433,0,0,0,0,0,0.013064818145892703,0,0.11765716637949945,0.12849427586831197,0,0.0151270966955683,0,0,0,0,0.017131304653524356,0.0998978919423588,0,0,0,0.05571079341425303,0,0,0,0,0,0,0,0,0,0,0,0,0,0,0,0,0,0,0,0,0,0,0,0,0,0,0,0,0,0,0,0,0,0,0,0,0,0,0,0,0,0,0,0,0,0,0,0,0,0,0,0,0,0,0,0,0,0,0,0,0,0,0,0,0,0,0,0,0,0,0,0,0,0,0,0,0,0,0,0,0,0,425.19257435563355,1847.8478903249345,68.65393720935778,0,0,0,0,0,0,0,0,0,0,0,0,0,0,0,0,0,0,0,0,0,0,0,0,0,0,0,0,0,0,0,7.867777713850492,12.754671934577768,0,0,0,0,0,0,0,0,0,0,0,0,61.2215999311987,148.51249880837304,33.31691360708575,113.3004403875696,44.510362722935355,122.1513623867929,17.56535610349416,403.8993354793948,43.03218722119951,63.444187287071635,145.86957975513553,79.92431902390413,7.496853375248914,25.438561051964836,8.856142294413846,11.832482171468907,0,8.197037678427158,4.130318150102454,15.181234102064755,186.368989760468,44.94923590193063,4.441697923139378,0,0,2.109550223964717,8.715195528153018,3.8748336160474843,0,2.1535749966034654,81.31815155130485,56.326207104781226,31.35900181848829,87.61966652502296,17.665724081713453,181.26120694016583,6.888939569072536,25.684200172116768,56.1147158299752,6.509092366219205,0,231.776871046928,157.56066380845473,10.792111552820517,0,41.06990670440644,47.548855370819894,572.5963964651371,1316.0758490057906,24.613288964271675,0,16.832277610536973,0.21461426371697354,94.09336946521157,1189.4673594796182,476.2917924025053,0,17.669291556286893,0,0,111.83458429148384,0,8.533957242855333,182.08107060579232,174.27573067729543,8.926258443156959,0,0,0,0,0.006642857396714684,0,8.832703981349518,2.185119228979118,8.247617733893872,0,0,0,0,0,11.579081346204427,9.312259451999125,0,0,0,0,0,0,0,0,0,0,0,0,0,0,0,0,0,0,0,0,0,0,0,0,0,0,0,0,0,0,0,0,0,0,0,0,0,0,0,0,0,0,0,0,0,0,0,0,0,0,0,0,0,0,0,0,0,0,0,0,0,0,0,0,0,0,0,0,0,0,0,0,0,0,0,0,0,0,0,0,0,0,0,0,0,0,0,0,0,0,0,0,0,0,0,0,0,0,0,0,0,0,0,79.36487311308701,0,0,0,0,0,0,0,0,0,0,0,0,0,0,0,9.184312881009332,0,0,0,0,0,0,0,0,0,5.820382312092644,79.33330109598656,212.81850044200684,288.20246319198094,1483.3573523408352,452.6355554007194,112.97272965530564,8.398926920232428,61.60759230643095,11.445657098444011,25.628794768218327,8.925172404329919,35.620724007341835,25.648687219870013,33.01761981827936,50.336732733223045,16.136099236203318,9.928828942683445,216.57477873115846,31.92409526570088,1419.5289842203786,2729.586085227359,20.137609418710245,507.7507179349339,61.26009059965345,464.3526904847523,674.9809344746521,10.132234137947897,1431.1802641167728,1289.4446369514535,500.5574054370376,612.6019302096144,1343.2238183158904,3388.246772529461,2924.296789624364,4773.518929898137,1772.361497194562,1396.5406708055848,853.2674088926008,300.51884321130234,26.72121501165603,1060.4237533594614,9.99366828014022,32.071643400958806,9.84016063757487,5.672384965945164,20.14626446347967,13.33072845116522,54.358418536644365,9.938550141465974,535.9300736538755,278.36719606483325,356.61108874984836,189.63336445874097,487.25432407053574,843.9236064631773,337.67433725974627,950.6933348714114,198.4127250064673,421.64477684254456,1877.558633328457,404.581102619536,653.0217358171526,1489.124169120368,3212.4793650184342,1370.8347591674126,2256.7199111022323,2406.57520981389,3141.0764881961913,1753.5950007492422,3996.981503831388,2515.089946577085,10376.007220743752,11012.621856714528,8645.140524232587,4974.491488727802,2381.677941731687,1212.2764063356997,526.8333621305371,0,355.84066485747815,392.8449046909192,2709.434114279826,1424.950919268315,2664.0497170419726,2176.0734313086555,346.32530628413224,1104.3447001517877,537.0173687799003,224.40951965417818,607.9360054977876,1015.1903662996242,884.3910820997124,1427.4499078053764,2594.75767536483,3748.2840171396374,3803.5845519067143,1591.1549057610275,854.5953504836692,1609.2026546779543,891.57982037818,3415.531555713499,1416.2794896238986,910.5219945468278,1018.7423374687259,1386.3451846043833,313.2086462849781,65.39448632902312,161.33407035175622,160.1072272143378,512.4974136504046,168.93187566308498,544.3299973345469,79.37117688942352,437.8160929214717,1575.6880604518135,661.9683378933726,1554.251712786613,468.1483433541382,229.38117311998604,1091.0741244448504,451.90931658038846,1876.5010749792289,1949.6369868397114,2210.6940217059137,1663.1308840803028,1227.536704902481,1302.913531121576,85.55576153602823,1401.7067168973717,108.27719076413184,1331.4168002621934,1819.8951841103317,796.832786995103,474.4774515749112,722.125283930012,1878.3807065506985,421.05192646831483,2291.125829687762,2798.127269075318,746.1239356000373,609.6330533208088,495.4581452375504,184.21078294345043,5092.0779766892765,1764.9383809757317,214.06819192754097,5.244631721153158,183.36046084911914,30.913098714299387,111.0065486717728,33.106753377920995,25.718101965705383,33.22792513931681,607.7300838464938,1089.8935943780568,64.53424737928009,665.4028344765499,79.06373617969889,22.904295002699953,799.2152136855302,34.12151484818896,870.7572527625443,692.7556819048498,62.32158889306341,741.962039769931,699.3809080862688,1199.7361556153737,1173.8187637237786,587.8698518252913,149.12014473483242,27.386843527128196,7.578662096331379,755.047860474678,1844.483917994373,1886.2250330000118,81.10785826850794,24.777178067471112,20.210589529158717,14.954004892335059,18.620384508513744,15.271937064925433,797.0691774813994,180.20325074015108,50.7712234709499,16.09104934360592,26.434803139254527,15.282462697534667,15.289110304790627,86.30564740027206,437.6046764793997,18.264261194672738,84.50467424077348,256.34234371997104,422.40165750676243,993.568621026644,883.9748111029515,604.0173645523956,332.13716187012056,7.488898341321489,353.34521948464607,39.1751808346246,40.04962923927298,43.21684142393941,98.2974172470259,46.6695144527142,1063.9874047965934,40.19091274047283,10.378863192381834,8.889405602797451,768.4774917908674,3051.8430477426314,2767.497663416687,3032.975760039737,439.1499675435781,11.059989245809728,4.545258194360078,900.8503496359964,789.0797376238153,344.0137814469711,435.7062175167901,482.45052294388836,306.5792450939325,450.0503288634746,629.8480554070499,0.46253396225836674,1.1105026594615475,0.6194805579564061,35.12535541037811,113.20738111498497,0.08617365408168082,4.287948051214887,18.153333022320133,1.5454426014698635,0.9207664776802502,76.73663379593778,7.467066346147812,10.029318544791664,115.02430479588692,163.1589943217564,2.5905593186129545,49.1956279666635,48.522562432457704,77.1298831738733,536.2551225065565,9.615608758653904,113.50080876584093,217.17865443590486,110.27182102720217,107.40842909136032,6572.844144852898,1518.8326951338568,873.1072100705794,172.50364477468491,211.58865928460904,7.5994021400725575,40.341078613175924,13.070628108793462,0.9477620741053239,0.7071254143970068,0.8180490509960899,0,368.5276450244295,7204.13260567631,0,0.9890684790135329,410.1819895540597,278.0362394711974,778.2483393420472,311.88967672355744,510.30360377035583,215.16733557971762,1.8017386496821817,15.80707341842623,39.48648145133694,3.9363195558484345,4.96487935226616,45.495581536955825,21.795217689117262,2.1350009262963296,2.7476904041759767,2.2561192026321586,14.966611114122571,20.529773488010395,101.43497753925871,6.472881547901223,31.613066811457678,133.65313171022075,9.546895037263452,31.482340379140133,87.6555843010397,4.558513853138499,3.2864530386639403,4.623386551953133,9.143574734913635,5.822260822294123,5.944176420672982,5.8448718830866255,11.586422546538978,192.28927835415712,9558.10465677692,153.1551394488609,21.295070126408174,172.47623129244806,10088.730509502388,2517.17066922239,328.5947868128537,231.86889105330474,292.69955969541496,197.35769247154673,1670.1248621900102,8562.695130808945,659.0822979104072,257.3769485553821,7700.871573098825,326.61015942919073,224.6267265368414,49.492581980680434,45.46079977841867,297.2585395135252,46.79093631903054,28.439565382727814,0,4.2001571664160116,10.362802531873294,1.4584737386028952,0,1.5837061866792002,1.725835114726478,36.07737131472364,1.7894316753246986,1.619806164253327,30.296835418456837,10.342342041445917,63.36964231295521,118.52906140739461,1608.9414323803942,358.97120275127304,24.415054795002217,3.1067219824476426,21.545660177090884,48.607913309806406,32.43375616296833,4.633706077172289,64.45626929116504,50.727856272153346,47.07503547778711,39.064891730712766,22.42459508184209,12.163630420832336,11.11497745507443,45.16611930896325,7.780789965902499,2.953475347428103,0.8817201298655043,12.768918758832092,2.297889099858122,42.08764136550675,14.791208776671734,42.61832758785821,14.575347064159113,41.3587853995249,32.08214185961177,23.13351914940936,7.301967339064204,22.29860562788255,10.75062327111498,16.992347923871215,18.814533210868728,11.8602140412477,6.3628503075033125,25.215957050474284,40.289501174238296,74.31815849371674,50.47873724044239,12.23957747806776,9.56241105592092,123.36819759892091,1.2369492017662662,1.064126289652373,1.4950546185271578,15.422951494314711,0,1.2630302696854374,0,0,0,1.7494186738232786,1.0128768290841208,2.1082235433009684,68.77285711578102,23.71968231368924,18.476999159922055,211.25858664912568,1.4272980457108218,2.084723429905075,5.607413749450813,257.5802052873957,8.611846521893037,105.63756561167862,59.375479620814446,113.9179417361024,170.69225416893238,353.3984637832811,161.83020526074753,249.64164439888117,302.68323946981945,338.3921524277824,260.3959525988302,210.34619723586283,223.64945886683486,223.9912739519274,193.76704938849875,230.1336617968132,486.7792743144577,386.71516190235013,183.99359290571704,27.776817398050696,86.80070717903482,39.27593767179711,69.54636889912582,103.82953063054859,227.2266498937735,166.63867488925175,146.2147644492412,92.92543874627277,63.91579660508939,57.123354011817526,34.719439339986764,72.38654848692862,8.97478632467735,100.12728343166611,234.39643162749127,305.8555453457287,335.88783350772457,82.3805611845336,198.7554080312704,115.98481973797553,49.0020626317686,63.23068570655499,0,0,0,0,0,0,0,0,0,0,0,0,0,0,0,0,0,0,0,0.20674309874060823,0,0.09744269197909586,0,0,0,0,0,0,0,0,0,0,0,0,0,0,0,0,0,0,0,0,0,0,0,0,0,0,0,0,0,0,0,0,0,0,0,0,0,0,0,0,0,0,0,0,0,0,0,0,0,0,0,0,0,0,0,0,0,0,0,0,0,0,0,0,0,0,0,0,0,0,0,0.4860861653504329,0,0,0,0,0,0,0,0,0,0,0,0,0,0,0,0,0,0,0,1.5011151530268858,93.14549432581543,0.5481460463711824,0,0,0,0,0,0,0,0,0,0,0,0,0.32356428120516717,3.6490226448733964,50.615571708915894,0.15113143799547898,0,0,0,0,0,0,0,0,0,1.0773077810034195,109.43596745440249,24.06783151312231,169.33530773285548,0,0,0,0,0,0,0,0,0,0,0,0,0,0,0,0,0,0,0,0,0,0,0.9899524512866026,0,0,0,0,0,0,0,0,0,0,0,0,0,0,0,0,0,0,0,0.6174989838547613,0,0,0,0,0,0,0,0,0,0,0,0,0,0,0,0,0,0,0,0,0,0,0,0,0,0,0,0,0,0,0.010184962304818931,0,0,0,0,0,0,0,0,0,0,0,0,0,0,0,0,0,0,0,0,0,0,0,0,0,0,0,0,0,0,0,0,0,12.88544887990648,0,0,0,0,0,0,0.1314411981460466,0,0,0,0,0,0,0,0,0,0,73.840856269094,0,0,0,0,0,0,0,0,0,0,0,0,0,0,0,0,0,0,0,0,0,0,0,0,0,0.2084799786925043,0,0,0,0,0,0,0,0,0,0,0,0,0,0,0,0,0,0,0,0,0,0,0,0,0,0,0,0,0,0,0,0,0,0,0,0,0,0,0,0,0,0,5.982352212485024,0,0,0,0,0,0,0,0,0,0,0,0,0,0,0,0,0,0,0,0,0,0,0,0,0,0,0,0,0,0,0,0,0,0,0,0,0,0,0,0,0,0,0,0,0,0,0,0,0,0,0,0,0,0,0,0,0,0,0,0,0,0,0,0,0,0,0,0,0,0,0,0,0,0,0,0,0,0,0,0,0,0,0,0,0,14.950516634965071,55.001606068107854,34.67971615892879,10.052626125864895,29.127929800361777,41.43097582083307,23.081454274532863,40.751861864472026,81.45531566046382,44.97112436327614,85.20894248627675,44.80630819033681,228.16958942872552,143.18825309554197,108.46213356467582,46.75222484046868,54.20039110348403,19.519095864760292,120.82428612610087,276.56134075014506,116.4311729936825,152.27424013190483,14.34496914564627,10.45761052887721,147.45992729098924,230.22693222241122,106.59698570507011,294.88657088100825,182.94595586911566,477.07399344783585,176.55644361168348,101.68672677633636,4.54993884353342,41.60462768232756,187.30073736131965,127.37790728278817,344.90976905623216,118.07246635265713,448.8911912162624,185.71453225088064,752.8318499474917,755.411750567745,464.4486970327257,281.9352443029282,152.37998601885835,152.3688238971383,306.8862594934657,672.7291961818796,1592.1107875375455,1936.6451369128379,4652.244794325626,104.18848782882458,361.89237390952087,465.3303033064583,542.9450086704138,927.7039811418871,1712.0006044792342,60.36231320318285,67.78300210984276,13.647057398670364,48.228222697330594,264.48148123521,102.83503397824886,1096.2590373780677,41.16922151039387,15.86647494596026,23.014357782394008,16.576972445657397,168.3242193727518,96.42502757562617,5.904716368425437,1.6621042953470166,8.994525425142594,69.9537480520667,9.249883583264591,52.542985164664124,53.48587248690425,128.23393375097282,184.30212370686434,447.0672186127024,871.8198718910083,1807.8971812051716,2688.0370796510915,3503.7092374874483,1995.7503984556893,1104.2970831621287,269.439603553806,192.46864925273266,38.64295554557826,27.34640371078502,9.567735323607643,364.8706268529179,346.31968592201963,23.0287972939377,91.63829368334933,199.2364836080388,4.803800804839463,71.46810844577004,102.35468462511625,35.380119867987986,12.62751566386595,41.63611777608279,43.07047726343376,23.897197150605226,20.660921538060922,10.713677910581811,90.5610047293075,35.35955440184106,13.046918563142752,13.74602337849141,498.47472748274254,11.57860240857463,8.1922390215595,9.81161962986265,19.8924537226182,3.263971706988042,3.1683362564183986,96.72876066057597,2.007815110390717,2.391759457752432,3.2927319113001907,13.510000335526552,27.751699311280518,366.04819605435836,216.2655646750081,165.33910950346348,26.52275666655194,18.189760096470135,4.883057952663373,105.88104085652833,706.4603266497328,263.569381890621,12.228138590530197,12.17761029493352,762.3662995577016,17.19013908703284,1616.3523328392337,437.63988993167357,1811.1263857721785,16.746658577462412,26.89004873772511,3.09862891333262,1.4832092301626911,165.12205551415175,2.458265114144879,22.23417461470316,8.87286378419021,7.511974258819547,127.93714523134413,527.0474416619929,1185.9382066729665,1054.1135701994533,155.20720512846677,500.52448256103474,0,1.1433575197830292,0,1.144160425808604,1.1681677566359658,1.1407125825779874,1.2126435106825655,0,0.033582623153306596,0.45064991634861223,11.054804329871226,30.493637228986017,7.229344922308712,2.0980725237356137,1.4084339194104238,0.5565048052590775,0.02754885072415795,233.90577816267535,3.444809858587389,62.55428755320418,779.6090129791654,2.685657528458997,5.254795576930222,4.0328239275365,386.2824808360924,565.9978931290541,709.3513706157987,273.5449551320785,99.89951330488921,222.02984430604053,873.0406076301637,48.62886592488302,699.7832891358364,141.71123263025166,882.9859756897393,1126.5551294418767,862.478282378947,1332.087427294558,534.487272426741,544.237381580719,193.42945665545153,1918.8266670352712,7318.956397327553,23460.87725834102,1777.057649394837,66.97794475605832,108.7851205545361,8.94943945605547,12.271683708067414,75.35459583058616,47.07758670290948,172.833949106874,255.90059674556042,263.1085324984731,33.40474245692622,111.27125980630134,1575.993076399585,19.08095317890542,41.97115093974891,7.196447544291874,44.02678880248969,196.25722261114896,216.21596878411637,99.25408161860896,32.97358119425673,19.29415525232805,106.26431340366139,43.29022671761009,101.07771482621345,26.527399061123702,10.129509231840592,161.65792615598204,7.628112608547296,18.322627604457608,45.843771391548884,41.80596133503098,10.411855411636711,17.171343860477414,57.071462932032006,31.926862064708992,387.2868177537814,76.7793515492979,31.392486445113548,76.56689966198901,133.66526786475927,27.933796861179662,2.3446332337843416,2.3866624408511528,2.9179787734972287,3.052111157522582,8.913078546844758,28.10476568790732,13.925517265620703,83.18023387506685,16.862463194915257,12.030134893207013,11.97691538695993,11.974843735060253,11.220000398082545,8.760583398860657,62.281096000062234,58.02178938567747,6.157287626700255,1.2798377907919485,0,2.022165683373702,11.863202930934468,55.88179182433697,39.59962706282804,15.165235012399805,9.58861998995064,15.331548808200052,32.078297114752345,27.725167450631588,9.681377123625959,9.467692034819917,10.382941005830576,8.879480335434671,9.335976042359897,0,0,9.177030466726519,9.298511859857538,9.55856346637016,9.521988228479938,9.529516903818765,9.2502857073207565,14.187701124276227,0,0,0,0,0,0,0,0,12.971997748531859,0,0,0,13.154406525978105,11.369899363420563,13.390264766882655,13.574859840115497,14.527513779341813,11.12668381075511,12.896358993463569,13.286934155666229,7.615418558765523,7.60666221501642,8.313584921495758,10.415514065104393,5.920040830308387,9.754821214102563,9.680887950516569,3.576502844783972,8.425962668967028,0,9.369600039656808,10.047352030868518,0,14.007860106486154,8.846432098889926,0,13.19244255510019,13.857745448034873,13.513505078743243,13.496126659885688,13.309245568744618,15.945829386895232,13.76741772368716,14.232821877160422,14.109817055846788,14.242720667221109,11.504636910027076,11.946703931256707,14.136769669598445,0,18.487738525728492,0,0,16.470113369441908,15.87591628646088,17.21911726228764,0,0,13.343657870999284,11.699185845959507,0,13.96580317180884,13.556161637976755,12.960769555580645,0,13.904439956570087,13.25720224952141,13.032313569077733,12.858263254072831,13.260275369609035,13.260275369609035,0,0,13.215142632976741,13.225581031813574,13.096671195087223,16.537813368890294,0,1106.255104008862,12.794653562852723,33.109503329380786,95.156009416304,13.649911032343681,14.332170303162199,14.18909534158623,13.7673259247143,12.13964086171648,12.311428892311286,12.45581719572713,12.391323428163602,12.451127163370113,0,12.097202150892038,12.447250565174263,11.954329533599228,12.514999901088808,12.236152064393764,11.806457983062229,0,28.208572528962772,11.856418404446657,11.86338063430682,12.061658978125859,11.91027041215213,12.257198320737277,10.93910762279208,12.429052781404712,12.94294201968959,12.290991098825769,12.682111163577364,12.656726259678864,12.296104339751917,12.125569579123887,12.582093435971306,13.903284638977961,44.18227075338681,83.06930833635283,18.631689086783595,25.209688405391837,351.0215200014806,73.50865000802644,1.3105749453399775,4.413449691260373,147.88100873733606,81.24508274363961,170.70972476882537,46.37222141229437,68.34795033671332,45.698463451193554,338.7359596893249,68.86819741461703,84.16984199020172,1146.8066145743244,1590.823850170704,22.02307890866402,108.69583075986216,205.17423598994225,12.60994152608745,6.784446993490593,59.15862113056004,19.219650840223988,36.790635752991236,13.68336104821859,1.7342735375951126,0.6403360308896902,3.7947856083908915,10.261991116741983,84.91453466455043,2.0826291230632057,0.08160881832741847,9.058187173215927,0,59.418100608833825,907.0341549598916,92.71941042830109,0,0,211.64262616313485,85.8807319028058,766.6381964772316,726.2017246639136,310.6763602245293,1214.1797063405943,755.8755385092098,295.8660076906095,110.54991224541409,80.59980469816246,224.90213623451749,2055.1974667493632,1341.6070281648529,290.8925229250448,0,1193.6464424736591,185.87199926746857,107.24996529293423,50.017756883459384,177.39897302249418,8.366017143700626,327.3075339279175,304.0885989275072,348.6555555137991,119.01126688908857,100.3178445890601,83.49557886997995,106.10410910248704,479.7389440151536,121.66814812683982,81.80799149154647,121.50717178175361,360.6820557858476,830.3753132691783,1219.4419891289945,202.25086706613362,116.6195325823241,333.00285415545363,784.1485471278955,240.98173282755695,103.82736706503623,158.7215505715017,1111.8111863610256,158.2772507185673,295.71408264987525,22.415189490384027,138.78836528063545,105.04592292105373,41.258012431120065,267.6296675268253,30.020669719908454,112.79784612580298,63.57559835536887,166.6636473404397,358.41698018215106,1185.3558334150293,14.88690945871521,110.7837965474159,132.99793948147845,167.49444692580568,309.19463963838183,135.3428837145614,130.14529635258373,120.47052264817584,157.36666577440005,361.80336304656083,386.75222379406586,1034.5267141228294,332.9884883759363,164.98477138874668,214.0695353677778,142.9317196203697,672.5200930280015,743.7416668646206,80.22039767329957,761.9569529742639,1611.0396776360865,654.4372629138677,1576.803624696892,1859.1522875748065,671.5828306434224,159.98756680337328,930.914771715415,832.9426674566655,736.9130597126328,28.832604650548927,777.9432936849474,210.39641763865183,327.85170273598044,1448.1007267675345,478.21082378084606,582.9811984004604,1497.5119736345373,329.71920801698303,210.00380639635148,106.94616525353388,382.95179645952425,226.41180125579012,48.44012653777784,50.31473938874639,284.07361311863895,311.8997679895855,147.09366711866886,114.08475239769805,546.0632309317468,948.2246345512087,83.7319360394157,67.36713110273816,314.63284469726136,451.0493435361737,372.0260332846527,272.16729030325064,845.5813557179786,146.63667184898094,673.7203648075237,213.10348697776806,29.454283966896313,0,301.5293987620111,285.9655299136835,211.52656847358003,122.98040046405963,64.931935810631785,178.06291687793663,189.89939835467607,106.43065679399821,51.86980563422404,301.31023309705733,1090.4959954780556,209.11909869015588,658.2394481594989,145.86497693389512,176.49841294512953,360.59873913339055,199.9371781748739,317.31763265223435,432.5365311358537,102.90049686248607,380.4026259069115,165.3588787157092,122.62427436392998,34.95414960108441,31.44302812713086,174.21189722282224,2.2076909580861237,126.31496623121727,133.8816282070882,235.34866608071758,354.1373647354055,48.03789021677125,595.0449156324906,635.0746691951005,189.2174627337258,108.75095331740158,148.2157186031345,60.345467321745446,16.731164254662367,11.157805192244878,32.42848686482536,19.619550283259688,121.79727348882531,51.64170598254304,99.99237038685916,63.56684989447274,302.68015951113296,490.0317419164338,72.82832618149858,93.03035552074951,219.14081324211597,30.71453836859246,214.29022040026342,143.156835652535,10.481738186442493,2.2017742761187344,27.227123084344456,36.7659743907162,617.685860930505,2292.191910329333,0,833.9922799964058,228.16173903666265,27.125635565211304,825.1312930622584,0,627.6462443478885,70.7644120902559,52.53065407892536,0,0,105.55559059281202,58.95036106346214,9.540079644953435,5.88156922374327,48.06789699406804,104.28981842467212,1.0822234191354274,0,0,0,0,0,0,0,0,0,0,0,0,3.8400702150675388,5.661310366594266,5.77434421596383,5.676387678724488,5.661310366594266,4.495847556996891,6.034043733288438,6.395239115771601,6.118399647630265,6.393184462790991,6.909819936258955,0,47.797889502569184,15.050234589926557,0,4.0171144310160605,0,8.982091089290785,23.442632491485405,28.01558610656199,23.362722950139414,23.627215959985307,0,0,6.700250676523822,6.63135776558303,7.895999715239067,9.986768685707947,8.411344632793275,3.7906432367764156,0,20.777732630114606,20.0740908623774,0,0,24.724547003894514,18.249785112863012,0,6.134683773376088,0,8.501107381515174,5.025852965273303,10.081082788207663,7.035617846252221,4.35925567622619,4.0054307311224475,3.414269150174855,3.701902144190793,5.799693458761568,3.413216363116636,3.366222106584168,4.0557381199680895,3.1690256287917666,3.944604794751094,59.66210758877319,0,0,0,0.057371812220421134,2.9581981021388923,2.9604402294682934,0,9.776237073656565,4.930824789312396,8.835982863587155,4.807105925140999,4.914628043706187,0,27.856315036160392,0,0,0,0,0,0,0,0,0,0,5.682754426323174,3.8939375072694165,0,5.763342681478229,6.557589600285858,0,0,5.016305466217714,0,4.546083159360293,0,3.684137146721493,12.774052511169653,5.202998386047186,5.579567960991887,5.382223328170647,4.015743901216896,4.044119626088884,24.910275384631134,5.416886915109776,6.204127095814019,0,2.1556928021191486,0,3.294823369980794,0,0,3.2937248208736483,3.4590798402881835,32.131810483228506,0,38.9020245383434,0,0,5.352928079268708,10.216703999060563,0,72.28311592500869,0,12.863464859995082,5.413586660531986,5.759104632990586,0,7.0925750741770965,0.5030266773936569,0,0,4.960926773784004,0.472262679040344,0,13.754966480979853,0,0,0,0,9.172916150850542,58.76920072035021,0,3.857939923224201,12.861880119875819,0,0,7.274153517783964,98.63335724778442,0,0,6.850446406014028,9.517328972662105,42.08580293464236,39.048303413952986,36.249328349343145,1.5221569158496653,26.173187294219876,12.123216139227143,0,0,0,6.8404100699497095,0,28.583244785604467,6.87159513260272,11.9411324657483,78.34908705848878,53.77701045878312,102.76174107047719,12.928190837209499,12.11821795019382,13.895114763258203,5.8373203587045035,14.294236373063255,0,8.995695932821047,0,6.890492469639017,5.104831691496376,6.288131833349389,6.115142922975579,6.36427200045535,11.003072300549492,60.479471169382066,60.032863948683676,130.84394933545437,72.90509846386084,198.57626490576328,0,131.05149177128715,79.57743918256365,4.693510393808189,10.760229257587602,112.63609485188823,9.548226109592754,50.151457988312984,8.556193937507585,0,8.976919223524632,117.98506300828367,8.144115944390371,9.539291391201168,0,10.541017507399642,9.478962330424809,111.28435335844839,10.25303465714906,0,170.69720848950405,7.101632784234749,284.7551331993266,10.518405746545193,106.85673447595171,9.771390821092435,99.21557228250771,99.42046910483586,283.30928981332636,53.71254736661528,34.986299956014975,11.332189399065209,9.55720546489817,10.702062753516453,8.181359443741737,7.436469529379486,0,0,0,0.9029327742186385,0,0,10.839778985458874,0,9.127154280055658,8.393266414712025,8.893104771306701,0,21.09647123465216,0,4.145693213591454,100.55662698558757,115.7731979864007,0,107.47251556833201,124.72501519787284,0,120.49618857452185,111.65653939238014,8.766097429062821,99.35650556195368,109.89935303799598,100.59576196447156,0,107.74794070507117,11.558120840841772,101.08890153099186,8.755584764236593,11.817019053447995,19.589175986006463,0,8.896406535958844,15.570233171380961,18.032575707261454,8.84926074559325,14.575144698533927,107.44238344454429,0,10.699513734764244,0,0,0,0,8.791496428680423,0,9.102386564645036,0,5.835106588856973,11.965674796382823,9.952914312379534,9.425966398542545,0,0,9.586040042777993,10.463670362037265,0,7.949294751662024,12.560467230089033,0,5.218096605342057,9.904838019401021,0,6.993167830888781,9.755716170737891,0,76.20188249862557,73.25497613203899,6.228080308185071,0,0,0,0,7.900541203098174,0,0,0,0,0,49.1166776064523,0,0,0,60.22405363652287,0,0,0,0,63.36623226242175,0,0,0,0,0,0,0,0,0,0,1.4404083933764502,0,0,20.84968312771652,0,6.268310730581432,0,4.376703011182861,4.062588854398886,4.179474807847835,0,0,3.9538385114092534,47.827166199545715,3.456399593248442,10.825969305716233,2.4013162659777585,0,3.080750800912949,0,0,3.3566616004037093,2.868780315913962,3.019637937324126,0,2.8183602660044325,0.6691690704373943,3.030717866393813,0.5394816480952384,0,16.913452120739173,0,2.8602483289500276,0,104.43620273721336,24.308403767144586,76.76759975218891,23.25789954939985,61.75285523799738,12.863609835183047,0,18.880860569381536,0,0,0,21.752435797201848,22.017177229531953,17.526815543573697,37.69299247619808,0,0,0,67.92579966106801,0,0,0,0,0,0,0,0,86.46251186196777,0,0,0,0,0,0,0,18.129225870122433,0,0,0,13.0131590311519,0,0,0,0,0,0,17.832379246005388,0,0,0,0,0,13.793798145324553,0,0,0,0,14.31860370295246,0,0,117.6121441530183,0,0,0,0,0,0,0,0,0,0,0,0,0,0,0,0,0,0,0,0,3.4939232684374972,0,3.647171925596549,2.518167435955731,3.497213561219502,0,0,3.7473216592232177,4.117105094578803,0,0,0,0,3.446258198243885,6.279828749886099,3.2770420415209585,2.427505198634375,3.662362689107899,3.262809773442458,3.4954924561489915,3.1049798599759,4.305926306073728,0,0,4.579210763599931,0,12.51457789553701,11.588771751369375,0,5.914485461676322,7.846914487040835,5.676993829661037,7.448230089437956,3.507780570665101,0,0,1.772269683242237,2.198511840881999,2.8380297046682332,3.488842470152205,2.9953400900554374,3.467476001318624,0,0,3.788411195735369,3.2654034820183013,3.4840709543417105,8.268820491625,3.7185476358622567,3.287435770548036,0,2.3918176247931746,0,3.088346453842873,4.05805916652959,2.2762542145504563,0,0,0,0,3.2103242572576414,0,5.89373497632747,37.32303598310797,16.669934938595198,4.947703354802486,0.9760470423368698,5.766815081346342,13.871138821047472,2.4213182368867936,0,11.084012451302357,4.289808324463148,26.215331873125177,13.601809754361163,5.197902335118137,0,10.09539634894059,9.267525500247402,7.267325149572994,110.62374761116136,7.39502355777375,7.175588297944526,5.532787079002498,6.798175045928062,5.336350299243451,4.086720048386306,5.998075053219343,6.160813524833096,0,5.470822198561334,6.386610291436739,2.956315167972181,7.066573071116163,0,5.7570498465417295,4.839154792305171,2.8966684316531284,5.586037435501325,0,2.7370325839232197,17.213931323817043,15.60133757156582,0,0,3.8798193501018563,6.074300332576062,14.197820970062931,13.98303074196694,13.13725570072099,22.460978527511852,32.992757522209345,0,36.54665263809107,4.38517228229669,8.212467142438042,4.915720522743789,4.978242288102111,3.816149465024321,0,4.702255574103979,6.029295705939932,5.033368707249022,3.979521694763707,5.026163909352109,4.583865130849125,0.39336543587430023,11.28269121476182,0.013320847712609728,13.702864691783704,14.476361924352737,14.671945357797165,14.506984023885439,14.506984023885439,0,0,14.541328347945246,14.587862722681445,130.86171538966195,0,13.608316322324495,0.6634824351891727,13.764632190071787,8.648470573467952,13.52340026364348,4.405915387262898,3.9719426253236656,13.280669668968114,3.966979397807154,3.0693588614676766,4.3126491201500174,16.075823018936877,3.6741222886648774,0,3.796503169692101,3.2887863676695606,1.2680759709738667,13.454299441139229,9.3365850965600945,3.152196022408676,3.138152762933029,10.31140230895868,3.209441219641612,2.1526565767164634,2.989827145907232,2.9783588470458655,2.5279085218771744,2.8780982552386747,2.7891869040122503,2.6239346342158525,2.625929340883361,2.647711638908309,0,2.89392817530669,2.8831075497218186,0,0,2.818336867230182,9.361319806054512,2.9536353143867116,1.7083938053902805,1.8657387901566456,2.982591697555759,13.80478137717457,17.205487303474516,0,13.673000234366565,8.880670815502814,2.415099663161139,9.575412788821618,2.234342130632657,14.007678825158637,2.7913957255676967,2.226669956623875,2.217349523567191,12.283690712918649,2.2387841680370664,2.4812092603478666,9.739773418580116,0.9869803455369173,2.2630418157903267,2.0168120299291044,2.130798976210358,2.0221212237055997,1.7054145875399662,2.0175944005072286,0,2.1501803683309713,2.1048531027310102,2.673620151681088,0,177.19083862748084,0,0,0,0,2.060612754869705,2.180721264390108,2.1853012869704633,0,2.175310954185123,3.0797668057105563,1.8208786166364785,0,2.4430914094299174,0,2.4653295344621253,0,1.8626079018915598,0,0,2.1737922258740303,0,0,0,0,0,1.836983552269246,0,0,0,2.6620532805519397,0,0,1.481446497229412,1.6867897604452604,0,0,0,0,0,0,0,0,0,0,0,1.1140273427719019,0,0,0,0.2546314550139242,0,4.378693135544691,1.5801368990356213,2.384109873854372,1.1565455945724006,0,4.877632866110703,5.661438159052943,0,0,0,8.570978570387608,3.5260881912104813,5.8493240344255515,1.8489160830634506,6.151008520678065,2.086699255357023,6.063735326120448,3.93186145467283,3.675004684619091,0,4.721714691269457,0,1.5406899180729559,4.011897363565396,4.331381937623462,5.497938315024215,1.6653899313055696,0,5.2872815640761,5.453115226908146,0,1.8963270456249988,6.962199771933151,5.83110124678712,5.812096122016027,0,6.156238104896149,0,0,5.519335770169937,6.101575497418994,6.147702343819794,0.9420256475607801,5.480618480497371,3.7929971246537537,3.869172255497127,1.730320774583108,0,1.7040251046624848,0,0,1.6865421491614554,5.29270992408914,3.8275636173784258,4.29381377443155,0,0,4.108548122029646,4.186913254707904,1.0262579857681968,4.264845235399626,4.3683865253513705,4.605775009833967,3.1928485721617483,0.2080613783227693,0,0.21433518761216427,4.0745625373283385,4.779285292308587,2.2560569197403026,3.5172007165529324,3.9301874553497353,0.2949725328578092,6.598157210411654,0,0,4.116510859948955,0.5294142775105064,0.26356949587076334,0,0.9137729148437359,0,0,0,4.909606616105373,4.580238330036723,0.7744622840006179,0,6.78482708058157,3.9135229994142158,0,0,0,4.006840275070703,0,0,0,0.4983260426500391,0,0,6.867938095120659,4.0083339209928335,0.24311644355831388,0,5.533476102027199,0.5229137872316967,0.30522024046137225,4.9819303369084365,0,0,2.048344944198275,5.189871145914249,2.446610604267474,0,0.8292025030349591,13.479547488490418,0.7837067270708792,9.623675576696892,0.8039864460276627,25.22827027600067,1.0077745853030236,0,5.219551798267363,8.540427540843352,0,0,0,0.7854471190771987,0.7910352084862645,0,7.595221641721615,0,0.8244061496215978,0,1.072245215046837,0,8.491481367107847,0,0,0,0.9991157606660239,7.728320248087032,0,0,8.503669085330023,6.523597186572108,0,0,1.169543447276757,0,6.952714232120099,0.6586947270394502,0,0,0,0.8061679925343701,0,0,0.6865538426350709,0,8.217018540087828,0,0,0,2.372308249752328,0,9.808858924671286,0,10.401169500020448,8.64309216461001,0,0,0,8.66202520863576,0.545580119038132,0,0,0,0,0,0,0,10.149064234817768,2.655374578705599,0,9.119988431917948,8.567158257229716,1.395151576489641,8.250806883293741,2.62557199392544,0,9.12569260859117,2.754548332271277,20.253455062382212,9.309000273473835,7.343146695216582,8.161025169238467,8.938377778574734,1.6797560063471397,2.918051328645594,16.676066168185084,18.474715201936874,19.452270734093123,18.064064486790382,12.891719317949844,12.747843724217638,5.739914489125065,12.747843724217638,14.479986745698563,0,12.796095824593907,9.200834552396664,0,24.94406974303294,5.029628746358916,5.353311717947311,4.2161276116742386,12.719030354813125,1.8017552948993514,12.719030354813125,33.21466774608328,0,1.6425708305567142,4.700795943695597,0,0,0.3013202447116114,28.640127682817983,26.518135123777594,0.29772085963090095,10.76694017849468,0,0,0,0,0,0,0,9.640197820390373,0,0,7.332981415563372,0,0,0,0,0,0,0,0,0,7.377583266717875,7.133091269673083,5.575615190187058,10.69111940050838,11.168019433115441,11.47299077878017,7.557391327795122,6.504624804599144,7.557391327795122,6.3067152382715985,7.557391327795122,8.010909010291346,7.025960557445028,8.357388235044764,0,8.357388235044764,8.947621596950471,11.570026767682197,8.545327551496678,1.8078217180557543,0,1.3340759400188245,0,1.029666666795456,2.1310679925831275,0,1.7604867691985504,0,0,0,0,0,0,0,0,0,0,0,0,0,0,0,0,0,0,0,0,0,0,0,0,0,0,0,0,0,0,0,13.677709858180643,0,5.101713021698641,8.70586053681455,0,0,0,0,0,0,0,0,0,0,0,0,7.67529036394054,18.588413912254484,23.83540329432089,14.071681717867536,3.6327718441545547,0,15.254477403953402,18.175231246128234,12.255672078799876,11.808224917148793,16.99638689956539,17.61603003300534,16.378437309800468,16.70906637158536,17.26186165416402,22.051494212248624,19.194559821800148,23.618489349688705,0,0,0,0,0,0,0,0,0.6297225401640216,0.8049869021082611,1.512566872899303,0.6498999908204632,0,0.6038148665517742,0,0,0.7782106286182002,0.08756275646657156,1.3934804982553122,1.630554541892098,0.10250311844161926,0.946368750908243,1.7402857263517726,0.3270087148863598,0,1.5331150158639995,0.7037675084211439,0.7705036052325962,0.7492985275142169,0,0.6840302976004969,0.7091366563606394,0.8647521437666822,1.354522929060364,1.0430246669621714,0.7939385946902561,0.7942718264746587,0.7807848984020271,0.7530731049535123,0,0.9334721461771042,0.5518127064691114,0.5460833850086654,0,0.5817011501924052,0,0.4583413452530023,0,0,0,0,0,0,0,0,0,0,0,0,0,34.64055458212134,0,0,32.60046116297086,36.26104570788171,31.210197726860798,31.078763536100016,24.687712651039156,26.560651283697336,0,0,42.8427861577623,37.282157145105145,0,35.33636602881551,33.615832176121835,0,0,34.742892187118535,0,0,32.269401654270105,31.358679128456433,0,0,0,0,0,1.3763830547448153,1.1578516722809664,0,1.2738090962432582,0,0,0,0,1.104013314145867,12.141791868310504,0,0,0,0,0,0,0,0,0,0,0,0,0,0,14.200893013738032,14.632717422531814,14.545802244967351,0,0,0,13.825696952072414,12.964787390629311,13.083237188409566,0,0,14.369102769452896,0,13.939071304602615,0,13.059428019407889,0,12.724954897782453,0,0,14.666830553298558,9.923350495667508,0,13.532292144690226,11.820233964710717,9.098598638861569,10.35519412114412,11.51896076641479,9.201441924245543,10.546742063280423,13.136525956824247,7.675609779467424,37.36776784811649,9.872683740416047,0,9.615888834552077,11.504257365985644,9.125417667527074,16.93195605743681,9.734300638999986,10.486590174674424,14.691039682550779,12.257340257208247,0,0,9.940203336096891,12.387562425498919,11.328337256127673,9.167278909890188,11.81959557105745,10.390175539773061,0,2.3190407143498906,14.092256606465122,9.898792546439365,5.691409060937153,9.648510312698212,0,5.691409060937153,15.466745303978398,0,9.202369382225314,5.691409060937153,5.691409060937153,5.691409060937153,7.7805146731177715,0,5.691409060937153,11.150487940394854,5.691409060937153,5.691409060937153,5.859249046977175,5.790629718912413,9.57908749550238,5.691409060937153,0,5.796835029453228,5.272575184732013,5.802783893410364,8.601662625675681,15.454497347826527,0,9.259979953258371,0,10.14137576611497,9.105693718631821,0,0,0,8.238519828187924,0,0,0,9.03742554259359,0,0,0,4.9389678397033014,0,0,0,0,0,0,0,0,0,0,0,0,16.810916649822317,22.343145540109127,0,0,16.810916649822317,19.384127054782045,20.547095581866813,23.29498243850386,0,0,0,0,0,0,0,0,0,0,0,10.849415595898721,0,12.717068333114515,0,24.3112440885782,25.8242630838264,41.6154094088417,55.289438709437825,48.96769972095604,24.442455000174952,0.7614457352314753,8.022708361493008,0,7.53598716336035,0,0,37.316430614547684,0,0,0,0,204.24963724238697,915.7542782808656,175.15249680381183,4.999177421386193,1.1220401093397414,0,242.42537005889886,28.350481933193656,292.73191151887914,993.2516802596591,74.92218595311203,3372.493899199508,225.97930983502184,3907.593219800428,140.17464762678966,1110.3462671030418,934.053505584667,16.752584600792694,13.919775764656,7.619315700286935,53.955508917170235,10.623568372459054,31.488953357412008,34.29458141048102,99.75620660717813,1.5753669666885837,9.944912458669823,31.27624858209215,180.79677715772348,7.145142960180745,4.787741024305358,14.208954754989938,11.413955602287652,14.752611177661429,126.66067960150846,116.47170804628175,56.05607947931765,26.076539050274068,61.942309094826705,201.77519778799228,127.20569827112678,57.38499456021197,28.966089688922104,62.657731969285514,355.8979142295755,113.93859475878956,102.74240834031826,255.23440692838403,209.61641281763394,121.2407532344177,106.10490859727437,74.008090049064,235.60182892432294,29.380686085131643,158.12775379145674,121.3031494467487,337.5793017725497,49.009011870769186,66.96842249639185,255.63421684849294,11.399899127075486,126.01067432516469,166.38849304769008,32.587659959777426,116.5210488157432,247.68419995434732,134.38179727420663,118.81434645026506,219.98451946943248,300.716673357583,443.4637187139845,594.1618528152476,1273.8633805018028,52.498386264650534,212.283664420688,254.0211314577072,478.7071592908651,710.8285493229286,16.24972160195327,84.57580911564986,265.5437776713266,157.0837587142506,172.96311659169402,99.71339552965004,148.75262374774934,272.0366675582318,229.70412530340334,10.031432160049915,9.817807130011609,50.264631620768455,225.39010126663695,74.32509028628981,11.634746966642593,80.34285764122146,1715.3377736737855,503.27679587687504,58.740044408580985,177.84734898000397,533.1781921619606,511.54073070214145,821.2829140761271,200.13667783266493,3546.856851670364,8943.847571765147,13030.746615537346,2266.947950046423,306.7300660957136,36.27008808602702,157.2170374118057,87.04412606739776,525.2361144043327,322.43596198308774,420.58608597919937,1965.019162829487,13.96865627252924,23.134770263912326,5.270627712383428,3.9052909380903618,24.46686623803979,70.26185525673402,61.518535995126705,64.68118114784828,34.44393842678151,14.656687017890562,81.52659991295941,19.804334599841162,10.056513884327748,10.707322132433132,20.767329148680865,67.92169527502503,12.994365936481701,49.72586325684412,847.453541396876,9.699578735892466,13.797967854562181,41.47010172212876,6.153115396579643,54.78948725380248,62.851524593680466,381.3011081416422,2758.3830663289395,197.6757389810398,12.041377929558015,9.889098160778019,28.924279460987517,13.13679432820952,60.29203438992354,29.76297708499934,70.8121280940442,56.577701727764335,43.37899827289416,31.239590141984294,178.39320116035734,23.284002965412686,3.684764367463628,22.359709835483763,75.65166190306738,1.4548169371040265,6.362248590215293,387.43913043013026,3.875721884685431,1.374681901825806,1.9603396969830122,34.40955203357703,1.5155330546197217,3.4610888564682782,23.417215307611794,2.777561308142586,1.5657244270370863,20.313643015803862,54.362389462421966,27.183979407543035,9.132875991049541,16.040502739334435,30.862858719595597,51.17388597466887,2.413483341148663,20.209375156887802,56.015867198985546,4.2105855321176495,25.292125369681465,1.986318762631626,51.11994218973962,132.0785784282666,104.52775134105606,2.548408366395613,82.24905619912053,150.99721267328005,148.9619224818089,183.1191491272086,203.97599773544516,231.75467079990602,165.21844092316263,121.14395269951599,17.883778660927824,14.172697889757364,52.70646181665291,65.65892982374434,8.006266878278678,8.22228948061101,56.98869542537325,103.779118533201,14.552462649415617,9.865454293569833,185.1563591160919,236.99497879396,360.1010998986464,8.403736134441372,1889.1230813878115,5.718521763416021,14.762590203257563,13.045193611760773,259.2395294114676,35.500711930122705,27.546963410643677,43.61014395760535,32.82777338703599,4.128451205677352,7.613950052574296,3.742873298829201,0,0,638.1874562973788,13.137075459178126,10.489355867677734,945.4564336707095,2609.8342089249936,1719.8928784771877,5811.5526795708965,9216.210892182295,12537.748001187316,1213.0022667707872,7417.057739964616,7336.764797259776,2417.2298015313095,0,644.6337387508427,0.09747439587747608,8.624801676226696,26.56233756591647,10.938237294233408,21.239903716784156,32.261836876441436,45.2103820581992,14.195362188739638,10.741447849937426,19.22662708205822,20.177900616806987,50.01267631138026,108.68432458450651,27.66459220039522,141.77836453886675,23.174644507376684,20.89944930656208,17.937812507064113,32.44944240867063,19.090164285059533,20.965425206336924,18.418621128130884,22.03116930510157,20.23175372826518,17.718173418399257,21.80890152656613,24.257414198645808,53.605433203421406,20.327347548366923,21.985976346756452,24.438995095903337,26.48866412970494,27.227505567605423,180.40161928750112,3957.1745089333467,160.7555403342501,11.919267952802176,7.668032927936643,26.800260738399984,204.8364103761864,41.05457557365547,40.40414841353796,570.1294993768989,1742.234880535694,11933.405922381442,537.0959605657957,6718.054105214655,96.45928215962913,24.060361667325715,91.81994937127197,25.156669462032156,27.12109474174619,30.516012729473427,160.9555887669308,15.517375156631221,19.671877648836485,27.23033018008875,25.806888207559965,25.82885107164132,27.005672759494782,39.11575482976321,32.412530562533256,150.92503256285065,2680.4614327883637,684.9757661650236,63.57723081300095,17.195716351280307,28.347176023480895,15.58922389692595,10.945060970159602,72.63137210431742,102.7715666015554,629.9677518875777,341.9645234503938,7.549692913376187,61.0216318020132,9.612320159175985,239.44490746981157,31.103761751042974,50.86593776286506,1.073514500323901,1.3891460484169178,1.0066228550595104,0.507920700483164,463.00272515738044,17600.698630814415,129.25920528311556,11.191637738741607,709.5266445509642,465.34717184011896,0.3993756313562002,98.9704002575194,350.5415688420888,470.64321966515263,240.5649890639588,167.05725242945263,40.33698930190299,0,1.2051540133397574,2.792178195147849,4.77454823856455,5.924648895920961,3.174968354071119,38.840371379052584,10.245153229217491,4.8064393204155165,3.4085985282203386,3.273096968481013,6.897550432988993,3.5234986752626543,64.24529536456575,5.374947060476573,5.541781520811123,5.8324461993163625,5.669555199335776,2.3648702488990594,2.299362889756042,1.804076825669971,31.3378848660327,44.69484023759322,81.82682544912058,204.5049196118725,1423.908916213357,16.27535950402284,124.09041561008975,16.53012439914886,105.74377190057778,269.80335194120306,436.7829451832513,220.12593709299358,238.8683320384264,156.3572642568753,195.75973738265637,112.79960132731368,29.764741954061616,105.36201176148629,775.9050218128004,35.96353716003292,750.9281270169988,415.93201252736554,662.0671357420509,24.217533930295495,1011.013246844437,125.68284260988999,462.10958423837445,2890.6205541207587,992.6974782782853,1417.9044680961385,7225.991345552153,5761.150073695927,2130.964942673358,885.6608237167463,812.4137319712052,273.9343202023188,178.56134645477775,365.05161247913844,13949.796921821451,29394.52935038014,818.0558503440798,1890.3444396019033,27627.675581552958,484.31189769185346,140.63113902060593,80.817107715737,238.2337193640614,27.97331311665065,23.491865266147265,83.90568543458205,1818.225350689297,317.03928715610147,1207.2101811045175,22.34769861800446,15.620414954323113,11.991225687755584,151.20724346270873,206.19021387183437,213.46684948421918,313.4216119496681,554.4488399877187,321.76143083913064,2676.17838006898,511.5240693454346,472.56798701006915,79.30045153801633,462.94426171724916,96.42045550188034,1215.2322952516872,1765.9126132661097,1092.8882887449233,443.1155687542082,2524.3220169341234,1227.8959900817708,1719.5620281464414,4483.922190926043,2940.2647614830735,9810.990386669562,6524.800784494688,1192.4652302574584,1136.1057471871375,777.6682878576198,1648.044387800718,1041.122043272561,3011.5340569103732,433.7892756063344,2762.1854015249833,2326.22282109716,2079.5636112226484,5840.673560850436,2016.4238570120747,5581.16590663715,3189.597550253674,588.8517485753913,1642.7237738396966,755.468492389181,1374.9652582709139,3295.5596134572224,2361.3086543828144,3506.823262076746,1690.9179080428648,436.561042887075,969.3884084461704,1803.2542823200702,2272.338716589763,3980.9769051970793,38.35834208636053,305.4216929709771,324.0318254536648,470.4086139459152,93.24934352713873,377.0323578986129,75.0718915163922,296.77013509534834,3246.116930883264,871.8368026863068,1209.7610602425489,576.2302094500412,1760.3116802536492,729.1853530971646,1729.1975471429143,1576.9956265903952,3094.1655730977172,1308.6134431625217,2921.9647867177678,576.1668290064791,1722.603925676668,1711.7601138406403,23028.302984197875,1810.9554347816013,107.84299537601869,538.7149790225357,42.38077813370436,142.99494702667732,1934.0251443133184,103.66151740384713,33.23367497302502,81.2309208120805,40.7389603789214,773.7844772641176,271.9569178310689,25.775281155431806,476.34501179796354,328.08197943350456,1573.1892653302727,251.52101302927193,185.54016082752764,464.1620884190823,1166.5683283363678,338.1259887000873,28.7230895421058,493.35409905898615,275.63975137249935,767.854204860761,550.453786617226,174.41729957910005,1430.774273161259,2331.243552146723,518.6156072820273,1759.7805242617899,563.3628537254649,2529.9870883359986,5637.105357804125,1310.6052219628198,587.3833274793573,201.7993807991256,1003.8900275202518,5617.600556974062,10426.849114700271,8198.466875093503,1070.1955832798144,686.5335082774651,430.39001319451125,341.768951685691,1738.0461955070264,193.86135679383946,1601.1757958908381,1517.1878961253399,1018.0500883517332,327.0439765448791,128.72177747191478,498.57657597430966,27.166201632563844,77.6865419701894,489.65010223600723,30.925854457916085,114.39390474553527,23.78572632568921,233.6800047079392,215.95845008249606,164.3638080820161,263.81287061008726,78.83491400935343,54.454071226765755,260.3519826989245,1969.2469679583648,494.3787891002973,89.78478071276014,830.4464310759976,561.6508259538595,1807.3571257881265,712.54325426905,1267.9093131327509,1822.7331559979584,2334.1033076159315,267.21240802737674,43.73181014638304,120.85303984101738,710.5710019788532,167.14055268528907,40.59285718236749,135.97396599780302,27.289765145568214,23.93795180228388,21.231616042153608,84.579731975099,1.9149681717352514,0.26505383570701485,0,46.47935095608838,0,119.94132365926862,197.88663975714047,30.796065783036184,119.51414965133645,0,13.588388386870275,0,0,0,118.57686740185606,161.49567444715166,0,8.768512190977273,0,139.45100829287662,0,110.45972767734395,0,524.6955424656686,18.67906962137235,201.52366132514217,118.99257915971916,27.353909035787694,24.363440936379707,6.412001392156219,26.20188157550271,46.66746090735256,10.30142081341101,48.69789968389389,58.81755989464618,6.312949940483636,699.212028689223,5.445868170937545,1.4483421761751873,20.486583755253054,12.649429226032439,3.0384200731283157,11.801122729723001,8.383769437102409,234.54095770649099,5.100045951943686,6.02269096459765,9.111714845517172,18.996526638291627,54.008465156122114,5.328981007102119,10.59483274201184,7.578117228894318,35.25594634976396,12.726175416894684,43.846200359304305,508.7241090286841,11.472971153245457,35.13498459956877,36.945298439981876,87.91453017423203,1082.6257243699702,62.71754234059703,9.561830811390202,4.026428815914224,24.334312956399838,4.263158951814722,1.2666972817392004,23.838514769802135,32.36534016292066,24.583194412102436,14.766028553758902,24.037900768711843,0,1.949262346361522,0,1.8945634319367113,1.049733622276663,2.5585986088589583,2.483853138806912,2.979211308370246,1.774666447057412,3.395515129890036,23.957445006755776,44.142357637915275,7.229613884065871,3.5176811614720185,915.577413374093,19.88660247341032,4.984443529732577,1988.759456191208,3.465347655432425,0,40.80074804836633,6.519449192302105,5.228261716956195,3.9192149946751558,3.1736431380354237,10.627845652531155,20.615038699277278,11.609683354878833,1.2862529214979384,10.658894766478316,6.2194259161147905,10.929906352529605,2.71519919549654,0,76.02044573330363,123.901673322367,976.7851855577965,5.464237770085577,965.965389848461,5245.940782861768,30.013742544465426,18206.345198786454,50.84501612244117,5868.175549443221,969.7988659491492,2137.0844467040297,253.82228425129128,624.8264361349517,841.5006633840796,406.98418620078553,1246.2935735789827,1854.9450431768864,68.29819712123016,2082.0480922437914,3039.4960263773014,830.6916882443669,438.35358668228474,182.0126363259722,951.9381288311356,859.5974921500698,3490.405783081421,934.2691660546724,497.6429767329633,636.2964820725352,272.68823964429714,223.56076513209126,6006.723741975524,434.957377456462,685.311753645163,53.532697695347025,59.279091824919156,105.83891821815219,51.00475986509761,62.280346236629214,2141.124516379601,5018.363852012381,7420.8294165310635,4019.324514083589,63.854585909561926,440.4578001110603,798.3788462197369,332.4119781524686,2210.472244301309,1899.199281766835,548.1567907189229,692.5455096784685,1516.5724704034153,590.2997222667689,364.0988353124666,320.7612943139764,493.93093297250124,291.34215441298824,3.30872761241883,1.2024039812862246,25.22580010576456,106.91321150903346,21.974636854042995,128.00040661461645,3.0651032980767052,8.250794975680646,2.3229150569180157,1.159100655790945,1.1159542263719937,0.1581120378127976,0.2854587543419562,0.1510359352535084,5.200737824947276,9.800260841517018,5.660589294358801,0.974166320282368,3.4615661219675813,1.898752876317957,440.5246793172264,6.1639153441275205,15.015277547944617,2.092407355328204,3.493536503277659,33.669769803267585,111.84633126644187,277.55071080225304,273.93932209379835,10.105476393342558,23.51885951288309,12.525983398350002,58.440662430143504,2.792270868349306,106.05835379492729,31.836846408018552,0.14196076456353218,0.9542491248519571,0.35714300119773923,0.7968082900913102,1.663886828356795,14.931068704531999,29.5395787406979,3.485463359795967,1.1835506699575196,1.8453379115707076,0,213.27319762169077,675.037165239266,3328.3128653277045,40.658766578568404,0,396.9318715781951,217.1469067587884,4.790448731876716,994.1068233205184,36.323635897014846,20.585675049402596,3.0742518877132827,2549.6281307338313,276.3274086933123,250.3489031591371,1288.7810498482424,26.946141091659594,720.5654770700683,3719.998478770165,28.114289561381234,930.4171359412502,85.89308165690129,955.1865826208203,26.884910530700886,1.3696288266085295,3.510647841505512,6.558361430285152,0,6.876692870639395,0.9162017211862165,11.39805543382113,10.733746798840254,1.1721950670161148,7.07793797274348,4.27517439783023,29.411417650463505,5.621896239476841,13.177006122397719,4.951219641748079,7.746448496490694,14.70997554922565,36.801973581945454,31.103301829965172,5.499108103798495,28.468801693023547,28.184988025470002,28.296215887726664,18.83246887931462,8.71187793762423,26.947607258676538,26.527043065826035,42.57653734903127,1.5779209309355542,2.5696032692112545,1.5937862567413268,20.611148146994008,29.318723770330756,15.018347179990554,25.162124805234455,6.17294617106335,7.461554994464506,7.254206937908607,9.101630987774975,5.438417449649418,3.6679849421006816,7.2081328562214,6.495305372440077,7.242845757753556,5.9095012789472,7.082443160885703,7.007006780078402,7.465078577196894,6.399346084844816,5.5590204720133665,0,7.226766818204376,6.951895563796005,7.4716515779433825,8.109348471839281,7.828397678019698,3.5088640791582546,2.979083716604576,11.552790709526796,6.366263932330904,12.343539585927616,4.767066450428706,9.209508630574776,6.5566663277104515,8.056567033708841,6.60075107758031,9.765005022744777,8.757968419750375,11.319472691703945,10.569792141588806,17.2912361412926,8.196748657769605,11.237974100393336,0,8.603865385899631,12.493209909489307,12.264132227455413,9.593793412002293,11.756080769926035,19.143835701593833,11.600355501690531,7.945975441145456,11.318547295911818,12.865870479508896,9.195381015916192,3.773579771781464,11.268379534072869,5.947141272509936,2.4526967480413826,5.540577339015191,177.88129675074327,11.045091967793033,14.569630109737867,19.150176575983878,12.404568591205484,18.218360099479035,14.366030736110794,6.227049149900126,10.427418490102399,8.076626027341756,1.9425292514973607,4.513163022469492,2.3251232415243166,1.674359398717937,4.404441353122092,2.482340334961633,1.3646917274259522,0.5291002737871185,1.1850061667631633,1.6366276108882902,0.04629593964977195,7.072545408155454,7.682344247414723,1.9159354703685048,322.6815741562724,16.9653026001576,2.7274036554207246,5.36532910060137,29.353101022228177,0.9698075651075608,2.744574437079829,0.12905574125206412,0.05883465382518654,0.08763482438849479,0.277676924369521,0.22526330741592518,0.28332416522038156,0.29037405503559766,3.4411285535008673,0.1454465470675823,0.38658524924165005,3.5566477966471006,0.9323405017346088,0.36461300010746983,11.818236006486888,0.19507045610572402,0.12517065414000314,1.1516646249973257,0.34085253875053695,0.19831144405406154,0.02322801343587876,0.03357626080681074,0.17561803789876748,0,2.799311192003903,0.24421889931838806,3.6595102395848964,0.2715516884227354,0.10054373502999762,0.1050237497749324,0.6079019013612286,0,0,0,0.04322407465379812,0.21711883378589755,45.71475894797447,0,0,0.2098942753016544,0.12693574890364384,0.1804972358997491,0.032432019506961125,0.011527622161004853,1.9083759943425291,0,3.1316663560220395,2.4164987557678956,4.2944474372926855,0,0.7679671998153738,1.8649652593949395,2.6292837108803893,3.8760521965112202,1.8618319827665932,1.703449374086886,6.160650699106744,3.697403638684317,1.124251219399054,5.867230292150245,10.698041282007283,10.672823835046291,0,3.52094441556887,0.4751260776983619,1.078353219061615,81.50020243848999,2.6853113859798987,99.97169943973492,0.5038023252966208,0,0.8598455287894681,2.144730837317348,0,2.9989382801754054,0.05491760652764456,0.02568443449560135,0,0,0,0.12748102418362262,0,2.0469140839190207,3.810011290352124,34.723478477285106,4.859973487553465,3.6188743820657923,3.652667025431041,26.0000077073743,56.3304471525378,155.00073635863322,216.96338718810074,21.378146575416316,18.36678109335048,22.995420092050505,25.859007471936735,16.984565564349257,30.97118433505512,301.4641422341764,612.5172931990156,6833.685475060567,875.22577692801,52.08494494503789,23.051097611599054,61.66099043267949,62.34954687737376,10.519036284579274,11.967015255849066,73.31603689169634,16.70358415589942,12.41574592642801,3.5564586811231056,3.398426330788666,5.121945009051839,5.480144102417792,5.347413788629287,78.01567600231796,3.725394292283424,1.786529389034655,1.7593546950495997,1.314516839319047,7.335936109821559,6.423998845442813,15.244921515244167,5.966800206845353,29.170322537780756,144.5098621955801,21.81066229705295,334.8803722921714,75.33520664486906,0,0,4.2672821374602155,6.0627554120988405,2.3646828722459947,49.45212268309414,28.29323910584241,144.87206296333733,2.5840693264237653,3.7707737659845875,2.5397767038506704,4.3489387826598485,2.02809532877506,4.376935438267301,17.88401159888513,108.17350610192864,24.3865080831412,6.598145054047415,3.7077291240947954,0.9782272794401917,0.8290585563660209,1.7617554448479844,1.6509253474567138,1.351297703732153,1.0168909545567275,0.1929577703906666,1.0043132472191492,10.504404653046306,16.362539770326123,53.59643142719011,314.5354226234124,10.973808828555818,2.265786530164448,28.24850326900604,55.99722086037522,31.391114199218027,42.50892286362212,55.02879921079312,20.982842496008793,33.717871004610764,108.89807616348463,733.1577851105571,374.1297865772398,57.76205476068844,91.64720517384707,38.439378666698786,95.47654497998316,170.89079493777137,162.5877291853017,17.637774278835103,257.10878555650635,2416.401384343472,1123.7017462453475,269.9298482195566,41.92114590529874,146.2321918733539,95.73616503734688,11.142987601559708,8.259421213646103,5.4126629350436914,62.85505081625679,344.46193627907815,465.22202259757665,1024.8146009651753,3028.1188525521575,2512.8287252502587,1443.8869923195866,1742.5557507548706,2400.5388355959835,4868.118446887542,10200.288432614974,5843.64501033205,4249.236795508006,1483.0343757910728,540.2922855341523,113.6392480201462,139.44908452849953,276.0954284724382,183.16567264888707,281.5030410207099,324.6235553434856,225.07554340856527,411.4509598482942,379.71878875333573,168.2846625161827,38.36282475560648,80.240495049762,36.3748057528014,3.2051071293618634,6.545312517744747,7.23543188104457,184.23205502196208,1238.7904759903572,160.90966752716523,135.28809034944732,147.3722171460405,76.14559573322067,159.88621444542815,734.5371366905547,2011.4536198685955,1692.7097681001162,1500.638570695991,863.8792708733051,258.0788360752674,85.82480561507631,39.143274040492486,14.212467601882212,126.91166386616538,65.53983745682514,155.3312396249347,127.97610186113027,158.1667360477525,62.14808657015143,104.75695881955167,24.4739363760029,23.237616788064972,14.69311577162454,65.57577151791116,80.44995287357732,230.8618149211486,290.53698284938804,256.6791197909728,213.5118130905512,319.9676332912643,194.03807392836325,501.7959499860521,290.0657247088813,153.13867331268094,340.2525198833418,88.365797981277,84.82567717449037,80.86940143468418,52.86486239825347,210.6648618075968,261.8013806036424,223.9029769616149,237.35314192850214,189.53702660916528,256.3286045112062,47.05127929892086,318.0650586201277,44.87762153260196,75.85439727738687,198.73385382749453,136.3850888631985,162.51306786982906,250.4115488093908,166.91524000182403,379.73948178974763,275.33706048585526,870.4183483003275,849.5713978992715,381.9659191951524,599.8019382494707,63.01900598932891,29.57516784822584,263.5366613063123,45.172487739430636,54.38448601399197,71.54490781318076,433.33989471349435,356.1453899345536,27.347043812462218,15.186456719481702,122.16516425902125,788.9865803981296,173.50190945869002,235.21623692667816,334.32702603356546,186.53217899821905,110.5175929908849,195.37026211379685,156.74871417635882,236.27429341767257,135.0568673164506,667.7472555615769,157.20672407596464,143.44805173017897,317.3444548630235,400.5985456053449,176.99163678464507,109.3981580246581,71.42890320124545,123.21736091686617,108.30848192109366,141.53398717782463,37.99652907161589,28.989076798421777,17.756715944730143,27.058084556455512,77.06475790041998,375.4525427074479,357.0755085883756,447.9868151502414,312.04197538406413,350.7600069692782,354.1242957517323,293.4120746584878,516.8667874622101,437.37177658907285,88.52153629159297,26.702588508299698,840.6876036168661,403.18108741447577,674.9960973812,326.58784825380735,1.3678016511314623,97.80847094109632,184.03257284091256,22.551862428827153,0,28.5256244227817,25.849467713931144,27.792732394549553,8.76165289532422,0,11.39638627186119,11.742514386025665,8.774467108193258,0,18.639258992862327,648.8029776268669,12.569190027296695,15.402429959251068,25.27853012694142,7.898716559573898,25.96902561760943,54.46164205920723,29.78643704806009,34.390024475309914,43.54348193980477,20.51320004985655,1.3226727442974036,0,11.569357049022955,11.464651584721764,10.361116379870525,9.651619406264018,12.910607992086586,39.30760038977324,41.269551113197856,2.693041896486848,1.343722670872842,2.779494661010224,2.586023399380099,0,1.3073274403043937,1.2122843757565502,1.3843023574903879,43.34508472863188,4.049430010594225,4.662613845810197,71.82358944822894,106.13772439529988,371.5876447396785,112.43310918142689,119.8614602801428,19.100575213296967,31.219748088075562,60.988156302563624,7.587000871356209,12.524356126111995,8.257482641752791,9.767875685711527,14.3814596544746,14.079587225898335,23.941689698200012,186.629023463535,100.24538332884048,14.750961782596717,43.254619154967905,100.14172949160314,50.464911287089606,293.73273389855655,93.29599378094679,55.78134993258298,69.43042424587858,186.4161222495264,264.3891854971667,162.67777211839797,242.65118466242143,81.7502178476742,11.33159338234551,18.304042284370688,84.28688804727211,333.15477055855087,192.77461319104998,19.455219812156358,58.550027152112,438.9741694951053,68.66453082087695,85.76750814828652,1171.8648076488178,2483.6746478123414,2783.7160749095942,506.37335488348896,175.14366413088362,84.79016903164361,63.641651234278754,197.5457427118027,30.01612585311842,482.77822744489265,397.34928254904446,793.022979680956,1441.6469898921216,581.5363512221205,404.5807765906791,103.5755395485699,52.19791506646677,61.01943626882895,463.3749151744237,253.74939277164097,126.17131459630585,418.1227615653087,501.0269471518559,939.2177434343376,477.8831108141307,4255.616219608563,289.0009293724067,103.79368564372508,47.52777437643509,74.62382118877915,54.68169765968829,2167.3359215729565,913.7384863024843,247.4707976081082,577.7113188797642,497.1245940890091,318.1028495637281,274.3737407033984,154.58576490398767,71.96707808833352,93.4563303901277,15.47137378019686,4.659977405963363,21.140143892065414,4.920673814652138,40.42777988776704,148.39742290359214,64.80962981441985,10.568811595408055,14.886142119284308,4.94863733181584,17.60440747872788,238.3349132737071,7.5742932238716225,798.2707731207795,3.7523132222367015,4.711754811141583,10.221987573593735,7.027620121651527,1.5329213114489673,2.936197408229143,21.120375409135843,21.212125529172862,18.355029942999447,8.306774399859632,0,2.611421721077955,0.7042253845747513,7.297555480325063,22.371648319397472,23.42132111877566,5.737911817141524,21.545110663453606,146.5273190170571,218.61495790763465,182.7580445616321,2381.9832696910353,244.51587315182337,149.8372270637987,179.95703629872742,25.052793688879024,6.352226739742984,0.1995607559014796,38.42403823825822,582.9562205352302,1062.0488607397565,1198.893599288178,162.60458395684142,109.71097537622522,291.55519077524053,64.15530335870264,284.6751804005454,503.891675022934,935.8615926653093,941.2648583110093,141.13964006163835,7.0957620048798695,0,23.374411750522043,15.811735714794736,140.80647626063273,81.06528035397093,8.044040006636205,2.26877458898753,22.12674366165546,30.246260138348255,0,0,127.88129492903205,105.63312012593653,95.03902624210286,7.867443010280768,2417.2364464866546,2852.5057923409195,632.297713940894,0,339.8045153288236,6.394524257134804,4.787235772425505,8.854708120627837,127.21125797599261,9.201522337381508,9.0926844695093,1053.4740010969372,807.3902013518158,715.7662644575095,4.969747479475193,6.119136191299453,369.79831040850473,117.0886094036621,47.94735975600074,70.68862673487084,819.5833024096836,158.49570830454778,49.781032664985325,260.76459751358317,138.5737272038832,160.4955284160032,10.142526560068992,10.975553521907448,180.22708348875307,20.13383446662673,298.17492596020503,4.352521525635532,1.544777966096253,1760.1731199213878,1033.3913733317186,3679.9374011417244,4646.822920777212,2176.754348732967,293.8888648765855,122.47073014072456,110.06753569664185,214.23947528517013,191.6198798832599,87.49663750404726,272.3569585612885,314.2384171109631,1995.8508410381662,3451.7796700810845,841.9806321787822,405.85192765162657,1042.7395280570167,108.41726267737458,59.16314251413008,230.05119179669995,4727.088168350398,1383.2023913838902,186.09085500649803,267.1127180810724,699.85052290309,799.371672968584,0.7856359254803807,0.08490063870588073,0.21842589121067738,1.139267655766434,3.2915444170487795,267.4850454168068,15.782511519371223,40.63490351212169,47.69184062747192,37.88005804330106,49.72452085603622,150.42424097927784,1055.709293629875,179.66215697175886,155.81424375639781,726.0363875777691,1059.0123090340214,3616.6057058101983,2325.1760469510164,458.4667466377396,326.2568957809006,255.09938553879763,19.557343288685185,384.5276543099363,16.55302233269726,14.634790797374473,2212.1165412001014,8541.09287813006,583.1519820883283,28.22894379198344,485.18575896314707,7011.512615933395,6258.906137388473,169.1203016050591,0,0,1.2739727557659364,2415.8922069120936,8.60065016673764,4.309303278126559,7.652355536605652,247.7911204554461,103.36048705230026,7.0033778187281,489.6411403944397,3.8093817848530107,35.12622708169606,40.58348017285364,110.42869768327179,0,184.59881212400387,48.131507855463454,258.3692915010414,30.816151015101994,0,12.81009583148973,0,0.035216515969640205,200.10611337138258,309.5829670108553,82.71704213032484,162.57110964883947,4.132929528403435,153.04499873380362,14.658755364919967,893.3592438305253,646.7027296728995,445.86198326388046,263.86044168833104,248.70967538078736,106.55963782942361,37.01557315864884,1.0178960569393063,136.31734195865073,262.7891923474642,460.3299304775166,279.6573674846518,102.51117387379844,14.369434834463867,137.3008811787609,153.5709058973836,280.6561648886585,219.67442307965237,2.0126853625729595,2415.359245031106,3245.411120120809,10677.784494884041,11755.829373420733,9150.49408111807,0.7811277317269996,0.5039116451984327,1.857336981090332,403.9183223901197,25.323443570227997,785.3114013846315,293.5005269061622,612.9588434689853,2514.653467640592,197.10042122468533,17.376711405845672,2.27362187562262,512.3820735577973,58.122966643261776,19.314151054265338,9.63790891653663,1.8145587970759018,1.7809789410271493,1.9511916180750042,2.053820164740591,4.079627065434186,1.80493873148973,3.0828732249650224,2.9171084048807243,6.196635797675121,3.3067819597863157,103.9582778111475,19.120661425344853,8.634343731839254,10.113959998861148,76.22352688666263,510.5691354236577,14.751474662311711,9.7738581345919,7.9760972946533215,23.641407089000907,580.6991583535247,13.533483053138346,61.91895564334838,57.70026864884842,109.96732519349086,14.510820111098415,18.663292902335265,18.750735779123513,6.69033614259764,9.255422692813527,45.35050799570223,9.805863007464572,656.5622957181652,9.248817164821133,121.09493768884913,7.861071221304857,11.97610225789499,799.3433339641523,5.729942444808667,32.122311049384706,75.1974874545643,2.8365225857327756,33.19033297773995,7.440741687516803,42.84944064376599,18.979040989785148,1403.4537699669324,187.26481739126416,4665.879576017503,4734.407202240015,3111.8472215491306,1088.7294258006452,2033.6404472072072,4.443914098838032,2.3942166871964314,2.247830000461498,6.354715016704666,431.63513395676154,466.8195868934521,22.38095437816945,15.363458361667282,1.4008036515683222,5.758585548056968,146.166210413855,428.32424058070995,62.6923792929423,47.37331811396393,4.557691181849112,7.548318985933335,68.40312178227356,78.669539032591,659.4333797034122,23.095721125222603,105.01601951831006,97.48130577107928,27.884312027339146,111.16778961253503,3.7372248745299186,3.6104923808814666,6.163183440968425,1.52192756755821,143.0722552703457,7.007095730320651,387.81742351776313,137.5309667341055,254.96572578679817,132.55698834795228,538.1153150134793,2280.4139477146887,1500.3149209096962,902.1967603245079,314.2729557744055,141.2608174171912,488.33416620673717,186.4897745981454,393.5396585162575,1106.8760790027857,799.8168800385649,2448.138261563187,1477.6661117738197,435.94411850900235,324.2218185247714,330.1099785515911,204.8189860378905,24.711302147045686,185.38033290602834,99.34988315114317,49.35380814530197,362.6046330538971,2380.6959634090676,920.9918685973595,115.1703273270783,1634.684134776348,818.0789828851391,185.21618604877088,19.3335410072143,429.55129928970945,870.7521841819222,1769.3327885616645,291.18221601187116,165.02255529361548,229.06526355426462,222.67073351458993,695.3943947392668,257.078811190713,20.634800489413355,133.1739349588203,371.7300936533945,957.7837158826522,863.3959470900742,870.9669677652126,1861.436478989719,2381.4187574676603,3927.3426982649007,2552.0719108523276,954.5135857564129,790.2389795994899,5959.681400379634,2380.1997519970787,616.2343704664507,31.04789505502887,39.00524795745545,57.5005077347515,524.3864071580618,61.03028553674295,366.2625251769762,622.2094303638338,34.414291952932786,269.71104705294715,75.78627071854362,377.2836477985356,1134.922106640654,1118.0139768160816,43.72793767357692,10.575755205551179,7.461798800610947,33.8490270762452,43.55108658507986,49.29655231926695,54.27815065436201,60.691547710967136,439.16530251264004,2278.2153014720516,1488.0353043153807,513.694889456332,257.9401251718143,34.27850081945068,346.0011109304853,0,0,993.6571059937852,0,380.56321968754577,0,446.4388549922127,359.41457111561476,1416.1214450020716,373.0526785435369,0,258.7649573104018,208.92019718694274,1094.6782306465911,605.1248179147525,636.2962864743783,1033.9428729013573,240.22207476706637,3986.3528801605253,1136.8663794806955,268.4871382913019,753.017622543732,717.2892921974895,820.6742576752044,507.6168554182374,2447.9694933962337,798.171804923625,1220.8392607390983,0,1372.1148993388388,1290.2188204818588,418.81966724181484,605.6233212277889,428.53352863894355,561.010470760347,585.9664536132187,0,644.0648456165324,512.6717803981572,0,374.3318894249852,3259.52067564757,670.9973084502968,1046.0517335069824,243.09798255858252,578.8434499462759,191.64877094429085,0,764.7739682023596,1647.2287379409886,896.2793780114813,1414.2953072277594,0,1362.2735759109853,1261.4495798349442,507.86820914727866,14.56536753405792,1092.8523692569318,0,1056.9399542099486,1090.1973087595156,564.8231222407261,485.2215151712034,492.8169648586092,986.8244834679759,1178.0781467719826,624.9411037515345,657.1623634932738,0,497.07061111081237,522.2088360444038,1112.7504099905793,339.0278424572047,854.794674838911,670.2712524956477,454.72704488081,720.5201004560552,767.1190391006564,0,513.1830626949734,0,1483.0931497002625,16.124368904270202,1281.488451612544,1.30130818171291,924.5758223022347,21.69069598899792,1065.6267795510555,823.2622858381093,1063.2218583728668,777.4071080434559,232.30781767290438,1052.4148298422206,668.1595005818552,650.0494794632299,0,597.8218853131336,738.2618241001463,450.6689611799683,0,0,514.4051184676206,654.9459733479594,690.6586903586089,404.251024053584,1022.7604270432352,632.298656709373,894.6631398204654,604.3781051260494,546.2229497319545,633.7952242904882,540.2159300833076,517.3381529176518,732.4943546932524,724.2837072198154,827.212806124379,721.7850584781479,537.1196144655247,511.36292698303276,1206.7319508036144,1417.9086809543135,830.9201566292314,841.9477873610308,780.8852571203063,398.99563896160726,492.10768560185664,861.7365079740579,1070.895509383619,739.7197309038002,753.5393400469709,1100.3780486064547,752.9969091994257,753.7571783349271,909.2902668996697,486.9746926118857,1131.592821871788,1117.6700691212243,0,1025.0114216958036,974.9134194525118,0,953.1184069370989,1194.517958739913,1508.743925036431,1766.0185790016283,1155.773207620725,1449.240037897049,1428.5287289911853,1321.1763801465333,1144.5746569684914,2675.745554717496,1239.7804594761162,1132.8721420289553,1192.8344814367347,0,1788.7840038218123,2335.434385994265,0,24.09982452986751,0,566.335214626636,1491.2565248347257,979.2293897707018,906.7388582476336,958.9684604033307,1590.2018476515518,932.3637142029496,617.067897043637,528.0541110083121,506.43841712809586,1275.9671486455711,753.82477010345394,950.716800473349,763.0347624557269,898.8316691064456,864.0131318241095,830.4478593301324,664.781006571027,1057.4274267639385,3177.840457216386,5374.544323836815,1088.9297689448797,719.6115610085435,668.7782101988339,552.2211292676881,8308.740763803458,585.0326659500778,1305.4887960677984,589.2279207202714,591.709972270167,621.295631243596,507.5866987221348,637.6418407210666,288.0623958984423,766.0458520263759,632.8029469182142,0,1279.2294375481688,620.9878129578831,607.7009812362528,0,306.80690062450367,0,490.5090698427929,466.43018548631164,701.1620649960187,549.8577543833991,550.1165029837188,759.4071106809293,517.8345127902165,758.5712450750631,820.598193213702,636.2927742647076,879.9668564283885,749.3290412363967,649.504838980611,0,501.5104864049972,0,1196.5770740396097,626.89692236833,739.6766275129786,765.6324356636864,643.6010012607145,389.89383826532327,0,0,424.6283245308389,413.4092719902561,416.88580058914005,0,423.14856777188487,382.247901798055,404.27034504179284,414.8624979166636,402.1808609101811,413.05508739901717,426.30975533804167,0,438.4645671185777,436.49646278255864,466.9002274960427,0,67.97498098336298,0,0,143.06767389053084,1052.139097084709,0,977.7756004024578,505.645074871897,180.83018822711867,457.64979885294525,651.7234683946467,1972.4742855109473,787.1287636942329,4.98172054251014,458.30526210173076,51.708649257148174,793.3691443594282,460.29734798293714,777.0354644929729,364.0711129274846,0,692.8632681198131,426.981825733182,502.1093843170288,610.238617353483,371.30903955624893,705.5134058212512,396.03809757476307,662.3367405850407,550.410239958814,715.3988872414168,518.3330402403212,518.3330402403212,514.4832236251041,402.6121970762152,556.2350342633591,420.87824103934764,432.4138589551652,391.7545187647843,556.3880534121635,367.82554346882955,467.26599011632806,371.55539343231624,580.0777041211724,524.4688654007626,442.38449219831205,436.80506855282067,577.4294514109203,373.4251909680981,414.41782216743894,623.0707885620382,0,446.99958970452855,430.52941998771587,370.88998790972704,464.29979806996124,553.0881910715602,477.262071647929,407.9504051965257,644.2335727020053,562.0524680508503,401.53570755901546,952.0789721538863,417.77061661608,356.72625139772595,362.35130160433204,624.0754500799454,588.1555998536746,364.46360553525585,357.10622212137343,371.02475979843723,354.783925867389,545.8374494099586,0,0,0,0,0,534.7576141558559,523.2063295384078,519.4633209485687,271.7772566552305,217.51173266961212,0,0,856.058784186093,736.8140381331275,531.32395836095,0,589.397395503366,596.6743464161162,436.75182956538595,810.7270410158987,660.0920654614115,679.956969544609,509.48708008870005,245.513727408474,0,723.0693846152953,256.09699999958184,1600.1151133243022,640.564181926461,1879.4502519931193,978.1361966797069,1152.165041133873,1049.5015169790881,292.86798027699797,0,280.1018516388192,618.8437791626665,282.11535342366085,233.6085140951394,266.9509089821998,609.8995393846666,364.0290347721539,333.18225163240925,310.54752748624685,402.2442282696323,1187.5174923135255,359.2458588239245,265.915683039721,0,319.71737795707213,512.4364980282212,1234.6098614052326,748.6827519444267,2220.127868617965,1233.3691450477609,483.9480178792263,1507.4833118292777,335.3051747005435,395.8057265557591,1946.6758024108724,439.88760683447856,346.69516574784507,363.23084669252177,406.32688081486583,321.5826185129221,293.440546724315,279.7982744899812,254.9904678605774,47.984182612686084,0,1718.8095067003853,1879.4787113503464,0,794.128332406777,1663.5952965293347,1420.7920839666208,825.7776888267085,1553.1614089764525,1029.9942764495822,0,1.573271311338678,0,0,0,0,0,0,0,0,0,0,0,0,0,0,45.44519415241495,0,0,0,0,0,0,0,0,0,0,79.52813691727559,178.51413490255047,32.939979256580855,28.211833066926935,9.137390845672023,210.1257571110687,1188.4396112977095,1379.3453652108901,150.99648288989414,768.4233925411619,0,185.53260604573939,55.806187707826595,49.25359084956794,55.07099177272012,457.8658291286757,25.347229756798566,146.05400280926386,27.112128081724862,77.21850003867388,57.965173472828056,140.31792210162058,139.03584201975875,199.5794509422134,0,0,298.34552249941635,50.14813889143287,2515.9597341500335,149.08525506095359,207.569884165167,50.77266674125177,1100.5475759810204,50.52217631809206,50.74703990665252,99.487112233699,0,0,30.539869737612452,47.74750413490138,82.72935046590905,23.559469004487468,212.31184015251532,37.45830326788878,11.768250012131318,36.69545683816179,39.04804594868103,36.76179727526407,18.30620123829842,36.02826744417819,19.719692345069475,30.50979003608808,20.462230013347842,21.718802402636555,31.562960430922654,27.4452281438625,28.836234926278152,50.61225022340264,33.22652688786314,34.61275252196629,23.62648118438618,27.937851799388373,27.419731243956726,168.27586865818813,54.06218343005439,40.52160405222763,24.196874640332627,247.47066219605279,204.0115589832704,53.15888983830888,688.5120619149386,314.88738708928986,139.57762462593732,387.01684231154223,391.3640693238318,200.87269838651886,78.3778506477818,174.46251652336812,53.86548946250392,245.3877896622874,0,14.17219811584686,1.1232289155959068,0,0,0,0,0,13.06773444733236,1089.4133086940428,77.54443739445924,1.881819983960329,78.28985142299157,508.7785739476187,201.656536989877,2999.5674000908,3073.6512284242144,1252.6405542394273,48.19897621074202,0,0,0,0,0,0,0,0,0,10.023145739999062,0,0,0,0,3.247179167293984,13.02580233894859,0,0,0,0,2.693678159777203,0,0,0,55.65350382568974,0.5048639830716026,55.019453911695464,37.63782980998744,39.65631361654476,0.8464265684107342,111.54100031729834,57.214254949095775,219.12695068246967,38.29848376243986,40.710770675868346,80.55989785655017,149.75614563764034,298.44040706478563,140.87877272813247,5.939175777006691,0,5.102416430085853,83.69992666500153,1.7199539365724812,0.3845903876284731,0.04672756550442849,66.00151203468938,37.455490207277926,0,41.0254168205586,495.47374197926473,102.6373738343563,16.8315509554173,11.414915356023135,5.307075084717285,28.240845012714754,7.604806356868784,25.043365619467384,7.030914456665954,0.14441066497456492,0.2980199198460215,225.9505977264048,69.09715079487835,92.34438025984849,7.044339729993521,37.407990615580985,95.38530095434946,0.6806156039187408,49.65720649935035,21.396129116982568,59.02866748834603,1326.5749691267363,4232.61002762166,5840.960702993804,178.23851761764863,117.52333675298415,8.605732053112536,162.7748697883484,94.98464221845614,805.4001386834323,191.19997056155646,62.47731376155784,1.2248500377740534,545.2178172924108,301.5237137766485,336.86200931235163,110.13939055783857,0.03941723790697225,1.8785964358423355,0.04686049369919262,55.09942972035999,0,0,57.60885001176383,57.3449699035867,14.527537448422468,0,0,0,0,0,0,0,0,0,0,0,0,0,1.3895344540058414,1.4776353349809477,0,153.16229255078005,2.6059035027287645,2.531506577435994,2.510674138168659,2.4936483455096283,0,51.54394181852887,51.806628838872214,51.388608531636606,51.44543916466098,51.75438180643079,48.213569105302525,0,0,0,0,0,0,59.928209629634885,51.649732780311275,0,137.45409182648038,60.815354849080734,0,46.41427383367809,51.148860758288144,56.317727779342974,2.026358873114029,0,0,53.64556102340174,76.89297952149647,19.329037037315864,61.07149106128391,40.85895142862671,52.58291380957256,57.80574826277083,64.51024171386642,63.900186821904,43.31765596248942,61.019366927960654,61.019366927960654,2.9719080371102526,2.9719080371102526,53.53598655612414,50.03175432411712,49.7887133840032,51.828015520878296,12.563017676320941,36.86590068988075,2.1656155424104284,0.915201707572781,36.5310067544456,29.178133572979494,0,0,26.170063171201846,0,41.13361702342635,0,71.67806994512262,0,41.151442759264064,353.4079196758819,51.43792559853626,71.80920550739545,34.52807093029563,76.57588718326053,37.430414967452926,85.37961049191317,51.58265941769349,2.651404265056757,51.039249777816856,5.652959052466594,46.94767032015145,52.435036776226646,35.98031765635205,31.809449631052967,38.26158448425864,48.44533967514298,30.345542745335738,45.148054134883,82.24586180380031,65.92645755902659,0,24.95435322207812,45.85940320122941,28.858798869363454,54.942620830515544,48.923662068043825,60.71713401437595,0,80.09869689400037,52.556257926752835,45.88132424909446,58.59649719601388,96.80064249202071,50.79537191576525,138.35222230499446,55.01303619966468,62.88826879479434,2.02132574939775,576.54152395983715,132.87799260460383,84.67278435208588,122.5317789751631,53.15394782858446,235.00690448985267,146.0539531629161,482.9342522611136,475.2102349261676,373.72669866885116,80.86093456253018,5.061643317169441,146.12049585008134,226.13115004574337,430.0879448597198,1167.480319536606,3175.8885411001156,531.3808649493233,3261.321061191502,51.5103838530075,3196.924930123906,414.91708411222254,431.99994064410834,104.7051015296418,94.12111589223181,282.48736640789974,41.324788326448676,15.561507791796604,4.666655707997269,344.78802584866827,103.05011694745554,0.1980224498907536,39.68948383297368,0,0,0,0,13.365154240917157,467.68181490370097,7559.726031084576,14718.029801415834,8426.149272580393,77.65622990963737,2.0869421662647927,221.08810248189147,116.78128424079371,1452.587677160992,197.47797735980322,650.1056097772399,2081.2153884526338,102.29910304029968,395.9170910427255,193.86182314979973,78.65561418781908,27.752313048832516,1.5763583480195076,586.7468911721968,942.9199941724436,1377.987977139297,561.4088894888682,1.6914532743311192,29.843860914625402,14.773009472449948,492.94860131036205,18.83202503236526,17.96359162809328,542.375310987755,4726.258332275748,360.8539636869957,33.492358253181685,99.48116109519476,38.012856554563264,426.917678713813,337.2920444351622,29.398118005183328,1983.0774999865043,498.1098675207796,87.90632882392352,10.388871690335385,170.16194410762864,273.1083094947751,5.416268209092482,3.8832519713455484,83.82886023573641,4.840220013194334,1.9969003092244104,8.614390888129924,152.72705998296317,23.69330202722317,17.319546760294752,4.5090218135281335,9.293406251823102,14.70058642982846,9.11822282193368,4.890845347855614,31.377883027607336,4.149732758889812,4.526720882851339,4.471836343466146,4.619307874049691,4.339654740476745,4.500302950691319,1.018918544463356,2.11584993389481,30.66815762750333,24.960956437777575,374.42205137998536,462.0517060761044,16.307622390034876,16.431479982720685,13.881403712221367,94.63870871538572,1277.4469764073658,9.27336414331817,590.534392605207,19.845453859423408,88.17237906601393,175.04051134280107,3.767188179927544,3.801383191808062,4.519174092270344,112.56111784080925,2.015257656560638,8.655446732636934,14.364173885428746,28.06482013279974,18.297058289935404,41.280754709681815,12.200254199110976,17.92943503462564,12.901317158896648,565.2974414296788,6868.564572506313,308.4374763730985,1194.0541517685965,11744.273387352509,2261.293913930823,58.711037138230495,21.26985097020362,11.794150852133399,51.83441355169411,76.03409309100557,211.18226199950453,164.25022102039284,902.6091892637575,1336.0196484489252,188.3021949596167,12.449629214472756,328.81164151841733,289.7102890624885,48.330339105955915,73.15440577387085,3.9687902112046123,2.338574100751425,53.06845467384337,49.06807031187111,2.0271883126877146,1.7890783331331597,16.710272480695377,0,0,0,0,0,0,0,0,0.2373281674263411,0,57.473054579618726,77.27108230485487,0,0.8783088954284776,0,1.7573578176979994,570.9446230930776,176.94814322187062,0.16502258319985894,98.53527240090575,518.8465515976923,263.3584944803668,882.7517574385625,495.9482849274307,365.65629057307456,307.2457693264883,431.1576449181922,583.4994892638103,500.4800396445344,588.4832606451657,93.37168076914746,848.824257769137,1495.0330867815917,945.8778714783116,3264.8468216938095,2430.6486038140615,1037.7607293232595,549.3505737768446,513.8580568056638,823.3967820135451,365.2668810803274,976.1465152917525,872.1466649129837,243.94342380621688,154.78354485329177,0.64245860963497,163.59254302959118,73.9777804010869,133.02479504114092,427.279355102386,142.51085521111764,136.46531021316247,212.50223811753415,279.7343361110365,605.4506876945717,461.6194236463964,597.750723079361,302.1358823245408,107.54684746110104,603.5036227558928,593.97468528712,82.73355317053583,48.0499241594701,422.8349846094616,283.7715579803107,332.6792044392805,799.4837979709531,1076.0158301026686,1531.4520995032613,1791.0682056171804,1274.1895446871958,828.4893101440721,1025.8070499470896,1463.3728466425314,2498.899084470624,2529.5295925666787,5578.609392847354,2256.6291992879455,1014.5457420142266,601.1173832568716,493.9837485782638,865.9519159119874,514.833653527286,218.46236591641147,145.22977234759554,606.9091404912062,244.75019350612664,273.1662952824815,142.69054231955863,452.23923237112626,1824.6242391193332,303.7344453452666,203.9383707901586,212.75404508933633,297.3456023504378,214.5038800597132,871.0280000038665,146.25053547961133,91.85356068120493,137.22135986470093,410.7471416438693,236.54602724689585,323.52195135594064,48.367542094131636,229.62015152170378,661.5329834644156,111.2069215000463,154.9756096586479,297.4412792656323,471.0725368383689,337.4879631457818,448.8223465119702,294.1146863422888,315.3281794303294,481.014220894902,438.56817250037074,20.371756194683655,401.4459550555971,55.071017066940236,583.3665192154355,7.398910205452272,1054.8852976442688,1817.7989646152396,1344.6343010109726,3808.7468018049403,2562.0524735839385,1262.7215453033402,457.7598896655309,463.9423002518269,843.4378021178227,527.2216358886322,86.63350277089431,304.7417971038177,1333.8986193388532,905.7165357861678,554.8237825684647,1129.3298677712196,1581.328078959615,237.12450667277133,110.37742076780775,264.4702010433996,391.75790943873346,335.21251114446443,333.5441135503793,503.62198128532873,303.3651563387172,40.21731487569135,44.462157385751205,14.484171543782221,14.603172497887018,15.999442851351718,18.65158999882993,0,0,18.534948306500674,1.8385793302442048,0,0,69.17188985080095,569.4229303225198,178.90258978182538,29.07570565335127,291.44371217359515,209.31498065276884,34.96413205897362,67.93923325409727,0.6664378442693449,21.64322513402312,2.320043830071894,91.14599282761984,5.3564091124301845,397.97544288533277,1657.4944904168347,339.82979648462907,221.15609017298178,14.442256689981315,0.6336333642209662,0.46345968618871153,30.850884520963735,110.08661410940603,0,0,0,0,0,2.8642170065399966,173.82543522834004,101.6775157859099,928.4880460079837,1109.2096456472343,228.89995928549703,752.287275931291,16.190318888666692,96.75540100198285,37.72783535007017,131.13438633782283,35.56174018996632,162.7489325491715,11.093845126757987,22.02750479267559,9.914764026840773,151.06703963510387,6.362313442520173,0.7603473613867412,1.703443169942664,202.09484396636714,25.034916845411605,36.62584213294606,206.4389510325162,686.437461055829,444.7554731787119,655.8496420588388,431.1719740767434,196.40403476315055,114.3312952042275,6.972863673247608,130.46890783108356,1126.6061669109833,2204.058747490333,2798.488986309332,2504.9703959525677,1568.851568283358,167.22705064531542,6.452885285126654,0.014712624133369484,1.3872155119479457,85.75804276374029,423.5007934481434,13.622800704941321,147.0126067655198,8.579622761694475,3.9172527139860627,15.102075480626374,59.15443658825656,8.144876869753201,0.010201264259724634,0.4456843511023396,190.71384911623812,14.328425800484082,172.8507770739849,227.48384804522018,3.3105050353289824,162.93490402897837,0,22.418351073196572,0,0.9125714985097533,0,0,6.3599895701519635,0,4.98998183818276,107.58197918227837,52.09953725608254,115.5893722074784,74.59894760705426,118.14392668214349,0,71.8397351074717,102.33416596636373,0,99.74682281355132,0,0,53.616723483327355,97.29783587085626,100.44601074519059,0,0,0,10.5896498425116,27.016175186105656,34.76819958393197,178.74124053977008,17.968879179117756,0,34.86191475123641,4.743489101736503,13.909085710114143,389.83699737636493,545.5262799208314,536.1404757269693,495.7148486027161,361.60148332941094,301.0935412895623,83.57599867703766,160.54079288435693,276.8801367250699,65.93778866988589,152.67710124801116,108.9615513130495,43.19324715632212,0.6673366833735948,10.569949483146738,0.025358614390301265,0,3.6170466301794706,0,0,0,0,0,0,0,0,0,0,0,0,0,0,0,0,0,0,0,0,0,0,0,0,0,0,0,0,0,0,0,0,0,0,0,0,0,0,0,0,0,0,0,0,12248.202933330589,52842.0099383059,30820.362033588324,41.427471410585945,1713.096890533395,65.78670319151152,50108.30509343255,33.54073303226828,402.33630866339956,32.83689752779744,39.73172742184401,53.63463572483681,72.68284814085116,84.36195511076772,44.71189515959919,545.8731143003847,7476.161740549439,1240.6603645614475,8999.812882476914,1062.1146608001065,2446.3920537019544,1748.7048250045502,3802.564299372307,719.2160955923134,187.85921975492687,82.24739477284537,64.40811234263886,1586.6704733578129,2323.502606781794,106.4683938507076,124.73247926191593,231.992231941983,105.71353419992418,226.54430406047538,186.92219220412738,171.5900163986547,105.90538202399637,127.56134493064394,248.80804547925155,392.6395753868122,329.9239969266491,8030.754670148364,4285.143482293211,81.01262879592865,68.58281989974981,76.98621643804688,1518.3036694969358,1469.2429940628658,129.3589272024179,189.52531108308585,161.53162880880058,0.6146129740908696,1.0288401387475583,0.01119232910516514,6.290843189393048,5.315889954100148,9.211867496339252,0,0,1.7322941158293332,9.421557836107397,232.73906892665582,93.2456948119244,43.6832012779177,182.36476986303182,370.92148271068515,395.77514177986814,59.01792299634742,68.68996782735735,16.309923473720083,346.86372907234625,129.4114989320187,0.00737149827270987,0.007553329996660604,10.693436545052938,7.157638414943632,64.57736583899049,3.2109112541423324,0.7552933126516288,88.79664892794345,11.189789020330094,1.2862517831873348,3.7597269179378476,186.6612460689915,55.25677439073568,155.02590811154712,405.1191054411928,553.3622595908815,915.2592399988473,847.912097011075,476.89160268639466,423.76790944199706,1223.198537826696,802.5012337247709,882.4171787043613,889.1744102976522,493.3701056080635,524.3629154297182,898.8312501573886,277.64245469643976,1069.379538167318,73.99865812525188,132.5417251431024,0.17333840106472947,128.10612196217463,31.45349659973158,8.831778865057782,395.3028019670694,88.18492994506038,87.06958626583398,293.9663934566049,421.34074237467064,737.6289024764139,783.8568450537189,67.1808186414622,1613.3923670073445,256.5579168572623,16.90166706981327,7.757860722285933,93.5293052161995,391.00290373821827,621.0898450973847,136.8616951412278,45.90243424382192,121.6911687506127,992.0207063943294,396.15038421879194,453.66616892578963,246.39502512060724,478.0242460062594,274.0513349524659,359.9881992067169,596.1300491489762,1436.2943531326769,670.7843405919728,1619.99020699119,1725.4596073745358,2034.6543723526443,1264.1175799602468,718.6091727811562,1448.9793995095436,816.3824899163656,632.0480103178943,627.7831521921103,539.9868820608602,756.3630213651182,310.0918529577654,188.61832351420074,0,0,0,293.4490393433582,17.540479255960612,617.4779811801259,186.42973458321015,130.80502595349736,462.91546885912726,79.37422357473494,134.34038020898953,763.7090551336898,1014.170697292899,858.4194315671803,865.7533443515972,807.3406918539864,492.68720776763104,90.2930842903733,91.02017138245978,255.76823221891098,0,201.78037243012056,2.5073451937722755,0,0.7473967011163188,26.505664969522773,236.4304013312125,8.299179840338331,0,0,0,0,0,0,0,0,0,0,0,0,0,0,0,0,0,0,0,0,0,0,0,0,0,0,0,0,0,0,0,0,0,0.19786378560974613,0,0,0,0,0,0,0,0,0,0,0,0,73.95359490995666,0,0,66.25576320979725,0,38.91599445263461,0,2.9647370073035897,10.945954400900778,18.311343060143823,0.006447394173568445,0,0.13214863571278698,0,0,0.01047647065741723,0,5.074417480189931,0,0,0,61.400534357387464,0,0,325.05608268159557,0,0,0,0,0,0,0,0,0,0,0,0,0,0,0,0,0,0,0,0,0,0,0,0.1531414320710103,0,0,0,0,0,0,0,0,0,0,0,0,0,0,0,0,0,0,0,0,0,0,0,0,0,0,0,0,0,0,0,0,0,0,0,0,0,0,0,0,0,0,0,0,0,0,0,0,0,0,0,0,0,0,0,0,0,0,0,0,0,1.047871770316361,59.5489946365422,1.67345922302036,0,0,0,0,0,0,2.209667590117032,4.112890248525749,7.398657683735745,39.645559550451665,425.9452082478393,368.1271450772035,462.36632586261555,825.8823788242382,69.86376497647487,290.6807810032534,415.69355694406624,79.1161072125259,139.8613928448474,105.20262585851765,147.54918451494615,9.324480515389554,2.75913529691549,2.4230840390185326,5.774550857266919,2.412892858080141,2.11256551145974,2.1198537099507546,1.8926610018904648,2.1485313284464396,282.84640347099713,7131.884891940692,3500.863755564147,2.777364054177321,1175.6365932039926,34148.62722300981,20764.105865566326,10072.209052419952,2.6005817305289156,7.860923662316287,1.6715783380287705,7.701373999553753,2.8331737711252454,6.57086741469425,6.270314703333944,5.24840775982312,624.0743307230516,10.251275087399296,52.22775838803304,51.80157565337199,7.09958059001042,17.695320727696227,1.5241977625383927,0.029353016235411103,2.861402473943943,168.01967228781157,23.980008338843316,321.77950136053727,21.24361313000526,138.3778417304077,44.064518931087235,7.614921559461764,965.5777018964822,107.95448091154375,2462.3148408620755,1897.2284997861375,550.544032291363,58.303021827514094,0.0658025976666307,0.09256646063904188,0.1543644285914486,0,1.1134201053696529,34.53015201522667,1.4267705461982592,1.2509203034085608,1.8748323197174992,1.2375033300847083,1.1875207499122455,84.10421551050375,5.661070586450092,4.811358202586662,0.9145939960125427,9.224044197638179,0.013219608594759548,1.0141423112157553,1.713094805092062,1.8882657264370264,52.14862487732853,2.246071258101486,2.3355008313564958,2.331037508001398,101.78431450836335,33.84513639952902,72.44327536564782,0.019673550838939773,1.8912053215614404,1.1755645552692622,7.484851986303135,1.1855132032920574,82.21447653500013,1.1757793727333739,1.1683605724560653,1.176017751536734,1.1861065501269572,2.2447161942647726,1.1831241010390383,3.441142171179802,3.183963220544296,3.347791459805984,25.05894583678933,0.09172928288234225,1.0403660317397623,1.1775130088269667,1.1521978599813283,1.154061333672389,1.1493430198587358,1.303682436902858,1147.254894485733,3879.2667320506657,2264.2736134236793,17.00097808979285,3117.5741923668056,657.9333749678166,1.1788361404250172,1.178666564952904,0,0,0,5.5122628667470295,2.3497494533336,2.1982602737207864,3.4628794918830335,2.319537739328225,1.698696782051604,1.3966607491661496,2.317230546916659,2.3217475148820976,2.3226069547662718,11.601531731302474,2.779586395100296,4.369576470602549,4.5777790620173,34.11682358123859,2.320488323078009,2.3670638066177805,2.322240468606312,149.07021851590378,2.349800107565007,2.396162171290501,3.5848500417425178,3.5572777730116756,2.3182365994540377,3.588498594956733,3.456817216300948,3.5520600844411923,2.313617816979067,2.3123679367995056,3.4350864243571695,3.602714025466186,5.638844006515517,3.5535534108791214,5.828939268712056,36.29428702739385,5.966351933240803,3.5558339934313548,46.570512362132995,0.1213029217088978,3.5079312178496775,3.3116799974001276,2.2120402009784,4.142680573132376,0,0,0,0,0,0.05320450015834521,229.5899431753477,159.30098482141895,585.2882467568799,9.960955690049788,6.66821980684119,109.97267927091885,93.76379594156644,77.29101599112023,434.15521209902624,8138.918832856339,8662.910360359263,523.8410643025667,19.29009601873462,88.43954089524746,153.75415184105782,157.65392559323465,23.01453474219569,7.203306272145339,12.853994561302153,0,35.05864295338602,19.86412473258406,8.122521832745582,5.914336017504258,5.549186297254945,15.201860679393038,33.161559294042995,17.75693563149474,13.337596094811575,22.690238621821514,272.4072027333819,1876.1030496639503,739.5518399146961,39.108928964728904,41.20595305201982,43.983009237723294,23.54659977696755,1100.0710945276521,2921.2914510072815,67.05071545609226,34.65512451174609,790.1218782806685,31.78735235696221,25.519940621793513,45.26954449732585,27.5753595811666,11.092941496784523,22.59058991068246,14.766348799095526,119.58823406829255,526.5674706303785,132.32272394452863,802.6405495315827,11.690741394827024,78.75428894473774,2154.795731526507,1113.9054121972672,1714.5525108888523,2406.3623395685904,4710.987978265843,10594.402227092383,12.92792344974454,11.122670712671257,43359.8116879385,41853.65638294512,202.43643826665595,10337.986751758415,16.797743678192646,5.169270219208626,46.46306942913892,48.482808910738214,354.7157715381703,1219.1298822630567,478.0327043669254,157.9981513224456,49.288375021510035,153.9779665409084,557.3036774612522,1751.901937379507,33.796151202233524,600.2565895205893,31.63585471162723,33.967391787742756,27.50227188095359,28.4852799815928,21.996846616675338,7.512991980421301,16.36257910110321,262.4003534766667,32.05400908930479,23.326859793546454,17.596600033242172,24.014022014931147,49.53259384251725,31.199436861581123,19.527718073463273,177.02558689448813,30.291622000663995,277.35433190661973,45.92833362320121,26.400536706211643,41.78498739231458,336.3517358233079,53.463318691588185,77.89182740200792,353.4868761553616,18.032056153477928,107.48728931001216,37.94103141451656,654.9938328578626,395.3645428596699,46.33788131266107,32.79187509086113,57.71543605735651,202.7137815355181,218.37751826331757,139.52451898298676,38.5679281366394,36.48285703736504,43.257608993714804,38.36253010182629,45.815593649168825,41.78378405921808,49.07826820341848,40.973763003053875,238.36249394769953,120.75835787273174,131.50410099348167,298.4318976312014,146.89805284019855,3.827677139977877,18.29811803436131,8.902371097520064,3.5323790464693015,5.556800585296206,10.41323452608098,527.7745349450814,231.95744197555908,24.104709933509806,6.017801302781722,20.33727898462675,21.106780950405913,20.94900791320063,6.5390558589675285,12.779704668602305,17.18286816064463,35.2771118248413,144.8090068230241,136.76488184167363,15.156133477478035,55.83922656691546,23.557079971510724,187.24730696939707,3.6255803686099326,10.711736256665917,29.220901975615863,30.74274082697464,18.805480539587517,13.497572476118135,24.776789038664372,28.906099512904728,32.265937716802355,30.610156133711197,16.63748522353557,34.90118071157333,10.399660438878353,26.315814342841584,32.17082373847871,34.129523902296334,35.63690919526565,28.218177902087593,25.51963574118668,816.2841452928491,160.80188154673672,73.17533391075948,44.35490785409777,34.594918134108916,36.07011058860096,30.606589101662685,60.83375145420785,40.13806215935772,24.13180691043697,30.15204142809818,27.750210097335103,36.26030622240488,63.659868577091416,26.643652724070645,1715.1371028617089,934.349739015456,1005.1355627158389,165.66805113781942,586.7115211371408,22.646425156440976,30.02628278703975,43.914328699242866,32.82228150678146,30.71575036473814,45.357680940005764,1820.1495330763094,34.82105961951961,43.38312824955585,36.21173814664686,14.916791323320304,31.615762700019143,264.65698006132493,1185.2134250696042,551.3146232487006,44.808250603894116,54.280626837704936,39.499195463474734,986.0390932853853,8672.37457739042,3801.8725784003636,2253.529183683718,1735.3334530737898,1875.6594638251952,106.67970115479677,57.76201303070471,42.56481026414359,65.52321731866843,72.39546361622776,83.16776736811887,117.59423434433732,280.12713583961346,2986.775726685052,380.5764814395535,84.93464405172566,110.86630743792176,70.17008720697275,70.03258662365859,39.69018426325767,1363.064326371403,1295.9958361721415,34.12200271498148,24.329075919267115,21.975587080282708,22.9867897909094,23.623046824875082,25.76774724477326,38.03882542133388,35.858151131110795,36.57573650624566,82.26161260080329,35.642729636511696,26.208641620842517,731.7605815365049,248.70842823526831,90.14992760001965,29.714193294699125,25.329903986760886,46.97383754775394,24.92858565311478,168.84379060451394,714.4183306825677,55.245169635147825,42.09787757867217,86.15020955821763,13.151643358612871,162.49654220685665,17.846077604890123,19.16591553017587,18.68968445839042,101.01204187533165,41.58497055430518,135.77367862998165,26.31505329097984,28.750551616079107,31.36641111931394,33.43967356934995,36.3694772175454,66.31727651447896,38.444243690777036,135.48159295437645,31.93548128068065,342.55506281429393,437.9707712717219,87.17568171385228,38.020099114958306,28.02408151508548,34.7860599336248,56.71219615097748,735.6021450293792,623.7612409564808,370.1199735869514,28.040581595736363,33.04756505184499,379.92012065927815,12.74394010036064,23.450449414748046,29.1635317342422,237.27900621120716,18.667617514920504,335.82533182583234,14.955994385234995,22.747465513092745,27.043395589364884,27.31798367958885,35.588053495340525,25.670270554889445,28.192498281959363,29.28949644202224,91.34070516873514,50.45711842562551,14.18135100965889,20.293612940015876,14.498905500998978,39.61751012019272,37.72833536371566,27.21310556043521,271.9514965883522,670.0483418370939,41.42002462066211,28.603837022251035,359.65494914226207,1394.6802875736103,92.36979653245841,12.133574866998819,20.087333866612024,15.789530043947517,16.66253985707584,17.645606373471306,18.357553455277177,15.26389354732024,542.5625437284043,65.80016018395165,38.535650062028324,245.44873256786,45.183541709020695,326.81484770209585,49.724016434358504,73.00330329366837,69.52667044314828,62.94160143869303,38.86967075847085,27.570268977840225,474.10538948527267,33.62366512169751,82.08659543004765,29.780733722139285,29.64251938556881,111.6494739858825,19.097383182754132,19.448901852283175,26.474559788507808,463.01830987381067,230.91155024683096,117.21421643797233,26.19587143743086,32.960386697103864,57.19999316875881,36.767212879095304,1080.050006454122,1833.8533435292904,62.75450290416617,31.28722743430896,420.94351641988317,4754.430349525103,443.78220051201964,30.898792011588707,29.53793002060542,37.89849385063791,42.60042558223551,22.857089903020015,26.109472446685192,24.898310668271765,35.386732100860605,30.628546266183886,27.11788798024024,28.84728575035787,28.245386041727468,82.48414236301,27.021254916781825,32.360276179497355,26.724164496143345,34.39991230687796,1552.2470086899752,260.40960604094823,35.13281036449357,30.952255570689527,37.21833410866617,29.227240044151124,38.217943399307025,33.80235983797665,34.466704453735225,31.68843062707882,181.96796314680896,1255.2338147821806,648.2133276856332,32.04355667823944,42.621527569453804,95.42047172450766,32.70522793467259,30.402833195846885,30.869388175954285,22.430325646503125,21.587797012368092,34.01656215831963,117.65755658496944,289.5782296112292,29.45536522666439,347.6899083522078,305.38507009468145,46.21231485086125,23.941721116445073,27.26337358155777,21.712216369131013,24.903470516380423,45.55308227831896,28.54898273853522,64.33905314147684,30.669988923271944,37.64156171057719,33.34118222166461,100.77853818574043,36.95993876008765,139.67103024257224,28.516000902438897,57.023088236727865,22.131558318753,42.679678955664734,25.078996736338656,89.24378398968304,34.106268155111366,49.58373406540671,32.62727646855747,25.364344964021935,31.34140472988157,142.9882177634092,166.51968116967464,45.10461373469923,20.906427109778797,26.705212804878457,20.396849422115416,33.12375387129485,27.44983874302929,29.252617795765516,13.422319191615543,29.209304905606317,189.38179900116302,17.005698379793746,16.888443068118352,22.089448801231264,28.31977334930693,17.262662292595234,36.13561423206614,14.67185684206869,20.02440754307883,29.17301856383379,15.11784798805919,19.48376135890778,20.47840979971373,236.42912267087823,397.43709768351704,386.02527278545637,75.29312682672273,109.8283689117481,677.9331159351935,441.4462577522598,70.66126269187819,88.65436523760195,96.268067201896,3.499754229449627,2.8166396389086477,4.152142957619365,7.621124031170368,441.34156841981803,282.7435300038873,152.32068735834255,40.90103224215969,40.99642050299964,334.9657648070651,192.90232766753792,171.81764665491323,461.3302037855435,648.5201318175858,863.0585199381524,3221.5264100020604,2482.786893407507,738.7427520321793,874.9449148132525,661.0618531748185,415.39196304434375,166.32765218179586,389.4023081830137,233.0761893901379,21.074012615972094,15.439194813959697,23.6846162664279,123.77507112210156,89.36658382166999,57.853464382154364,19.63368251306354,153.71244517627235,122.21903165508863,84.18364928016021,380.01777146662886,239.2309388300309,74.29623034684667,31.838977016931743,123.16224657790117,77.71663372133318,145.0357280441727,2102.696572409641,3250.1236513618524,1843.9990583925005,401.258173913005,288.9686024540317,131.30906067040033,57.758380722789,2592.9421433997627,871.954176581056,799.9405937340762,416.71476456597577,1518.4871287403764,3889.08921428278,2211.830424907828,3420.4528001144163,943.8502188251581,3260.122540442695,1700.9789962630703,1289.7233425541451,444.2158084033726,66.39242625250245,2.647518047451484,1.920315946295318,1.7111838069330936,39.549439070660526,72.2828094035844,17.520437138229155,28.20736014632946,156.54454825588974,89.82613253981388,95.70823565192639,82.83286312711974,122.06235743157842,220.9327130083631,175.0447959109281,149.8236938645382,34.591178758263496,256.83709929791746,116.5156358203199,0,207.9021431429538,10.537752548981475,170.19516450889424,3.1164354912139145,3.916707983616596,163.77937764059584,136.15104054408863,308.69023869373336,166.0758546030672,135.76529639701045,208.5324904138827,202.37316237370402,177.67543360909772,516.9922983327941,795.3888505689674,322.22243758835134,444.77854501482267,42.6210640218192,5.586595888934131,647.1909668135106,192.00979769028734,330.3573403632088,312.17537342951175,813.552108580492,162.35717623186534,73.60559794569771,122.33677956789604,110.41175613312284,82.42845618153157,81.05797174163176,96.3423132102897,119.55529430281824,333.27067607731465,148.03447062272267,136.55040963690547,72.57365593540494,97.36309655803392,396.4045199535069,124.45017255676952,167.6146927187847,137.72366130379643,169.06509652641893,425.06039076945893,315.7570447882678,353.16307763207215,333.8135544630134,299.35487334064976,334.8821103159708,169.21755964939652,94.05808451358583,210.17291226217162,21.41094099473982,0,169.7665193867228,1638.759244220888,405.8065326772604,67.77587779447154,1.407749623291918,1.4348883941354116,4.340088598553883,0,345.8139132336414,135.67587031434985,13.163066797616976,2.03085591788421,2.3712225534049107,18.100044585516272,1.4435511491899378,0,0,0,0,0,0,0,0,0,0,0,0,0,0,0,0,0,0,0,0,0,0,0,0,0,0,0,0,0,0,0,0,0,0,0,0,0,0,0,0,0,0,0,0,0,0,0,0,0,0,0,0,0,0,0,0,0,0,0,0,0,0,0,0,0,0,0,0,0,0,0,0,0,0,0,0,0,0,0,0,0,0,0,0,0,0,0,0,0,0,0,0,0,0,0,0,0,0,0,0,0,0,0,0,0,0,0,0,0,0,0,0,0,0,0,0,0,0,0,0,0,0,0,0,0,0,0,0,0,0,0,0,0,0,0,0,0,99.69635563732119,0,0,0,0,0,0,0,0,0,0,0,0,0,0,0,0,0,0,0,0,0,0,0,0,0,0,0,0,0,0,0,0,0,0,3.47120347402564,0,2.950419072041637,6.085060188018549,0,0,1.721194988723195,75.62948495665022,11.833003710845572,120.56973221659737,8.72283458465221,38.985346948045645,0.0832934375762139,0,0,0,2.019336979973085,4.853356592614396,18.519216735236498,19.49939918445611,12.518567605296246,76.08085947733086,6.114160605694285,0.9202371135820518,0.45947590053972204,0,0.011381749070123926,0,0,0,0,0,0,0,0,0,0,0,0,0,0,0,0,0,0,0,0,0,0,0,0,0,0,0,0,0,0,0,0,0,0,0,0,0,0,0,0,0,0,0,0,0,0,0,1.472253394380201,5.997653688248903,24.6446245518395,48.7819824866101,55.62309196342525,177.74511106032693,59.3044203141513,138.0452863891685,249.98953778408222,34.129673348305275,98.32204507509205,100.27774781024499,47.22557760899867,112.95375784547468,34.71164628649766,81.67346066137361,6.470632133793998,7.468326052094061,77.14885930395141,3.5908732609394507,0,0,0,0,0,3.54524753741818,3.0729666402302906,0,0,0,0,0,0,0,0,46.126821511867185,47.617613806599735,0,0,0,0,0,0,0,0,0,0,0,0,0,0,0,0,0,0,0,23.824896472264353,530.6981540641389,12.263711175481726,0,0,0,0,0,0,0,0,0,0,0,0,0,0,0,0,0,0,0,0,0,0,0,0,0,0,0,0,0,0,0,0,0,0,0,0,0,0,0,0,0,0,0,0,0,0,0,0,0,0,0,0,0,0,0,0,0,0,0,0,0,0,0,0,0,0,0,0,0,0,0,0,0,0,0,0,0,0,0,0,0,0,0,0,0,0,0,0,0,0,0,0,0,0,0,0,0,0,0,0,0,0,0,0,0,0,0,0,0,0,0,0,0,0,0,0,0,0,0,0,0,0,0,0,0,0,0,0,0,0,0,0,0,0,0,0,0,0,0,0,0,0,0,0,0,0,0,0,0,0,0,0,0,0,0,0,0,0,0,0,0,0,0,0,0,0,0,0,0,0,0,0,0,0,0,0,0,0,0,0,79.58958482686351,0.10209869900059054,1.8355827250444727,0,0,0,0,0,3.8256588871814023,0,0,0,0,53.09731369578579,370.5114175587011,68.20153813126743,226.93240794250053,102.3101145530547,434.3306376202023,28.154073010075862,15.710052833815583,877.6520603682072,41.47744337236909,111.88784071652388,1301.9115870499456,5.821381550846831,169.85601482740384,195.18022974513232,38.8865860500664,284.6102874756965,306.458767282929,129.37796115532606,111.52739316336631,60.95967690345386,1531.4939542563532,17.619908731360454,145.26907792743077,20.617403179497703,344.1932540331458,65.8394474251091,32.22823075092751,56.83175610282409,59.0644784451247,0,0,0,0,0,0,0,0,0,0,0,0,0,0,0,0,0,0,0,149.22463826171082,197.01804843744955,769.2938787981566,930.3640449484569,894.8494296179783,406.41979465363596,62.67911295343897,25.275518216794413,0.18988915218614713,179.10234048352237,1.9877371865392455,123.09709744122904,2.659815667822717,257.26002514302775,20.467305287317906,104.43604121950034,18.525424993031468,5.407241122196281,24.047966745450378,10.255116035928939,41.144792713991436,133.9052578478469,2.2295522789335447,69.3839268058212,60.85484672634253,23.801281537848322,194.2937145366324,214.15847782491988,106.38611456325579,39.08823449209655,10.775312868936837,9.085358750892235,102.39759647231358,0,0,0,0,0,0,0,0,0,0,0,0,0,0,0,0,0,0,0,0,0,0,0,0,0,0,0,0,0,0,0,0,0,0,0,0,0,0,0,0,0,0,0,0,0,0,0,0,0,0,0,0,0,0,0,0,0,0,0,0,0,0,0,0,0,0,0,0,0,0,0,0,0,0,0,0,0,0,0,0,0,0,0,0,0,0,0,0,0,0,0,0,0,0,0,0,0,0,0,0,0,0,0,0,0,0,0,0,0,0,0,0,0,0,0,0,0,0,0,0,0,0,0,0,0,0,0,0,0,0,0,0,0,0,0,0,0,0,0,0,0,0,0,0,0,0,0,0,0,0,0,0,0,0,0,0,0,0,0,0,0,0,0,0,0,0,0,0,0,0,0,0,0,0,13.717881467641586,49.85322339121058,111.81409813596797,128.80773310728273,0.4785604881605514,0.4144505561497033,0.1142833070297054,0.15903329802052216,58.345437586080735,4.247515851464731,0.4516323746870668,143.95893815597765,0.9556077886973594,3.0415622126810766,48.6195782412361,7.218496995883035,1199.9513042999515,2950.7992778519,244.3510102120556,2.5287098462481974,2.6757512009314115,5.034515941850948,3.83537429302834,2.0510679757610646,16.655144606034643,146.85164514887376,0,0,0.35439760090490763,348.9053209232441,1.140782540699068,46.61425440742754,40.89930457143388,9.042561065694978,9.36776244548163,190.8613470667419,11.741824667301243,47.16208629854288,87.64243131008324,14.669188273261007,10.762847289840884,603.5981650282278,769.8170012436369,205.57677929028918,106.29636636850333,12.258943461906826,13.51814593889963,25.457719900809696,16.428050941350172,661.7463987224329,10.871704028857128,11.426702401277694,62.211914079389395,301.3484792168754,2537.232228526295,700.7769760577555,1588.7576851584286,25896.07469135675,2148.329350501183,542.0373091091944,31.59115677908041,232.59879206486406,43.473768800821645,381.84201097934357,70.92002872742273,26.57817586993222,16.465584082271178,0,396.3626546086589,56.00182101323772,1347.5829312188223,1586.112329457797,13204.133267827556,1165.0186456167598,44.20167691951453,20.403977564334905,12.702418367328134,87.73620648088368,2814.151226945439,3736.6983934922528,1966.6949905891386,129.4081998607011,170.16456678204594,958.6640599089583,20.260875700010203,20.06423880291588,20.461577550060355,20.657588583954475,11.403455140349063,20.956056115499248,20.310846218169342,20.86084297843101,20.894669614374486,6.589247423636661,59.03422957905528,8.450348166138019,9.34307585335842,60.502302841046564,70.89513517224047,27.523881160518243,5.968525250533081,54.12259666968626,47.841035896783076,16.748065199029984,50.47576865821837,39.04700007753781,34.54710141099082,51.369709327133734,38.25507727916411,19.47978144210329,44.27998960216615,10.923999920296854,42.13099314437291,32.9016944486946,33.855959347708136,29.607612979938626,34.904653521477634,5.759483616637151,37.3976043799647,0,30.539354132681616,29.364553757187984,27.82733997489646,27.072441590856442,33.70483670868323,29.52532058381956,0,33.80224156665442,32.7150923385382,148.25579369493605,3.8620244985343324,4.637778286068378,136.15772901482833,10.386356336416474,13.082893608276171,3269.530087026796,750.0221312108312,80.53388996435243,1.8642355116405873,1.288100192404645,0.016548171620454643,0,1.2705421230993725,0.08963487063127168,0,0,6.741005634344416e-4,0.21325186997685655,1.3114343096370749,1.959252295714434,0.41882216637800046,0.002882686164119296,1.0523662655177763,2.546057070592777,2.7759236121431226,0.5732561460494169,0.0609761822661648,0.09202363551611778,0,0,1005.3429605308902,2034.3221491675126,0,0,0.40594471314620767,3.5189007314960854,5.184569429649051,8.000909272850368,5.151570221219096,0.4225230873328073,0.03876580425137266,0.012869610654619537,0.5499549623166753,0.6680801479983975,0.2312586696110988,29.87572728671221,171.0891779572554,3017.1984469391327,4702.445076491606,2383.9114941723583,4745.923057443706,434.790254042665,146.1106298770794,20.83301119603256,4.335454676458019,82.77721840517464,63.71359833954129,1.3086495047372613,15.867434621194327,758.6105777232558,0.7156576241631443,0.5723380986885678,8.563431226005553,16.85028233362817,6.144572153720284,236.32893578116594,212.93526695534294,9.6637413776348,13.13450225725713,123.67992208313849,108.97039030443268,782.8247246392452,2809.128593347318,146.02076864697455,103.14771194062709,65.98564376013637,0,177.64399013540515,169.5580504479706,2307.0337824124335,1683.4640697535326,1142.92927932485,240.92942846833736,250.54529632206072,143.25930943060985,322.939694166503,251.3784809260749,752.4870924776138,309.94514599888174,259.60259099676557,216.7984254675006,239.37084103218237,724.8762103829832,891.9446194435372,137.6936878442352,646.3179742972469,181.85434412337347,589.6579764884967,629.4601154843843,55.12092313616532,81.18675261512469,193.914765530215,214.80458548536052,47.35421535682201,86.33468876408445,22.42787710024527,10.603850483231728,55.62274196498505,105.51478171828323,551.4022706851846,1408.2909332182032,657.962383569984,1254.5396534011288,1064.9529387092566,18.430848737183833,125.5914926353314,258.5449936717061,84.7297112560509,126.13540295024167,919.6989601019951,376.39970664962794,378.5750696255025,335.1490692103072,18.62008870075723,344.95307352797204,394.4210128654643,553.324694411391,685.6973819399784,387.3075124119476,158.93579929362127,321.34905772230536,152.3205162962626,99.85298483490877,55.52956043411896,414.9485822859817,1888.3527648442894,234.9123555163979,469.5565076290095,568.9613281516195,681.0799899372437,391.287122752087,52.220730249052224,155.14884642983213,76.2791187568401,16.48160136061333,114.97577402361824,77.5419805374997,60.235722528098954,218.04521114502356,178.59651943450314,20.101768556418662,140.07162658940894,21.642124969503183,76.81638692066439,213.1744416703096,640.2301965037483,328.5215253489239,235.61485368190134,116.93862225115627,64.32757224946128,381.7642153344664,50.82616158901863,424.75965609706026,87.64027626388179,1002.5058585972802,349.9201279983974,96.57527670000539,42.895719634240386,60.24404033354173,62.75774611654444,172.44829853587373,220.08749896846427,281.98226239447513,569.6189303905265,164.9631809994346,42.21797049863025,118.86368603501685,61.841102678644795,143.81255006217555,66.38914661994704,69.81475658580976,84.36938903675673,28.178756025294895,55.827702102544215,34.61716623850234,213.8806362914934,372.35174497425186,308.52413299157155,242.75554146001568,343.4949930049956,435.08393752365566,630.2091152477193,221.5147731667597,150.92571487042292,515.2761100002775,431.71765541934644,246.2931710456399,465.8475566404343,222.48746579914013,431.3082378637758,95.63238616888106,256.9216204568591,287.62325605980186,669.8125937694059,660.289444746657,1236.8634297389278,276.5212501244813,176.3153925577421,306.9334347124824,2263.9201710191132,523.8995964845586,735.8006466981648,740.9164484511431,228.21153869207987,121.85769958125421,21.523490793089678,105.79016171669075,163.61290140789342,9.058931001777323,43.262778866225354,80.25696762025835,22.112802782427384,408.5538921516049,541.0513321611162,339.32534512418636,121.87367394220456,50.06488191754814,84.26896212846518,273.17710587650004,796.651656532375,321.9596951247291,5758.052089727176,1170.2332015100021,907.9765208599802,776.2407724792218,252.13124276971942,281.68877048215654,204.25393490945524,315.477656051134,245.55093543566937,351.56348771904993,359.29821820489707,491.73121619687845,601.7516983453926,514.8112578601306,130.47037063404628,92.12900555244305,202.0153056569516,122.5550828365389,120.95523048228321,72.63408715988487,109.42612772277519,123.87591089004616,5.336720740447996,247.46978059136703,120.30385206244962,4.264152560321288,6.246965300397527,280.72190064683275,160.54813669759432,215.6649884938955,210.06365085337077,557.9471055731212,1494.1600897370051,1305.6807101548152,1608.914377432513,1159.2263950245278,230.56785662268277,324.0029862202138,490.0368404280453,776.674630537389,1373.5463388593969,529.9565580887332,276.461406800261,15.743035433848716,122.07679664290832,475.6934486762863,94.03469553592933,205.6854501069384,863.6954815700146,210.4299128324991,8.855572181678946,180.0395602455933,1427.274019809821,410.02246782648444,66.30082900564581,39.084661491838965,569.1229002683178,193.54965332639844,83.81053049608649,105.45738255200651,326.05648757836127,76.06988636469447,113.31715890234504,338.2884999208093,286.0013575776844,624.1564228613748,1209.3698958548775,1054.4051782935464,3.8540613677024704,8.906249745645608,6.727098071433625,48.59622859174681,6.569756593730911,6.534337138857459,51.54165920265627,345.4609919634558,876.7753731808561,1702.6619662711141,4133.129386408412,955.0852602855238,7.188642166213787,514.4251249473822,13.93135706234346,631.1572525428509,43.60527578555657,331.14023198087244,48.04431109356087,73.19570543374574,142.66688543141927,13.284230396176381,21.962494905128747,184.56778389066704,84.69257973473464,219.5680230683854,144.72020145666298,153.94518583057376,160.28730032968858,11.35718454322499,9.240526967276177,90.25315448615238,0,0,0,0,0,12.628303149367897,2.5129200422690174,5.850517382382269,3.1677394434885606,18.28876690740519,490.12718541765634,47.298391545553805,87.13698147483103,8.646714652988958,126.55616186667801,35.65034394956937,306.2789582531274,2359.6913240283507,1128.9045242117845,1236.7461099290188,818.62707035717915,742.86517333983,263.57185706411224,241.96575484715586,424.2387546224371,389.7352557561393,288.6653808623541,606.6896808838464,561.637451421851,87.45344883879945,493.229666379846,1335.9539271302995,794.1580084734811,96.29182328374294,71.14605203124462,69.01617026982099,78.52848590796447,37.11513335802198,76.12162930078023,34.050325504469214,78.12616304033108,71.11274990745758,107.4682174825992,95.25680050948668,230.92779462925245,1713.298890184894,2243.6915635325217,2817.265001184019,855.8641811022297,763.982159701905,310.2510855588602,273.1953507022593,1686.429669979836,1228.0791207475907,1662.6763186738385,223.01907240190334,156.66159225718602,154.2995720354792,90.60870422715784,930.6404928390622,235.28156609070683,117.56593587769261,181.83466271958417,591.3453932341763,175.47037509460858,736.02413616440106,354.90745925119893,146.21565307431015,2430.714499851174,1144.165338160415,1347.5144336148255,1300.1122717087846,923.7576643995362,2058.909456212002,935.1419288188354,463.78986868547065,922.7585557068066,3987.0043239679894,891.3533706077551,574.4519504208664,11.497862287580988,45.76017570064965,55.051972072786405,36.1330720857271,41.395087858178755,35.91928455811726,20.991477925696984,7.9655436535515065,143.349564930977,4.2334300767237005,30.922091949584654,4.980610588175866,222.54638021215973,667.8736749901741,3342.084470179205,4.392720700744234,23.205920700641006,1.984450485665784,39.90307757769691,759.9016981739488,988.8424464935497,891.9249870375409,403.00611337769607,371.07697301292734,22.88277751078716,556.9582513855328,1183.4170745625972,756.0162947799142,2574.166112841082,1253.5771015404684,2077.8239050307193,655.1577517236402,1019.4065209162985,1043.0349625633303,1737.2411391107498,2728.932779269132,574.304056922288,592.094339485218,2952.4602897581103,1794.297594747491,599.6367102458706,1682.98375765488,1819.2410394302651,1045.8294346802165,1976.081805541907,3098.3790592515434,468.14712348495715,5001.696790703973,3990.6294506329937,58.52187167212592,2038.791420183274,829.0968028238632,37.588138756135315,1581.2504345587975,1755.1171909812201,1330.3565461148744,455.36985730790315,53.964441735800456,180.0595099690607,151.23802822927604,24.06235860050377,71.32757173436096,561.2127364237358,1258.9321660230978,875.7281395245581,22.951226949964216,426.8752915087669,8.07874538590779,6.479833187991887,5.64094095492214,5.690354803764301,6.110532026989816,5.575728383113343,9.21504125927974,19.369865223006983,22.320016013775138,16.028278465676724,12164.68638891245,676.1903820766278,3281.501111210632,591.9186354552793,6.9228739386009535,61.95717127051868,116.74520681253638,130.61199859255888,14.464210829417418,603.5253345983723,3695.016111815496,5223.797605318904,476.2909849525345,78.97699520413941,105.28985666516202,2480.7706143606115,12539.823044210229,114.53973275563372,2596.743017241879,721.0634160063247,803.630924650483,830.6485735231669,33.51732395164419,411.5184487832668,56.46535073583145,156.60688734366155,10.130530240439871,324.90553795952275,8.587466256741951,4.97175622598045,4.9318949762359114,15.196415718385948,1.6432591449669463,11.302280167878145,40.93323651082796,21.405670669653297,68.18235651104561,21.911469056361973,69.31578352988342,684.8600892400979,81.89890126124713,59.788775896464955,582.7406070030445,19.752858120703433,21.612549408868322,372.03317519828505,738.7307736313165,200.11737451816987,21.53702089093143,134.53309643672503,156.60074869180582,41.910149382297085,52.83711435246165,456.4770483472089,79.19497764563536,198.45754681500955,24.897556573442525,54.53037905096902,147.66508632382477,271.7823711081095,25.41771274679416,27.16146129507918,26.506228521626166,30.89572119682349,161.5325872423486,288.15194602585774,224.36466901402414,20.557477489346507,268.71660547977007,36.028059355064855,68.97251036002378,98.22189503757411,478.16665488887344,339.9536779166437,6.670692327347637,31.55961877990673,95.41541081545063,35.38615042775176,5.890645815245176,26.378114120468556,124.41328938624126,272.67767144705675,84.21355859318297,182.69815528695565,318.56128378678414,1189.242774485009,5365.283485536663,15761.751795138089,4572.9680477217835,464.0152082671664,529.4879182919934,473.04602889687425,138.4058075082972,194.40717219994548,199.0489659981547,244.79019111992218,130.52933043507545,68.88609613964567,49.66355731412475,231.76449292700906,205.1201838141864,99.19158649480616,20.219023347634202,42.01003348357023,2.3069803737194414,3655.3326921011535,7.66010858097489,4.740129335179164,609.4972166569501,56.710130552548975,43.08445475127733,43.47987620376546,0,19.494609260340408,0,37.38483107698881,5.266236389690114,22.312142240424894,23.61070093395872,21.674726881872168,22.891880762302492,21.175719163704645,23.532501917382035,0,0,0,149.21767731059106,49.75669009291105,204.52979074551558,262.05450866829153,122.90000391039007,55.34954049804698,54.52103178691564,259.1962878382205,247.89830945759226,354.9559115257426,322.8726450618,206.1347008070812,90.09734623172017,55.174422414648326,77.65759929340268,124.89633556540952,158.42706507966986,82.55367679259795,141.40315370018496,134.813113776326,483.4626927557397,776.7388318075244,138.2126466640986,421.7508954288159,22.442314458492532,119.25519643682158,610.3182788434287,140.3676509673472,174.90875082393373,819.5993670725878,148.17862794602718,716.7032890960041,833.1637694131682,835.0550560941051,1095.4944680231852,2891.681345028669,1297.2859018846807,3582.3400506812213,767.3803483522601,507.9086163149488,294.24636938501396,873.5589404093433,377.23172592659927,1506.1374376575623,0,9.04276763245368,9.809208956540374,42.85804895171479,25.96249482470016,629.7974378585858,40.17519398082032,34.594366558977,22.029242479451007,163.34344292681482,686.856125233485,536.423207724836,740.7671250507677,2421.214899916019,2566.908448338633,14.608862131722233,65.93270200576698,82.07076772655878,18.25813228688078,92.15093516234272,168.88802386905735,66.33368151572498,141.21100837887886,174.54150034526808,184.63162833299717,106.01327809309367,313.24225979095536,69.10593069732408,111.1773490836655,17.807823165245445,8.716187025049383,3.2210380401179357,50.093056755112976,13.756440846436087,3.3248603080708836,126.26900259167614,5.586551527729525,242.7948945096979,25.353070815263184,42.33240899981577,4.789464831168335,0.29462300976458033,2265.6378789156747,2276.9527953160605,493.24645892665956,549.155507217997,109.93542777583109,1237.4775680399398,1110.715413249097,644.2269998659009,332.56487178423095,112.90549997314235,109.4957272803957,111.04879831007183,28.908155285043165,36.39073196394417,45.2865925173822,27.78194090550139,27.412958503986285,63.334674389767265,62.791866226217934,89.41141604273336,416.7553351179486,1120.4179163572278,367.4121188671488,113.38800140848089,22.61683406489817,19.505595140103953,56.423966628116595,54.430587911473765,22.59644721562744,540.2667334189834,212.64769574992405,75.57563736158215,49.12835145597656,36.66827538963857,340.95531524183264,294.53454615537174,623.601931023241,648.7863227496736,185.2756402350481,151.2585062318936,294.8744732016826,311.2646562499706,531.9503799429789,179.98779847967896,4.6010412850871285,4.390381811911155,240.65121442884623,132.28979217165207,0,44.966012511214494,1.9938354653780643,3.2669660333954944,59.77777847478408,489.9849259537852,1199.8771952306367,1297.9629239790952,74.47852008329394,77.29553970102921,25.78560997325948,93.96797974185586,372.4143906775305,121.72283130886622,448.9105660032779,64.62485543162549,65.25367711993248,196.80682502241638,418.2581749731998,70.28165668019976,58.68624632392969,3.6014599129014027,2.1245042030154546,1.7930053336247185,6.21823018349014,1.9143047955488097,146.74701838809224,103.42067032040302,3.3494779957111835,4.387554989331066,12.525284602122492,6.812707736059391,20.034976772453817,192.85339594859624,473.34766414906255,11.145877186784666,116.63698956409107,96.81549218107786,5.362384958670312,96.89385998079965,0,0,23.206105780258763,208.37166481239908,125.77817748041572,6.248782481198793,469.871704296682,273.33616350801196,51.170013470346255,8.140273413965502,4.906625305268978,29.554629066155318,2.8907366349216983,40.2262161014242,3.4826244223682896,1.7713738908482162,3.0305373377737683,1.9857463423677502,3.138414773438125,1.71858446736796,11.11763708561763,231.5979429390995,1.68976074938037,0.5730877492433653,114.17229921769496,554.3244299496845,410.35096701903416,20.11722185425173,144.32342626119296,201.13656798983496,164.47346458423644,319.5722707678253,158.95732580648573,207.93877554415943,28.229350411680873,57.902856370978945,1234.5709658729322,887.5605646877584,3413.1014809196076,2538.4497409104524,2050.2946590349866,2338.9362635424695,1157.5644035291357,732.4686792092484,3.6445739297211155,0,0,0,0,775.5318548314605,0,0,0,0,0,391.22871847776764,0,0,0,0,0,0,0,0,0,0,0,0,35.61559810836149,55.80380507631136,0,0,0,0,0,0,0,0,0,0,0,0,0,0,0,0,0,0,0,0,0,0,0,0,0,0,0,0,0,0,0,0,0,0,0,0,0,0,0,0,0,0,0,0,0,0,0,30.456441431859588,59.92929719026521,32.203090014575906,47.81076891763338,0,0,88.59943939752024,0,0,0,1.0778155450059106,0,0,13.499353234055011,0,0,0,33.21792420065295,42.21400969873649,0,0,0,0,0,182.78964782692438,3.1394175921083023,37.024923659387625,7.8437280397410625,0,18.76914455274412,20.909814656346636,13.667975657497122,12.56394991918757,80.42316997141955,23.000491279525658,329.1836942762402,213.48095268313568,100.38261749774108,62.81926423104921,125.24252425969891,173.7616548374744,0,352.62146948166645,21.237451374206294,183.19085322635271,232.6596030164253,1514.6353241009958,117.79735340826016,0.7604473165496773,90.60228498721871,139.0247225046854,132.42602200764432,98.97880899513132,110.28811857625833,78.54340395922283,86.31987900112098,179.93592228508004,7.503742433471463,115.85403943495483,120.1269909640125,112.60771468247479,4.124593363794145,151.4179079142429,57.047784115846184,5.926684971899607,4.241827686607997,116.5747794121673,12.617525211340315,614.3416276928448,442.298373441727,18.76798130795777,413.97477587747795,320.1705956538219,581.4012812146673,133.4803149647939,568.7265366915304,160.40112237046807,520.715780026681,118.21867087250325,274.07548743999496,427.018739283716,41.74111518129408,690.286079250011,367.7880484376693,37.406672127789484,190.38677511370975,27.006722645231697,15.173118372728148,57.76752199875357,380.30975624744167,393.51856068301026,849.1530047042397,425.7430839160949,482.67614312952395,594.2499409607068,34.9768539363125,0,0,0,0,0.12831721023536086,0,0,0,0,0,0,0,0,17.36146418064241,94.05094567593271,121.80571673808663,280.7077888218046,0.2556041057928137,683.6533951400457,373.11245142414464,178.59078314637642,0.29690752730061876,0.3792252581875634,0,48.3545465014291,38.14789653886338,68.57815457259662,68.95671828064928,401.0152256942554,311.6086473753178,112.3795003857821,378.08381629495483,214.40971456758965,562.0451296728322,765.0391312059584,1735.3169019161842,1923.2354590767518,1345.0252839002128,2100.9331552095173,1330.1366160508423,239.54842480399412,1323.968154645859,1482.8980332882666,1502.4350381901722,809.3770393200926,1717.94717692195,0.21448153260787522,34.65754946561795,361.29833739607886,353.7886022722698,802.0240256917343,894.2201273390519,643.2150993593162,7.184084815872541,36.16083023713643,39.625423009563946,20.312573466718323,7.893146759231803,52.83649411084684,0.798888377031847,3.1024955200164173,15.025629589540282,167.64497944065172,335.90329137673916,56.04903267439638,135.77024674190147,981.4019377655095,123.20593226836156,595.2229208685826,1174.0760817757634,40.62172746103237,0.977243221020125,723.4438110235678,258.19440124976944,573.5807278688732,238.8809639703121,274.7217245253856,347.32344040033695,203.57980898633036,107.77300860419346,843.1877237855315,673.3180481150612,775.7626530637942,1217.612256966518,375.4304716217238,129.53222407773924,295.89653348640564,46.14090320812642,163.64208432735862,709.1787255472304,653.8606069881815,598.8440989149387,455.1492049649015,661.6128954441965,356.9198528372107,344.1889305376957,230.71228386328775,410.14514241013825,851.7587499899872,1202.1069616041964,1084.258370845734,751.3761633091373,415.27838971575665,178.70121905301744,330.88394713021347,125.95436411527092,558.0162058729574,393.5149478895235,978.7696904226291,163.6679793120794,0.616038965402338,0.09077303124696136,5.425185991944908,26.590127302981024,39.79978781482319,1211.6047392833618,3203.5815137973896,2768.59499444178,164.66079363577458,448.87413313647005,1584.55390171987,1442.6354812403492,188.34825491598656,484.1565371229569,505.02849128177553,423.8782228103947,194.8557659891998,1482.7997549605223,947.6858574904257,128.88200572511704,102.4091979093301,1239.576868768179,311.7694200965259,413.912915469802,381.26964540657633,781.1372605208222,266.74524815775914,207.04824222590332,228.3314575181934,194.4764461435882,794.4862869437617,398.28503567473814,313.35041160434815,319.54231243812944,324.377782107922,156.11138945725025,163.631114848468,485.5312637690099,96.2475133838854,262.86222853026595,411.0357929256742,162.1553203740118,206.65302814928143,556.0670255056485,1109.651562318841,133.97053002775678,657.0307957100208,45.93901246246716,1305.571006193858,1088.324200274049,172.66178794613012,274.8103378692272,270.3452111160431,1053.3115384769758,1173.9150665241718,1100.6810826529334,703.9662872565902,64.13530177012143,121.58224152247749,912.857738948842,297.90788680783834,56.26139323702095,249.82104879796623,819.8569684327867,4.634679691729745,1264.8227812143189,266.1856077120949,186.59741936696676,703.6459571343424,690.1192647868085,116.62469355480209,331.833194960726,485.6042865916703,250.2805477031017,709.1072487334962,309.6302673383498,2.0067428018169235,195.36770386604647,130.80744563796335,130.77976590443876,167.55049194111666,394.4034457829576,360.56400680890596,744.7763668643488,334.2956907896331,588.945064219129,379.70999107217847,168.6625713572143,4.975652819091026,552.799788808637,225.34006246378982,924.6082946942965,1243.5007450328712,1292.2728915589694,511.50623279361696,341.55130133773054,419.3406506503659,835.310292470488,466.24218772602376,457.1003020469315,0,2.005345819440582,114.41119622182786,49.55233224085493,0,0,24.975202426274276,0,6.303519262090054,0,0,0,0,667.5504070075572,0.01402370579063585,0,734.0619384686881,1056.3470389667111,1696.578333082079,1301.2842080863518,1170.09459487551,1555.475162008341,692.5045126858618,1188.4970384272644,0.34910942764569564,666.1159031851455,0,36.44711601509064,0,312.7302375691433,36.87370398211978,649.9177159713431,0,0,0,0,0,0,0,0,0.21763331393198942,0,0.014168528949623204,0.007927711432652286,0.03922748736350486,0,0.049488138850063625,0.07993317710466548,0.0037369588982623975,0.01595804223700799,0.02418408197670836,0.04021993844548961,0.03406311618046422,0,0.04199557289685077,0.07599000640998259,0,0.01916279195592758,0,0.045012113219149795,0,0.17661323670812293,0.03506781668075534,0.16737777771836332,0.011696070103832364,0.037485250874712585,0.051622552104078345,0.02488371407300503,0.2821333933479615,0.022316081828812236,0.09005014897018308,0.0129994527663413,0,0.004505864052483675,0.011351293965274864,0.0307023574105406,0.012607052639622425,80.07873324634177,238.59520479291035,689.6480977700606,161.85793857274,1045.2359944415598,37.47488755367417,53.60392567038576,3.346804611996118,0.24959210275331262,0,0,0.09522257560760564,0.036883871523375994,0.36095165072166713,0.04442862969703891,1532.13741546025,756.159005325325,208.53211500500146,85.38934599146297,444.8192459415404,57.916422569803565,55.35745483890079,278.6589888017717,50.86139769176158,142.51217118433274,187.62095860180315,70.14381871623053,419.86367342195814,181.54981188508987,607.4297328273788,1444.6015872484393,271.98666358281247,157.02429018080747,796.4306126498492,668.7603318301527,226.14854055130093,571.3532935780519,1771.8825019326646,1921.024560182916,1138.8924414670616,704.1468147468264,405.4634156941766,273.3385137445937,194.84282359029564,152.2929154107297,848.4158360646223,1111.636922793379,749.0965691689879,1840.0788463321494,763.5523761424379,1088.583738296086,1163.426804669725,1135.0148264821605,1425.6481440936138,2047.2874019572123,978.5228867164898,3086.239805698077,1894.6266806514739,274.6551900826815,1046.5656817046076,267.3178443563044,192.83026269631077,164.23621033522772,0.7804303192733945,33.51252030878592,24.66838714368628,37.730589828528984,18.94415515145368,6.282170041954447,82.1180797337489,30.932099943234427,84.02863956554269,2.525120055374879,16.64215535734748,310.55448369080693,22.417335162479723,100.75156324664981,22.15952971070538,210.5451997224166,14.421836892479645,25.58524090837585,41.56862251305185,169.6379414428421,87.52819183702921,107.65340793616174,3597.6662021754723,686.1372048315515,701.8736768957009,935.6104868221913,566.1145025565975,318.01451634360416,1946.0731946734184,1272.0470963038333,477.1052460099905,307.9840809213024,815.8310829200402,1388.0381680396115,1360.846062360846,4419.798523976444,3641.192136652193,1198.1252016117808,2427.303300787141,2075.1003056087834,5826.262928192434,6349.652492400434,2558.1502421727523,1747.2465194880936,1648.2625738034073,1943.139233960301,2288.266979941921,1206.8239774626866,1646.5849765866944,930.6896538287049,1770.722910366452,1589.495981527002,1681.285185053053,1563.9765300115457,1962.5427948456195,4233.461108507193,4306.958714317831,2827.857883352489,4020.816901837359,2405.1837399547767,1945.6765197594916,1069.104414901223,300.17097345682913,911.9826560254654,739.7903902533113,1020.9427401084713,193.9431828417184,332.397583061887,469.95712910526316,481.95690375466836,112.00352327548515,269.66932350020824,195.53817816194783,212.41657309847744,285.10575604310446,570.2369693669235,107.08273499149368,4.1371273269996225,14.53696743056356,255.3050517023845,240.38675521627266,228.89078860677947,103.76015209760662,384.23911191996274,149.60735479451702,62.92644916163819,282.739997421615,406.96172111716425,243.83831546210226,611.8563209659251,136.6670037367254,0,21.743866247085364,166.57451035090676,28.610882807205485,104.02263753054041,143.46466884280778,345.16305803004536,432.988815866728,834.742070908082,290.5705306467578,1345.1024736934698,504.3960223058405,2171.701017289125,347.1492153661435,540.459470198162,911.9060480738632,3641.711805578031,6703.51481034261,8659.947365465747,7030.055048131971,6707.678544529654,8108.652779761441,5950.052500078763,8984.153774434026,7119.947843543457,4946.571235708205,2649.5058038431994,336.2057605279209,624.6701874129031,2068.1387292848913,2283.6657653349394,1606.6513777071953,390.93320413476414,210.17911349512156,462.79500524394047,181.67968074312904,122.43482996605674,1665.1173692412492,892.4484343924613,1292.112443577321,1460.9806755183765,3457.041682521934,3759.8275552994737,5003.006752706428,3458.899311256456,3524.780182945929,2052.9097015472366,3806.692406113944,4233.0011038287075,2195.5753818010435,1974.800586671932,4311.833687848725,2983.797604710935,2745.5531027783645,3244.0143023177056,4575.839512009098,2375.07789300239,2040.4644512188463,910.5763502182189,7.772077733237648,248.49006478045712,73.70205399757373,43.5664462178891,99.35582769183154,240.97101510373525,352.7700338285785,293.2060813001757,233.64102730596937,185.58433217118733,341.4490983975616,353.698626224601,314.33904583852905,1049.0947877070255,267.6404847028427,234.537706691842,688.4190062317339,624.4497882795615,812.8319764815764,940.1062095849004,390.0644792420175,1713.392925175651,430.50188851475343,2051.1705359676403,1185.8644701068883,585.0063989537547,368.5956734664943,636.7018506422504,437.670895406281,324.70340669470755,167.8684974886662,874.335256063312,409.0025951459257,235.84052906995746,172.88033441008116,422.40535040095887,368.7383698882955,347.3695158553466,604.3926607503018,394.87481479586637,245.21370997681183,255.65097802661828,190.2879338897947,246.20364092997394,3415.6053941183955,1114.2388961897757,512.8760923816079,687.670796715745,1358.7702039927378,1376.5925147256114,940.811476381958,1289.1877158149805,497.2342774021177,266.26648994899745,372.556651181002,106.30611279849447,122.80134191408155,340.1782471578765,88.84184380601063,304.7761661917134,337.74860668450935,236.75969790910062,291.0191744364867,1086.9219211239708,440.5054911004575,337.3659742928657,1206.8997290583598,626.4789496256254,859.2864433639041,1074.9278787002688,1154.1835440752902,1114.0965637181312,647.1150568860578,1076.5879723923638,1521.9448021691437,1013.8768935235263,741.9554489580889,1017.5159467345799,1049.055379685976,310.42433205656357,315.21867566680913,169.67563525396665,158.48810324555507,152.81007169774992,100.34938240764586,112.74475269843144,156.32222616275533,927.085118785916,413.2615550903769,54.626073680567494,344.9349571882886,419.0738350094228,1018.8684959682989,1708.3072861590047,1301.576510907332,1243.5436115561924,2140.3762167695986,1852.907596404056,7936.181528188355,1151.49024468487,1289.9179481137428,521.7309668086226,334.1157758854937,1107.8146659289785,2681.9551686664645,3462.745755570621,5248.298161674404,9412.77449025999,4769.940095094106,3627.81103149945,2850.018559163604,1990.8815808691575,3943.4898032054903,1649.629661902293,2448.170790181116,3761.730459786673,15729.302391768533,834.7444450210431,1121.1744165955865,982.300847928251,1068.940235897392,1338.875542023796,585.8203781857472,270.88193877387903,439.7655392704788,1120.9813172510599,1351.7983856958786,1235.8787388267838,1014.358651025391,878.4826450772847,663.9773320919963,180.86508815196058,19.727892689460038,275.2833485581793,309.3519224217865,266.11495139996856,36.462851309436196,49.68063946866556,0.292501185236086,235.6676256694116,162.37981141442015,3149.6172536891063,2623.8260484459033,3238.896852061731,3929.6545738499685,1490.2700674482412,2479.129590777619,2029.9265184751857,1275.782229375511,1054.2861223555178,705.64035750855885,790.8009915352668,525.0523590032863,789.7540819402686,702.8764833657623,795.1615934721502,642.6727209440749,216.5950918688956,708.9500588630806,236.61098877936928,303.6241294570683,212.40631469070377,365.4775697821345,572.5907895756903,346.76707708143744,75.46181952159941,71.074346922249,56.48403199731955,636.5713627424567,73.73725337994611,481.5583097345503,386.23768884752883,272.3219336769934,527.8375472668786,311.7601071650644,388.08069847140695,701.618261628419,959.3795429483786,1931.825145713709,1777.2757947392865,1832.2752359593119,3436.829580987836,607.1461928657875,866.7343771956622,677.5705477368474,762.0944450392342,709.4018415494845,141.33575648607444,74.26952771657236,136.6148323938255,90.62864903453597,83.85835989613332,67.24841418591737,140.93130231879874,2.331812417583038,1204.6259787263064,190.41686289726093,145.22024894520032,46.32035174178994,55.20725523565192,2035.9961960064797,953.3266627940721,1683.425145205358,776.4317451839319,202.80368661276478,195.42744440931742,619.1569162935468,438.541439695619,771.4525076253642,1043.1972898444026,288.978550407975,975.185731995364,1430.4675800197188,1826.0788777880584,1124.3891331576815,1033.5239903928573,934.2322730884221,482.98022596867406,944.3984034393885,1133.776705527365,2407.076904655886,761.1783009256817,329.48363155915683,86.28766663162844,58.649693014423434,45.96199095010901,231.40419218593786,77.50397351478965,71.35781240757314,2686.981963829233,3266.1399069822173,1864.1716834290348,734.0973596679847,1512.0067934545639,1160.3313187282533,86.02326968488349,134.4412312414264,974.3683864869657,817.0289725173662,1915.55949831369,2647.060833030565,1622.5545618428007,781.0218423137036,771.8783133132735,488.9345177382613,280.15562760416316,63.920838367543226,260.816817362169,751.8869076691776,1022.3348961423404,1046.5560747474387,1563.9818947438862,1749.9958287063253,1220.6077074373568,103.07961717028165,1646.8913679961836,3100.2566737297734,784.6575371175327,26.252577634861435,21.998801862170485,90.40295824511836,18.34907641070158,18.46280538829173,29.376423889892763,22.900600774955528,854.3922018817459,3.9461655954235826,571.7860203932793,35.86593649882607,664.9844735455479,39.9842694324308,50.12450176163538,25.258360715852575,232.31916554410938,34.70620402319845,172.87756977351177,79.06152795737083,91.44018369275015,127.39633330377931,401.81671037882603,118.37364150917752,203.2042888579329,58.251844255085764,200.01485223562236,470.36389164054066,286.08508328699736,347.7181327374017,312.95800483581013,555.5667812830915,117.42645053098325,201.3670664012339,56.994644286445705,224.69024895987607,17.233062373314308,35.80182965105266,63.9744187492088,84.68810246387605,73.59430767694059,445.4093864713657,238.5048963138407,142.5394548784546,113.66337664904205,66.663497040813,66.96093155622353,59.78449490640122,60.16203019682477,65.68872019784295,166.68536742655238,52.09187635614816,57.101362340411484,235.0763605974326,56.19829632907222,158.52873513927452,240.76939855408256,564.2017699027307,1814.471176493236,2171.6068698538666,1741.9573694478202,1287.160511714844,181.50492081928465,215.89530865577433,69.00177493147295,209.4016462630915,489.57824001880704,401.36815808066876,170.3552549956768,583.8758091536002,188.39425517344105,543.5973807860116,591.0520516631818,219.6051126573867,524.8359332639714,547.0392815396776,153.735362801113,559.2917781234056,202.76709932909424,179.21694576768408,23.32358989449782,273.3258875954825,190.96848358311289,406.9719313071878,712.130780783424,549.3479667903886,117.41554366255598,384.02368553876073,118.6316265831004,95.92558119973899,331.8770804806356,263.3384530787107,520.3078088176462,514.3646542883791,275.45227220798586,279.238439156283,116.58561971030349,143.40888161440057,64.51472534059178,505.31323507723766,878.5506657379722,1466.642898287509,906.3825744408125,1208.0107467973985,1772.8671115031932,2201.3768518193265,3944.180723281021,2266.7536693117268,87.70746938538407,190.58523787712795,302.45230630247676,635.3165181801576,271.53161214158405,287.9761146340311,292.5041388610713,387.69541488057956,696.7192172911099,310.9677818333997,314.87339168002967,299.3157473130285,1382.4731197425367,341.6653702062292,134.99426420213007,394.8988475723843,752.4575327449481,430.22180373556375,86.31047912915852,188.4397766606938,24.64475787883142,251.36287132958347,678.9219457973943,979.1519908201466,664.96247667521,668.6080938662732,575.2424904454473,985.1268842738598,366.10135385990026,83.54908447379854,292.9468742835018,318.7816670636395,111.03724008335162,197.0923833129635,117.58856534739151,321.5997310543829,387.07638183538774,682.7509798043595,416.499974018884,361.21010726794515,276.8592101236093,57.86214345737383,1499.7140918876166,2150.534142833868,1506.553094759825,1246.398937251621,2042.3979668136228,1788.8312326722591,1346.7748684622718,2014.7408041217313,1443.7781958361836,2181.915251879188,815.3150611304194,607.2282328396808,237.85953194341496,897.5183896621878,45.0664884860279,485.9732094193323,706.5626387342967,655.9463930939153,1028.036573520045,809.2907137032659,38.14281924727434,270.1694143908736,55.51313419707532,137.53357155168402,352.91755007524756,302.3046871360314,348.89655291372515,81.48819170944002,6.539495986842495,27.172230868000227,42.18831667938685,129.32609240901525,664.259973903017,121.54199776575886,748.4257326976364,798.1335264609728,231.16744391699177,131.67536323816617,687.3256116599425,182.8853618233354,61.290187919279006,42.54093722219192,315.5095335364968,621.3754154985139,259.8364926996649,168.32044669978356,103.57878147141805,173.3004285785063,72.21662006627533,80.42241811975279,126.69484271189263,206.9174228038297,329.0604952386086,310.5636223875084,205.09488858258115,726.888881739504,691.8946002978352,46.51950485875504,79.91179348560823,212.17526424478189,346.117107960509,106.92479410319798,245.7402715242454,220.11486441412453,81.67366379223796,90.67462145498955,83.48740928158571,263.681296114657,516.0629300669319,84.56707756974686,162.13002623056897,608.6473769797869,1747.4459607368706,141.115668478557,244.9610759348275,507.3127999028773,350.59144085022587,49.88270212683778,55.20419171769049,248.8309006173767,409.9899537978664,80.29718687403107,203.3248297257587,400.4166934032976,191.31294497714902,783.8397203206475,1126.6018452828987,1071.8367503253116,1468.2698905543286,324.9108342926635,516.2477221110445,354.34885461420095,146.39338353187182,164.82026277180213,667.220256585139,733.5380127060414,131.4429896115876,26.176005919648368,41.163215723847834,101.78451007455068,30.389172933849604,70.1526479719837,9.809098935552518,43.56668237803144,116.61620681411956,139.79461957355133,466.91347700330346,178.06073664634226,263.2041211450107,589.7290769573094,211.65796618837732,12.544577670831831,212.67441628772167,0,0,0.06448375009013338,0,0,0.004425520886724336,0.09937856439761827,0.1704255461964594,0,0,0.02166705346604503,0,0,0,0,0.05709269652617639,0,0,0,0,0.0029634936878138026,0.11883738293939941,0.6498614660264048,0,0,0.0022806262054107735,0,0,0,0,0,0,2.7533467206755993,0,0,0,0,0,0,0,0,0,0,0,0,0.7243186646330685,369.5185735918152,1.6381063745911724,117.10991248515602,4.142898108298074,0,0,0,0,0,0,0,0,0.10066039639020119,0,0,0,0,0,0,0,0,0.06550136348087159,0,0,8.247314142888845,9.87293011799733e-4,0.7439227771066194,0.8845673647271993,0.4222768744017156,0,0,0.352544414099421,0.007586016364868002,0,0,0,0.33385306897212336,1.040436133028339,1.1457328891215928,0,0.007283716437957175,0.573682901092948,0.005254446315480583,0,0,0,0,0,1.0714519168203709,0.044429416504698636,0.08787620632430027,0,0,0,0,0.0630810087116478,3.878052043423415,9.78551816109623,2.4434990448075835,0.34359183430811224,1.173817498724174,7.957450867360914,0.5695498875393691,0,0,64.81215279832539,83.2920352509001,53.24843279976562,39.44945754681536,54.14804358477391,1365.2656938942464,1168.6638414097415,1628.9273738130903,384.36831362877575,1398.8743622693435,1245.7273010615768,565.1998078351684,369.181171110444,620.8560166749625,2787.3423681041295,1525.9666815420187,1488.129922702327,2.7359817745596025,14.300244895305541,3.0760952246949658,8.380923218159674,8.362730715082128,101.06129595043215,110.56244921742709,425.1695968644907,66.03577481596395,0,135.20704265797946,536.3702495836458,166.42210678190153,89.90201203516756,133.4523325146284,526.1503915524535,432.0249974797688,1380.3446797672052,883.3346766401556,1654.0398901026247,7.28123673689713,97.60215803688101,19.256435058293523,0,0,23.350616856696934,58.388062530388595,1.0180695061541398,0,0,0,0,413.0601863227658,0,0,7.336306992508607,0.11333176448765278,307.9284360922843,1360.095003941673,64.19330853286021,1312.3079037493833,313.46143678236274,1319.9098169115534,1393.8308684118645,650.8898521843817,224.5954040867403,0,987.7507362485981,523.192741195852,187.51764371922425,53.54824725691522,35.838805684672366,286.8262528421827,170.19639341701955,361.93519969136617,37.06913633636659,53.26281436446796,197.15626031338084,532.1398117474939,1191.0016406040309,35.46106345471174,6.55644719451438,257.48035218162283,334.92337859972,175.6380904130526,442.1874342982777,158.28276713770975,2085.3461835500266,3002.0441851147084,2808.524046257215,10003.805614914221,2387.056303643527,10090.951055304236,3366.607982111987,3310.976420059509,1485.2771547086656,2896.1421757916837,1785.6824451201876,2003.6037012575457,2658.573065569997,1060.0739166548708,1475.1679301459037,2314.9337564911298,1573.6494948539398,855.2208355155443,345.77245164804407,304.71001154487107,277.1465670665366,420.2669193671454,1301.1366963158785,861.0678191200093,2128.1308698228304,1089.3631136987942,2209.886704818981,2168.61337521668,2579.2870124444394,1846.38903666947,6353.427530640642,2939.0128530100837,13136.684467877989,5963.737536912902,13752.69553268114,455.6421470708396,13.101171920591302,396.7477864655649,52.49615667568461,1881.4072507309254,294.7072726684118,1.0076006044750685,560.2401368532649,221.3145607269891,550.4326493123399,1.7750043835847553,395.5803875287526,386.6331488767181,215.45751143428538,369.5614220156558,267.9781345536317,385.85136219484934,228.96037713243263,492.37005567093945,464.34676948776774,79.91033615428046,615.7583067951674,315.5909355273234,270.1198972551497,262.5815266758106,1.2214641821442045,0,0,38.167122206934,11.657387836224478,25.424794431729588,0,0.7773844745626229,5.442414653164882,3.7792390148611075,774.2143200836254,360.51486637460704,334.01240408249464,12.32939392332659,31.62248721455874,45.15078088610253,5.711222162231164,87.17275289958877,59.784689060677366,110.20988562857299,448.658767939005,97.03293196362148,43.42257693438242,144.19224674606016,281.11059193602915,783.5295388866466,607.7207821042324,922.1246863218689,775.7403318820157,1296.7282282914446,297.01896608354,255.8337903858117,1329.905680234576,939.7364019043318,585.3585392802175,103.17954235715,173.03016818106516,394.7644452144086,141.32940272939086,9.038833734039441,28.627410723996373,123.67881750648719,19.960427493802047,4.228520514134462,11.096286106954805,4.421832327315352,12.558792609059628,143.21684546094866,754.0650501288121,334.15345425991546,111.57370508918288,32.12603070946785,5.933887411775219,14.782280326863043,26.630974333010034,29.004857826571246,13.830708422137953,29.154844677960188,29.42055932299982,27.34260250860524,0,0,0,28.38098381869027,44.83642093150961,59.080773154479886,46.22586349739335,46.87270828660264,44.60826228024581,0.9496741087705198,0.953364765134488,2.0160733238660247,156.39361199358004,1364.4442887517157,1725.6100716503709,77.39752007923788,5.90252216168151,46.781149281275624,21.639988705130364,22.402836215095636,1088.0866371919453,3746.4415131685464,167.4770143308903,601.7429588488072,164.87187958509702,4.494877368313486,295.11166745261363,7.444074087498734,74.04508652628247,20.45044246646895,0,0,38.86569762985378,105.35177553252677,1325.3683977880787,1496.2917922958545,1176.8503641328193,480.57433972269405,810.2489353509775,340.0172462523907,236.05463933062535,213.46702024559127,1975.9805894656383,34.57132791461637,37.937832150630804,38.29680497680721,9.261784372328425,91.96415522870403,770.2998400287781,619.146298358233,822.074691603247,125.57359923457894,110.13694254572442,209.3688108209935,40.438336507401736,13.742608022672265,79.47598188929805,2.2860483538655627,1.95802306291517,0,0,602.2869028764034,1100.0895950309682,1212.4602227523949,656.414573920934,286.7565181031841,0,0,0,0,0,0,0,8.59943739612982,1106.439931859724,3825.127795674097,435.5949329568549,9.238927756423601,24.564153422483564,47.16379906738035,49.099054392572995,149.37748914279652,9459.682785584913,8983.199282179354,5063.8292239618595,11.606621729965964,22.34327700665883,661.7529386627149,214.3350740544925,12.501134028907082,18.467377245651413,16.355800163588437,13.374997078192859,19.555974857793114,50.459606750301944,16.667238536456498,87.39730526627956,756.329250661688,22.709484620548977,111.58466148588,1095.3807861151356,40.5944676870263,388.5760954768103,383.63534455607464,191.15647257541343,24.116581727729123,48.38087975083061,913.5829503704747,334.67192624625864,494.6736865048452,268.9283805043847,149.6481651603624,226.97818813834783,73.56144709358189,2369.5280092983253,37.94192852170221,4293.587919130566,3503.4917849711533,6823.896223747324,1577.858207203276,134.64367544989582,576.3382515257732,608.6969931098837,310.7580729299596,2040.3299487175675,436.1581030346491,335.4380075110501,20.916366108102725,15.040292615133998,11.424245866740684,294.37934169272074,5.935600223313111,9.406159535290714,356.5785251787747,120.56460848233571,348.1845518591602,30.656778004852878,4.277434731571411,1613.594383740788,10.609543889735606,20.486405127579715,495.5925289110209,13.198289598905985,427.5392739606221,537.2193968071937,9.245353699480413,457.40087374427094,10.975110986785207,9.336161064482644,17.43857259472943,29.2276887980605,402.218719134943,912.2272305797235,70.85968764032135,750.7605785857513,37.105390821462805,797.9167880450102,263.9500731751648,31.64931417023498,21.239371642140142,28.17338936376253,18.346237822037807,12.648811557651953,40.90082064065045,509.393545739302,19.95645522498235,296.6640457748636,12.222447469179603,22.44627967948883,523.6767459297744,3137.3608188183516,205.97117054606758,1153.3546049693207,136.31591472694706,17.77456801732041,11.899732264491263,17.196646072381014,92.07700290233575,835.371783927657,6.908158886682142,32.56025880365626,2093.208298259529,2772.945085216636,56.89738492468434,1053.8127220628005,20.18148573580953,16.423327963984146,16.366533013709514,14.96854633389289,64.3315198024955,38.57023660025301,14.910363171469239,13.826853803781844,14.525485520788523,34.91591189008692,13.488560685822858,117.13293941770831,659.5438726149663,42.76261436298525,37.6145099350504,26.378232067001996,65.31121497885574,76.15889556117429,1747.429910130854,1300.0169242705726,64.26969247216097,510.12673163046185,265.19518051049806,78.55309119030137,86.528690473341,625.666361435472,641.5723431493236,958.9665156003728,57.41772518958756,2593.32959635776,859.1807486118449,3971.2813103198664,858.926433702159,339.1436505001534,3817.1520322092283,105.46408150698392,12.184654927589074,13.789618498614722,4.936718240102655,923.5408913597295,733.6902384960342,630.1014720984567,352.11259625201694,347.3412145162723,260.0281990710259,302.74731511100737,164.1080877498963,7.7652399838990025,144.87057671047438,240.15449002634352,18.49516982571612,171.11313531704468,0,171.11313531704468,104.35108717170067,258.7957269251435,103.94547950527414,118.78139882214808,228.1568819940238,314.08646115794585,120.44332439024438,392.95570678007346,129.51760540646205,126.24113019481855,410.8951163818004,24.13839622215821,208.66204573828966,131.15457248672033,165.3074107875539,1799.4130404541702,87.85619916484255,0,0,0,0,0,0,0,17.224553912798807,0,0,0,0,12.779029565847168,21.838855218211155,29.229174856574872,96.86770178123055,273.4125230032186,5832.674771443506,2964.499594490885,228.78255355811365,14.031487565109972,4.913247451966282,3.473370519281719,6.371244523638856,6.058948809844398,18.48608197109114,28.480745855303848,2116.2060253659874,5220.712743099331,2692.386285798575,732.4052160444845,492.48615370166954,443.7542686389577,9.721073190174675,8.223158073162674,5.349817374023814,3.692359597638076,3.67521873510995,2.451174613016811,2.4743825484328195,2.506562323972034,2.462418932744709,2.685012772165555,564.1314229559871,669.7864728618247,2.4446247501701173,2.3291379191377177,0.37125866463556806,0,0.4706173495481272,1.1617645123520934,0.34593301772322027,0,0.12019752330413523,5.82845162494292,37.03280625770174,3.26072945946307,3.6382374491115645,3.6184114140675874,3.6205334281225836,3.6288142486204005,3.5928805118946676,43.35516924203877
19,215.2691188440464,15.934347321864275,122.40018874028644,246.15230590740052,242.9763165613297,4.815399398851488,392.39658099688046,279.8254039947872,268.8532238919872,195.4958649550345,116.01356422885937,206.71205087953842,150.7663781272727,91.09566507606526,4.226775164539094,68.23247322404825,79.55545379786992,1099.1929964468413,189.1723063044984,941.193102226879,22.027561164286112,678.3113935526671,192.2336014518317,267.2904118182289,86.72540916658377,212.67549632739593,40.090541025086175,164.96926915640967,322.99301592867465,788.9398553973195,2159.585804580211,1363.696036519827,2333.931861458485,2992.168509447199,2896.6692807166096,3209.613095201552,1376.8927332674589,150.3862069514297,71.78091776691596,50.25490402515938,349.81934279198447,83.06681388540925,205.5073230895357,1214.6242809179346,754.799554740447,341.25233903145676,21.203213849725866,34.31504122431347,190.35001310076171,32.544308558275425,236.62955949481733,147.9389353817438,1.1561343896125678,168.4024903713202,1.5428915506930627,452.87442456061785,260.9695664453321,8.636351750072912,1.1688328184060617,10.461303536412585,1.1866210562668558,209.00457734944018,11320.796423653452,0.7204449917659996,1.2474621221743691,1.242558599001623,3.8681411718706142,1.1797926403507757,3.1106544412553236,0.773970435509162,0,2451.4790970820472,4563.124589013334,358.6525402401142,0.008206577005546384,1.8373003751972437,0.030121499849686456,9.711370710621962,0,0,8.717824303756299,261.12668479847395,0,11.55176276205256,0,0,0.8933785969374789,1.2517502780309504,0,0,0,1.727505434506453,0,27.000705650428205,0,40.734954086419016,10.120447248107661,3.7076613744627873,45.66465286537248,28.096518511326444,2.6486100942446527,0.049322354677942354,42.11113789466107,34.565217378916934,532.6249066812669,37.27183836080459,0.2938230168583581,22.7707668309583,12.822998005286843,1823.4714021861823,408.10291340791713,6.122220107102956,4606.572437499931,7516.559020063297,5.856296605159196,463.56018623997045,3515.822679045766,10.724025026859753,15.430710583505624,76.77551080380226,0,26.62702690121977,4.677221271618755,0,0,0,0,0,30.998812328557335,0,615.2662124000602,0,40.10542825691794,10.524557514561971,0,0,0.03468678205739719,0,0,1.0848858101212993,0.7011748876007998,0,3.969131455061331,0,0,0.7987223401649419,203.87305393134815,8.304638297381837,0,0,0,0,7.2597549040112845,290.0726912443684,2256.074450185278,1312.2070818158165,91.63868986544904,0,44.62724657781694,324.7674402695688,11.534336387119454,8.389419240169305,0,0,0,34.34348098431419,64.7050554438216,0.07969796232570749,0,0,0,0,0,2.5531395030630795,0,0,0,0,0,0,0,0,0.06947422455371804,0,0,0,34.17195032694086,310.1556609824067,39.37949205342181,38.77866173370501,810.3549878818635,743.7643577496901,580.1928399910614,55.63042945581484,1162.3520839982255,587.391536305962,73.11017023744296,0,0,0,0,0,0,0,14.38991756703351,182.21938248431402,9.895000870031268,0,0,0,0,0,0.06715670292665826,0,12.4757211304276,10.821254029579148,0.5369748383922851,2.6442811169889953,0.2434029620784411,0,76.01846319687851,1687.8609289785159,1757.7469566965972,525.1533537695374,125.12034802019149,0,0,12.603125213640906,0,0,6.6261020894559595,10.497787343293938,0,0.25299268102723454,0,0,0,0,57.905597419199424,0,11.832053642885802,0,21.769810785104518,0.7612036754355422,0.013825703814581985,1.1386855425888223,41.65418984541887,359.52736074484073,212.50851921154836,236.95644333672243,437.1683577574394,162.27288360284166,44.43857244760599,27.687202418394534,505.27774199433253,0,0.12598272915511424,285.82949174847283,241.926549684218,1487.4152612148462,2955.0965818103514,3994.282730778414,1167.8336760336529,233.24863339567673,475.38225599614265,10.362598811968823,1.1498114752650288,1.0471187328593416,12.832908464824193,0,0,0,0,0.36182599126807424,0.8294236506375244,238.78269854048077,200.58576403648522,263.45201869557405,498.591448289236,44.56180120186081,906.6201057677122,1048.930200724715,29.79940318138451,9.982051315622348,13.543788886446313,20.528244540374143,26.595672282013826,7.814763206340358,48.5379432592766,29.666121814736414,304.38828976175597,97.97110436117794,246.1844780927257,971.0324658832099,952.7890362654845,1456.6113056633176,2859.0137147970245,2592.884810927308,2383.2923084683325,1253.3182751594393,2096.037190069341,1210.639439778929,296.43798722055203,765.9146422599827,567.77832845216,472.4576146516237,159.47947338961933,48.420304709197694,40.183226124660706,37.07252147586208,16.74343090384013,65.85833468943476,50.492128195356706,2.606576195619979,432.44244052341253,87.0878550854686,762.1102463423064,434.78114661594805,1088.8915702388806,6243.071504801854,1903.5075972257443,36.56290060570158,0.9122001975921029,0,0,0,0,0,0,0.0838656089785173,0.14167134296772754,0,0,0,0,0.08547320526672461,0,0,0,0,1.1570825611805042,1.146390177532361,0,1.2005068823644225,0,0,0,0,16.815895463189,0,0,37.1019949081476,257.2139073396514,19.523948846456364,0,0.17366714913695572,1.2309420596259875,2.799611036647342,43.347163464851825,0,0,1.389465913351926,1.491664055295272,1.0571479980998904,4.916060783372718,0,31.37477217703207,0,13.63920603904109,12.521733003846482,5.770188032267513,13.778703689001873,47.59386644651558,0,4.959272629672407,18.997379095022655,32.47627007039321,0,0,28.646109742316696,0,0,0,39.14851869471382,30.024083983016357,0,0,12.037072855940286,3.4811520686784676,41.346978364507834,18.97696085189607,30.91450597936856,20.02250416817733,6.63092988484245,594.9744490062486,0,1.8253919445693803,0,2.8135731200260454,4.48532371689315,0,49.5604641072408,11.595057589415315,4.0075950716157,44.24437724844133,32.64515871314885,95.90200982793938,23.917231885287848,0,0,0,38.69733008252034,15.338280627531754,24.355937105707227,0.8722873388417822,5.335487670450025,0,0,2.04586258706398,3.16492206548137,0,0,3.007160263443827,0,0,0,25.842331667463235,26.745054929415968,0,0,0,0,0,0,0,0,2759.7366588739724,3201.1015354520177,4784.881417265686,5131.577797667888,4127.206157590371,924.8156004245072,3739.668206100153,17640.934858309818,0,655.0848937298197,24.059872740714393,137.41464461229756,788.6886544485258,133.7582932100283,63.820460679865285,850.0692709124357,91.93140226247773,102.56500509787878,392.71726458104274,106.88464497902166,42.051290700840646,331.86869744504645,144.65954582413855,526.7479625265432,921.4984938721436,151.06289309966888,515.2606705152484,196.60974660402397,351.1372714486107,710.8046679187977,1114.986984235352,1015.4557899794155,334.6462686235456,6159.346384672539,2924.0242040936564,336.8641676002304,718.843740686624,84.35564543212048,792.8464088795915,433.86813111023713,60.433693227398905,33.5404307945942,861.3913357345326,890.9945028936551,62.85541121062074,1101.8023210973965,107.2898082484847,995.1542981422674,7006.147400826937,19287.632796972295,1180.0150842412943,1016.4709717051813,77.2326840277457,392.37911817706345,709.7354792332486,1192.4442554956886,415.42959500010693,91.35432926295171,29.318827521712418,326.50981285309024,0,1110.0714982021589,572.7232490384943,754.9758068299407,128.70156601623728,100.00429569807409,160.32545219501975,538.2854381940696,591.1634992374302,231.15285027290062,57.184666899163695,26.15028422329757,23.796073592017624,15.998930461389037,7.028924737013912,6.2702095126362565,49.21517861582663,7.0416445213341765,581.3814306180997,670.7358376388883,356.81357786797304,2176.0982434767907,9626.717682638951,3390.6543910065734,4440.435029569252,975.8850929156312,7.898855270671104,61.22474759249716,9.177504032324237,0.25057131856986964,110.25364669193205,2.641893852512201,1117.7875526182106,885.1440425028353,144.21475132638773,48.500133738823514,27.176318393172657,170.52579094325066,111.81361996646326,693.5826277008052,132.70061871406512,5.156579106604726,65.7412853141313,187.12252528455966,496.2127640370096,461.33213716391367,475.72345884542983,239.10195511890132,10.731760778827734,148.60546364464375,567.930431104755,141.52774612172325,20.269691218038822,4.933819445957296,18.25581466502887,57.668097159493726,1002.989367897163,1193.9692243523061,2718.9821004971986,2066.7814182422553,1507.2170751273645,1126.925468070536,75.23342212474356,229.0262210010547,784.2368404260864,1495.0321107163634,529.6090705291411,305.4873815618933,93.55551767237759,40.34970153875564,25.00823892777716,250.50772223286762,4340.245089009735,1315.2120495470392,268.6127843747778,3176.654271340106,3751.3981547674316,966.3507836953452,3630.75724833435,319.5551247585841,171.20061239011312,175.24796612314242,0.12927738432293914,66.71277162792785,48.592685726807325,0.1674757373146445,0.09886564588437019,2.372540726396507,3.8011001549476333,24.821727040276908,8.421884004639042,26.45453711128853,167.9634319345927,293.30281918458854,831.1073964885057,1028.1688792188547,84.55763044839684,534.013251663482,3141.2986504314586,2823.320339069698,632.3478983536846,187.57313169169967,17.552075353588197,14.133841558549044,1.4900793674968997,51.392237767361394,15.104924383658494,735.6674375037287,915.0852282119686,524.4717101096687,404.00819024404484,233.82206709480238,1035.9787259584753,376.11736805944884,106.47839322424421,1312.7766267363722,184.35676321811792,2.27397863244482,41.434259430508,68.36234058982305,17.55203411294518,4.812727053501503,22.326761469503413,27.937425970821348,4206.581980041942,95.91192137283764,23.924126203654026,4.8263763444180965,21.224069139789695,947.2371891002718,1502.0556918917396,157.11641507407708,35.26931561965112,30.373764165543655,163.56802952572843,110.02574033760305,659.4399973514128,73.65914784583505,1009.5538608531798,60.73166315073835,1102.4578086169372,2804.435092720048,3208.012475679933,2434.232912534039,316.18053291478077,101.07236206143575,38.587131042447474,40.26579222416212,1046.9820814085251,74.64411435788634,107.69968509280534,76.3990038313378,877.2508022208538,285.30093267887656,620.8864885676528,42.10096705689715,596.7290386693302,851.8191379101411,226.16353521103755,35.99994481994937,60.347224479081234,1436.479737887615,561.2834620059896,615.8555422040263,258.13047556831276,204.31781323277048,106.16711446547372,115.48794023736382,8.170979556070412,12.975087011152647,32.49030073481436,2.9389030320939225,19.721144685699496,535.7553322915011,1141.4486012642526,108.56821922505137,830.53296485322,54.83425352712926,4.810167658705977,100.45397444246218,0,0,0,0.00877843503227256,0.17514447704153616,0.0176894709061373,0.4848760371899719,0.03572555806044534,0.025271079148089775,0.06143692870267804,0.0660982560898225,0.24468537829086554,0.09478485856415997,0.12109832966975224,0.0399763761949049,0,0.04055930503504532,0.2479443654147612,0,0.008190036127413128,0.022651979805403028,0,0,0,1.9035445131748578,3.4381724866218386,4.819677300587135,1237.4733175600497,1331.5318547833692,87.37043413046977,15.532547718872763,83.64491537418442,49.91980750896733,67.65913369470454,2.78811910424607,2.0641067449207737,3.014233974967918,2.520756518596547,2.728278820481312,482.11509483907065,776.7622499333236,1338.6371827947114,7.495011142366458,77.77506948022828,1204.7007984892489,1081.336360925227,1910.0123981386148,677.2822154621315,2474.7975856478215,831.0806500246957,66.8623435061113,2.8189006877181018,34.75756825156479,33.47760101061349,41.424034298204134,56.78901816761989,150.5890984711369,234.6719305355003,55.58076624216089,32.27944673239603,1.0475686876000885,43.750831402898946,106.16500516586947,1.6712740374358075,2.622185542866917,2.6587073475756386,4.810910461435028,0.6650648643055441,3.2181305353031884,1.3498423285389431,0.43786020618846766,0.48512863233221315,89.15327616577412,10.475071890941372,918.5592780770226,97.38937132544922,327.89071083622787,19.054982188095497,26.847302630286713,589.7046359988559,166.3092134030321,3052.9820977511017,184.26594385215313,1642.6452968228236,9438.72817034252,1549.3330691986218,35.50948617526748,0,112.13110486468915,0.13249725823153735,0,0,0,0.01481186514464384,0,0,0,0,0,0,0,0,0,0,0,0,0,0,0,0,0,0,0,0,0,0,0,0,0,0,0,0,0,0,0.02991723197633518,2.4358307757856723,68.01943028015059,0.7690448520735744,174.67229360326044,1.1415610022134932,0,0,0,0,0,0.2063717819981932,0,0,0,0,0,0,2.4704800666696416,60.28225810485794,17.68892813480999,109.07425641940992,57.60140086716485,609.565891283008,2554.908195272799,1848.6582305190145,1282.2967334982156,462.3859002505129,248.24447291422436,1232.409665819654,2158.113018851248,1948.706528068829,6108.827881064862,0,0,2763.775504316378,3285.853412847344,608.4907334748508,1762.9747047964747,2455.5015535774714,2060.4744768172523,1917.350364149832,1883.4657602939965,0,0,0.05105755831114353,0,0.15769159931976665,0.01949114922035245,0.01288038942428575,0.049192381564252714,0,0,0,0.05833950409757464,0.17990426716368832,0,0.16345909091022454,0,0.29348343856985987,0.037294751573322765,0,0.3940167326646321,0.05422084154755292,0,0.04050609611613891,0.031072666256747296,0.05659833730177356,0.029804433885687386,0.016011139723988176,0.33443647968217194,0.1171692589931317,0.07711910470423171,0.11376303948654858,1.0601129286012547,0.5748994779335348,0.012117603594947447,0.07115129313703213,0.08419063811382357,0.06736258956930838,4.582818938152755,7.078352376414727,8.883205449004356,82.02748194384674,50.87052018654985,173.57134355919504,9.089919278369194,15.451272291177922,28.70875803869662,1140.2343109557676,0,1088.664842537113,302.7956581795309,32.81883138212181,1037.4792641586903,455.4078712482018,1245.4634284146484,743.1242186735981,675.6150467255139,355.23152021909425,33.06899630547423,17.90603652454102,204.06690722444225,26.67386065188955,10.379800085095011,82.63423281104795,9.396377008806917,133.69875468608035,29.055843467772167,59.274362778940855,95.68977642501429,120.06420922179444,6.831252538086563,4.8223574879871975,14.941621360907249,17.001363091490212,25.605197187696973,24.689795092035883,32.89141831858656,115.39255795691815,38.155033355744216,18.79463769225448,14.145845564786738,64.50017934933456,358.43493861552616,481.58897004043257,805.858085494511,359.2268275078726,176.8921204130329,564.1991281197264,516.3220684002124,690.0409637977036,401.79383111145216,10.207325315705917,14.501021167254354,4.805590441220699,7.68175411680661,24.12211716738955,69.26550555767383,39.27511480953241,20.329764696006514,16.184404685894094,8.943256226438779,31.030270255494504,19.71097905645747,169.1553266470332,52.83620834849966,377.4673900459087,22.274623954685396,129.36828000920056,149.59454370899303,78.96035016363105,47.98255525057355,0,0,0,0,0.08735155428559421,0,0,0,0,0,0,0,0,0,0,0,0,0,0,0,0,0,0,0,0,0,0,0,0,0,0,0,0.549666090645301,0,0,0,0,2.070567521287928,0,0,0,0,0,0,9.688321710547608,2.7333613916890283,2.7692974937745296,0,0,0,0,0,0,0,0,0,0,0,0,0,0,0,0,0,0,0,0,0,0,0,0,0,0,0,0,0,0,0,0,0,0,0,0,0,0,0,0,0,0,0,0,0,0,0,1.1406841811165047,0,1.6682730131935635,0,4.042045301299986,0.28047062760291125,0,0,0,0,0,0,0,0,0,0,2.4029050599892745,0,31.674568790054977,0,0,20.332675422624504,44.122495743508956,1.1316764234170087,4.303787100111878,16.52984064476313,178.37032486115277,44.73769888510831,85.49268529458602,67.1093503379422,82.33739416828918,45.369007689317556,313.7233588856673,268.8791714578361,369.4653195769214,344.9681917581682,228.54513942415045,320.0023442514125,1089.1538868594348,478.2765490711186,548.0676385037563,1479.398004986087,342.34042314009986,134.72008302063333,0,0,0,0,0,0,0,0,0,0,0,0,0,0,0,0,0,0,0,0,0,0,0,0,0,0,0,0,0,0,0,0,0,0,0,0,0,0,0,0,0,0,0,0,0,0,0,0,0,0,0,0,0,0,0,0,0,0,0,0,0,0,0,0,0,0,0,0,0,0,0,0,0,0,0,0,0,0,0,0,0,0,0,0,0,0,0,0,0,0,0,0,0,0,0.14307417094040153,0,0,0,0,0,0,0,0,0,0,0,0,0,0,0,0,0,0,0,0,0,0,0,0,0,0,0,0,0,0,0,0,0,0,0,0,0,0,0,0,0,0,0,0,0,0,0,0,0,0,0,0,0,0,0,0,0,0,0,0,0,0,0,0,0,0,0,0,0,0,0,0,0,0,0,0,0,0,0,0,0,0,0,0,0,0,0,0,0,0,0,0,0.020501262928377433,0,0,0,0,0,0.013064818145892703,0,0.11765716637949945,0.12849427586831197,0,0.0151270966955683,0,0,0,0,0.017131304653524356,0.0998978919423588,0,0,0,0.05571079341425303,0,0,0,0,0,0,0,0,0,0,0,0,0,0,0,0,0,0,0,0,0,0,0,0,0,0,0,0,0,0,0,0,0,0,0,0,0,0,0,0,0,0,0,0,0,0,0,0,0,0,0,0,0,0,0,0,0,0,0,0,0,0,0,0,0,0,0,0,0,0,0,0,0,0,0,0,0,0,0,0,0,0,425.19257435563355,1847.8478903249345,68.65393720935778,0,0,0,0,0,0,0,0,0,0,0,0,0,0,0,0,0,0,0,0,0,0,0,0,0,0,0,0,0,0,0,7.867777713850492,12.754671934577768,0,0,0,0,0,0,0,0,0,0,0,0,61.2215999311987,148.51249880837304,33.31691360708575,113.3004403875696,44.510362722935355,122.1513623867929,17.56535610349416,403.8993354793948,43.03218722119951,63.444187287071635,145.86957975513553,79.92431902390413,7.496853375248914,25.438561051964836,8.856142294413846,11.832482171468907,0,8.197037678427158,4.130318150102454,15.181234102064755,186.368989760468,44.94923590193063,4.441697923139378,0,0,2.109550223964717,8.715195528153018,3.8748336160474843,0,2.1535749966034654,81.31815155130485,56.326207104781226,31.35900181848829,87.61966652502296,17.665724081713453,181.26120694016583,6.888939569072536,25.684200172116768,56.1147158299752,6.509092366219205,0,231.776871046928,157.56066380845473,10.792111552820517,0,41.06990670440644,47.548855370819894,572.5963964651371,1316.0758490057906,24.613288964271675,0,16.832277610536973,0.21461426371697354,94.09336946521157,1189.4673594796182,476.2917924025053,0,17.669291556286893,0,0,111.83458429148384,0,8.533957242855333,182.08107060579232,174.27573067729543,8.926258443156959,0,0,0,0,0.006642857396714684,0,8.832703981349518,2.185119228979118,8.247617733893872,0,0,0,0,0,11.579081346204427,9.312259451999125,0,0,0,0,0,0,0,0,0,0,0,0,0,0,0,0,0,0,0,0,0,0,0,0,0,0,0,0,0,0,0,0,0,0,0,0,0,0,0,0,0,0,0,0,0,0,0,0,0,0,0,0,0,0,0,0,0,0,0,0,0,0,0,0,0,0,0,0,0,0,0,0,0,0,0,0,0,0,0,0,0,0,0,0,0,0,0,0,0,0,0,0,0,0,0,0,0,0,0,0,0,0,0,79.36487311308701,0,0,0,0,0,0,0,0,0,0,0,0,0,0,0,9.184312881009332,0,0,0,0,0,0,0,0,0,5.820382312092644,79.33330109598656,212.81850044200684,288.20246319198094,1483.3573523408352,452.6355554007194,112.97272965530564,8.398926920232428,61.60759230643095,11.445657098444011,25.628794768218327,8.925172404329919,35.620724007341835,25.648687219870013,33.01761981827936,50.336732733223045,16.136099236203318,9.928828942683445,216.57477873115846,31.92409526570088,1419.5289842203786,2729.586085227359,20.137609418710245,507.7507179349339,61.26009059965345,464.3526904847523,674.9809344746521,10.132234137947897,1431.1802641167728,1289.4446369514535,500.5574054370376,612.6019302096144,1343.2238183158904,3388.246772529461,2924.296789624364,4773.518929898137,1772.361497194562,1396.5406708055848,853.2674088926008,300.51884321130234,26.72121501165603,1060.4237533594614,9.99366828014022,32.071643400958806,9.84016063757487,5.672384965945164,20.14626446347967,13.33072845116522,54.358418536644365,9.938550141465974,535.9300736538755,278.36719606483325,356.61108874984836,189.63336445874097,487.25432407053574,843.9236064631773,337.67433725974627,950.6933348714114,198.4127250064673,421.64477684254456,1877.558633328457,404.581102619536,653.0217358171526,1489.124169120368,3212.4793650184342,1370.8347591674126,2256.7199111022323,2406.57520981389,3141.0764881961913,1753.5950007492422,3996.981503831388,2515.089946577085,10376.007220743752,11012.621856714528,8645.140524232587,4974.491488727802,2381.677941731687,1212.2764063356997,526.8333621305371,0,355.84066485747815,392.8449046909192,2709.434114279826,1424.950919268315,2664.0497170419726,2176.0734313086555,346.32530628413224,1104.3447001517877,537.0173687799003,224.40951965417818,607.9360054977876,1015.1903662996242,884.3910820997124,1427.4499078053764,2594.75767536483,3748.2840171396374,3803.5845519067143,1591.1549057610275,854.5953504836692,1609.2026546779543,891.57982037818,3415.531555713499,1416.2794896238986,910.5219945468278,1018.7423374687259,1386.3451846043833,313.2086462849781,65.39448632902312,161.33407035175622,160.1072272143378,512.4974136504046,168.93187566308498,544.3299973345469,79.37117688942352,437.8160929214717,1575.6880604518135,661.9683378933726,1554.251712786613,468.1483433541382,229.38117311998604,1091.0741244448504,451.90931658038846,1876.5010749792289,1949.6369868397114,2210.6940217059137,1663.1308840803028,1227.536704902481,1302.913531121576,85.55576153602823,1401.7067168973717,108.27719076413184,1331.4168002621934,1819.8951841103317,796.832786995103,474.4774515749112,722.125283930012,1878.3807065506985,421.05192646831483,2291.125829687762,2798.127269075318,746.1239356000373,609.6330533208088,495.4581452375504,184.21078294345043,5092.0779766892765,1764.9383809757317,214.06819192754097,5.244631721153158,183.36046084911914,30.913098714299387,111.0065486717728,33.106753377920995,25.718101965705383,33.22792513931681,607.7300838464938,1089.8935943780568,64.53424737928009,665.4028344765499,79.06373617969889,22.904295002699953,799.2152136855302,34.12151484818896,870.7572527625443,692.7556819048498,62.32158889306341,741.962039769931,699.3809080862688,1199.7361556153737,1173.8187637237786,587.8698518252913,149.12014473483242,27.386843527128196,7.578662096331379,755.047860474678,1844.483917994373,1886.2250330000118,81.10785826850794,24.777178067471112,20.210589529158717,14.954004892335059,18.620384508513744,15.271937064925433,797.0691774813994,180.20325074015108,50.7712234709499,16.09104934360592,26.434803139254527,15.282462697534667,15.289110304790627,86.30564740027206,437.6046764793997,18.264261194672738,84.50467424077348,256.34234371997104,422.40165750676243,993.568621026644,883.9748111029515,604.0173645523956,332.13716187012056,7.488898341321489,353.34521948464607,39.1751808346246,40.04962923927298,43.21684142393941,98.2974172470259,46.6695144527142,1063.9874047965934,40.19091274047283,10.378863192381834,8.889405602797451,768.4774917908674,3051.8430477426314,2767.497663416687,3032.975760039737,439.1499675435781,11.059989245809728,4.545258194360078,900.8503496359964,789.0797376238153,344.0137814469711,435.7062175167901,482.45052294388836,306.5792450939325,450.0503288634746,629.8480554070499,0.46253396225836674,1.1105026594615475,0.6194805579564061,35.12535541037811,113.20738111498497,0.08617365408168082,4.287948051214887,18.153333022320133,1.5454426014698635,0.9207664776802502,76.73663379593778,7.467066346147812,10.029318544791664,115.02430479588692,163.1589943217564,2.5905593186129545,49.1956279666635,48.522562432457704,77.1298831738733,536.2551225065565,9.615608758653904,113.50080876584093,217.17865443590486,110.27182102720217,107.40842909136032,6572.844144852898,1518.8326951338568,873.1072100705794,172.50364477468491,211.58865928460904,7.5994021400725575,40.341078613175924,13.070628108793462,0.9477620741053239,0.7071254143970068,0.8180490509960899,0,368.5276450244295,7204.13260567631,0,0.9890684790135329,410.1819895540597,278.0362394711974,778.2483393420472,311.88967672355744,510.30360377035583,215.16733557971762,1.8017386496821817,15.80707341842623,39.48648145133694,3.9363195558484345,4.96487935226616,45.495581536955825,21.795217689117262,2.1350009262963296,2.7476904041759767,2.2561192026321586,14.966611114122571,20.529773488010395,101.43497753925871,6.472881547901223,31.613066811457678,133.65313171022075,9.546895037263452,31.482340379140133,87.6555843010397,4.558513853138499,3.2864530386639403,4.623386551953133,9.143574734913635,5.822260822294123,5.944176420672982,5.8448718830866255,11.586422546538978,192.28927835415712,9558.10465677692,153.1551394488609,21.295070126408174,172.47623129244806,10088.730509502388,2517.17066922239,328.5947868128537,231.86889105330474,292.69955969541496,197.35769247154673,1670.1248621900102,8562.695130808945,659.0822979104072,257.3769485553821,7700.871573098825,326.61015942919073,224.6267265368414,49.492581980680434,45.46079977841867,297.2585395135252,46.79093631903054,28.439565382727814,0,4.2001571664160116,10.362802531873294,1.4584737386028952,0,1.5837061866792002,1.725835114726478,36.07737131472364,1.7894316753246986,1.619806164253327,30.296835418456837,10.342342041445917,63.36964231295521,118.52906140739461,1608.9414323803942,358.97120275127304,24.415054795002217,3.1067219824476426,21.545660177090884,48.607913309806406,32.43375616296833,4.633706077172289,64.45626929116504,50.727856272153346,47.07503547778711,39.064891730712766,22.42459508184209,12.163630420832336,11.11497745507443,45.16611930896325,7.780789965902499,2.953475347428103,0.8817201298655043,12.768918758832092,2.297889099858122,42.08764136550675,14.791208776671734,42.61832758785821,14.575347064159113,41.3587853995249,32.08214185961177,23.13351914940936,7.301967339064204,22.29860562788255,10.75062327111498,16.992347923871215,18.814533210868728,11.8602140412477,6.3628503075033125,25.215957050474284,40.289501174238296,74.31815849371674,50.47873724044239,12.23957747806776,9.56241105592092,123.36819759892091,1.2369492017662662,1.064126289652373,1.4950546185271578,15.422951494314711,0,1.2630302696854374,0,0,0,1.7494186738232786,1.0128768290841208,2.1082235433009684,68.77285711578102,23.71968231368924,18.476999159922055,211.25858664912568,1.4272980457108218,2.084723429905075,5.607413749450813,257.5802052873957,8.611846521893037,105.63756561167862,59.375479620814446,113.9179417361024,170.69225416893238,353.3984637832811,161.83020526074753,249.64164439888117,302.68323946981945,338.3921524277824,260.3959525988302,210.34619723586283,223.64945886683486,223.9912739519274,193.76704938849875,230.1336617968132,486.7792743144577,386.71516190235013,183.99359290571704,27.776817398050696,86.80070717903482,39.27593767179711,69.54636889912582,103.82953063054859,227.2266498937735,166.63867488925175,146.2147644492412,92.92543874627277,63.91579660508939,57.123354011817526,34.719439339986764,72.38654848692862,8.97478632467735,100.12728343166611,234.39643162749127,305.8555453457287,335.88783350772457,82.3805611845336,198.7554080312704,115.98481973797553,49.0020626317686,63.23068570655499,0,0,0,0,0,0,0,0,0,0,0,0,0,0,0,0,0,0,0,0.20674309874060823,0,0.09744269197909586,0,0,0,0,0,0,0,0,0,0,0,0,0,0,0,0,0,0,0,0,0,0,0,0,0,0,0,0,0,0,0,0,0,0,0,0,0,0,0,0,0,0,0,0,0,0,0,0,0,0,0,0,0,0,0,0,0,0,0,0,0,0,0,0,0,0,0,0,0,0,0,0.4860861653504329,0,0,0,0,0,0,0,0,0,0,0,0,0,0,0,0,0,0,0,1.5011151530268858,93.14549432581543,0.5481460463711824,0,0,0,0,0,0,0,0,0,0,0,0,0.32356428120516717,3.6490226448733964,50.615571708915894,0.15113143799547898,0,0,0,0,0,0,0,0,0,1.0773077810034195,109.43596745440249,24.06783151312231,169.33530773285548,0,0,0,0,0,0,0,0,0,0,0,0,0,0,0,0,0,0,0,0,0,0,0.9899524512866026,0,0,0,0,0,0,0,0,0,0,0,0,0,0,0,0,0,0,0,0.6174989838547613,0,0,0,0,0,0,0,0,0,0,0,0,0,0,0,0,0,0,0,0,0,0,0,0,0,0,0,0,0,0,0.010184962304818931,0,0,0,0,0,0,0,0,0,0,0,0,0,0,0,0,0,0,0,0,0,0,0,0,0,0,0,0,0,0,0,0,0,12.88544887990648,0,0,0,0,0,0,0.1314411981460466,0,0,0,0,0,0,0,0,0,0,73.840856269094,0,0,0,0,0,0,0,0,0,0,0,0,0,0,0,0,0,0,0,0,0,0,0,0,0,0.2084799786925043,0,0,0,0,0,0,0,0,0,0,0,0,0,0,0,0,0,0,0,0,0,0,0,0,0,0,0,0,0,0,0,0,0,0,0,0,0,0,0,0,0,0,5.982352212485024,0,0,0,0,0,0,0,0,0,0,0,0,0,0,0,0,0,0,0,0,0,0,0,0,0,0,0,0,0,0,0,0,0,0,0,0,0,0,0,0,0,0,0,0,0,0,0,0,0,0,0,0,0,0,0,0,0,0,0,0,0,0,0,0,0,0,0,0,0,0,0,0,0,0,0,0,0,0,0,0,0,0,0,0,0,14.950516634965071,55.001606068107854,34.67971615892879,10.052626125864895,29.127929800361777,41.43097582083307,23.081454274532863,40.751861864472026,81.45531566046382,44.97112436327614,85.20894248627675,44.80630819033681,228.16958942872552,143.18825309554197,108.46213356467582,46.75222484046868,54.20039110348403,19.519095864760292,120.82428612610087,276.56134075014506,116.4311729936825,152.27424013190483,14.34496914564627,10.45761052887721,147.45992729098924,230.22693222241122,106.59698570507011,294.88657088100825,182.94595586911566,477.07399344783585,176.55644361168348,101.68672677633636,4.54993884353342,41.60462768232756,187.30073736131965,127.37790728278817,344.90976905623216,118.07246635265713,448.8911912162624,185.71453225088064,752.8318499474917,755.411750567745,464.4486970327257,281.9352443029282,152.37998601885835,152.3688238971383,306.8862594934657,672.7291961818796,1592.1107875375455,1936.6451369128379,4652.244794325626,104.18848782882458,361.89237390952087,465.3303033064583,542.9450086704138,927.7039811418871,1712.0006044792342,60.36231320318285,67.78300210984276,13.647057398670364,48.228222697330594,264.48148123521,102.83503397824886,1096.2590373780677,41.16922151039387,15.86647494596026,23.014357782394008,16.576972445657397,168.3242193727518,96.42502757562617,5.904716368425437,1.6621042953470166,8.994525425142594,69.9537480520667,9.249883583264591,52.542985164664124,53.48587248690425,128.23393375097282,184.30212370686434,447.0672186127024,871.8198718910083,1807.8971812051716,2688.0370796510915,3503.7092374874483,1995.7503984556893,1104.2970831621287,269.439603553806,192.46864925273266,38.64295554557826,27.34640371078502,9.567735323607643,364.8706268529179,346.31968592201963,23.0287972939377,91.63829368334933,199.2364836080388,4.803800804839463,71.46810844577004,102.35468462511625,35.380119867987986,12.62751566386595,41.63611777608279,43.07047726343376,23.897197150605226,20.660921538060922,10.713677910581811,90.5610047293075,35.35955440184106,13.046918563142752,13.74602337849141,498.47472748274254,11.57860240857463,8.1922390215595,9.81161962986265,19.8924537226182,3.263971706988042,3.1683362564183986,96.72876066057597,2.007815110390717,2.391759457752432,3.2927319113001907,13.510000335526552,27.751699311280518,366.04819605435836,216.2655646750081,165.33910950346348,26.52275666655194,18.189760096470135,4.883057952663373,105.88104085652833,706.4603266497328,263.569381890621,12.228138590530197,12.17761029493352,762.3662995577016,17.19013908703284,1616.3523328392337,437.63988993167357,1811.1263857721785,16.746658577462412,26.89004873772511,3.09862891333262,1.4832092301626911,165.12205551415175,2.458265114144879,22.23417461470316,8.87286378419021,7.511974258819547,127.93714523134413,527.0474416619929,1185.9382066729665,1054.1135701994533,155.20720512846677,500.52448256103474,0,1.1433575197830292,0,1.144160425808604,1.1681677566359658,1.1407125825779874,1.2126435106825655,0,0.033582623153306596,0.45064991634861223,11.054804329871226,30.493637228986017,7.229344922308712,2.0980725237356137,1.4084339194104238,0.5565048052590775,0.02754885072415795,233.90577816267535,3.444809858587389,62.55428755320418,779.6090129791654,2.685657528458997,5.254795576930222,4.0328239275365,386.2824808360924,565.9978931290541,709.3513706157987,273.5449551320785,99.89951330488921,222.02984430604053,873.0406076301637,48.62886592488302,699.7832891358364,141.71123263025166,882.9859756897393,1126.5551294418767,862.478282378947,1332.087427294558,534.487272426741,544.237381580719,193.42945665545153,1918.8266670352712,7318.956397327553,23460.87725834102,1777.057649394837,66.97794475605832,108.7851205545361,8.94943945605547,12.271683708067414,75.35459583058616,47.07758670290948,172.833949106874,255.90059674556042,263.1085324984731,33.40474245692622,111.27125980630134,1575.993076399585,19.08095317890542,41.97115093974891,7.196447544291874,44.02678880248969,196.25722261114896,216.21596878411637,99.25408161860896,32.97358119425673,19.29415525232805,106.26431340366139,43.29022671761009,101.07771482621345,26.527399061123702,10.129509231840592,161.65792615598204,7.628112608547296,18.322627604457608,45.843771391548884,41.80596133503098,10.411855411636711,17.171343860477414,57.071462932032006,31.926862064708992,387.2868177537814,76.7793515492979,31.392486445113548,76.56689966198901,133.66526786475927,27.933796861179662,2.3446332337843416,2.3866624408511528,2.9179787734972287,3.052111157522582,8.913078546844758,28.10476568790732,13.925517265620703,83.18023387506685,16.862463194915257,12.030134893207013,11.97691538695993,11.974843735060253,11.220000398082545,8.760583398860657,62.281096000062234,58.02178938567747,6.157287626700255,1.2798377907919485,0,2.022165683373702,11.863202930934468,55.88179182433697,39.59962706282804,15.165235012399805,9.58861998995064,15.331548808200052,32.078297114752345,27.725167450631588,9.681377123625959,9.467692034819917,10.382941005830576,8.879480335434671,9.335976042359897,0,0,9.177030466726519,9.298511859857538,9.55856346637016,9.521988228479938,9.529516903818765,9.2502857073207565,14.187701124276227,0,0,0,0,0,0,0,0,12.971997748531859,0,0,0,13.154406525978105,11.369899363420563,13.390264766882655,13.574859840115497,14.527513779341813,11.12668381075511,12.896358993463569,13.286934155666229,7.615418558765523,7.60666221501642,8.313584921495758,10.415514065104393,5.920040830308387,9.754821214102563,9.680887950516569,3.576502844783972,8.425962668967028,0,9.369600039656808,10.047352030868518,0,14.007860106486154,8.846432098889926,0,13.19244255510019,13.857745448034873,13.513505078743243,13.496126659885688,13.309245568744618,15.945829386895232,13.76741772368716,14.232821877160422,14.109817055846788,14.242720667221109,11.504636910027076,11.946703931256707,14.136769669598445,0,18.487738525728492,0,0,16.470113369441908,15.87591628646088,17.21911726228764,0,0,13.343657870999284,11.699185845959507,0,13.96580317180884,13.556161637976755,12.960769555580645,0,13.904439956570087,13.25720224952141,13.032313569077733,12.858263254072831,13.260275369609035,13.260275369609035,0,0,13.215142632976741,13.225581031813574,13.096671195087223,16.537813368890294,0,1106.255104008862,12.794653562852723,33.109503329380786,95.156009416304,13.649911032343681,14.332170303162199,14.18909534158623,13.7673259247143,12.13964086171648,12.311428892311286,12.45581719572713,12.391323428163602,12.451127163370113,0,12.097202150892038,12.447250565174263,11.954329533599228,12.514999901088808,12.236152064393764,11.806457983062229,0,28.208572528962772,11.856418404446657,11.86338063430682,12.061658978125859,11.91027041215213,12.257198320737277,10.93910762279208,12.429052781404712,12.94294201968959,12.290991098825769,12.682111163577364,12.656726259678864,12.296104339751917,12.125569579123887,12.582093435971306,13.903284638977961,44.18227075338681,83.06930833635283,18.631689086783595,25.209688405391837,351.0215200014806,73.50865000802644,1.3105749453399775,4.413449691260373,147.88100873733606,81.24508274363961,170.70972476882537,46.37222141229437,68.34795033671332,45.698463451193554,338.7359596893249,68.86819741461703,84.16984199020172,1146.8066145743244,1590.823850170704,22.02307890866402,108.69583075986216,205.17423598994225,12.60994152608745,6.784446993490593,59.15862113056004,19.219650840223988,36.790635752991236,13.68336104821859,1.7342735375951126,0.6403360308896902,3.7947856083908915,10.261991116741983,84.91453466455043,2.0826291230632057,0.08160881832741847,9.058187173215927,0,59.418100608833825,907.0341549598916,92.71941042830109,0,0,211.64262616313485,85.8807319028058,766.6381964772316,726.2017246639136,310.6763602245293,1214.1797063405943,755.8755385092098,295.8660076906095,110.54991224541409,80.59980469816246,224.90213623451749,2055.1974667493632,1341.6070281648529,290.8925229250448,0,1193.6464424736591,185.87199926746857,107.24996529293423,50.017756883459384,177.39897302249418,8.366017143700626,327.3075339279175,304.0885989275072,348.6555555137991,119.01126688908857,100.3178445890601,83.49557886997995,106.10410910248704,479.7389440151536,121.66814812683982,81.80799149154647,121.50717178175361,360.6820557858476,830.3753132691783,1219.4419891289945,202.25086706613362,116.6195325823241,333.00285415545363,784.1485471278955,240.98173282755695,103.82736706503623,158.7215505715017,1111.8111863610256,158.2772507185673,295.71408264987525,22.415189490384027,138.78836528063545,105.04592292105373,41.258012431120065,267.6296675268253,30.020669719908454,112.79784612580298,63.57559835536887,166.6636473404397,358.41698018215106,1185.3558334150293,14.88690945871521,110.7837965474159,132.99793948147845,167.49444692580568,309.19463963838183,135.3428837145614,130.14529635258373,120.47052264817584,157.36666577440005,361.80336304656083,386.75222379406586,1034.5267141228294,332.9884883759363,164.98477138874668,214.0695353677778,142.9317196203697,672.5200930280015,743.7416668646206,80.22039767329957,761.9569529742639,1611.0396776360865,654.4372629138677,1576.803624696892,1859.1522875748065,671.5828306434224,159.98756680337328,930.914771715415,832.9426674566655,736.9130597126328,28.832604650548927,777.9432936849474,210.39641763865183,327.85170273598044,1448.1007267675345,478.21082378084606,582.9811984004604,1497.5119736345373,329.71920801698303,210.00380639635148,106.94616525353388,382.95179645952425,226.41180125579012,48.44012653777784,50.31473938874639,284.07361311863895,311.8997679895855,147.09366711866886,114.08475239769805,546.0632309317468,948.2246345512087,83.7319360394157,67.36713110273816,314.63284469726136,451.0493435361737,372.0260332846527,272.16729030325064,845.5813557179786,146.63667184898094,673.7203648075237,213.10348697776806,29.454283966896313,0,301.5293987620111,285.9655299136835,211.52656847358003,122.98040046405963,64.931935810631785,178.06291687793663,189.89939835467607,106.43065679399821,51.86980563422404,301.31023309705733,1090.4959954780556,209.11909869015588,658.2394481594989,145.86497693389512,176.49841294512953,360.59873913339055,199.9371781748739,317.31763265223435,432.5365311358537,102.90049686248607,380.4026259069115,165.3588787157092,122.62427436392998,34.95414960108441,31.44302812713086,174.21189722282224,2.2076909580861237,126.31496623121727,133.8816282070882,235.34866608071758,354.1373647354055,48.03789021677125,595.0449156324906,635.0746691951005,189.2174627337258,108.75095331740158,148.2157186031345,60.345467321745446,16.731164254662367,11.157805192244878,32.42848686482536,19.619550283259688,121.79727348882531,51.64170598254304,99.99237038685916,63.56684989447274,302.68015951113296,490.0317419164338,72.82832618149858,93.03035552074951,219.14081324211597,30.71453836859246,214.29022040026342,143.156835652535,10.481738186442493,2.2017742761187344,27.227123084344456,36.7659743907162,617.685860930505,2292.191910329333,0,833.9922799964058,228.16173903666265,27.125635565211304,825.1312930622584,0,627.6462443478885,70.7644120902559,52.53065407892536,0,0,105.55559059281202,58.95036106346214,9.540079644953435,5.88156922374327,48.06789699406804,104.28981842467212,1.0822234191354274,0,0,0,0,0,0,0,0,0,0,0,0,3.8400702150675388,5.661310366594266,5.77434421596383,5.676387678724488,5.661310366594266,4.495847556996891,6.034043733288438,6.395239115771601,6.118399647630265,6.393184462790991,6.909819936258955,0,47.797889502569184,15.050234589926557,0,4.0171144310160605,0,8.982091089290785,23.442632491485405,28.01558610656199,23.362722950139414,23.627215959985307,0,0,6.700250676523822,6.63135776558303,7.895999715239067,9.986768685707947,8.411344632793275,3.7906432367764156,0,20.777732630114606,20.0740908623774,0,0,24.724547003894514,18.249785112863012,0,6.134683773376088,0,8.501107381515174,5.025852965273303,10.081082788207663,7.035617846252221,4.35925567622619,4.0054307311224475,3.414269150174855,3.701902144190793,5.799693458761568,3.413216363116636,3.366222106584168,4.0557381199680895,3.1690256287917666,3.944604794751094,59.66210758877319,0,0,0,0.057371812220421134,2.9581981021388923,2.9604402294682934,0,9.776237073656565,4.930824789312396,8.835982863587155,4.807105925140999,4.914628043706187,0,27.856315036160392,0,0,0,0,0,0,0,0,0,0,5.682754426323174,3.8939375072694165,0,5.763342681478229,6.557589600285858,0,0,5.016305466217714,0,4.546083159360293,0,3.684137146721493,12.774052511169653,5.202998386047186,5.579567960991887,5.382223328170647,4.015743901216896,4.044119626088884,24.910275384631134,5.416886915109776,6.204127095814019,0,2.1556928021191486,0,3.294823369980794,0,0,3.2937248208736483,3.4590798402881835,32.131810483228506,0,38.9020245383434,0,0,5.352928079268708,10.216703999060563,0,72.28311592500869,0,12.863464859995082,5.413586660531986,5.759104632990586,0,7.0925750741770965,0.5030266773936569,0,0,4.960926773784004,0.472262679040344,0,13.754966480979853,0,0,0,0,9.172916150850542,58.76920072035021,0,3.857939923224201,12.861880119875819,0,0,7.274153517783964,98.63335724778442,0,0,6.850446406014028,9.517328972662105,42.08580293464236,39.048303413952986,36.249328349343145,1.5221569158496653,26.173187294219876,12.123216139227143,0,0,0,6.8404100699497095,0,28.583244785604467,6.87159513260272,11.9411324657483,78.34908705848878,53.77701045878312,102.76174107047719,12.928190837209499,12.11821795019382,13.895114763258203,5.8373203587045035,14.294236373063255,0,8.995695932821047,0,6.890492469639017,5.104831691496376,6.288131833349389,6.115142922975579,6.36427200045535,11.003072300549492,60.479471169382066,60.032863948683676,130.84394933545437,72.90509846386084,198.57626490576328,0,131.05149177128715,79.57743918256365,4.693510393808189,10.760229257587602,112.63609485188823,9.548226109592754,50.151457988312984,8.556193937507585,0,8.976919223524632,117.98506300828367,8.144115944390371,9.539291391201168,0,10.541017507399642,9.478962330424809,111.28435335844839,10.25303465714906,0,170.69720848950405,7.101632784234749,284.7551331993266,10.518405746545193,106.85673447595171,9.771390821092435,99.21557228250771,99.42046910483586,283.30928981332636,53.71254736661528,34.986299956014975,11.332189399065209,9.55720546489817,10.702062753516453,8.181359443741737,7.436469529379486,0,0,0,0.9029327742186385,0,0,10.839778985458874,0,9.127154280055658,8.393266414712025,8.893104771306701,0,21.09647123465216,0,4.145693213591454,100.55662698558757,115.7731979864007,0,107.47251556833201,124.72501519787284,0,120.49618857452185,111.65653939238014,8.766097429062821,99.35650556195368,109.89935303799598,100.59576196447156,0,107.74794070507117,11.558120840841772,101.08890153099186,8.755584764236593,11.817019053447995,19.589175986006463,0,8.896406535958844,15.570233171380961,18.032575707261454,8.84926074559325,14.575144698533927,107.44238344454429,0,10.699513734764244,0,0,0,0,8.791496428680423,0,9.102386564645036,0,5.835106588856973,11.965674796382823,9.952914312379534,9.425966398542545,0,0,9.586040042777993,10.463670362037265,0,7.949294751662024,12.560467230089033,0,5.218096605342057,9.904838019401021,0,6.993167830888781,9.755716170737891,0,76.20188249862557,73.25497613203899,6.228080308185071,0,0,0,0,7.900541203098174,0,0,0,0,0,49.1166776064523,0,0,0,60.22405363652287,0,0,0,0,63.36623226242175,0,0,0,0,0,0,0,0,0,0,1.4404083933764502,0,0,20.84968312771652,0,6.268310730581432,0,4.376703011182861,4.062588854398886,4.179474807847835,0,0,3.9538385114092534,47.827166199545715,3.456399593248442,10.825969305716233,2.4013162659777585,0,3.080750800912949,0,0,3.3566616004037093,2.868780315913962,3.019637937324126,0,2.8183602660044325,0.6691690704373943,3.030717866393813,0.5394816480952384,0,16.913452120739173,0,2.8602483289500276,0,104.43620273721336,24.308403767144586,76.76759975218891,23.25789954939985,61.75285523799738,12.863609835183047,0,18.880860569381536,0,0,0,21.752435797201848,22.017177229531953,17.526815543573697,37.69299247619808,0,0,0,67.92579966106801,0,0,0,0,0,0,0,0,86.46251186196777,0,0,0,0,0,0,0,18.129225870122433,0,0,0,13.0131590311519,0,0,0,0,0,0,17.832379246005388,0,0,0,0,0,13.793798145324553,0,0,0,0,14.31860370295246,0,0,117.6121441530183,0,0,0,0,0,0,0,0,0,0,0,0,0,0,0,0,0,0,0,0,3.4939232684374972,0,3.647171925596549,2.518167435955731,3.497213561219502,0,0,3.7473216592232177,4.117105094578803,0,0,0,0,3.446258198243885,6.279828749886099,3.2770420415209585,2.427505198634375,3.662362689107899,3.262809773442458,3.4954924561489915,3.1049798599759,4.305926306073728,0,0,4.579210763599931,0,12.51457789553701,11.588771751369375,0,5.914485461676322,7.846914487040835,5.676993829661037,7.448230089437956,3.507780570665101,0,0,1.772269683242237,2.198511840881999,2.8380297046682332,3.488842470152205,2.9953400900554374,3.467476001318624,0,0,3.788411195735369,3.2654034820183013,3.4840709543417105,8.268820491625,3.7185476358622567,3.287435770548036,0,2.3918176247931746,0,3.088346453842873,4.05805916652959,2.2762542145504563,0,0,0,0,3.2103242572576414,0,5.89373497632747,37.32303598310797,16.669934938595198,4.947703354802486,0.9760470423368698,5.766815081346342,13.871138821047472,2.4213182368867936,0,11.084012451302357,4.289808324463148,26.215331873125177,13.601809754361163,5.197902335118137,0,10.09539634894059,9.267525500247402,7.267325149572994,110.62374761116136,7.39502355777375,7.175588297944526,5.532787079002498,6.798175045928062,5.336350299243451,4.086720048386306,5.998075053219343,6.160813524833096,0,5.470822198561334,6.386610291436739,2.956315167972181,7.066573071116163,0,5.7570498465417295,4.839154792305171,2.8966684316531284,5.586037435501325,0,2.7370325839232197,17.213931323817043,15.60133757156582,0,0,3.8798193501018563,6.074300332576062,14.197820970062931,13.98303074196694,13.13725570072099,22.460978527511852,32.992757522209345,0,36.54665263809107,4.38517228229669,8.212467142438042,4.915720522743789,4.978242288102111,3.816149465024321,0,4.702255574103979,6.029295705939932,5.033368707249022,3.979521694763707,5.026163909352109,4.583865130849125,0.39336543587430023,11.28269121476182,0.013320847712609728,13.702864691783704,14.476361924352737,14.671945357797165,14.506984023885439,14.506984023885439,0,0,14.541328347945246,14.587862722681445,130.86171538966195,0,13.608316322324495,0.6634824351891727,13.764632190071787,8.648470573467952,13.52340026364348,4.405915387262898,3.9719426253236656,13.280669668968114,3.966979397807154,3.0693588614676766,4.3126491201500174,16.075823018936877,3.6741222886648774,0,3.796503169692101,3.2887863676695606,1.2680759709738667,13.454299441139229,9.3365850965600945,3.152196022408676,3.138152762933029,10.31140230895868,3.209441219641612,2.1526565767164634,2.989827145907232,2.9783588470458655,2.5279085218771744,2.8780982552386747,2.7891869040122503,2.6239346342158525,2.625929340883361,2.647711638908309,0,2.89392817530669,2.8831075497218186,0,0,2.818336867230182,9.361319806054512,2.9536353143867116,1.7083938053902805,1.8657387901566456,2.982591697555759,13.80478137717457,17.205487303474516,0,13.673000234366565,8.880670815502814,2.415099663161139,9.575412788821618,2.234342130632657,14.007678825158637,2.7913957255676967,2.226669956623875,2.217349523567191,12.283690712918649,2.2387841680370664,2.4812092603478666,9.739773418580116,0.9869803455369173,2.2630418157903267,2.0168120299291044,2.130798976210358,2.0221212237055997,1.7054145875399662,2.0175944005072286,0,2.1501803683309713,2.1048531027310102,2.673620151681088,0,177.19083862748084,0,0,0,0,2.060612754869705,2.180721264390108,2.1853012869704633,0,2.175310954185123,3.0797668057105563,1.8208786166364785,0,2.4430914094299174,0,2.4653295344621253,0,1.8626079018915598,0,0,2.1737922258740303,0,0,0,0,0,1.836983552269246,0,0,0,2.6620532805519397,0,0,1.481446497229412,1.6867897604452604,0,0,0,0,0,0,0,0,0,0,0,1.1140273427719019,0,0,0,0.2546314550139242,0,4.378693135544691,1.5801368990356213,2.384109873854372,1.1565455945724006,0,4.877632866110703,5.661438159052943,0,0,0,8.570978570387608,3.5260881912104813,5.8493240344255515,1.8489160830634506,6.151008520678065,2.086699255357023,6.063735326120448,3.93186145467283,3.675004684619091,0,4.721714691269457,0,1.5406899180729559,4.011897363565396,4.331381937623462,5.497938315024215,1.6653899313055696,0,5.2872815640761,5.453115226908146,0,1.8963270456249988,6.962199771933151,5.83110124678712,5.812096122016027,0,6.156238104896149,0,0,5.519335770169937,6.101575497418994,6.147702343819794,0.9420256475607801,5.480618480497371,3.7929971246537537,3.869172255497127,1.730320774583108,0,1.7040251046624848,0,0,1.6865421491614554,5.29270992408914,3.8275636173784258,4.29381377443155,0,0,4.108548122029646,4.186913254707904,1.0262579857681968,4.264845235399626,4.3683865253513705,4.605775009833967,3.1928485721617483,0.2080613783227693,0,0.21433518761216427,4.0745625373283385,4.779285292308587,2.2560569197403026,3.5172007165529324,3.9301874553497353,0.2949725328578092,6.598157210411654,0,0,4.116510859948955,0.5294142775105064,0.26356949587076334,0,0.9137729148437359,0,0,0,4.909606616105373,4.580238330036723,0.7744622840006179,0,6.78482708058157,3.9135229994142158,0,0,0,4.006840275070703,0,0,0,0.4983260426500391,0,0,6.867938095120659,4.0083339209928335,0.24311644355831388,0,5.533476102027199,0.5229137872316967,0.30522024046137225,4.9819303369084365,0,0,2.048344944198275,5.189871145914249,2.446610604267474,0,0.8292025030349591,13.479547488490418,0.7837067270708792,9.623675576696892,0.8039864460276627,25.22827027600067,1.0077745853030236,0,5.219551798267363,8.540427540843352,0,0,0,0.7854471190771987,0.7910352084862645,0,7.595221641721615,0,0.8244061496215978,0,1.072245215046837,0,8.491481367107847,0,0,0,0.9991157606660239,7.728320248087032,0,0,8.503669085330023,6.523597186572108,0,0,1.169543447276757,0,6.952714232120099,0.6586947270394502,0,0,0,0.8061679925343701,0,0,0.6865538426350709,0,8.217018540087828,0,0,0,2.372308249752328,0,9.808858924671286,0,10.401169500020448,8.64309216461001,0,0,0,8.66202520863576,0.545580119038132,0,0,0,0,0,0,0,10.149064234817768,2.655374578705599,0,9.119988431917948,8.567158257229716,1.395151576489641,8.250806883293741,2.62557199392544,0,9.12569260859117,2.754548332271277,20.253455062382212,9.309000273473835,7.343146695216582,8.161025169238467,8.938377778574734,1.6797560063471397,2.918051328645594,16.676066168185084,18.474715201936874,19.452270734093123,18.064064486790382,12.891719317949844,12.747843724217638,5.739914489125065,12.747843724217638,14.479986745698563,0,12.796095824593907,9.200834552396664,0,24.94406974303294,5.029628746358916,5.353311717947311,4.2161276116742386,12.719030354813125,1.8017552948993514,12.719030354813125,33.21466774608328,0,1.6425708305567142,4.700795943695597,0,0,0.3013202447116114,28.640127682817983,26.518135123777594,0.29772085963090095,10.76694017849468,0,0,0,0,0,0,0,9.640197820390373,0,0,7.332981415563372,0,0,0,0,0,0,0,0,0,7.377583266717875,7.133091269673083,5.575615190187058,10.69111940050838,11.168019433115441,11.47299077878017,7.557391327795122,6.504624804599144,7.557391327795122,6.3067152382715985,7.557391327795122,8.010909010291346,7.025960557445028,8.357388235044764,0,8.357388235044764,8.947621596950471,11.570026767682197,8.545327551496678,1.8078217180557543,0,1.3340759400188245,0,1.029666666795456,2.1310679925831275,0,1.7604867691985504,0,0,0,0,0,0,0,0,0,0,0,0,0,0,0,0,0,0,0,0,0,0,0,0,0,0,0,0,0,0,0,13.677709858180643,0,5.101713021698641,8.70586053681455,0,0,0,0,0,0,0,0,0,0,0,0,7.67529036394054,18.588413912254484,23.83540329432089,14.071681717867536,3.6327718441545547,0,15.254477403953402,18.175231246128234,12.255672078799876,11.808224917148793,16.99638689956539,17.61603003300534,16.378437309800468,16.70906637158536,17.26186165416402,22.051494212248624,19.194559821800148,23.618489349688705,0,0,0,0,0,0,0,0,0.6297225401640216,0.8049869021082611,1.512566872899303,0.6498999908204632,0,0.6038148665517742,0,0,0.7782106286182002,0.08756275646657156,1.3934804982553122,1.630554541892098,0.10250311844161926,0.946368750908243,1.7402857263517726,0.3270087148863598,0,1.5331150158639995,0.7037675084211439,0.7705036052325962,0.7492985275142169,0,0.6840302976004969,0.7091366563606394,0.8647521437666822,1.354522929060364,1.0430246669621714,0.7939385946902561,0.7942718264746587,0.7807848984020271,0.7530731049535123,0,0.9334721461771042,0.5518127064691114,0.5460833850086654,0,0.5817011501924052,0,0.4583413452530023,0,0,0,0,0,0,0,0,0,0,0,0,0,34.64055458212134,0,0,32.60046116297086,36.26104570788171,31.210197726860798,31.078763536100016,24.687712651039156,26.560651283697336,0,0,42.8427861577623,37.282157145105145,0,35.33636602881551,33.615832176121835,0,0,34.742892187118535,0,0,32.269401654270105,31.358679128456433,0,0,0,0,0,1.3763830547448153,1.1578516722809664,0,1.2738090962432582,0,0,0,0,1.104013314145867,12.141791868310504,0,0,0,0,0,0,0,0,0,0,0,0,0,0,14.200893013738032,14.632717422531814,14.545802244967351,0,0,0,13.825696952072414,12.964787390629311,13.083237188409566,0,0,14.369102769452896,0,13.939071304602615,0,13.059428019407889,0,12.724954897782453,0,0,14.666830553298558,9.923350495667508,0,13.532292144690226,11.820233964710717,9.098598638861569,10.35519412114412,11.51896076641479,9.201441924245543,10.546742063280423,13.136525956824247,7.675609779467424,37.36776784811649,9.872683740416047,0,9.615888834552077,11.504257365985644,9.125417667527074,16.93195605743681,9.734300638999986,10.486590174674424,14.691039682550779,12.257340257208247,0,0,9.940203336096891,12.387562425498919,11.328337256127673,9.167278909890188,11.81959557105745,10.390175539773061,0,2.3190407143498906,14.092256606465122,9.898792546439365,5.691409060937153,9.648510312698212,0,5.691409060937153,15.466745303978398,0,9.202369382225314,5.691409060937153,5.691409060937153,5.691409060937153,7.7805146731177715,0,5.691409060937153,11.150487940394854,5.691409060937153,5.691409060937153,5.859249046977175,5.790629718912413,9.57908749550238,5.691409060937153,0,5.796835029453228,5.272575184732013,5.802783893410364,8.601662625675681,15.454497347826527,0,9.259979953258371,0,10.14137576611497,9.105693718631821,0,0,0,8.238519828187924,0,0,0,9.03742554259359,0,0,0,4.9389678397033014,0,0,0,0,0,0,0,0,0,0,0,0,16.810916649822317,22.343145540109127,0,0,16.810916649822317,19.384127054782045,20.547095581866813,23.29498243850386,0,0,0,0,0,0,0,0,0,0,0,10.849415595898721,0,12.717068333114515,0,24.3112440885782,25.8242630838264,41.6154094088417,55.289438709437825,48.96769972095604,24.442455000174952,0.7614457352314753,8.022708361493008,0,7.53598716336035,0,0,37.316430614547684,0,0,0,0,204.24963724238697,915.7542782808656,175.15249680381183,4.999177421386193,1.1220401093397414,0,242.42537005889886,28.350481933193656,292.73191151887914,993.2516802596591,74.92218595311203,3372.493899199508,225.97930983502184,3907.593219800428,140.17464762678966,1110.3462671030418,934.053505584667,16.752584600792694,13.919775764656,7.619315700286935,53.955508917170235,10.623568372459054,31.488953357412008,34.29458141048102,99.75620660717813,1.5753669666885837,9.944912458669823,31.27624858209215,180.79677715772348,7.145142960180745,4.787741024305358,14.208954754989938,11.413955602287652,14.752611177661429,126.66067960150846,116.47170804628175,56.05607947931765,26.076539050274068,61.942309094826705,201.77519778799228,127.20569827112678,57.38499456021197,28.966089688922104,62.657731969285514,355.8979142295755,113.93859475878956,102.74240834031826,255.23440692838403,209.61641281763394,121.2407532344177,106.10490859727437,74.008090049064,235.60182892432294,29.380686085131643,158.12775379145674,121.3031494467487,337.5793017725497,49.009011870769186,66.96842249639185,255.63421684849294,11.399899127075486,126.01067432516469,166.38849304769008,32.587659959777426,116.5210488157432,247.68419995434732,134.38179727420663,118.81434645026506,219.98451946943248,300.716673357583,443.4637187139845,594.1618528152476,1273.8633805018028,52.498386264650534,212.283664420688,254.0211314577072,478.7071592908651,710.8285493229286,16.24972160195327,84.57580911564986,265.5437776713266,157.0837587142506,172.96311659169402,99.71339552965004,148.75262374774934,272.0366675582318,229.70412530340334,10.031432160049915,9.817807130011609,50.264631620768455,225.39010126663695,74.32509028628981,11.634746966642593,80.34285764122146,1715.3377736737855,503.27679587687504,58.740044408580985,177.84734898000397,533.1781921619606,511.54073070214145,821.2829140761271,200.13667783266493,3546.856851670364,8943.847571765147,13030.746615537346,2266.947950046423,306.7300660957136,36.27008808602702,157.2170374118057,87.04412606739776,525.2361144043327,322.43596198308774,420.58608597919937,1965.019162829487,13.96865627252924,23.134770263912326,5.270627712383428,3.9052909380903618,24.46686623803979,70.26185525673402,61.518535995126705,64.68118114784828,34.44393842678151,14.656687017890562,81.52659991295941,19.804334599841162,10.056513884327748,10.707322132433132,20.767329148680865,67.92169527502503,12.994365936481701,49.72586325684412,847.453541396876,9.699578735892466,13.797967854562181,41.47010172212876,6.153115396579643,54.78948725380248,62.851524593680466,381.3011081416422,2758.3830663289395,197.6757389810398,12.041377929558015,9.889098160778019,28.924279460987517,13.13679432820952,60.29203438992354,29.76297708499934,70.8121280940442,56.577701727764335,43.37899827289416,31.239590141984294,178.39320116035734,23.284002965412686,3.684764367463628,22.359709835483763,75.65166190306738,1.4548169371040265,6.362248590215293,387.43913043013026,3.875721884685431,1.374681901825806,1.9603396969830122,34.40955203357703,1.5155330546197217,3.4610888564682782,23.417215307611794,2.777561308142586,1.5657244270370863,20.313643015803862,54.362389462421966,27.183979407543035,9.132875991049541,16.040502739334435,30.862858719595597,51.17388597466887,2.413483341148663,20.209375156887802,56.015867198985546,4.2105855321176495,25.292125369681465,1.986318762631626,51.11994218973962,132.0785784282666,104.52775134105606,2.548408366395613,82.24905619912053,150.99721267328005,148.9619224818089,183.1191491272086,203.97599773544516,231.75467079990602,165.21844092316263,121.14395269951599,17.883778660927824,14.172697889757364,52.70646181665291,65.65892982374434,8.006266878278678,8.22228948061101,56.98869542537325,103.779118533201,14.552462649415617,9.865454293569833,185.1563591160919,236.99497879396,360.1010998986464,8.403736134441372,1889.1230813878115,5.718521763416021,14.762590203257563,13.045193611760773,259.2395294114676,35.500711930122705,27.546963410643677,43.61014395760535,32.82777338703599,4.128451205677352,7.613950052574296,3.742873298829201,0,0,638.1874562973788,13.137075459178126,10.489355867677734,945.4564336707095,2609.8342089249936,1719.8928784771877,5811.5526795708965,9216.210892182295,12537.748001187316,1213.0022667707872,7417.057739964616,7336.764797259776,2417.2298015313095,0,644.6337387508427,0.09747439587747608,8.624801676226696,26.56233756591647,10.938237294233408,21.239903716784156,32.261836876441436,45.2103820581992,14.195362188739638,10.741447849937426,19.22662708205822,20.177900616806987,50.01267631138026,108.68432458450651,27.66459220039522,141.77836453886675,23.174644507376684,20.89944930656208,17.937812507064113,32.44944240867063,19.090164285059533,20.965425206336924,18.418621128130884,22.03116930510157,20.23175372826518,17.718173418399257,21.80890152656613,24.257414198645808,53.605433203421406,20.327347548366923,21.985976346756452,24.438995095903337,26.48866412970494,27.227505567605423,180.40161928750112,3957.1745089333467,160.7555403342501,11.919267952802176,7.668032927936643,26.800260738399984,204.8364103761864,41.05457557365547,40.40414841353796,570.1294993768989,1742.234880535694,11933.405922381442,537.0959605657957,6718.054105214655,96.45928215962913,24.060361667325715,91.81994937127197,25.156669462032156,27.12109474174619,30.516012729473427,160.9555887669308,15.517375156631221,19.671877648836485,27.23033018008875,25.806888207559965,25.82885107164132,27.005672759494782,39.11575482976321,32.412530562533256,150.92503256285065,2680.4614327883637,684.9757661650236,63.57723081300095,17.195716351280307,28.347176023480895,15.58922389692595,10.945060970159602,72.63137210431742,102.7715666015554,629.9677518875777,341.9645234503938,7.549692913376187,61.0216318020132,9.612320159175985,239.44490746981157,31.103761751042974,50.86593776286506,1.073514500323901,1.3891460484169178,1.0066228550595104,0.507920700483164,463.00272515738044,17600.698630814415,129.25920528311556,11.191637738741607,709.5266445509642,465.34717184011896,0.3993756313562002,98.9704002575194,350.5415688420888,470.64321966515263,240.5649890639588,167.05725242945263,40.33698930190299,0,1.2051540133397574,2.792178195147849,4.77454823856455,5.924648895920961,3.174968354071119,38.840371379052584,10.245153229217491,4.8064393204155165,3.4085985282203386,3.273096968481013,6.897550432988993,3.5234986752626543,64.24529536456575,5.374947060476573,5.541781520811123,5.8324461993163625,5.669555199335776,2.3648702488990594,2.299362889756042,1.804076825669971,31.3378848660327,44.69484023759322,81.82682544912058,204.5049196118725,1423.908916213357,16.27535950402284,124.09041561008975,16.53012439914886,105.74377190057778,269.80335194120306,436.7829451832513,220.12593709299358,238.8683320384264,156.3572642568753,195.75973738265637,112.79960132731368,29.764741954061616,105.36201176148629,775.9050218128004,35.96353716003292,750.9281270169988,415.93201252736554,662.0671357420509,24.217533930295495,1011.013246844437,125.68284260988999,462.10958423837445,2890.6205541207587,992.6974782782853,1417.9044680961385,7225.991345552153,5761.150073695927,2130.964942673358,885.6608237167463,812.4137319712052,273.9343202023188,178.56134645477775,365.05161247913844,13949.796921821451,29394.52935038014,818.0558503440798,1890.3444396019033,27627.675581552958,484.31189769185346,140.63113902060593,80.817107715737,238.2337193640614,27.97331311665065,23.491865266147265,83.90568543458205,1818.225350689297,317.03928715610147,1207.2101811045175,22.34769861800446,15.620414954323113,11.991225687755584,151.20724346270873,206.19021387183437,213.46684948421918,313.4216119496681,554.4488399877187,321.76143083913064,2676.17838006898,511.5240693454346,472.56798701006915,79.30045153801633,462.94426171724916,96.42045550188034,1215.2322952516872,1765.9126132661097,1092.8882887449233,443.1155687542082,2524.3220169341234,1227.8959900817708,1719.5620281464414,4483.922190926043,2940.2647614830735,9810.990386669562,6524.800784494688,1192.4652302574584,1136.1057471871375,777.6682878576198,1648.044387800718,1041.122043272561,3011.5340569103732,433.7892756063344,2762.1854015249833,2326.22282109716,2079.5636112226484,5840.673560850436,2016.4238570120747,5581.16590663715,3189.597550253674,588.8517485753913,1642.7237738396966,755.468492389181,1374.9652582709139,3295.5596134572224,2361.3086543828144,3506.823262076746,1690.9179080428648,436.561042887075,969.3884084461704,1803.2542823200702,2272.338716589763,3980.9769051970793,38.35834208636053,305.4216929709771,324.0318254536648,470.4086139459152,93.24934352713873,377.0323578986129,75.0718915163922,296.77013509534834,3246.116930883264,871.8368026863068,1209.7610602425489,576.2302094500412,1760.3116802536492,729.1853530971646,1729.1975471429143,1576.9956265903952,3094.1655730977172,1308.6134431625217,2921.9647867177678,576.1668290064791,1722.603925676668,1711.7601138406403,23028.302984197875,1810.9554347816013,107.84299537601869,538.7149790225357,42.38077813370436,142.99494702667732,1934.0251443133184,103.66151740384713,33.23367497302502,81.2309208120805,40.7389603789214,773.7844772641176,271.9569178310689,25.775281155431806,476.34501179796354,328.08197943350456,1573.1892653302727,251.52101302927193,185.54016082752764,464.1620884190823,1166.5683283363678,338.1259887000873,28.7230895421058,493.35409905898615,275.63975137249935,767.854204860761,550.453786617226,174.41729957910005,1430.774273161259,2331.243552146723,518.6156072820273,1759.7805242617899,563.3628537254649,2529.9870883359986,5637.105357804125,1310.6052219628198,587.3833274793573,201.7993807991256,1003.8900275202518,5617.600556974062,10426.849114700271,8198.466875093503,1070.1955832798144,686.5335082774651,430.39001319451125,341.768951685691,1738.0461955070264,193.86135679383946,1601.1757958908381,1517.1878961253399,1018.0500883517332,327.0439765448791,128.72177747191478,498.57657597430966,27.166201632563844,77.6865419701894,489.65010223600723,30.925854457916085,114.39390474553527,23.78572632568921,233.6800047079392,215.95845008249606,164.3638080820161,263.81287061008726,78.83491400935343,54.454071226765755,260.3519826989245,1969.2469679583648,494.3787891002973,89.78478071276014,830.4464310759976,561.6508259538595,1807.3571257881265,712.54325426905,1267.9093131327509,1822.7331559979584,2334.1033076159315,267.21240802737674,43.73181014638304,120.85303984101738,710.5710019788532,167.14055268528907,40.59285718236749,135.97396599780302,27.289765145568214,23.93795180228388,21.231616042153608,84.579731975099,1.9149681717352514,0.26505383570701485,0,46.47935095608838,0,119.94132365926862,197.88663975714047,30.796065783036184,119.51414965133645,0,13.588388386870275,0,0,0,118.57686740185606,161.49567444715166,0,8.768512190977273,0,139.45100829287662,0,110.45972767734395,0,524.6955424656686,18.67906962137235,201.52366132514217,118.99257915971916,27.353909035787694,24.363440936379707,6.412001392156219,26.20188157550271,46.66746090735256,10.30142081341101,48.69789968389389,58.81755989464618,6.312949940483636,699.212028689223,5.445868170937545,1.4483421761751873,20.486583755253054,12.649429226032439,3.0384200731283157,11.801122729723001,8.383769437102409,234.54095770649099,5.100045951943686,6.02269096459765,9.111714845517172,18.996526638291627,54.008465156122114,5.328981007102119,10.59483274201184,7.578117228894318,35.25594634976396,12.726175416894684,43.846200359304305,508.7241090286841,11.472971153245457,35.13498459956877,36.945298439981876,87.91453017423203,1082.6257243699702,62.71754234059703,9.561830811390202,4.026428815914224,24.334312956399838,4.263158951814722,1.2666972817392004,23.838514769802135,32.36534016292066,24.583194412102436,14.766028553758902,24.037900768711843,0,1.949262346361522,0,1.8945634319367113,1.049733622276663,2.5585986088589583,2.483853138806912,2.979211308370246,1.774666447057412,3.395515129890036,23.957445006755776,44.142357637915275,7.229613884065871,3.5176811614720185,915.577413374093,19.88660247341032,4.984443529732577,1988.759456191208,3.465347655432425,0,40.80074804836633,6.519449192302105,5.228261716956195,3.9192149946751558,3.1736431380354237,10.627845652531155,20.615038699277278,11.609683354878833,1.2862529214979384,10.658894766478316,6.2194259161147905,10.929906352529605,2.71519919549654,0,76.02044573330363,123.901673322367,976.7851855577965,5.464237770085577,965.965389848461,5245.940782861768,30.013742544465426,18206.345198786454,50.84501612244117,5868.175549443221,969.7988659491492,2137.0844467040297,253.82228425129128,624.8264361349517,841.5006633840796,406.98418620078553,1246.2935735789827,1854.9450431768864,68.29819712123016,2082.0480922437914,3039.4960263773014,830.6916882443669,438.35358668228474,182.0126363259722,951.9381288311356,859.5974921500698,3490.405783081421,934.2691660546724,497.6429767329633,636.2964820725352,272.68823964429714,223.56076513209126,6006.723741975524,434.957377456462,685.311753645163,53.532697695347025,59.279091824919156,105.83891821815219,51.00475986509761,62.280346236629214,2141.124516379601,5018.363852012381,7420.8294165310635,4019.324514083589,63.854585909561926,440.4578001110603,798.3788462197369,332.4119781524686,2210.472244301309,1899.199281766835,548.1567907189229,692.5455096784685,1516.5724704034153,590.2997222667689,364.0988353124666,320.7612943139764,493.93093297250124,291.34215441298824,3.30872761241883,1.2024039812862246,25.22580010576456,106.91321150903346,21.974636854042995,128.00040661461645,3.0651032980767052,8.250794975680646,2.3229150569180157,1.159100655790945,1.1159542263719937,0.1581120378127976,0.2854587543419562,0.1510359352535084,5.200737824947276,9.800260841517018,5.660589294358801,0.974166320282368,3.4615661219675813,1.898752876317957,440.5246793172264,6.1639153441275205,15.015277547944617,2.092407355328204,3.493536503277659,33.669769803267585,111.84633126644187,277.55071080225304,273.93932209379835,10.105476393342558,23.51885951288309,12.525983398350002,58.440662430143504,2.792270868349306,106.05835379492729,31.836846408018552,0.14196076456353218,0.9542491248519571,0.35714300119773923,0.7968082900913102,1.663886828356795,14.931068704531999,29.5395787406979,3.485463359795967,1.1835506699575196,1.8453379115707076,0,213.27319762169077,675.037165239266,3328.3128653277045,40.658766578568404,0,396.9318715781951,217.1469067587884,4.790448731876716,994.1068233205184,36.323635897014846,20.585675049402596,3.0742518877132827,2549.6281307338313,276.3274086933123,250.3489031591371,1288.7810498482424,26.946141091659594,720.5654770700683,3719.998478770165,28.114289561381234,930.4171359412502,85.89308165690129,955.1865826208203,26.884910530700886,1.3696288266085295,3.510647841505512,6.558361430285152,0,6.876692870639395,0.9162017211862165,11.39805543382113,10.733746798840254,1.1721950670161148,7.07793797274348,4.27517439783023,29.411417650463505,5.621896239476841,13.177006122397719,4.951219641748079,7.746448496490694,14.70997554922565,36.801973581945454,31.103301829965172,5.499108103798495,28.468801693023547,28.184988025470002,28.296215887726664,18.83246887931462,8.71187793762423,26.947607258676538,26.527043065826035,42.57653734903127,1.5779209309355542,2.5696032692112545,1.5937862567413268,20.611148146994008,29.318723770330756,15.018347179990554,25.162124805234455,6.17294617106335,7.461554994464506,7.254206937908607,9.101630987774975,5.438417449649418,3.6679849421006816,7.2081328562214,6.495305372440077,7.242845757753556,5.9095012789472,7.082443160885703,7.007006780078402,7.465078577196894,6.399346084844816,5.5590204720133665,0,7.226766818204376,6.951895563796005,7.4716515779433825,8.109348471839281,7.828397678019698,3.5088640791582546,2.979083716604576,11.552790709526796,6.366263932330904,12.343539585927616,4.767066450428706,9.209508630574776,6.5566663277104515,8.056567033708841,6.60075107758031,9.765005022744777,8.757968419750375,11.319472691703945,10.569792141588806,17.2912361412926,8.196748657769605,11.237974100393336,0,8.603865385899631,12.493209909489307,12.264132227455413,9.593793412002293,11.756080769926035,19.143835701593833,11.600355501690531,7.945975441145456,11.318547295911818,12.865870479508896,9.195381015916192,3.773579771781464,11.268379534072869,5.947141272509936,2.4526967480413826,5.540577339015191,177.88129675074327,11.045091967793033,14.569630109737867,19.150176575983878,12.404568591205484,18.218360099479035,14.366030736110794,6.227049149900126,10.427418490102399,8.076626027341756,1.9425292514973607,4.513163022469492,2.3251232415243166,1.674359398717937,4.404441353122092,2.482340334961633,1.3646917274259522,0.5291002737871185,1.1850061667631633,1.6366276108882902,0.04629593964977195,7.072545408155454,7.682344247414723,1.9159354703685048,322.6815741562724,16.9653026001576,2.7274036554207246,5.36532910060137,29.353101022228177,0.9698075651075608,2.744574437079829,0.12905574125206412,0.05883465382518654,0.08763482438849479,0.277676924369521,0.22526330741592518,0.28332416522038156,0.29037405503559766,3.4411285535008673,0.1454465470675823,0.38658524924165005,3.5566477966471006,0.9323405017346088,0.36461300010746983,11.818236006486888,0.19507045610572402,0.12517065414000314,1.1516646249973257,0.34085253875053695,0.19831144405406154,0.02322801343587876,0.03357626080681074,0.17561803789876748,0,2.799311192003903,0.24421889931838806,3.6595102395848964,0.2715516884227354,0.10054373502999762,0.1050237497749324,0.6079019013612286,0,0,0,0.04322407465379812,0.21711883378589755,45.71475894797447,0,0,0.2098942753016544,0.12693574890364384,0.1804972358997491,0.032432019506961125,0.011527622161004853,1.9083759943425291,0,3.1316663560220395,2.4164987557678956,4.2944474372926855,0,0.7679671998153738,1.8649652593949395,2.6292837108803893,3.8760521965112202,1.8618319827665932,1.703449374086886,6.160650699106744,3.697403638684317,1.124251219399054,5.867230292150245,10.698041282007283,10.672823835046291,0,3.52094441556887,0.4751260776983619,1.078353219061615,81.50020243848999,2.6853113859798987,99.97169943973492,0.5038023252966208,0,0.8598455287894681,2.144730837317348,0,2.9989382801754054,0.05491760652764456,0.02568443449560135,0,0,0,0.12748102418362262,0,2.0469140839190207,3.810011290352124,34.723478477285106,4.859973487553465,3.6188743820657923,3.652667025431041,26.0000077073743,56.3304471525378,155.00073635863322,216.96338718810074,21.378146575416316,18.36678109335048,22.995420092050505,25.859007471936735,16.984565564349257,30.97118433505512,301.4641422341764,612.5172931990156,6833.685475060567,875.22577692801,52.08494494503789,23.051097611599054,61.66099043267949,62.34954687737376,10.519036284579274,11.967015255849066,73.31603689169634,16.70358415589942,12.41574592642801,3.5564586811231056,3.398426330788666,5.121945009051839,5.480144102417792,5.347413788629287,78.01567600231796,3.725394292283424,1.786529389034655,1.7593546950495997,1.314516839319047,7.335936109821559,6.423998845442813,15.244921515244167,5.966800206845353,29.170322537780756,144.5098621955801,21.81066229705295,334.8803722921714,75.33520664486906,0,0,4.2672821374602155,6.0627554120988405,2.3646828722459947,49.45212268309414,28.29323910584241,144.87206296333733,2.5840693264237653,3.7707737659845875,2.5397767038506704,4.3489387826598485,2.02809532877506,4.376935438267301,17.88401159888513,108.17350610192864,24.3865080831412,6.598145054047415,3.7077291240947954,0.9782272794401917,0.8290585563660209,1.7617554448479844,1.6509253474567138,1.351297703732153,1.0168909545567275,0.1929577703906666,1.0043132472191492,10.504404653046306,16.362539770326123,53.59643142719011,314.5354226234124,10.973808828555818,2.265786530164448,28.24850326900604,55.99722086037522,31.391114199218027,42.50892286362212,55.02879921079312,20.982842496008793,33.717871004610764,108.89807616348463,733.1577851105571,374.1297865772398,57.76205476068844,91.64720517384707,38.439378666698786,95.47654497998316,170.89079493777137,162.5877291853017,17.637774278835103,257.10878555650635,2416.401384343472,1123.7017462453475,269.9298482195566,41.92114590529874,146.2321918733539,95.73616503734688,11.142987601559708,8.259421213646103,5.4126629350436914,62.85505081625679,344.46193627907815,465.22202259757665,1024.8146009651753,3028.1188525521575,2512.8287252502587,1443.8869923195866,1742.5557507548706,2400.5388355959835,4868.118446887542,10200.288432614974,5843.64501033205,4249.236795508006,1483.0343757910728,540.2922855341523,113.6392480201462,139.44908452849953,276.0954284724382,183.16567264888707,281.5030410207099,324.6235553434856,225.07554340856527,411.4509598482942,379.71878875333573,168.2846625161827,38.36282475560648,80.240495049762,36.3748057528014,3.2051071293618634,6.545312517744747,7.23543188104457,184.23205502196208,1238.7904759903572,160.90966752716523,135.28809034944732,147.3722171460405,76.14559573322067,159.88621444542815,734.5371366905547,2011.4536198685955,1692.7097681001162,1500.638570695991,863.8792708733051,258.0788360752674,85.82480561507631,39.143274040492486,14.212467601882212,126.91166386616538,65.53983745682514,155.3312396249347,127.97610186113027,158.1667360477525,62.14808657015143,104.75695881955167,24.4739363760029,23.237616788064972,14.69311577162454,65.57577151791116,80.44995287357732,230.8618149211486,290.53698284938804,256.6791197909728,213.5118130905512,319.9676332912643,194.03807392836325,501.7959499860521,290.0657247088813,153.13867331268094,340.2525198833418,88.365797981277,84.82567717449037,80.86940143468418,52.86486239825347,210.6648618075968,261.8013806036424,223.9029769616149,237.35314192850214,189.53702660916528,256.3286045112062,47.05127929892086,318.0650586201277,44.87762153260196,75.85439727738687,198.73385382749453,136.3850888631985,162.51306786982906,250.4115488093908,166.91524000182403,379.73948178974763,275.33706048585526,870.4183483003275,849.5713978992715,381.9659191951524,599.8019382494707,63.01900598932891,29.57516784822584,263.5366613063123,45.172487739430636,54.38448601399197,71.54490781318076,433.33989471349435,356.1453899345536,27.347043812462218,15.186456719481702,122.16516425902125,788.9865803981296,173.50190945869002,235.21623692667816,334.32702603356546,186.53217899821905,110.5175929908849,195.37026211379685,156.74871417635882,236.27429341767257,135.0568673164506,667.7472555615769,157.20672407596464,143.44805173017897,317.3444548630235,400.5985456053449,176.99163678464507,109.3981580246581,71.42890320124545,123.21736091686617,108.30848192109366,141.53398717782463,37.99652907161589,28.989076798421777,17.756715944730143,27.058084556455512,77.06475790041998,375.4525427074479,357.0755085883756,447.9868151502414,312.04197538406413,350.7600069692782,354.1242957517323,293.4120746584878,516.8667874622101,437.37177658907285,88.52153629159297,26.702588508299698,840.6876036168661,403.18108741447577,674.9960973812,326.58784825380735,1.3678016511314623,97.80847094109632,184.03257284091256,22.551862428827153,0,28.5256244227817,25.849467713931144,27.792732394549553,8.76165289532422,0,11.39638627186119,11.742514386025665,8.774467108193258,0,18.639258992862327,648.8029776268669,12.569190027296695,15.402429959251068,25.27853012694142,7.898716559573898,25.96902561760943,54.46164205920723,29.78643704806009,34.390024475309914,43.54348193980477,20.51320004985655,1.3226727442974036,0,11.569357049022955,11.464651584721764,10.361116379870525,9.651619406264018,12.910607992086586,39.30760038977324,41.269551113197856,2.693041896486848,1.343722670872842,2.779494661010224,2.586023399380099,0,1.3073274403043937,1.2122843757565502,1.3843023574903879,43.34508472863188,4.049430010594225,4.662613845810197,71.82358944822894,106.13772439529988,371.5876447396785,112.43310918142689,119.8614602801428,19.100575213296967,31.219748088075562,60.988156302563624,7.587000871356209,12.524356126111995,8.257482641752791,9.767875685711527,14.3814596544746,14.079587225898335,23.941689698200012,186.629023463535,100.24538332884048,14.750961782596717,43.254619154967905,100.14172949160314,50.464911287089606,293.73273389855655,93.29599378094679,55.78134993258298,69.43042424587858,186.4161222495264,264.3891854971667,162.67777211839797,242.65118466242143,81.7502178476742,11.33159338234551,18.304042284370688,84.28688804727211,333.15477055855087,192.77461319104998,19.455219812156358,58.550027152112,438.9741694951053,68.66453082087695,85.76750814828652,1171.8648076488178,2483.6746478123414,2783.7160749095942,506.37335488348896,175.14366413088362,84.79016903164361,63.641651234278754,197.5457427118027,30.01612585311842,482.77822744489265,397.34928254904446,793.022979680956,1441.6469898921216,581.5363512221205,404.5807765906791,103.5755395485699,52.19791506646677,61.01943626882895,463.3749151744237,253.74939277164097,126.17131459630585,418.1227615653087,501.0269471518559,939.2177434343376,477.8831108141307,4255.616219608563,289.0009293724067,103.79368564372508,47.52777437643509,74.62382118877915,54.68169765968829,2167.3359215729565,913.7384863024843,247.4707976081082,577.7113188797642,497.1245940890091,318.1028495637281,274.3737407033984,154.58576490398767,71.96707808833352,93.4563303901277,15.47137378019686,4.659977405963363,21.140143892065414,4.920673814652138,40.42777988776704,148.39742290359214,64.80962981441985,10.568811595408055,14.886142119284308,4.94863733181584,17.60440747872788,238.3349132737071,7.5742932238716225,798.2707731207795,3.7523132222367015,4.711754811141583,10.221987573593735,7.027620121651527,1.5329213114489673,2.936197408229143,21.120375409135843,21.212125529172862,18.355029942999447,8.306774399859632,0,2.611421721077955,0.7042253845747513,7.297555480325063,22.371648319397472,23.42132111877566,5.737911817141524,21.545110663453606,146.5273190170571,218.61495790763465,182.7580445616321,2381.9832696910353,244.51587315182337,149.8372270637987,179.95703629872742,25.052793688879024,6.352226739742984,0.1995607559014796,38.42403823825822,582.9562205352302,1062.0488607397565,1198.893599288178,162.60458395684142,109.71097537622522,291.55519077524053,64.15530335870264,284.6751804005454,503.891675022934,935.8615926653093,941.2648583110093,141.13964006163835,7.0957620048798695,0,23.374411750522043,15.811735714794736,140.80647626063273,81.06528035397093,8.044040006636205,2.26877458898753,22.12674366165546,30.246260138348255,0,0,127.88129492903205,105.63312012593653,95.03902624210286,7.867443010280768,2417.2364464866546,2852.5057923409195,632.297713940894,0,339.8045153288236,6.394524257134804,4.787235772425505,8.854708120627837,127.21125797599261,9.201522337381508,9.0926844695093,1053.4740010969372,807.3902013518158,715.7662644575095,4.969747479475193,6.119136191299453,369.79831040850473,117.0886094036621,47.94735975600074,70.68862673487084,819.5833024096836,158.49570830454778,49.781032664985325,260.76459751358317,138.5737272038832,160.4955284160032,10.142526560068992,10.975553521907448,180.22708348875307,20.13383446662673,298.17492596020503,4.352521525635532,1.544777966096253,1760.1731199213878,1033.3913733317186,3679.9374011417244,4646.822920777212,2176.754348732967,293.8888648765855,122.47073014072456,110.06753569664185,214.23947528517013,191.6198798832599,87.49663750404726,272.3569585612885,314.2384171109631,1995.8508410381662,3451.7796700810845,841.9806321787822,405.85192765162657,1042.7395280570167,108.41726267737458,59.16314251413008,230.05119179669995,4727.088168350398,1383.2023913838902,186.09085500649803,267.1127180810724,699.85052290309,799.371672968584,0.7856359254803807,0.08490063870588073,0.21842589121067738,1.139267655766434,3.2915444170487795,267.4850454168068,15.782511519371223,40.63490351212169,47.69184062747192,37.88005804330106,49.72452085603622,150.42424097927784,1055.709293629875,179.66215697175886,155.81424375639781,726.0363875777691,1059.0123090340214,3616.6057058101983,2325.1760469510164,458.4667466377396,326.2568957809006,255.09938553879763,19.557343288685185,384.5276543099363,16.55302233269726,14.634790797374473,2212.1165412001014,8541.09287813006,583.1519820883283,28.22894379198344,485.18575896314707,7011.512615933395,6258.906137388473,169.1203016050591,0,0,1.2739727557659364,2415.8922069120936,8.60065016673764,4.309303278126559,7.652355536605652,247.7911204554461,103.36048705230026,7.0033778187281,489.6411403944397,3.8093817848530107,35.12622708169606,40.58348017285364,110.42869768327179,0,184.59881212400387,48.131507855463454,258.3692915010414,30.816151015101994,0,12.81009583148973,0,0.035216515969640205,200.10611337138258,309.5829670108553,82.71704213032484,162.57110964883947,4.132929528403435,153.04499873380362,14.658755364919967,893.3592438305253,646.7027296728995,445.86198326388046,263.86044168833104,248.70967538078736,106.55963782942361,37.01557315864884,1.0178960569393063,136.31734195865073,262.7891923474642,460.3299304775166,279.6573674846518,102.51117387379844,14.369434834463867,137.3008811787609,153.5709058973836,280.6561648886585,219.67442307965237,2.0126853625729595,2415.359245031106,3245.411120120809,10677.784494884041,11755.829373420733,9150.49408111807,0.7811277317269996,0.5039116451984327,1.857336981090332,403.9183223901197,25.323443570227997,785.3114013846315,293.5005269061622,612.9588434689853,2514.653467640592,197.10042122468533,17.376711405845672,2.27362187562262,512.3820735577973,58.122966643261776,19.314151054265338,9.63790891653663,1.8145587970759018,1.7809789410271493,1.9511916180750042,2.053820164740591,4.079627065434186,1.80493873148973,3.0828732249650224,2.9171084048807243,6.196635797675121,3.3067819597863157,103.9582778111475,19.120661425344853,8.634343731839254,10.113959998861148,76.22352688666263,510.5691354236577,14.751474662311711,9.7738581345919,7.9760972946533215,23.641407089000907,580.6991583535247,13.533483053138346,61.91895564334838,57.70026864884842,109.96732519349086,14.510820111098415,18.663292902335265,18.750735779123513,6.69033614259764,9.255422692813527,45.35050799570223,9.805863007464572,656.5622957181652,9.248817164821133,121.09493768884913,7.861071221304857,11.97610225789499,799.3433339641523,5.729942444808667,32.122311049384706,75.1974874545643,2.8365225857327756,33.19033297773995,7.440741687516803,42.84944064376599,18.979040989785148,1403.4537699669324,187.26481739126416,4665.879576017503,4734.407202240015,3111.8472215491306,1088.7294258006452,2033.6404472072072,4.443914098838032,2.3942166871964314,2.247830000461498,6.354715016704666,431.63513395676154,466.8195868934521,22.38095437816945,15.363458361667282,1.4008036515683222,5.758585548056968,146.166210413855,428.32424058070995,62.6923792929423,47.37331811396393,4.557691181849112,7.548318985933335,68.40312178227356,78.669539032591,659.4333797034122,23.095721125222603,105.01601951831006,97.48130577107928,27.884312027339146,111.16778961253503,3.7372248745299186,3.6104923808814666,6.163183440968425,1.52192756755821,143.0722552703457,7.007095730320651,387.81742351776313,137.5309667341055,254.96572578679817,132.55698834795228,538.1153150134793,2280.4139477146887,1500.3149209096962,902.1967603245079,314.2729557744055,141.2608174171912,488.33416620673717,186.4897745981454,393.5396585162575,1106.8760790027857,799.8168800385649,2448.138261563187,1477.6661117738197,435.94411850900235,324.2218185247714,330.1099785515911,204.8189860378905,24.711302147045686,185.38033290602834,99.34988315114317,49.35380814530197,362.6046330538971,2380.6959634090676,920.9918685973595,115.1703273270783,1634.684134776348,818.0789828851391,185.21618604877088,19.3335410072143,429.55129928970945,870.7521841819222,1769.3327885616645,291.18221601187116,165.02255529361548,229.06526355426462,222.67073351458993,695.3943947392668,257.078811190713,20.634800489413355,133.1739349588203,371.7300936533945,957.7837158826522,863.3959470900742,870.9669677652126,1861.436478989719,2381.4187574676603,3927.3426982649007,2552.0719108523276,954.5135857564129,790.2389795994899,5959.681400379634,2380.1997519970787,616.2343704664507,31.04789505502887,39.00524795745545,57.5005077347515,524.3864071580618,61.03028553674295,366.2625251769762,622.2094303638338,34.414291952932786,269.71104705294715,75.78627071854362,377.2836477985356,1134.922106640654,1118.0139768160816,43.72793767357692,10.575755205551179,7.461798800610947,33.8490270762452,43.55108658507986,49.29655231926695,54.27815065436201,60.691547710967136,439.16530251264004,2278.2153014720516,1488.0353043153807,513.694889456332,257.9401251718143,34.27850081945068,346.0011109304853,0,0,993.6571059937852,0,380.56321968754577,0,446.4388549922127,359.41457111561476,1416.1214450020716,373.0526785435369,0,258.7649573104018,208.92019718694274,1094.6782306465911,605.1248179147525,636.2962864743783,1033.9428729013573,240.22207476706637,3986.3528801605253,1136.8663794806955,268.4871382913019,753.017622543732,717.2892921974895,820.6742576752044,507.6168554182374,2447.9694933962337,798.171804923625,1220.8392607390983,0,1372.1148993388388,1290.2188204818588,418.81966724181484,605.6233212277889,428.53352863894355,561.010470760347,585.9664536132187,0,644.0648456165324,512.6717803981572,0,374.3318894249852,3259.52067564757,670.9973084502968,1046.0517335069824,243.09798255858252,578.8434499462759,191.64877094429085,0,764.7739682023596,1647.2287379409886,896.2793780114813,1414.2953072277594,0,1362.2735759109853,1261.4495798349442,507.86820914727866,14.56536753405792,1092.8523692569318,0,1056.9399542099486,1090.1973087595156,564.8231222407261,485.2215151712034,492.8169648586092,986.8244834679759,1178.0781467719826,624.9411037515345,657.1623634932738,0,497.07061111081237,522.2088360444038,1112.7504099905793,339.0278424572047,854.794674838911,670.2712524956477,454.72704488081,720.5201004560552,767.1190391006564,0,513.1830626949734,0,1483.0931497002625,16.124368904270202,1281.488451612544,1.30130818171291,924.5758223022347,21.69069598899792,1065.6267795510555,823.2622858381093,1063.2218583728668,777.4071080434559,232.30781767290438,1052.4148298422206,668.1595005818552,650.0494794632299,0,597.8218853131336,738.2618241001463,450.6689611799683,0,0,514.4051184676206,654.9459733479594,690.6586903586089,404.251024053584,1022.7604270432352,632.298656709373,894.6631398204654,604.3781051260494,546.2229497319545,633.7952242904882,540.2159300833076,517.3381529176518,732.4943546932524,724.2837072198154,827.212806124379,721.7850584781479,537.1196144655247,511.36292698303276,1206.7319508036144,1417.9086809543135,830.9201566292314,841.9477873610308,780.8852571203063,398.99563896160726,492.10768560185664,861.7365079740579,1070.895509383619,739.7197309038002,753.5393400469709,1100.3780486064547,752.9969091994257,753.7571783349271,909.2902668996697,486.9746926118857,1131.592821871788,1117.6700691212243,0,1025.0114216958036,974.9134194525118,0,953.1184069370989,1194.517958739913,1508.743925036431,1766.0185790016283,1155.773207620725,1449.240037897049,1428.5287289911853,1321.1763801465333,1144.5746569684914,2675.745554717496,1239.7804594761162,1132.8721420289553,1192.8344814367347,0,1788.7840038218123,2335.434385994265,0,24.09982452986751,0,566.335214626636,1491.2565248347257,979.2293897707018,906.7388582476336,958.9684604033307,1590.2018476515518,932.3637142029496,617.067897043637,528.0541110083121,506.43841712809586,1275.9671486455711,753.82477010345394,950.716800473349,763.0347624557269,898.8316691064456,864.0131318241095,830.4478593301324,664.781006571027,1057.4274267639385,3177.840457216386,5374.544323836815,1088.9297689448797,719.6115610085435,668.7782101988339,552.2211292676881,8308.740763803458,585.0326659500778,1305.4887960677984,589.2279207202714,591.709972270167,621.295631243596,507.5866987221348,637.6418407210666,288.0623958984423,766.0458520263759,632.8029469182142,0,1279.2294375481688,620.9878129578831,607.7009812362528,0,306.80690062450367,0,490.5090698427929,466.43018548631164,701.1620649960187,549.8577543833991,550.1165029837188,759.4071106809293,517.8345127902165,758.5712450750631,820.598193213702,636.2927742647076,879.9668564283885,749.3290412363967,649.504838980611,0,501.5104864049972,0,1196.5770740396097,626.89692236833,739.6766275129786,765.6324356636864,643.6010012607145,389.89383826532327,0,0,424.6283245308389,413.4092719902561,416.88580058914005,0,423.14856777188487,382.247901798055,404.27034504179284,414.8624979166636,402.1808609101811,413.05508739901717,426.30975533804167,0,438.4645671185777,436.49646278255864,466.9002274960427,0,67.97498098336298,0,0,143.06767389053084,1052.139097084709,0,977.7756004024578,505.645074871897,180.83018822711867,457.64979885294525,651.7234683946467,1972.4742855109473,787.1287636942329,4.98172054251014,458.30526210173076,51.708649257148174,793.3691443594282,460.29734798293714,777.0354644929729,364.0711129274846,0,692.8632681198131,426.981825733182,502.1093843170288,610.238617353483,371.30903955624893,705.5134058212512,396.03809757476307,662.3367405850407,550.410239958814,715.3988872414168,518.3330402403212,518.3330402403212,514.4832236251041,402.6121970762152,556.2350342633591,420.87824103934764,432.4138589551652,391.7545187647843,556.3880534121635,367.82554346882955,467.26599011632806,371.55539343231624,580.0777041211724,524.4688654007626,442.38449219831205,436.80506855282067,577.4294514109203,373.4251909680981,414.41782216743894,623.0707885620382,0,446.99958970452855,430.52941998771587,370.88998790972704,464.29979806996124,553.0881910715602,477.262071647929,407.9504051965257,644.2335727020053,562.0524680508503,401.53570755901546,952.0789721538863,417.77061661608,356.72625139772595,362.35130160433204,624.0754500799454,588.1555998536746,364.46360553525585,357.10622212137343,371.02475979843723,354.783925867389,545.8374494099586,0,0,0,0,0,534.7576141558559,523.2063295384078,519.4633209485687,271.7772566552305,217.51173266961212,0,0,856.058784186093,736.8140381331275,531.32395836095,0,589.397395503366,596.6743464161162,436.75182956538595,810.7270410158987,660.0920654614115,679.956969544609,509.48708008870005,245.513727408474,0,723.0693846152953,256.09699999958184,1600.1151133243022,640.564181926461,1879.4502519931193,978.1361966797069,1152.165041133873,1049.5015169790881,292.86798027699797,0,280.1018516388192,618.8437791626665,282.11535342366085,233.6085140951394,266.9509089821998,609.8995393846666,364.0290347721539,333.18225163240925,310.54752748624685,402.2442282696323,1187.5174923135255,359.2458588239245,265.915683039721,0,319.71737795707213,512.4364980282212,1234.6098614052326,748.6827519444267,2220.127868617965,1233.3691450477609,483.9480178792263,1507.4833118292777,335.3051747005435,395.8057265557591,1946.6758024108724,439.88760683447856,346.69516574784507,363.23084669252177,406.32688081486583,321.5826185129221,293.440546724315,279.7982744899812,254.9904678605774,47.984182612686084,0,1718.8095067003853,1879.4787113503464,0,794.128332406777,1663.5952965293347,1420.7920839666208,825.7776888267085,1553.1614089764525,1029.9942764495822,0,1.573271311338678,0,0,0,0,0,0,0,0,0,0,0,0,0,0,45.44519415241495,0,0,0,0,0,0,0,0,0,0,79.52813691727559,178.51413490255047,32.939979256580855,28.211833066926935,9.137390845672023,210.1257571110687,1188.4396112977095,1379.3453652108901,150.99648288989414,768.4233925411619,0,185.53260604573939,55.806187707826595,49.25359084956794,55.07099177272012,457.8658291286757,25.347229756798566,146.05400280926386,27.112128081724862,77.21850003867388,57.965173472828056,140.31792210162058,139.03584201975875,199.5794509422134,0,0,298.34552249941635,50.14813889143287,2515.9597341500335,149.08525506095359,207.569884165167,50.77266674125177,1100.5475759810204,50.52217631809206,50.74703990665252,99.487112233699,0,0,30.539869737612452,47.74750413490138,82.72935046590905,23.559469004487468,212.31184015251532,37.45830326788878,11.768250012131318,36.69545683816179,39.04804594868103,36.76179727526407,18.30620123829842,36.02826744417819,19.719692345069475,30.50979003608808,20.462230013347842,21.718802402636555,31.562960430922654,27.4452281438625,28.836234926278152,50.61225022340264,33.22652688786314,34.61275252196629,23.62648118438618,27.937851799388373,27.419731243956726,168.27586865818813,54.06218343005439,40.52160405222763,24.196874640332627,247.47066219605279,204.0115589832704,53.15888983830888,688.5120619149386,314.88738708928986,139.57762462593732,387.01684231154223,391.3640693238318,200.87269838651886,78.3778506477818,174.46251652336812,53.86548946250392,245.3877896622874,0,14.17219811584686,1.1232289155959068,0,0,0,0,0,13.06773444733236,1089.4133086940428,77.54443739445924,1.881819983960329,78.28985142299157,508.7785739476187,201.656536989877,2999.5674000908,3073.6512284242144,1252.6405542394273,48.19897621074202,0,0,0,0,0,0,0,0,0,10.023145739999062,0,0,0,0,3.247179167293984,13.02580233894859,0,0,0,0,2.693678159777203,0,0,0,55.65350382568974,0.5048639830716026,55.019453911695464,37.63782980998744,39.65631361654476,0.8464265684107342,111.54100031729834,57.214254949095775,219.12695068246967,38.29848376243986,40.710770675868346,80.55989785655017,149.75614563764034,298.44040706478563,140.87877272813247,5.939175777006691,0,5.102416430085853,83.69992666500153,1.7199539365724812,0.3845903876284731,0.04672756550442849,66.00151203468938,37.455490207277926,0,41.0254168205586,495.47374197926473,102.6373738343563,16.8315509554173,11.414915356023135,5.307075084717285,28.240845012714754,7.604806356868784,25.043365619467384,7.030914456665954,0.14441066497456492,0.2980199198460215,225.9505977264048,69.09715079487835,92.34438025984849,7.044339729993521,37.407990615580985,95.38530095434946,0.6806156039187408,49.65720649935035,21.396129116982568,59.02866748834603,1326.5749691267363,4232.61002762166,5840.960702993804,178.23851761764863,117.52333675298415,8.605732053112536,162.7748697883484,94.98464221845614,805.4001386834323,191.19997056155646,62.47731376155784,1.2248500377740534,545.2178172924108,301.5237137766485,336.86200931235163,110.13939055783857,0.03941723790697225,1.8785964358423355,0.04686049369919262,55.09942972035999,0,0,57.60885001176383,57.3449699035867,14.527537448422468,0,0,0,0,0,0,0,0,0,0,0,0,0,1.3895344540058414,1.4776353349809477,0,153.16229255078005,2.6059035027287645,2.531506577435994,2.510674138168659,2.4936483455096283,0,51.54394181852887,51.806628838872214,51.388608531636606,51.44543916466098,51.75438180643079,48.213569105302525,0,0,0,0,0,0,59.928209629634885,51.649732780311275,0,137.45409182648038,60.815354849080734,0,46.41427383367809,51.148860758288144,56.317727779342974,2.026358873114029,0,0,53.64556102340174,76.89297952149647,19.329037037315864,61.07149106128391,40.85895142862671,52.58291380957256,57.80574826277083,64.51024171386642,63.900186821904,43.31765596248942,61.019366927960654,61.019366927960654,2.9719080371102526,2.9719080371102526,53.53598655612414,50.03175432411712,49.7887133840032,51.828015520878296,12.563017676320941,36.86590068988075,2.1656155424104284,0.915201707572781,36.5310067544456,29.178133572979494,0,0,26.170063171201846,0,41.13361702342635,0,71.67806994512262,0,41.151442759264064,353.4079196758819,51.43792559853626,71.80920550739545,34.52807093029563,76.57588718326053,37.430414967452926,85.37961049191317,51.58265941769349,2.651404265056757,51.039249777816856,5.652959052466594,46.94767032015145,52.435036776226646,35.98031765635205,31.809449631052967,38.26158448425864,48.44533967514298,30.345542745335738,45.148054134883,82.24586180380031,65.92645755902659,0,24.95435322207812,45.85940320122941,28.858798869363454,54.942620830515544,48.923662068043825,60.71713401437595,0,80.09869689400037,52.556257926752835,45.88132424909446,58.59649719601388,96.80064249202071,50.79537191576525,138.35222230499446,55.01303619966468,62.88826879479434,2.02132574939775,576.54152395983715,132.87799260460383,84.67278435208588,122.5317789751631,53.15394782858446,235.00690448985267,146.0539531629161,482.9342522611136,475.2102349261676,373.72669866885116,80.86093456253018,5.061643317169441,146.12049585008134,226.13115004574337,430.0879448597198,1167.480319536606,3175.8885411001156,531.3808649493233,3261.321061191502,51.5103838530075,3196.924930123906,414.91708411222254,431.99994064410834,104.7051015296418,94.12111589223181,282.48736640789974,41.324788326448676,15.561507791796604,4.666655707997269,344.78802584866827,103.05011694745554,0.1980224498907536,39.68948383297368,0,0,0,0,13.365154240917157,467.68181490370097,7559.726031084576,14718.029801415834,8426.149272580393,77.65622990963737,2.0869421662647927,221.08810248189147,116.78128424079371,1452.587677160992,197.47797735980322,650.1056097772399,2081.2153884526338,102.29910304029968,395.9170910427255,193.86182314979973,78.65561418781908,27.752313048832516,1.5763583480195076,586.7468911721968,942.9199941724436,1377.987977139297,561.4088894888682,1.6914532743311192,29.843860914625402,14.773009472449948,492.94860131036205,18.83202503236526,17.96359162809328,542.375310987755,4726.258332275748,360.8539636869957,33.492358253181685,99.48116109519476,38.012856554563264,426.917678713813,337.2920444351622,29.398118005183328,1983.0774999865043,498.1098675207796,87.90632882392352,10.388871690335385,170.16194410762864,273.1083094947751,5.416268209092482,3.8832519713455484,83.82886023573641,4.840220013194334,1.9969003092244104,8.614390888129924,152.72705998296317,23.69330202722317,17.319546760294752,4.5090218135281335,9.293406251823102,14.70058642982846,9.11822282193368,4.890845347855614,31.377883027607336,4.149732758889812,4.526720882851339,4.471836343466146,4.619307874049691,4.339654740476745,4.500302950691319,1.018918544463356,2.11584993389481,30.66815762750333,24.960956437777575,374.42205137998536,462.0517060761044,16.307622390034876,16.431479982720685,13.881403712221367,94.63870871538572,1277.4469764073658,9.27336414331817,590.534392605207,19.845453859423408,88.17237906601393,175.04051134280107,3.767188179927544,3.801383191808062,4.519174092270344,112.56111784080925,2.015257656560638,8.655446732636934,14.364173885428746,28.06482013279974,18.297058289935404,41.280754709681815,12.200254199110976,17.92943503462564,12.901317158896648,565.2974414296788,6868.564572506313,308.4374763730985,1194.0541517685965,11744.273387352509,2261.293913930823,58.711037138230495,21.26985097020362,11.794150852133399,51.83441355169411,76.03409309100557,211.18226199950453,164.25022102039284,902.6091892637575,1336.0196484489252,188.3021949596167,12.449629214472756,328.81164151841733,289.7102890624885,48.330339105955915,73.15440577387085,3.9687902112046123,2.338574100751425,53.06845467384337,49.06807031187111,2.0271883126877146,1.7890783331331597,16.710272480695377,0,0,0,0,0,0,0,0,0.2373281674263411,0,57.473054579618726,77.27108230485487,0,0.8783088954284776,0,1.7573578176979994,570.9446230930776,176.94814322187062,0.16502258319985894,98.53527240090575,518.8465515976923,263.3584944803668,882.7517574385625,495.9482849274307,365.65629057307456,307.2457693264883,431.1576449181922,583.4994892638103,500.4800396445344,588.4832606451657,93.37168076914746,848.824257769137,1495.0330867815917,945.8778714783116,3264.8468216938095,2430.6486038140615,1037.7607293232595,549.3505737768446,513.8580568056638,823.3967820135451,365.2668810803274,976.1465152917525,872.1466649129837,243.94342380621688,154.78354485329177,0.64245860963497,163.59254302959118,73.9777804010869,133.02479504114092,427.279355102386,142.51085521111764,136.46531021316247,212.50223811753415,279.7343361110365,605.4506876945717,461.6194236463964,597.750723079361,302.1358823245408,107.54684746110104,603.5036227558928,593.97468528712,82.73355317053583,48.0499241594701,422.8349846094616,283.7715579803107,332.6792044392805,799.4837979709531,1076.0158301026686,1531.4520995032613,1791.0682056171804,1274.1895446871958,828.4893101440721,1025.8070499470896,1463.3728466425314,2498.899084470624,2529.5295925666787,5578.609392847354,2256.6291992879455,1014.5457420142266,601.1173832568716,493.9837485782638,865.9519159119874,514.833653527286,218.46236591641147,145.22977234759554,606.9091404912062,244.75019350612664,273.1662952824815,142.69054231955863,452.23923237112626,1824.6242391193332,303.7344453452666,203.9383707901586,212.75404508933633,297.3456023504378,214.5038800597132,871.0280000038665,146.25053547961133,91.85356068120493,137.22135986470093,410.7471416438693,236.54602724689585,323.52195135594064,48.367542094131636,229.62015152170378,661.5329834644156,111.2069215000463,154.9756096586479,297.4412792656323,471.0725368383689,337.4879631457818,448.8223465119702,294.1146863422888,315.3281794303294,481.014220894902,438.56817250037074,20.371756194683655,401.4459550555971,55.071017066940236,583.3665192154355,7.398910205452272,1054.8852976442688,1817.7989646152396,1344.6343010109726,3808.7468018049403,2562.0524735839385,1262.7215453033402,457.7598896655309,463.9423002518269,843.4378021178227,527.2216358886322,86.63350277089431,304.7417971038177,1333.8986193388532,905.7165357861678,554.8237825684647,1129.3298677712196,1581.328078959615,237.12450667277133,110.37742076780775,264.4702010433996,391.75790943873346,335.21251114446443,333.5441135503793,503.62198128532873,303.3651563387172,40.21731487569135,44.462157385751205,14.484171543782221,14.603172497887018,15.999442851351718,18.65158999882993,0,0,18.534948306500674,1.8385793302442048,0,0,69.17188985080095,569.4229303225198,178.90258978182538,29.07570565335127,291.44371217359515,209.31498065276884,34.96413205897362,67.93923325409727,0.6664378442693449,21.64322513402312,2.320043830071894,91.14599282761984,5.3564091124301845,397.97544288533277,1657.4944904168347,339.82979648462907,221.15609017298178,14.442256689981315,0.6336333642209662,0.46345968618871153,30.850884520963735,110.08661410940603,0,0,0,0,0,2.8642170065399966,173.82543522834004,101.6775157859099,928.4880460079837,1109.2096456472343,228.89995928549703,752.287275931291,16.190318888666692,96.75540100198285,37.72783535007017,131.13438633782283,35.56174018996632,162.7489325491715,11.093845126757987,22.02750479267559,9.914764026840773,151.06703963510387,6.362313442520173,0.7603473613867412,1.703443169942664,202.09484396636714,25.034916845411605,36.62584213294606,206.4389510325162,686.437461055829,444.7554731787119,655.8496420588388,431.1719740767434,196.40403476315055,114.3312952042275,6.972863673247608,130.46890783108356,1126.6061669109833,2204.058747490333,2798.488986309332,2504.9703959525677,1568.851568283358,167.22705064531542,6.452885285126654,0.014712624133369484,1.3872155119479457,85.75804276374029,423.5007934481434,13.622800704941321,147.0126067655198,8.579622761694475,3.9172527139860627,15.102075480626374,59.15443658825656,8.144876869753201,0.010201264259724634,0.4456843511023396,190.71384911623812,14.328425800484082,172.8507770739849,227.48384804522018,3.3105050353289824,162.93490402897837,0,22.418351073196572,0,0.9125714985097533,0,0,6.3599895701519635,0,4.98998183818276,107.58197918227837,52.09953725608254,115.5893722074784,74.59894760705426,118.14392668214349,0,71.8397351074717,102.33416596636373,0,99.74682281355132,0,0,53.616723483327355,97.29783587085626,100.44601074519059,0,0,0,10.5896498425116,27.016175186105656,34.76819958393197,178.74124053977008,17.968879179117756,0,34.86191475123641,4.743489101736503,13.909085710114143,389.83699737636493,545.5262799208314,536.1404757269693,495.7148486027161,361.60148332941094,301.0935412895623,83.57599867703766,160.54079288435693,276.8801367250699,65.93778866988589,152.67710124801116,108.9615513130495,43.19324715632212,0.6673366833735948,10.569949483146738,0.025358614390301265,0,3.6170466301794706,0,0,0,0,0,0,0,0,0,0,0,0,0,0,0,0,0,0,0,0,0,0,0,0,0,0,0,0,0,0,0,0,0,0,0,0,0,0,0,0,0,0,0,0,12248.202933330589,52842.0099383059,30820.362033588324,41.427471410585945,1713.096890533395,65.78670319151152,50108.30509343255,33.54073303226828,402.33630866339956,32.83689752779744,39.73172742184401,53.63463572483681,72.68284814085116,84.36195511076772,44.71189515959919,545.8731143003847,7476.161740549439,1240.6603645614475,8999.812882476914,1062.1146608001065,2446.3920537019544,1748.7048250045502,3802.564299372307,719.2160955923134,187.85921975492687,82.24739477284537,64.40811234263886,1586.6704733578129,2323.502606781794,106.4683938507076,124.73247926191593,231.992231941983,105.71353419992418,226.54430406047538,186.92219220412738,171.5900163986547,105.90538202399637,127.56134493064394,248.80804547925155,392.6395753868122,329.9239969266491,8030.754670148364,4285.143482293211,81.01262879592865,68.58281989974981,76.98621643804688,1518.3036694969358,1469.2429940628658,129.3589272024179,189.52531108308585,161.53162880880058,0.6146129740908696,1.0288401387475583,0.01119232910516514,6.290843189393048,5.315889954100148,9.211867496339252,0,0,1.7322941158293332,9.421557836107397,232.73906892665582,93.2456948119244,43.6832012779177,182.36476986303182,370.92148271068515,395.77514177986814,59.01792299634742,68.68996782735735,16.309923473720083,346.86372907234625,129.4114989320187,0.00737149827270987,0.007553329996660604,10.693436545052938,7.157638414943632,64.57736583899049,3.2109112541423324,0.7552933126516288,88.79664892794345,11.189789020330094,1.2862517831873348,3.7597269179378476,186.6612460689915,55.25677439073568,155.02590811154712,405.1191054411928,553.3622595908815,915.2592399988473,847.912097011075,476.89160268639466,423.76790944199706,1223.198537826696,802.5012337247709,882.4171787043613,889.1744102976522,493.3701056080635,524.3629154297182,898.8312501573886,277.64245469643976,1069.379538167318,73.99865812525188,132.5417251431024,0.17333840106472947,128.10612196217463,31.45349659973158,8.831778865057782,395.3028019670694,88.18492994506038,87.06958626583398,293.9663934566049,421.34074237467064,737.6289024764139,783.8568450537189,67.1808186414622,1613.3923670073445,256.5579168572623,16.90166706981327,7.757860722285933,93.5293052161995,391.00290373821827,621.0898450973847,136.8616951412278,45.90243424382192,121.6911687506127,992.0207063943294,396.15038421879194,453.66616892578963,246.39502512060724,478.0242460062594,274.0513349524659,359.9881992067169,596.1300491489762,1436.2943531326769,670.7843405919728,1619.99020699119,1725.4596073745358,2034.6543723526443,1264.1175799602468,718.6091727811562,1448.9793995095436,816.3824899163656,632.0480103178943,627.7831521921103,539.9868820608602,756.3630213651182,310.0918529577654,188.61832351420074,0,0,0,293.4490393433582,17.540479255960612,617.4779811801259,186.42973458321015,130.80502595349736,462.91546885912726,79.37422357473494,134.34038020898953,763.7090551336898,1014.170697292899,858.4194315671803,865.7533443515972,807.3406918539864,492.68720776763104,90.2930842903733,91.02017138245978,255.76823221891098,0,201.78037243012056,2.5073451937722755,0,0.7473967011163188,26.505664969522773,236.4304013312125,8.299179840338331,0,0,0,0,0,0,0,0,0,0,0,0,0,0,0,0,0,0,0,0,0,0,0,0,0,0,0,0,0,0,0,0,0,0.19786378560974613,0,0,0,0,0,0,0,0,0,0,0,0,73.95359490995666,0,0,66.25576320979725,0,38.91599445263461,0,2.9647370073035897,10.945954400900778,18.311343060143823,0.006447394173568445,0,0.13214863571278698,0,0,0.01047647065741723,0,5.074417480189931,0,0,0,61.400534357387464,0,0,325.05608268159557,0,0,0,0,0,0,0,0,0,0,0,0,0,0,0,0,0,0,0,0,0,0,0,0.1531414320710103,0,0,0,0,0,0,0,0,0,0,0,0,0,0,0,0,0,0,0,0,0,0,0,0,0,0,0,0,0,0,0,0,0,0,0,0,0,0,0,0,0,0,0,0,0,0,0,0,0,0,0,0,0,0,0,0,0,0,0,0,0,1.047871770316361,59.5489946365422,1.67345922302036,0,0,0,0,0,0,2.209667590117032,4.112890248525749,7.398657683735745,39.645559550451665,425.9452082478393,368.1271450772035,462.36632586261555,825.8823788242382,69.86376497647487,290.6807810032534,415.69355694406624,79.1161072125259,139.8613928448474,105.20262585851765,147.54918451494615,9.324480515389554,2.75913529691549,2.4230840390185326,5.774550857266919,2.412892858080141,2.11256551145974,2.1198537099507546,1.8926610018904648,2.1485313284464396,282.84640347099713,7131.884891940692,3500.863755564147,2.777364054177321,1175.6365932039926,34148.62722300981,20764.105865566326,10072.209052419952,2.6005817305289156,7.860923662316287,1.6715783380287705,7.701373999553753,2.8331737711252454,6.57086741469425,6.270314703333944,5.24840775982312,624.0743307230516,10.251275087399296,52.22775838803304,51.80157565337199,7.09958059001042,17.695320727696227,1.5241977625383927,0.029353016235411103,2.861402473943943,168.01967228781157,23.980008338843316,321.77950136053727,21.24361313000526,138.3778417304077,44.064518931087235,7.614921559461764,965.5777018964822,107.95448091154375,2462.3148408620755,1897.2284997861375,550.544032291363,58.303021827514094,0.0658025976666307,0.09256646063904188,0.1543644285914486,0,1.1134201053696529,34.53015201522667,1.4267705461982592,1.2509203034085608,1.8748323197174992,1.2375033300847083,1.1875207499122455,84.10421551050375,5.661070586450092,4.811358202586662,0.9145939960125427,9.224044197638179,0.013219608594759548,1.0141423112157553,1.713094805092062,1.8882657264370264,52.14862487732853,2.246071258101486,2.3355008313564958,2.331037508001398,101.78431450836335,33.84513639952902,72.44327536564782,0.019673550838939773,1.8912053215614404,1.1755645552692622,7.484851986303135,1.1855132032920574,82.21447653500013,1.1757793727333739,1.1683605724560653,1.176017751536734,1.1861065501269572,2.2447161942647726,1.1831241010390383,3.441142171179802,3.183963220544296,3.347791459805984,25.05894583678933,0.09172928288234225,1.0403660317397623,1.1775130088269667,1.1521978599813283,1.154061333672389,1.1493430198587358,1.303682436902858,1147.254894485733,3879.2667320506657,2264.2736134236793,17.00097808979285,3117.5741923668056,657.9333749678166,1.1788361404250172,1.178666564952904,0,0,0,5.5122628667470295,2.3497494533336,2.1982602737207864,3.4628794918830335,2.319537739328225,1.698696782051604,1.3966607491661496,2.317230546916659,2.3217475148820976,2.3226069547662718,11.601531731302474,2.779586395100296,4.369576470602549,4.5777790620173,34.11682358123859,2.320488323078009,2.3670638066177805,2.322240468606312,149.07021851590378,2.349800107565007,2.396162171290501,3.5848500417425178,3.5572777730116756,2.3182365994540377,3.588498594956733,3.456817216300948,3.5520600844411923,2.313617816979067,2.3123679367995056,3.4350864243571695,3.602714025466186,5.638844006515517,3.5535534108791214,5.828939268712056,36.29428702739385,5.966351933240803,3.5558339934313548,46.570512362132995,0.1213029217088978,3.5079312178496775,3.3116799974001276,2.2120402009784,4.142680573132376,0,0,0,0,0,0.05320450015834521,229.5899431753477,159.30098482141895,585.2882467568799,9.960955690049788,6.66821980684119,109.97267927091885,93.76379594156644,77.29101599112023,434.15521209902624,8138.918832856339,8662.910360359263,523.8410643025667,19.29009601873462,88.43954089524746,153.75415184105782,157.65392559323465,23.01453474219569,7.203306272145339,12.853994561302153,0,35.05864295338602,19.86412473258406,8.122521832745582,5.914336017504258,5.549186297254945,15.201860679393038,33.161559294042995,17.75693563149474,13.337596094811575,22.690238621821514,272.4072027333819,1876.1030496639503,739.5518399146961,39.108928964728904,41.20595305201982,43.983009237723294,23.54659977696755,1100.0710945276521,2921.2914510072815,67.05071545609226,34.65512451174609,790.1218782806685,31.78735235696221,25.519940621793513,45.26954449732585,27.5753595811666,11.092941496784523,22.59058991068246,14.766348799095526,119.58823406829255,526.5674706303785,132.32272394452863,802.6405495315827,11.690741394827024,78.75428894473774,2154.795731526507,1113.9054121972672,1714.5525108888523,2406.3623395685904,4710.987978265843,10594.402227092383,12.92792344974454,11.122670712671257,43359.8116879385,41853.65638294512,202.43643826665595,10337.986751758415,16.797743678192646,5.169270219208626,46.46306942913892,48.482808910738214,354.7157715381703,1219.1298822630567,478.0327043669254,157.9981513224456,49.288375021510035,153.9779665409084,557.3036774612522,1751.901937379507,33.796151202233524,600.2565895205893,31.63585471162723,33.967391787742756,27.50227188095359,28.4852799815928,21.996846616675338,7.512991980421301,16.36257910110321,262.4003534766667,32.05400908930479,23.326859793546454,17.596600033242172,24.014022014931147,49.53259384251725,31.199436861581123,19.527718073463273,177.02558689448813,30.291622000663995,277.35433190661973,45.92833362320121,26.400536706211643,41.78498739231458,336.3517358233079,53.463318691588185,77.89182740200792,353.4868761553616,18.032056153477928,107.48728931001216,37.94103141451656,654.9938328578626,395.3645428596699,46.33788131266107,32.79187509086113,57.71543605735651,202.7137815355181,218.37751826331757,139.52451898298676,38.5679281366394,36.48285703736504,43.257608993714804,38.36253010182629,45.815593649168825,41.78378405921808,49.07826820341848,40.973763003053875,238.36249394769953,120.75835787273174,131.50410099348167,298.4318976312014,146.89805284019855,3.827677139977877,18.29811803436131,8.902371097520064,3.5323790464693015,5.556800585296206,10.41323452608098,527.7745349450814,231.95744197555908,24.104709933509806,6.017801302781722,20.33727898462675,21.106780950405913,20.94900791320063,6.5390558589675285,12.779704668602305,17.18286816064463,35.2771118248413,144.8090068230241,136.76488184167363,15.156133477478035,55.83922656691546,23.557079971510724,187.24730696939707,3.6255803686099326,10.711736256665917,29.220901975615863,30.74274082697464,18.805480539587517,13.497572476118135,24.776789038664372,28.906099512904728,32.265937716802355,30.610156133711197,16.63748522353557,34.90118071157333,10.399660438878353,26.315814342841584,32.17082373847871,34.129523902296334,35.63690919526565,28.218177902087593,25.51963574118668,816.2841452928491,160.80188154673672,73.17533391075948,44.35490785409777,34.594918134108916,36.07011058860096,30.606589101662685,60.83375145420785,40.13806215935772,24.13180691043697,30.15204142809818,27.750210097335103,36.26030622240488,63.659868577091416,26.643652724070645,1715.1371028617089,934.349739015456,1005.1355627158389,165.66805113781942,586.7115211371408,22.646425156440976,30.02628278703975,43.914328699242866,32.82228150678146,30.71575036473814,45.357680940005764,1820.1495330763094,34.82105961951961,43.38312824955585,36.21173814664686,14.916791323320304,31.615762700019143,264.65698006132493,1185.2134250696042,551.3146232487006,44.808250603894116,54.280626837704936,39.499195463474734,986.0390932853853,8672.37457739042,3801.8725784003636,2253.529183683718,1735.3334530737898,1875.6594638251952,106.67970115479677,57.76201303070471,42.56481026414359,65.52321731866843,72.39546361622776,83.16776736811887,117.59423434433732,280.12713583961346,2986.775726685052,380.5764814395535,84.93464405172566,110.86630743792176,70.17008720697275,70.03258662365859,39.69018426325767,1363.064326371403,1295.9958361721415,34.12200271498148,24.329075919267115,21.975587080282708,22.9867897909094,23.623046824875082,25.76774724477326,38.03882542133388,35.858151131110795,36.57573650624566,82.26161260080329,35.642729636511696,26.208641620842517,731.7605815365049,248.70842823526831,90.14992760001965,29.714193294699125,25.329903986760886,46.97383754775394,24.92858565311478,168.84379060451394,714.4183306825677,55.245169635147825,42.09787757867217,86.15020955821763,13.151643358612871,162.49654220685665,17.846077604890123,19.16591553017587,18.68968445839042,101.01204187533165,41.58497055430518,135.77367862998165,26.31505329097984,28.750551616079107,31.36641111931394,33.43967356934995,36.3694772175454,66.31727651447896,38.444243690777036,135.48159295437645,31.93548128068065,342.55506281429393,437.9707712717219,87.17568171385228,38.020099114958306,28.02408151508548,34.7860599336248,56.71219615097748,735.6021450293792,623.7612409564808,370.1199735869514,28.040581595736363,33.04756505184499,379.92012065927815,12.74394010036064,23.450449414748046,29.1635317342422,237.27900621120716,18.667617514920504,335.82533182583234,14.955994385234995,22.747465513092745,27.043395589364884,27.31798367958885,35.588053495340525,25.670270554889445,28.192498281959363,29.28949644202224,91.34070516873514,50.45711842562551,14.18135100965889,20.293612940015876,14.498905500998978,39.61751012019272,37.72833536371566,27.21310556043521,271.9514965883522,670.0483418370939,41.42002462066211,28.603837022251035,359.65494914226207,1394.6802875736103,92.36979653245841,12.133574866998819,20.087333866612024,15.789530043947517,16.66253985707584,17.645606373471306,18.357553455277177,15.26389354732024,542.5625437284043,65.80016018395165,38.535650062028324,245.44873256786,45.183541709020695,326.81484770209585,49.724016434358504,73.00330329366837,69.52667044314828,62.94160143869303,38.86967075847085,27.570268977840225,474.10538948527267,33.62366512169751,82.08659543004765,29.780733722139285,29.64251938556881,111.6494739858825,19.097383182754132,19.448901852283175,26.474559788507808,463.01830987381067,230.91155024683096,117.21421643797233,26.19587143743086,32.960386697103864,57.19999316875881,36.767212879095304,1080.050006454122,1833.8533435292904,62.75450290416617,31.28722743430896,420.94351641988317,4754.430349525103,443.78220051201964,30.898792011588707,29.53793002060542,37.89849385063791,42.60042558223551,22.857089903020015,26.109472446685192,24.898310668271765,35.386732100860605,30.628546266183886,27.11788798024024,28.84728575035787,28.245386041727468,82.48414236301,27.021254916781825,32.360276179497355,26.724164496143345,34.39991230687796,1552.2470086899752,260.40960604094823,35.13281036449357,30.952255570689527,37.21833410866617,29.227240044151124,38.217943399307025,33.80235983797665,34.466704453735225,31.68843062707882,181.96796314680896,1255.2338147821806,648.2133276856332,32.04355667823944,42.621527569453804,95.42047172450766,32.70522793467259,30.402833195846885,30.869388175954285,22.430325646503125,21.587797012368092,34.01656215831963,117.65755658496944,289.5782296112292,29.45536522666439,347.6899083522078,305.38507009468145,46.21231485086125,23.941721116445073,27.26337358155777,21.712216369131013,24.903470516380423,45.55308227831896,28.54898273853522,64.33905314147684,30.669988923271944,37.64156171057719,33.34118222166461,100.77853818574043,36.95993876008765,139.67103024257224,28.516000902438897,57.023088236727865,22.131558318753,42.679678955664734,25.078996736338656,89.24378398968304,34.106268155111366,49.58373406540671,32.62727646855747,25.364344964021935,31.34140472988157,142.9882177634092,166.51968116967464,45.10461373469923,20.906427109778797,26.705212804878457,20.396849422115416,33.12375387129485,27.44983874302929,29.252617795765516,13.422319191615543,29.209304905606317,189.38179900116302,17.005698379793746,16.888443068118352,22.089448801231264,28.31977334930693,17.262662292595234,36.13561423206614,14.67185684206869,20.02440754307883,29.17301856383379,15.11784798805919,19.48376135890778,20.47840979971373,236.42912267087823,397.43709768351704,386.02527278545637,75.29312682672273,109.8283689117481,677.9331159351935,441.4462577522598,70.66126269187819,88.65436523760195,96.268067201896,3.499754229449627,2.8166396389086477,4.152142957619365,7.621124031170368,441.34156841981803,282.7435300038873,152.32068735834255,40.90103224215969,40.99642050299964,334.9657648070651,192.90232766753792,171.81764665491323,461.3302037855435,648.5201318175858,863.0585199381524,3221.5264100020604,2482.786893407507,738.7427520321793,874.9449148132525,661.0618531748185,415.39196304434375,166.32765218179586,389.4023081830137,233.0761893901379,21.074012615972094,15.439194813959697,23.6846162664279,123.77507112210156,89.36658382166999,57.853464382154364,19.63368251306354,153.71244517627235,122.21903165508863,84.18364928016021,380.01777146662886,239.2309388300309,74.29623034684667,31.838977016931743,123.16224657790117,77.71663372133318,145.0357280441727,2102.696572409641,3250.1236513618524,1843.9990583925005,401.258173913005,288.9686024540317,131.30906067040033,57.758380722789,2592.9421433997627,871.954176581056,799.9405937340762,416.71476456597577,1518.4871287403764,3889.08921428278,2211.830424907828,3420.4528001144163,943.8502188251581,3260.122540442695,1700.9789962630703,1289.7233425541451,444.2158084033726,66.39242625250245,2.647518047451484,1.920315946295318,1.7111838069330936,39.549439070660526,72.2828094035844,17.520437138229155,28.20736014632946,156.54454825588974,89.82613253981388,95.70823565192639,82.83286312711974,122.06235743157842,220.9327130083631,175.0447959109281,149.8236938645382,34.591178758263496,256.83709929791746,116.5156358203199,0,207.9021431429538,10.537752548981475,170.19516450889424,3.1164354912139145,3.916707983616596,163.77937764059584,136.15104054408863,308.69023869373336,166.0758546030672,135.76529639701045,208.5324904138827,202.37316237370402,177.67543360909772,516.9922983327941,795.3888505689674,322.22243758835134,444.77854501482267,42.6210640218192,5.586595888934131,647.1909668135106,192.00979769028734,330.3573403632088,312.17537342951175,813.552108580492,162.35717623186534,73.60559794569771,122.33677956789604,110.41175613312284,82.42845618153157,81.05797174163176,96.3423132102897,119.55529430281824,333.27067607731465,148.03447062272267,136.55040963690547,72.57365593540494,97.36309655803392,396.4045199535069,124.45017255676952,167.6146927187847,137.72366130379643,169.06509652641893,425.06039076945893,315.7570447882678,353.16307763207215,333.8135544630134,299.35487334064976,334.8821103159708,169.21755964939652,94.05808451358583,210.17291226217162,21.41094099473982,0,169.7665193867228,1638.759244220888,405.8065326772604,67.77587779447154,1.407749623291918,1.4348883941354116,4.340088598553883,0,345.8139132336414,135.67587031434985,13.163066797616976,2.03085591788421,2.3712225534049107,18.100044585516272,1.4435511491899378,0,0,0,0,0,0,0,0,0,0,0,0,0,0,0,0,0,0,0,0,0,0,0,0,0,0,0,0,0,0,0,0,0,0,0,0,0,0,0,0,0,0,0,0,0,0,0,0,0,0,0,0,0,0,0,0,0,0,0,0,0,0,0,0,0,0,0,0,0,0,0,0,0,0,0,0,0,0,0,0,0,0,0,0,0,0,0,0,0,0,0,0,0,0,0,0,0,0,0,0,0,0,0,0,0,0,0,0,0,0,0,0,0,0,0,0,0,0,0,0,0,0,0,0,0,0,0,0,0,0,0,0,0,0,0,0,0,99.69635563732119,0,0,0,0,0,0,0,0,0,0,0,0,0,0,0,0,0,0,0,0,0,0,0,0,0,0,0,0,0,0,0,0,0,0,3.47120347402564,0,2.950419072041637,6.085060188018549,0,0,1.721194988723195,75.62948495665022,11.833003710845572,120.56973221659737,8.72283458465221,38.985346948045645,0.0832934375762139,0,0,0,2.019336979973085,4.853356592614396,18.519216735236498,19.49939918445611,12.518567605296246,76.08085947733086,6.114160605694285,0.9202371135820518,0.45947590053972204,0,0.011381749070123926,0,0,0,0,0,0,0,0,0,0,0,0,0,0,0,0,0,0,0,0,0,0,0,0,0,0,0,0,0,0,0,0,0,0,0,0,0,0,0,0,0,0,0,0,0,0,0,1.472253394380201,5.997653688248903,24.6446245518395,48.7819824866101,55.62309196342525,177.74511106032693,59.3044203141513,138.0452863891685,249.98953778408222,34.129673348305275,98.32204507509205,100.27774781024499,47.22557760899867,112.95375784547468,34.71164628649766,81.67346066137361,6.470632133793998,7.468326052094061,77.14885930395141,3.5908732609394507,0,0,0,0,0,3.54524753741818,3.0729666402302906,0,0,0,0,0,0,0,0,46.126821511867185,47.617613806599735,0,0,0,0,0,0,0,0,0,0,0,0,0,0,0,0,0,0,0,23.824896472264353,530.6981540641389,12.263711175481726,0,0,0,0,0,0,0,0,0,0,0,0,0,0,0,0,0,0,0,0,0,0,0,0,0,0,0,0,0,0,0,0,0,0,0,0,0,0,0,0,0,0,0,0,0,0,0,0,0,0,0,0,0,0,0,0,0,0,0,0,0,0,0,0,0,0,0,0,0,0,0,0,0,0,0,0,0,0,0,0,0,0,0,0,0,0,0,0,0,0,0,0,0,0,0,0,0,0,0,0,0,0,0,0,0,0,0,0,0,0,0,0,0,0,0,0,0,0,0,0,0,0,0,0,0,0,0,0,0,0,0,0,0,0,0,0,0,0,0,0,0,0,0,0,0,0,0,0,0,0,0,0,0,0,0,0,0,0,0,0,0,0,0,0,0,0,0,0,0,0,0,0,0,0,0,0,0,0,0,0,79.58958482686351,0.10209869900059054,1.8355827250444727,0,0,0,0,0,3.8256588871814023,0,0,0,0,53.09731369578579,370.5114175587011,68.20153813126743,226.93240794250053,102.3101145530547,434.3306376202023,28.154073010075862,15.710052833815583,877.6520603682072,41.47744337236909,111.88784071652388,1301.9115870499456,5.821381550846831,169.85601482740384,195.18022974513232,38.8865860500664,284.6102874756965,306.458767282929,129.37796115532606,111.52739316336631,60.95967690345386,1531.4939542563532,17.619908731360454,145.26907792743077,20.617403179497703,344.1932540331458,65.8394474251091,32.22823075092751,56.83175610282409,59.0644784451247,0,0,0,0,0,0,0,0,0,0,0,0,0,0,0,0,0,0,0,149.22463826171082,197.01804843744955,769.2938787981566,930.3640449484569,894.8494296179783,406.41979465363596,62.67911295343897,25.275518216794413,0.18988915218614713,179.10234048352237,1.9877371865392455,123.09709744122904,2.659815667822717,257.26002514302775,20.467305287317906,104.43604121950034,18.525424993031468,5.407241122196281,24.047966745450378,10.255116035928939,41.144792713991436,133.9052578478469,2.2295522789335447,69.3839268058212,60.85484672634253,23.801281537848322,194.2937145366324,214.15847782491988,106.38611456325579,39.08823449209655,10.775312868936837,9.085358750892235,102.39759647231358,0,0,0,0,0,0,0,0,0,0,0,0,0,0,0,0,0,0,0,0,0,0,0,0,0,0,0,0,0,0,0,0,0,0,0,0,0,0,0,0,0,0,0,0,0,0,0,0,0,0,0,0,0,0,0,0,0,0,0,0,0,0,0,0,0,0,0,0,0,0,0,0,0,0,0,0,0,0,0,0,0,0,0,0,0,0,0,0,0,0,0,0,0,0,0,0,0,0,0,0,0,0,0,0,0,0,0,0,0,0,0,0,0,0,0,0,0,0,0,0,0,0,0,0,0,0,0,0,0,0,0,0,0,0,0,0,0,0,0,0,0,0,0,0,0,0,0,0,0,0,0,0,0,0,0,0,0,0,0,0,0,0,0,0,0,0,0,0,0,0,0,0,0,0,13.717881467641586,49.85322339121058,111.81409813596797,128.80773310728273,0.4785604881605514,0.4144505561497033,0.1142833070297054,0.15903329802052216,58.345437586080735,4.247515851464731,0.4516323746870668,143.95893815597765,0.9556077886973594,3.0415622126810766,48.6195782412361,7.218496995883035,1199.9513042999515,2950.7992778519,244.3510102120556,2.5287098462481974,2.6757512009314115,5.034515941850948,3.83537429302834,2.0510679757610646,16.655144606034643,146.85164514887376,0,0,0.35439760090490763,348.9053209232441,1.140782540699068,46.61425440742754,40.89930457143388,9.042561065694978,9.36776244548163,190.8613470667419,11.741824667301243,47.16208629854288,87.64243131008324,14.669188273261007,10.762847289840884,603.5981650282278,769.8170012436369,205.57677929028918,106.29636636850333,12.258943461906826,13.51814593889963,25.457719900809696,16.428050941350172,661.7463987224329,10.871704028857128,11.426702401277694,62.211914079389395,301.3484792168754,2537.232228526295,700.7769760577555,1588.7576851584286,25896.07469135675,2148.329350501183,542.0373091091944,31.59115677908041,232.59879206486406,43.473768800821645,381.84201097934357,70.92002872742273,26.57817586993222,16.465584082271178,0,396.3626546086589,56.00182101323772,1347.5829312188223,1586.112329457797,13204.133267827556,1165.0186456167598,44.20167691951453,20.403977564334905,12.702418367328134,87.73620648088368,2814.151226945439,3736.6983934922528,1966.6949905891386,129.4081998607011,170.16456678204594,958.6640599089583,20.260875700010203,20.06423880291588,20.461577550060355,20.657588583954475,11.403455140349063,20.956056115499248,20.310846218169342,20.86084297843101,20.894669614374486,6.589247423636661,59.03422957905528,8.450348166138019,9.34307585335842,60.502302841046564,70.89513517224047,27.523881160518243,5.968525250533081,54.12259666968626,47.841035896783076,16.748065199029984,50.47576865821837,39.04700007753781,34.54710141099082,51.369709327133734,38.25507727916411,19.47978144210329,44.27998960216615,10.923999920296854,42.13099314437291,32.9016944486946,33.855959347708136,29.607612979938626,34.904653521477634,5.759483616637151,37.3976043799647,0,30.539354132681616,29.364553757187984,27.82733997489646,27.072441590856442,33.70483670868323,29.52532058381956,0,33.80224156665442,32.7150923385382,148.25579369493605,3.8620244985343324,4.637778286068378,136.15772901482833,10.386356336416474,13.082893608276171,3269.530087026796,750.0221312108312,80.53388996435243,1.8642355116405873,1.288100192404645,0.016548171620454643,0,1.2705421230993725,0.08963487063127168,0,0,6.741005634344416e-4,0.21325186997685655,1.3114343096370749,1.959252295714434,0.41882216637800046,0.002882686164119296,1.0523662655177763,2.546057070592777,2.7759236121431226,0.5732561460494169,0.0609761822661648,0.09202363551611778,0,0,1005.3429605308902,2034.3221491675126,0,0,0.40594471314620767,3.5189007314960854,5.184569429649051,8.000909272850368,5.151570221219096,0.4225230873328073,0.03876580425137266,0.012869610654619537,0.5499549623166753,0.6680801479983975,0.2312586696110988,29.87572728671221,171.0891779572554,3017.1984469391327,4702.445076491606,2383.9114941723583,4745.923057443706,434.790254042665,146.1106298770794,20.83301119603256,4.335454676458019,82.77721840517464,63.71359833954129,1.3086495047372613,15.867434621194327,758.6105777232558,0.7156576241631443,0.5723380986885678,8.563431226005553,16.85028233362817,6.144572153720284,236.32893578116594,212.93526695534294,9.6637413776348,13.13450225725713,123.67992208313849,108.97039030443268,782.8247246392452,2809.128593347318,146.02076864697455,103.14771194062709,65.98564376013637,0,177.64399013540515,169.5580504479706,2307.0337824124335,1683.4640697535326,1142.92927932485,240.92942846833736,250.54529632206072,143.25930943060985,322.939694166503,251.3784809260749,752.4870924776138,309.94514599888174,259.60259099676557,216.7984254675006,239.37084103218237,724.8762103829832,891.9446194435372,137.6936878442352,646.3179742972469,181.85434412337347,589.6579764884967,629.4601154843843,55.12092313616532,81.18675261512469,193.914765530215,214.80458548536052,47.35421535682201,86.33468876408445,22.42787710024527,10.603850483231728,55.62274196498505,105.51478171828323,551.4022706851846,1408.2909332182032,657.962383569984,1254.5396534011288,1064.9529387092566,18.430848737183833,125.5914926353314,258.5449936717061,84.7297112560509,126.13540295024167,919.6989601019951,376.39970664962794,378.5750696255025,335.1490692103072,18.62008870075723,344.95307352797204,394.4210128654643,553.324694411391,685.6973819399784,387.3075124119476,158.93579929362127,321.34905772230536,152.3205162962626,99.85298483490877,55.52956043411896,414.9485822859817,1888.3527648442894,234.9123555163979,469.5565076290095,568.9613281516195,681.0799899372437,391.287122752087,52.220730249052224,155.14884642983213,76.2791187568401,16.48160136061333,114.97577402361824,77.5419805374997,60.235722528098954,218.04521114502356,178.59651943450314,20.101768556418662,140.07162658940894,21.642124969503183,76.81638692066439,213.1744416703096,640.2301965037483,328.5215253489239,235.61485368190134,116.93862225115627,64.32757224946128,381.7642153344664,50.82616158901863,424.75965609706026,87.64027626388179,1002.5058585972802,349.9201279983974,96.57527670000539,42.895719634240386,60.24404033354173,62.75774611654444,172.44829853587373,220.08749896846427,281.98226239447513,569.6189303905265,164.9631809994346,42.21797049863025,118.86368603501685,61.841102678644795,143.81255006217555,66.38914661994704,69.81475658580976,84.36938903675673,28.178756025294895,55.827702102544215,34.61716623850234,213.8806362914934,372.35174497425186,308.52413299157155,242.75554146001568,343.4949930049956,435.08393752365566,630.2091152477193,221.5147731667597,150.92571487042292,515.2761100002775,431.71765541934644,246.2931710456399,465.8475566404343,222.48746579914013,431.3082378637758,95.63238616888106,256.9216204568591,287.62325605980186,669.8125937694059,660.289444746657,1236.8634297389278,276.5212501244813,176.3153925577421,306.9334347124824,2263.9201710191132,523.8995964845586,735.8006466981648,740.9164484511431,228.21153869207987,121.85769958125421,21.523490793089678,105.79016171669075,163.61290140789342,9.058931001777323,43.262778866225354,80.25696762025835,22.112802782427384,408.5538921516049,541.0513321611162,339.32534512418636,121.87367394220456,50.06488191754814,84.26896212846518,273.17710587650004,796.651656532375,321.9596951247291,5758.052089727176,1170.2332015100021,907.9765208599802,776.2407724792218,252.13124276971942,281.68877048215654,204.25393490945524,315.477656051134,245.55093543566937,351.56348771904993,359.29821820489707,491.73121619687845,601.7516983453926,514.8112578601306,130.47037063404628,92.12900555244305,202.0153056569516,122.5550828365389,120.95523048228321,72.63408715988487,109.42612772277519,123.87591089004616,5.336720740447996,247.46978059136703,120.30385206244962,4.264152560321288,6.246965300397527,280.72190064683275,160.54813669759432,215.6649884938955,210.06365085337077,557.9471055731212,1494.1600897370051,1305.6807101548152,1608.914377432513,1159.2263950245278,230.56785662268277,324.0029862202138,490.0368404280453,776.674630537389,1373.5463388593969,529.9565580887332,276.461406800261,15.743035433848716,122.07679664290832,475.6934486762863,94.03469553592933,205.6854501069384,863.6954815700146,210.4299128324991,8.855572181678946,180.0395602455933,1427.274019809821,410.02246782648444,66.30082900564581,39.084661491838965,569.1229002683178,193.54965332639844,83.81053049608649,105.45738255200651,326.05648757836127,76.06988636469447,113.31715890234504,338.2884999208093,286.0013575776844,624.1564228613748,1209.3698958548775,1054.4051782935464,3.8540613677024704,8.906249745645608,6.727098071433625,48.59622859174681,6.569756593730911,6.534337138857459,51.54165920265627,345.4609919634558,876.7753731808561,1702.6619662711141,4133.129386408412,955.0852602855238,7.188642166213787,514.4251249473822,13.93135706234346,631.1572525428509,43.60527578555657,331.14023198087244,48.04431109356087,73.19570543374574,142.66688543141927,13.284230396176381,21.962494905128747,184.56778389066704,84.69257973473464,219.5680230683854,144.72020145666298,153.94518583057376,160.28730032968858,11.35718454322499,9.240526967276177,90.25315448615238,0,0,0,0,0,12.628303149367897,2.5129200422690174,5.850517382382269,3.1677394434885606,18.28876690740519,490.12718541765634,47.298391545553805,87.13698147483103,8.646714652988958,126.55616186667801,35.65034394956937,306.2789582531274,2359.6913240283507,1128.9045242117845,1236.7461099290188,818.62707035717915,742.86517333983,263.57185706411224,241.96575484715586,424.2387546224371,389.7352557561393,288.6653808623541,606.6896808838464,561.637451421851,87.45344883879945,493.229666379846,1335.9539271302995,794.1580084734811,96.29182328374294,71.14605203124462,69.01617026982099,78.52848590796447,37.11513335802198,76.12162930078023,34.050325504469214,78.12616304033108,71.11274990745758,107.4682174825992,95.25680050948668,230.92779462925245,1713.298890184894,2243.6915635325217,2817.265001184019,855.8641811022297,763.982159701905,310.2510855588602,273.1953507022593,1686.429669979836,1228.0791207475907,1662.6763186738385,223.01907240190334,156.66159225718602,154.2995720354792,90.60870422715784,930.6404928390622,235.28156609070683,117.56593587769261,181.83466271958417,591.3453932341763,175.47037509460858,736.02413616440106,354.90745925119893,146.21565307431015,2430.714499851174,1144.165338160415,1347.5144336148255,1300.1122717087846,923.7576643995362,2058.909456212002,935.1419288188354,463.78986868547065,922.7585557068066,3987.0043239679894,891.3533706077551,574.4519504208664,11.497862287580988,45.76017570064965,55.051972072786405,36.1330720857271,41.395087858178755,35.91928455811726,20.991477925696984,7.9655436535515065,143.349564930977,4.2334300767237005,30.922091949584654,4.980610588175866,222.54638021215973,667.8736749901741,3342.084470179205,4.392720700744234,23.205920700641006,1.984450485665784,39.90307757769691,759.9016981739488,988.8424464935497,891.9249870375409,403.00611337769607,371.07697301292734,22.88277751078716,556.9582513855328,1183.4170745625972,756.0162947799142,2574.166112841082,1253.5771015404684,2077.8239050307193,655.1577517236402,1019.4065209162985,1043.0349625633303,1737.2411391107498,2728.932779269132,574.304056922288,592.094339485218,2952.4602897581103,1794.297594747491,599.6367102458706,1682.98375765488,1819.2410394302651,1045.8294346802165,1976.081805541907,3098.3790592515434,468.14712348495715,5001.696790703973,3990.6294506329937,58.52187167212592,2038.791420183274,829.0968028238632,37.588138756135315,1581.2504345587975,1755.1171909812201,1330.3565461148744,455.36985730790315,53.964441735800456,180.0595099690607,151.23802822927604,24.06235860050377,71.32757173436096,561.2127364237358,1258.9321660230978,875.7281395245581,22.951226949964216,426.8752915087669,8.07874538590779,6.479833187991887,5.64094095492214,5.690354803764301,6.110532026989816,5.575728383113343,9.21504125927974,19.369865223006983,22.320016013775138,16.028278465676724,12164.68638891245,676.1903820766278,3281.501111210632,591.9186354552793,6.9228739386009535,61.95717127051868,116.74520681253638,130.61199859255888,14.464210829417418,603.5253345983723,3695.016111815496,5223.797605318904,476.2909849525345,78.97699520413941,105.28985666516202,2480.7706143606115,12539.823044210229,114.53973275563372,2596.743017241879,721.0634160063247,803.630924650483,830.6485735231669,33.51732395164419,411.5184487832668,56.46535073583145,156.60688734366155,10.130530240439871,324.90553795952275,8.587466256741951,4.97175622598045,4.9318949762359114,15.196415718385948,1.6432591449669463,11.302280167878145,40.93323651082796,21.405670669653297,68.18235651104561,21.911469056361973,69.31578352988342,684.8600892400979,81.89890126124713,59.788775896464955,582.7406070030445,19.752858120703433,21.612549408868322,372.03317519828505,738.7307736313165,200.11737451816987,21.53702089093143,134.53309643672503,156.60074869180582,41.910149382297085,52.83711435246165,456.4770483472089,79.19497764563536,198.45754681500955,24.897556573442525,54.53037905096902,147.66508632382477,271.7823711081095,25.41771274679416,27.16146129507918,26.506228521626166,30.89572119682349,161.5325872423486,288.15194602585774,224.36466901402414,20.557477489346507,268.71660547977007,36.028059355064855,68.97251036002378,98.22189503757411,478.16665488887344,339.9536779166437,6.670692327347637,31.55961877990673,95.41541081545063,35.38615042775176,5.890645815245176,26.378114120468556,124.41328938624126,272.67767144705675,84.21355859318297,182.69815528695565,318.56128378678414,1189.242774485009,5365.283485536663,15761.751795138089,4572.9680477217835,464.0152082671664,529.4879182919934,473.04602889687425,138.4058075082972,194.40717219994548,199.0489659981547,244.79019111992218,130.52933043507545,68.88609613964567,49.66355731412475,231.76449292700906,205.1201838141864,99.19158649480616,20.219023347634202,42.01003348357023,2.3069803737194414,3655.3326921011535,7.66010858097489,4.740129335179164,609.4972166569501,56.710130552548975,43.08445475127733,43.47987620376546,0,19.494609260340408,0,37.38483107698881,5.266236389690114,22.312142240424894,23.61070093395872,21.674726881872168,22.891880762302492,21.175719163704645,23.532501917382035,0,0,0,149.21767731059106,49.75669009291105,204.52979074551558,262.05450866829153,122.90000391039007,55.34954049804698,54.52103178691564,259.1962878382205,247.89830945759226,354.9559115257426,322.8726450618,206.1347008070812,90.09734623172017,55.174422414648326,77.65759929340268,124.89633556540952,158.42706507966986,82.55367679259795,141.40315370018496,134.813113776326,483.4626927557397,776.7388318075244,138.2126466640986,421.7508954288159,22.442314458492532,119.25519643682158,610.3182788434287,140.3676509673472,174.90875082393373,819.5993670725878,148.17862794602718,716.7032890960041,833.1637694131682,835.0550560941051,1095.4944680231852,2891.681345028669,1297.2859018846807,3582.3400506812213,767.3803483522601,507.9086163149488,294.24636938501396,873.5589404093433,377.23172592659927,1506.1374376575623,0,9.04276763245368,9.809208956540374,42.85804895171479,25.96249482470016,629.7974378585858,40.17519398082032,34.594366558977,22.029242479451007,163.34344292681482,686.856125233485,536.423207724836,740.7671250507677,2421.214899916019,2566.908448338633,14.608862131722233,65.93270200576698,82.07076772655878,18.25813228688078,92.15093516234272,168.88802386905735,66.33368151572498,141.21100837887886,174.54150034526808,184.63162833299717,106.01327809309367,313.24225979095536,69.10593069732408,111.1773490836655,17.807823165245445,8.716187025049383,3.2210380401179357,50.093056755112976,13.756440846436087,3.3248603080708836,126.26900259167614,5.586551527729525,242.7948945096979,25.353070815263184,42.33240899981577,4.789464831168335,0.29462300976458033,2265.6378789156747,2276.9527953160605,493.24645892665956,549.155507217997,109.93542777583109,1237.4775680399398,1110.715413249097,644.2269998659009,332.56487178423095,112.90549997314235,109.4957272803957,111.04879831007183,28.908155285043165,36.39073196394417,45.2865925173822,27.78194090550139,27.412958503986285,63.334674389767265,62.791866226217934,89.41141604273336,416.7553351179486,1120.4179163572278,367.4121188671488,113.38800140848089,22.61683406489817,19.505595140103953,56.423966628116595,54.430587911473765,22.59644721562744,540.2667334189834,212.64769574992405,75.57563736158215,49.12835145597656,36.66827538963857,340.95531524183264,294.53454615537174,623.601931023241,648.7863227496736,185.2756402350481,151.2585062318936,294.8744732016826,311.2646562499706,531.9503799429789,179.98779847967896,4.6010412850871285,4.390381811911155,240.65121442884623,132.28979217165207,0,44.966012511214494,1.9938354653780643,3.2669660333954944,59.77777847478408,489.9849259537852,1199.8771952306367,1297.9629239790952,74.47852008329394,77.29553970102921,25.78560997325948,93.96797974185586,372.4143906775305,121.72283130886622,448.9105660032779,64.62485543162549,65.25367711993248,196.80682502241638,418.2581749731998,70.28165668019976,58.68624632392969,3.6014599129014027,2.1245042030154546,1.7930053336247185,6.21823018349014,1.9143047955488097,146.74701838809224,103.42067032040302,3.3494779957111835,4.387554989331066,12.525284602122492,6.812707736059391,20.034976772453817,192.85339594859624,473.34766414906255,11.145877186784666,116.63698956409107,96.81549218107786,5.362384958670312,96.89385998079965,0,0,23.206105780258763,208.37166481239908,125.77817748041572,6.248782481198793,469.871704296682,273.33616350801196,51.170013470346255,8.140273413965502,4.906625305268978,29.554629066155318,2.8907366349216983,40.2262161014242,3.4826244223682896,1.7713738908482162,3.0305373377737683,1.9857463423677502,3.138414773438125,1.71858446736796,11.11763708561763,231.5979429390995,1.68976074938037,0.5730877492433653,114.17229921769496,554.3244299496845,410.35096701903416,20.11722185425173,144.32342626119296,201.13656798983496,164.47346458423644,319.5722707678253,158.95732580648573,207.93877554415943,28.229350411680873,57.902856370978945,1234.5709658729322,887.5605646877584,3413.1014809196076,2538.4497409104524,2050.2946590349866,2338.9362635424695,1157.5644035291357,732.4686792092484,3.6445739297211155,0,0,0,0,775.5318548314605,0,0,0,0,0,391.22871847776764,0,0,0,0,0,0,0,0,0,0,0,0,35.61559810836149,55.80380507631136,0,0,0,0,0,0,0,0,0,0,0,0,0,0,0,0,0,0,0,0,0,0,0,0,0,0,0,0,0,0,0,0,0,0,0,0,0,0,0,0,0,0,0,0,0,0,0,30.456441431859588,59.92929719026521,32.203090014575906,47.81076891763338,0,0,88.59943939752024,0,0,0,1.0778155450059106,0,0,13.499353234055011,0,0,0,33.21792420065295,42.21400969873649,0,0,0,0,0,182.78964782692438,3.1394175921083023,37.024923659387625,7.8437280397410625,0,18.76914455274412,20.909814656346636,13.667975657497122,12.56394991918757,80.42316997141955,23.000491279525658,329.1836942762402,213.48095268313568,100.38261749774108,62.81926423104921,125.24252425969891,173.7616548374744,0,352.62146948166645,21.237451374206294,183.19085322635271,232.6596030164253,1514.6353241009958,117.79735340826016,0.7604473165496773,90.60228498721871,139.0247225046854,132.42602200764432,98.97880899513132,110.28811857625833,78.54340395922283,86.31987900112098,179.93592228508004,7.503742433471463,115.85403943495483,120.1269909640125,112.60771468247479,4.124593363794145,151.4179079142429,57.047784115846184,5.926684971899607,4.241827686607997,116.5747794121673,12.617525211340315,614.3416276928448,442.298373441727,18.76798130795777,413.97477587747795,320.1705956538219,581.4012812146673,133.4803149647939,568.7265366915304,160.40112237046807,520.715780026681,118.21867087250325,274.07548743999496,427.018739283716,41.74111518129408,690.286079250011,367.7880484376693,37.406672127789484,190.38677511370975,27.006722645231697,15.173118372728148,57.76752199875357,380.30975624744167,393.51856068301026,849.1530047042397,425.7430839160949,482.67614312952395,594.2499409607068,34.9768539363125,0,0,0,0,0.12831721023536086,0,0,0,0,0,0,0,0,17.36146418064241,94.05094567593271,121.80571673808663,280.7077888218046,0.2556041057928137,683.6533951400457,373.11245142414464,178.59078314637642,0.29690752730061876,0.3792252581875634,0,48.3545465014291,38.14789653886338,68.57815457259662,68.95671828064928,401.0152256942554,311.6086473753178,112.3795003857821,378.08381629495483,214.40971456758965,562.0451296728322,765.0391312059584,1735.3169019161842,1923.2354590767518,1345.0252839002128,2100.9331552095173,1330.1366160508423,239.54842480399412,1323.968154645859,1482.8980332882666,1502.4350381901722,809.3770393200926,1717.94717692195,0.21448153260787522,34.65754946561795,361.29833739607886,353.7886022722698,802.0240256917343,894.2201273390519,643.2150993593162,7.184084815872541,36.16083023713643,39.625423009563946,20.312573466718323,7.893146759231803,52.83649411084684,0.798888377031847,3.1024955200164173,15.025629589540282,167.64497944065172,335.90329137673916,56.04903267439638,135.77024674190147,981.4019377655095,123.20593226836156,595.2229208685826,1174.0760817757634,40.62172746103237,0.977243221020125,723.4438110235678,258.19440124976944,573.5807278688732,238.8809639703121,274.7217245253856,347.32344040033695,203.57980898633036,107.77300860419346,843.1877237855315,673.3180481150612,775.7626530637942,1217.612256966518,375.4304716217238,129.53222407773924,295.89653348640564,46.14090320812642,163.64208432735862,709.1787255472304,653.8606069881815,598.8440989149387,455.1492049649015,661.6128954441965,356.9198528372107,344.1889305376957,230.71228386328775,410.14514241013825,851.7587499899872,1202.1069616041964,1084.258370845734,751.3761633091373,415.27838971575665,178.70121905301744,330.88394713021347,125.95436411527092,558.0162058729574,393.5149478895235,978.7696904226291,163.6679793120794,0.616038965402338,0.09077303124696136,5.425185991944908,26.590127302981024,39.79978781482319,1211.6047392833618,3203.5815137973896,2768.59499444178,164.66079363577458,448.87413313647005,1584.55390171987,1442.6354812403492,188.34825491598656,484.1565371229569,505.02849128177553,423.8782228103947,194.8557659891998,1482.7997549605223,947.6858574904257,128.88200572511704,102.4091979093301,1239.576868768179,311.7694200965259,413.912915469802,381.26964540657633,781.1372605208222,266.74524815775914,207.04824222590332,228.3314575181934,194.4764461435882,794.4862869437617,398.28503567473814,313.35041160434815,319.54231243812944,324.377782107922,156.11138945725025,163.631114848468,485.5312637690099,96.2475133838854,262.86222853026595,411.0357929256742,162.1553203740118,206.65302814928143,556.0670255056485,1109.651562318841,133.97053002775678,657.0307957100208,45.93901246246716,1305.571006193858,1088.324200274049,172.66178794613012,274.8103378692272,270.3452111160431,1053.3115384769758,1173.9150665241718,1100.6810826529334,703.9662872565902,64.13530177012143,121.58224152247749,912.857738948842,297.90788680783834,56.26139323702095,249.82104879796623,819.8569684327867,4.634679691729745,1264.8227812143189,266.1856077120949,186.59741936696676,703.6459571343424,690.1192647868085,116.62469355480209,331.833194960726,485.6042865916703,250.2805477031017,709.1072487334962,309.6302673383498,2.0067428018169235,195.36770386604647,130.80744563796335,130.77976590443876,167.55049194111666,394.4034457829576,360.56400680890596,744.7763668643488,334.2956907896331,588.945064219129,379.70999107217847,168.6625713572143,4.975652819091026,552.799788808637,225.34006246378982,924.6082946942965,1243.5007450328712,1292.2728915589694,511.50623279361696,341.55130133773054,419.3406506503659,835.310292470488,466.24218772602376,457.1003020469315,0,2.005345819440582,114.41119622182786,49.55233224085493,0,0,24.975202426274276,0,6.303519262090054,0,0,0,0,667.5504070075572,0.01402370579063585,0,734.0619384686881,1056.3470389667111,1696.578333082079,1301.2842080863518,1170.09459487551,1555.475162008341,692.5045126858618,1188.4970384272644,0.34910942764569564,666.1159031851455,0,36.44711601509064,0,312.7302375691433,36.87370398211978,649.9177159713431,0,0,0,0,0,0,0,0,0.21763331393198942,0,0.014168528949623204,0.007927711432652286,0.03922748736350486,0,0.049488138850063625,0.07993317710466548,0.0037369588982623975,0.01595804223700799,0.02418408197670836,0.04021993844548961,0.03406311618046422,0,0.04199557289685077,0.07599000640998259,0,0.01916279195592758,0,0.045012113219149795,0,0.17661323670812293,0.03506781668075534,0.16737777771836332,0.011696070103832364,0.037485250874712585,0.051622552104078345,0.02488371407300503,0.2821333933479615,0.022316081828812236,0.09005014897018308,0.0129994527663413,0,0.004505864052483675,0.011351293965274864,0.0307023574105406,0.012607052639622425,80.07873324634177,238.59520479291035,689.6480977700606,161.85793857274,1045.2359944415598,37.47488755367417,53.60392567038576,3.346804611996118,0.24959210275331262,0,0,0.09522257560760564,0.036883871523375994,0.36095165072166713,0.04442862969703891,1532.13741546025,756.159005325325,208.53211500500146,85.38934599146297,444.8192459415404,57.916422569803565,55.35745483890079,278.6589888017717,50.86139769176158,142.51217118433274,187.62095860180315,70.14381871623053,419.86367342195814,181.54981188508987,607.4297328273788,1444.6015872484393,271.98666358281247,157.02429018080747,796.4306126498492,668.7603318301527,226.14854055130093,571.3532935780519,1771.8825019326646,1921.024560182916,1138.8924414670616,704.1468147468264,405.4634156941766,273.3385137445937,194.84282359029564,152.2929154107297,848.4158360646223,1111.636922793379,749.0965691689879,1840.0788463321494,763.5523761424379,1088.583738296086,1163.426804669725,1135.0148264821605,1425.6481440936138,2047.2874019572123,978.5228867164898,3086.239805698077,1894.6266806514739,274.6551900826815,1046.5656817046076,267.3178443563044,192.83026269631077,164.23621033522772,0.7804303192733945,33.51252030878592,24.66838714368628,37.730589828528984,18.94415515145368,6.282170041954447,82.1180797337489,30.932099943234427,84.02863956554269,2.525120055374879,16.64215535734748,310.55448369080693,22.417335162479723,100.75156324664981,22.15952971070538,210.5451997224166,14.421836892479645,25.58524090837585,41.56862251305185,169.6379414428421,87.52819183702921,107.65340793616174,3597.6662021754723,686.1372048315515,701.8736768957009,935.6104868221913,566.1145025565975,318.01451634360416,1946.0731946734184,1272.0470963038333,477.1052460099905,307.9840809213024,815.8310829200402,1388.0381680396115,1360.846062360846,4419.798523976444,3641.192136652193,1198.1252016117808,2427.303300787141,2075.1003056087834,5826.262928192434,6349.652492400434,2558.1502421727523,1747.2465194880936,1648.2625738034073,1943.139233960301,2288.266979941921,1206.8239774626866,1646.5849765866944,930.6896538287049,1770.722910366452,1589.495981527002,1681.285185053053,1563.9765300115457,1962.5427948456195,4233.461108507193,4306.958714317831,2827.857883352489,4020.816901837359,2405.1837399547767,1945.6765197594916,1069.104414901223,300.17097345682913,911.9826560254654,739.7903902533113,1020.9427401084713,193.9431828417184,332.397583061887,469.95712910526316,481.95690375466836,112.00352327548515,269.66932350020824,195.53817816194783,212.41657309847744,285.10575604310446,570.2369693669235,107.08273499149368,4.1371273269996225,14.53696743056356,255.3050517023845,240.38675521627266,228.89078860677947,103.76015209760662,384.23911191996274,149.60735479451702,62.92644916163819,282.739997421615,406.96172111716425,243.83831546210226,611.8563209659251,136.6670037367254,0,21.743866247085364,166.57451035090676,28.610882807205485,104.02263753054041,143.46466884280778,345.16305803004536,432.988815866728,834.742070908082,290.5705306467578,1345.1024736934698,504.3960223058405,2171.701017289125,347.1492153661435,540.459470198162,911.9060480738632,3641.711805578031,6703.51481034261,8659.947365465747,7030.055048131971,6707.678544529654,8108.652779761441,5950.052500078763,8984.153774434026,7119.947843543457,4946.571235708205,2649.5058038431994,336.2057605279209,624.6701874129031,2068.1387292848913,2283.6657653349394,1606.6513777071953,390.93320413476414,210.17911349512156,462.79500524394047,181.67968074312904,122.43482996605674,1665.1173692412492,892.4484343924613,1292.112443577321,1460.9806755183765,3457.041682521934,3759.8275552994737,5003.006752706428,3458.899311256456,3524.780182945929,2052.9097015472366,3806.692406113944,4233.0011038287075,2195.5753818010435,1974.800586671932,4311.833687848725,2983.797604710935,2745.5531027783645,3244.0143023177056,4575.839512009098,2375.07789300239,2040.4644512188463,910.5763502182189,7.772077733237648,248.49006478045712,73.70205399757373,43.5664462178891,99.35582769183154,240.97101510373525,352.7700338285785,293.2060813001757,233.64102730596937,185.58433217118733,341.4490983975616,353.698626224601,314.33904583852905,1049.0947877070255,267.6404847028427,234.537706691842,688.4190062317339,624.4497882795615,812.8319764815764,940.1062095849004,390.0644792420175,1713.392925175651,430.50188851475343,2051.1705359676403,1185.8644701068883,585.0063989537547,368.5956734664943,636.7018506422504,437.670895406281,324.70340669470755,167.8684974886662,874.335256063312,409.0025951459257,235.84052906995746,172.88033441008116,422.40535040095887,368.7383698882955,347.3695158553466,604.3926607503018,394.87481479586637,245.21370997681183,255.65097802661828,190.2879338897947,246.20364092997394,3415.6053941183955,1114.2388961897757,512.8760923816079,687.670796715745,1358.7702039927378,1376.5925147256114,940.811476381958,1289.1877158149805,497.2342774021177,266.26648994899745,372.556651181002,106.30611279849447,122.80134191408155,340.1782471578765,88.84184380601063,304.7761661917134,337.74860668450935,236.75969790910062,291.0191744364867,1086.9219211239708,440.5054911004575,337.3659742928657,1206.8997290583598,626.4789496256254,859.2864433639041,1074.9278787002688,1154.1835440752902,1114.0965637181312,647.1150568860578,1076.5879723923638,1521.9448021691437,1013.8768935235263,741.9554489580889,1017.5159467345799,1049.055379685976,310.42433205656357,315.21867566680913,169.67563525396665,158.48810324555507,152.81007169774992,100.34938240764586,112.74475269843144,156.32222616275533,927.085118785916,413.2615550903769,54.626073680567494,344.9349571882886,419.0738350094228,1018.8684959682989,1708.3072861590047,1301.576510907332,1243.5436115561924,2140.3762167695986,1852.907596404056,7936.181528188355,1151.49024468487,1289.9179481137428,521.7309668086226,334.1157758854937,1107.8146659289785,2681.9551686664645,3462.745755570621,5248.298161674404,9412.77449025999,4769.940095094106,3627.81103149945,2850.018559163604,1990.8815808691575,3943.4898032054903,1649.629661902293,2448.170790181116,3761.730459786673,15729.302391768533,834.7444450210431,1121.1744165955865,982.300847928251,1068.940235897392,1338.875542023796,585.8203781857472,270.88193877387903,439.7655392704788,1120.9813172510599,1351.7983856958786,1235.8787388267838,1014.358651025391,878.4826450772847,663.9773320919963,180.86508815196058,19.727892689460038,275.2833485581793,309.3519224217865,266.11495139996856,36.462851309436196,49.68063946866556,0.292501185236086,235.6676256694116,162.37981141442015,3149.6172536891063,2623.8260484459033,3238.896852061731,3929.6545738499685,1490.2700674482412,2479.129590777619,2029.9265184751857,1275.782229375511,1054.2861223555178,705.64035750855885,790.8009915352668,525.0523590032863,789.7540819402686,702.8764833657623,795.1615934721502,642.6727209440749,216.5950918688956,708.9500588630806,236.61098877936928,303.6241294570683,212.40631469070377,365.4775697821345,572.5907895756903,346.76707708143744,75.46181952159941,71.074346922249,56.48403199731955,636.5713627424567,73.73725337994611,481.5583097345503,386.23768884752883,272.3219336769934,527.8375472668786,311.7601071650644,388.08069847140695,701.618261628419,959.3795429483786,1931.825145713709,1777.2757947392865,1832.2752359593119,3436.829580987836,607.1461928657875,866.7343771956622,677.5705477368474,762.0944450392342,709.4018415494845,141.33575648607444,74.26952771657236,136.6148323938255,90.62864903453597,83.85835989613332,67.24841418591737,140.93130231879874,2.331812417583038,1204.6259787263064,190.41686289726093,145.22024894520032,46.32035174178994,55.20725523565192,2035.9961960064797,953.3266627940721,1683.425145205358,776.4317451839319,202.80368661276478,195.42744440931742,619.1569162935468,438.541439695619,771.4525076253642,1043.1972898444026,288.978550407975,975.185731995364,1430.4675800197188,1826.0788777880584,1124.3891331576815,1033.5239903928573,934.2322730884221,482.98022596867406,944.3984034393885,1133.776705527365,2407.076904655886,761.1783009256817,329.48363155915683,86.28766663162844,58.649693014423434,45.96199095010901,231.40419218593786,77.50397351478965,71.35781240757314,2686.981963829233,3266.1399069822173,1864.1716834290348,734.0973596679847,1512.0067934545639,1160.3313187282533,86.02326968488349,134.4412312414264,974.3683864869657,817.0289725173662,1915.55949831369,2647.060833030565,1622.5545618428007,781.0218423137036,771.8783133132735,488.9345177382613,280.15562760416316,63.920838367543226,260.816817362169,751.8869076691776,1022.3348961423404,1046.5560747474387,1563.9818947438862,1749.9958287063253,1220.6077074373568,103.07961717028165,1646.8913679961836,3100.2566737297734,784.6575371175327,26.252577634861435,21.998801862170485,90.40295824511836,18.34907641070158,18.46280538829173,29.376423889892763,22.900600774955528,854.3922018817459,3.9461655954235826,571.7860203932793,35.86593649882607,664.9844735455479,39.9842694324308,50.12450176163538,25.258360715852575,232.31916554410938,34.70620402319845,172.87756977351177,79.06152795737083,91.44018369275015,127.39633330377931,401.81671037882603,118.37364150917752,203.2042888579329,58.251844255085764,200.01485223562236,470.36389164054066,286.08508328699736,347.7181327374017,312.95800483581013,555.5667812830915,117.42645053098325,201.3670664012339,56.994644286445705,224.69024895987607,17.233062373314308,35.80182965105266,63.9744187492088,84.68810246387605,73.59430767694059,445.4093864713657,238.5048963138407,142.5394548784546,113.66337664904205,66.663497040813,66.96093155622353,59.78449490640122,60.16203019682477,65.68872019784295,166.68536742655238,52.09187635614816,57.101362340411484,235.0763605974326,56.19829632907222,158.52873513927452,240.76939855408256,564.2017699027307,1814.471176493236,2171.6068698538666,1741.9573694478202,1287.160511714844,181.50492081928465,215.89530865577433,69.00177493147295,209.4016462630915,489.57824001880704,401.36815808066876,170.3552549956768,583.8758091536002,188.39425517344105,543.5973807860116,591.0520516631818,219.6051126573867,524.8359332639714,547.0392815396776,153.735362801113,559.2917781234056,202.76709932909424,179.21694576768408,23.32358989449782,273.3258875954825,190.96848358311289,406.9719313071878,712.130780783424,549.3479667903886,117.41554366255598,384.02368553876073,118.6316265831004,95.92558119973899,331.8770804806356,263.3384530787107,520.3078088176462,514.3646542883791,275.45227220798586,279.238439156283,116.58561971030349,143.40888161440057,64.51472534059178,505.31323507723766,878.5506657379722,1466.642898287509,906.3825744408125,1208.0107467973985,1772.8671115031932,2201.3768518193265,3944.180723281021,2266.7536693117268,87.70746938538407,190.58523787712795,302.45230630247676,635.3165181801576,271.53161214158405,287.9761146340311,292.5041388610713,387.69541488057956,696.7192172911099,310.9677818333997,314.87339168002967,299.3157473130285,1382.4731197425367,341.6653702062292,134.99426420213007,394.8988475723843,752.4575327449481,430.22180373556375,86.31047912915852,188.4397766606938,24.64475787883142,251.36287132958347,678.9219457973943,979.1519908201466,664.96247667521,668.6080938662732,575.2424904454473,985.1268842738598,366.10135385990026,83.54908447379854,292.9468742835018,318.7816670636395,111.03724008335162,197.0923833129635,117.58856534739151,321.5997310543829,387.07638183538774,682.7509798043595,416.499974018884,361.21010726794515,276.8592101236093,57.86214345737383,1499.7140918876166,2150.534142833868,1506.553094759825,1246.398937251621,2042.3979668136228,1788.8312326722591,1346.7748684622718,2014.7408041217313,1443.7781958361836,2181.915251879188,815.3150611304194,607.2282328396808,237.85953194341496,897.5183896621878,45.0664884860279,485.9732094193323,706.5626387342967,655.9463930939153,1028.036573520045,809.2907137032659,38.14281924727434,270.1694143908736,55.51313419707532,137.53357155168402,352.91755007524756,302.3046871360314,348.89655291372515,81.48819170944002,6.539495986842495,27.172230868000227,42.18831667938685,129.32609240901525,664.259973903017,121.54199776575886,748.4257326976364,798.1335264609728,231.16744391699177,131.67536323816617,687.3256116599425,182.8853618233354,61.290187919279006,42.54093722219192,315.5095335364968,621.3754154985139,259.8364926996649,168.32044669978356,103.57878147141805,173.3004285785063,72.21662006627533,80.42241811975279,126.69484271189263,206.9174228038297,329.0604952386086,310.5636223875084,205.09488858258115,726.888881739504,691.8946002978352,46.51950485875504,79.91179348560823,212.17526424478189,346.117107960509,106.92479410319798,245.7402715242454,220.11486441412453,81.67366379223796,90.67462145498955,83.48740928158571,263.681296114657,516.0629300669319,84.56707756974686,162.13002623056897,608.6473769797869,1747.4459607368706,141.115668478557,244.9610759348275,507.3127999028773,350.59144085022587,49.88270212683778,55.20419171769049,248.8309006173767,409.9899537978664,80.29718687403107,203.3248297257587,400.4166934032976,191.31294497714902,783.8397203206475,1126.6018452828987,1071.8367503253116,1468.2698905543286,324.9108342926635,516.2477221110445,354.34885461420095,146.39338353187182,164.82026277180213,667.220256585139,733.5380127060414,131.4429896115876,26.176005919648368,41.163215723847834,101.78451007455068,30.389172933849604,70.1526479719837,9.809098935552518,43.56668237803144,116.61620681411956,139.79461957355133,466.91347700330346,178.06073664634226,263.2041211450107,589.7290769573094,211.65796618837732,12.544577670831831,212.67441628772167,0,0,0.06448375009013338,0,0,0.004425520886724336,0.09937856439761827,0.1704255461964594,0,0,0.02166705346604503,0,0,0,0,0.05709269652617639,0,0,0,0,0.0029634936878138026,0.11883738293939941,0.6498614660264048,0,0,0.0022806262054107735,0,0,0,0,0,0,2.7533467206755993,0,0,0,0,0,0,0,0,0,0,0,0,0.7243186646330685,369.5185735918152,1.6381063745911724,117.10991248515602,4.142898108298074,0,0,0,0,0,0,0,0,0.10066039639020119,0,0,0,0,0,0,0,0,0.06550136348087159,0,0,8.247314142888845,9.87293011799733e-4,0.7439227771066194,0.8845673647271993,0.4222768744017156,0,0,0.352544414099421,0.007586016364868002,0,0,0,0.33385306897212336,1.040436133028339,1.1457328891215928,0,0.007283716437957175,0.573682901092948,0.005254446315480583,0,0,0,0,0,1.0714519168203709,0.044429416504698636,0.08787620632430027,0,0,0,0,0.0630810087116478,3.878052043423415,9.78551816109623,2.4434990448075835,0.34359183430811224,1.173817498724174,7.957450867360914,0.5695498875393691,0,0,64.81215279832539,83.2920352509001,53.24843279976562,39.44945754681536,54.14804358477391,1365.2656938942464,1168.6638414097415,1628.9273738130903,384.36831362877575,1398.8743622693435,1245.7273010615768,565.1998078351684,369.181171110444,620.8560166749625,2787.3423681041295,1525.9666815420187,1488.129922702327,2.7359817745596025,14.300244895305541,3.0760952246949658,8.380923218159674,8.362730715082128,101.06129595043215,110.56244921742709,425.1695968644907,66.03577481596395,0,135.20704265797946,536.3702495836458,166.42210678190153,89.90201203516756,133.4523325146284,526.1503915524535,432.0249974797688,1380.3446797672052,883.3346766401556,1654.0398901026247,7.28123673689713,97.60215803688101,19.256435058293523,0,0,23.350616856696934,58.388062530388595,1.0180695061541398,0,0,0,0,413.0601863227658,0,0,7.336306992508607,0.11333176448765278,307.9284360922843,1360.095003941673,64.19330853286021,1312.3079037493833,313.46143678236274,1319.9098169115534,1393.8308684118645,650.8898521843817,224.5954040867403,0,987.7507362485981,523.192741195852,187.51764371922425,53.54824725691522,35.838805684672366,286.8262528421827,170.19639341701955,361.93519969136617,37.06913633636659,53.26281436446796,197.15626031338084,532.1398117474939,1191.0016406040309,35.46106345471174,6.55644719451438,257.48035218162283,334.92337859972,175.6380904130526,442.1874342982777,158.28276713770975,2085.3461835500266,3002.0441851147084,2808.524046257215,10003.805614914221,2387.056303643527,10090.951055304236,3366.607982111987,3310.976420059509,1485.2771547086656,2896.1421757916837,1785.6824451201876,2003.6037012575457,2658.573065569997,1060.0739166548708,1475.1679301459037,2314.9337564911298,1573.6494948539398,855.2208355155443,345.77245164804407,304.71001154487107,277.1465670665366,420.2669193671454,1301.1366963158785,861.0678191200093,2128.1308698228304,1089.3631136987942,2209.886704818981,2168.61337521668,2579.2870124444394,1846.38903666947,6353.427530640642,2939.0128530100837,13136.684467877989,5963.737536912902,13752.69553268114,455.6421470708396,13.101171920591302,396.7477864655649,52.49615667568461,1881.4072507309254,294.7072726684118,1.0076006044750685,560.2401368532649,221.3145607269891,550.4326493123399,1.7750043835847553,395.5803875287526,386.6331488767181,215.45751143428538,369.5614220156558,267.9781345536317,385.85136219484934,228.96037713243263,492.37005567093945,464.34676948776774,79.91033615428046,615.7583067951674,315.5909355273234,270.1198972551497,262.5815266758106,1.2214641821442045,0,0,38.167122206934,11.657387836224478,25.424794431729588,0,0.7773844745626229,5.442414653164882,3.7792390148611075,774.2143200836254,360.51486637460704,334.01240408249464,12.32939392332659,31.62248721455874,45.15078088610253,5.711222162231164,87.17275289958877,59.784689060677366,110.20988562857299,448.658767939005,97.03293196362148,43.42257693438242,144.19224674606016,281.11059193602915,783.5295388866466,607.7207821042324,922.1246863218689,775.7403318820157,1296.7282282914446,297.01896608354,255.8337903858117,1329.905680234576,939.7364019043318,585.3585392802175,103.17954235715,173.03016818106516,394.7644452144086,141.32940272939086,9.038833734039441,28.627410723996373,123.67881750648719,19.960427493802047,4.228520514134462,11.096286106954805,4.421832327315352,12.558792609059628,143.21684546094866,754.0650501288121,334.15345425991546,111.57370508918288,32.12603070946785,5.933887411775219,14.782280326863043,26.630974333010034,29.004857826571246,13.830708422137953,29.154844677960188,29.42055932299982,27.34260250860524,0,0,0,28.38098381869027,44.83642093150961,59.080773154479886,46.22586349739335,46.87270828660264,44.60826228024581,0.9496741087705198,0.953364765134488,2.0160733238660247,156.39361199358004,1364.4442887517157,1725.6100716503709,77.39752007923788,5.90252216168151,46.781149281275624,21.639988705130364,22.402836215095636,1088.0866371919453,3746.4415131685464,167.4770143308903,601.7429588488072,164.87187958509702,4.494877368313486,295.11166745261363,7.444074087498734,74.04508652628247,20.45044246646895,0,0,38.86569762985378,105.35177553252677,1325.3683977880787,1496.2917922958545,1176.8503641328193,480.57433972269405,810.2489353509775,340.0172462523907,236.05463933062535,213.46702024559127,1975.9805894656383,34.57132791461637,37.937832150630804,38.29680497680721,9.261784372328425,91.96415522870403,770.2998400287781,619.146298358233,822.074691603247,125.57359923457894,110.13694254572442,209.3688108209935,40.438336507401736,13.742608022672265,79.47598188929805,2.2860483538655627,1.95802306291517,0,0,602.2869028764034,1100.0895950309682,1212.4602227523949,656.414573920934,286.7565181031841,0,0,0,0,0,0,0,8.59943739612982,1106.439931859724,3825.127795674097,435.5949329568549,9.238927756423601,24.564153422483564,47.16379906738035,49.099054392572995,149.37748914279652,9459.682785584913,8983.199282179354,5063.8292239618595,11.606621729965964,22.34327700665883,661.7529386627149,214.3350740544925,12.501134028907082,18.467377245651413,16.355800163588437,13.374997078192859,19.555974857793114,50.459606750301944,16.667238536456498,87.39730526627956,756.329250661688,22.709484620548977,111.58466148588,1095.3807861151356,40.5944676870263,388.5760954768103,383.63534455607464,191.15647257541343,24.116581727729123,48.38087975083061,913.5829503704747,334.67192624625864,494.6736865048452,268.9283805043847,149.6481651603624,226.97818813834783,73.56144709358189,2369.5280092983253,37.94192852170221,4293.587919130566,3503.4917849711533,6823.896223747324,1577.858207203276,134.64367544989582,576.3382515257732,608.6969931098837,310.7580729299596,2040.3299487175675,436.1581030346491,335.4380075110501,20.916366108102725,15.040292615133998,11.424245866740684,294.37934169272074,5.935600223313111,9.406159535290714,356.5785251787747,120.56460848233571,348.1845518591602,30.656778004852878,4.277434731571411,1613.594383740788,10.609543889735606,20.486405127579715,495.5925289110209,13.198289598905985,427.5392739606221,537.2193968071937,9.245353699480413,457.40087374427094,10.975110986785207,9.336161064482644,17.43857259472943,29.2276887980605,402.218719134943,912.2272305797235,70.85968764032135,750.7605785857513,37.105390821462805,797.9167880450102,263.9500731751648,31.64931417023498,21.239371642140142,28.17338936376253,18.346237822037807,12.648811557651953,40.90082064065045,509.393545739302,19.95645522498235,296.6640457748636,12.222447469179603,22.44627967948883,523.6767459297744,3137.3608188183516,205.97117054606758,1153.3546049693207,136.31591472694706,17.77456801732041,11.899732264491263,17.196646072381014,92.07700290233575,835.371783927657,6.908158886682142,32.56025880365626,2093.208298259529,2772.945085216636,56.89738492468434,1053.8127220628005,20.18148573580953,16.423327963984146,16.366533013709514,14.96854633389289,64.3315198024955,38.57023660025301,14.910363171469239,13.826853803781844,14.525485520788523,34.91591189008692,13.488560685822858,117.13293941770831,659.5438726149663,42.76261436298525,37.6145099350504,26.378232067001996,65.31121497885574,76.15889556117429,1747.429910130854,1300.0169242705726,64.26969247216097,510.12673163046185,265.19518051049806,78.55309119030137,86.528690473341,625.666361435472,641.5723431493236,958.9665156003728,57.41772518958756,2593.32959635776,859.1807486118449,3971.2813103198664,858.926433702159,339.1436505001534,3817.1520322092283,105.46408150698392,12.184654927589074,13.789618498614722,4.936718240102655,923.5408913597295,733.6902384960342,630.1014720984567,352.11259625201694,347.3412145162723,260.0281990710259,302.74731511100737,164.1080877498963,7.7652399838990025,144.87057671047438,240.15449002634352,18.49516982571612,171.11313531704468,0,171.11313531704468,104.35108717170067,258.7957269251435,103.94547950527414,118.78139882214808,228.1568819940238,314.08646115794585,120.44332439024438,392.95570678007346,129.51760540646205,126.24113019481855,410.8951163818004,24.13839622215821,208.66204573828966,131.15457248672033,165.3074107875539,1799.4130404541702,87.85619916484255,0,0,0,0,0,0,0,17.224553912798807,0,0,0,0,12.779029565847168,21.838855218211155,29.229174856574872,96.86770178123055,273.4125230032186,5832.674771443506,2964.499594490885,228.78255355811365,14.031487565109972,4.913247451966282,3.473370519281719,6.371244523638856,6.058948809844398,18.48608197109114,28.480745855303848,2116.2060253659874,5220.712743099331,2692.386285798575,732.4052160444845,492.48615370166954,443.7542686389577,9.721073190174675,8.223158073162674,5.349817374023814,3.692359597638076,3.67521873510995,2.451174613016811,2.4743825484328195,2.506562323972034,2.462418932744709,2.685012772165555,564.1314229559871,669.7864728618247,2.4446247501701173,2.3291379191377177,0.37125866463556806,0,0.4706173495481272,1.1617645123520934,0.34593301772322027,0,0.12019752330413523,5.82845162494292,37.03280625770174,3.26072945946307,3.6382374491115645,3.6184114140675874,3.6205334281225836,3.6288142486204005,3.5928805118946676,43.35516924203877
20,215.2691188440464,15.934347321864275,122.40018874028644,246.15230590740052,242.9763165613297,4.815399398851488,392.39658099688046,279.8254039947872,268.8532238919872,195.4958649550345,116.01356422885937,206.71205087953842,150.7663781272727,91.09566507606526,4.226775164539094,68.23247322404825,79.55545379786992,1099.1929964468413,189.1723063044984,941.193102226879,22.027561164286112,678.3113935526671,192.2336014518317,267.2904118182289,86.72540916658377,212.67549632739593,40.090541025086175,164.96926915640967,322.99301592867465,788.9398553973195,2159.585804580211,1363.696036519827,2333.931861458485,2992.168509447199,2896.6692807166096,3209.613095201552,1376.8927332674589,150.3862069514297,71.78091776691596,50.25490402515938,349.81934279198447,83.06681388540925,205.5073230895357,1214.6242809179346,754.799554740447,341.25233903145676,21.203213849725866,34.31504122431347,190.35001310076171,32.544308558275425,236.62955949481733,147.9389353817438,1.1561343896125678,168.4024903713202,1.5428915506930627,452.87442456061785,260.9695664453321,8.636351750072912,1.1688328184060617,10.461303536412585,1.1866210562668558,209.00457734944018,11320.796423653452,0.7204449917659996,1.2474621221743691,1.242558599001623,3.8681411718706142,1.1797926403507757,3.1106544412553236,0.773970435509162,0,2451.4790970820472,4563.124589013334,358.6525402401142,0.008206577005546384,1.8373003751972437,0.030121499849686456,9.711370710621962,0,0,8.717824303756299,261.12668479847395,0,11.55176276205256,0,0,0.8933785969374789,1.2517502780309504,0,0,0,1.727505434506453,0,27.000705650428205,0,40.734954086419016,10.120447248107661,3.7076613744627873,45.66465286537248,28.096518511326444,2.6486100942446527,0.049322354677942354,42.11113789466107,34.565217378916934,532.6249066812669,37.27183836080459,0.2938230168583581,22.7707668309583,12.822998005286843,1823.4714021861823,408.10291340791713,6.122220107102956,4606.572437499931,7516.559020063297,5.856296605159196,463.56018623997045,3515.822679045766,10.724025026859753,15.430710583505624,76.77551080380226,0,26.62702690121977,4.677221271618755,0,0,0,0,0,30.998812328557335,0,615.2662124000602,0,40.10542825691794,10.524557514561971,0,0,0.03468678205739719,0,0,1.0848858101212993,0.7011748876007998,0,3.969131455061331,0,0,0.7987223401649419,203.87305393134815,8.304638297381837,0,0,0,0,7.2597549040112845,290.0726912443684,2256.074450185278,1312.2070818158165,91.63868986544904,0,44.62724657781694,324.7674402695688,11.534336387119454,8.389419240169305,0,0,0,34.34348098431419,64.7050554438216,0.07969796232570749,0,0,0,0,0,2.5531395030630795,0,0,0,0,0,0,0,0,0.06947422455371804,0,0,0,34.17195032694086,310.1556609824067,39.37949205342181,38.77866173370501,810.3549878818635,743.7643577496901,580.1928399910614,55.63042945581484,1162.3520839982255,587.391536305962,73.11017023744296,0,0,0,0,0,0,0,14.38991756703351,182.21938248431402,9.895000870031268,0,0,0,0,0,0.06715670292665826,0,12.4757211304276,10.821254029579148,0.5369748383922851,2.6442811169889953,0.2434029620784411,0,76.01846319687851,1687.8609289785159,1757.7469566965972,525.1533537695374,125.12034802019149,0,0,12.603125213640906,0,0,6.6261020894559595,10.497787343293938,0,0.25299268102723454,0,0,0,0,57.905597419199424,0,11.832053642885802,0,21.769810785104518,0.7612036754355422,0.013825703814581985,1.1386855425888223,41.65418984541887,359.52736074484073,212.50851921154836,236.95644333672243,437.1683577574394,162.27288360284166,44.43857244760599,27.687202418394534,505.27774199433253,0,0.12598272915511424,285.82949174847283,241.926549684218,1487.4152612148462,2955.0965818103514,3994.282730778414,1167.8336760336529,233.24863339567673,475.38225599614265,10.362598811968823,1.1498114752650288,1.0471187328593416,12.832908464824193,0,0,0,0,0.36182599126807424,0.8294236506375244,238.78269854048077,200.58576403648522,263.45201869557405,498.591448289236,44.56180120186081,906.6201057677122,1048.930200724715,29.79940318138451,9.982051315622348,13.543788886446313,20.528244540374143,26.595672282013826,7.814763206340358,48.5379432592766,29.666121814736414,304.38828976175597,97.97110436117794,246.1844780927257,971.0324658832099,952.7890362654845,1456.6113056633176,2859.0137147970245,2592.884810927308,2383.2923084683325,1253.3182751594393,2096.037190069341,1210.639439778929,296.43798722055203,765.9146422599827,567.77832845216,472.4576146516237,159.47947338961933,48.420304709197694,40.183226124660706,37.07252147586208,16.74343090384013,65.85833468943476,50.492128195356706,2.606576195619979,432.44244052341253,87.0878550854686,762.1102463423064,434.78114661594805,1088.8915702388806,6243.071504801854,1903.5075972257443,36.56290060570158,0.9122001975921029,0,0,0,0,0,0,0.0838656089785173,0.14167134296772754,0,0,0,0,0.08547320526672461,0,0,0,0,1.1570825611805042,1.146390177532361,0,1.2005068823644225,0,0,0,0,16.815895463189,0,0,37.1019949081476,257.2139073396514,19.523948846456364,0,0.17366714913695572,1.2309420596259875,2.799611036647342,43.347163464851825,0,0,1.389465913351926,1.491664055295272,1.0571479980998904,4.916060783372718,0,31.37477217703207,0,13.63920603904109,12.521733003846482,5.770188032267513,13.778703689001873,47.59386644651558,0,4.959272629672407,18.997379095022655,32.47627007039321,0,0,28.646109742316696,0,0,0,39.14851869471382,30.024083983016357,0,0,12.037072855940286,3.4811520686784676,41.346978364507834,18.97696085189607,30.91450597936856,20.02250416817733,6.63092988484245,594.9744490062486,0,1.8253919445693803,0,2.8135731200260454,4.48532371689315,0,49.5604641072408,11.595057589415315,4.0075950716157,44.24437724844133,32.64515871314885,95.90200982793938,23.917231885287848,0,0,0,38.69733008252034,15.338280627531754,24.355937105707227,0.8722873388417822,5.335487670450025,0,0,2.04586258706398,3.16492206548137,0,0,3.007160263443827,0,0,0,25.842331667463235,26.745054929415968,0,0,0,0,0,0,0,0,2759.7366588739724,3201.1015354520177,4784.881417265686,5131.577797667888,4127.206157590371,924.8156004245072,3739.668206100153,17640.934858309818,0,655.0848937298197,24.059872740714393,137.41464461229756,788.6886544485258,133.7582932100283,63.820460679865285,850.0692709124357,91.93140226247773,102.56500509787878,392.71726458104274,106.88464497902166,42.051290700840646,331.86869744504645,144.65954582413855,526.7479625265432,921.4984938721436,151.06289309966888,515.2606705152484,196.60974660402397,351.1372714486107,710.8046679187977,1114.986984235352,1015.4557899794155,334.6462686235456,6159.346384672539,2924.0242040936564,336.8641676002304,718.843740686624,84.35564543212048,792.8464088795915,433.86813111023713,60.433693227398905,33.5404307945942,861.3913357345326,890.9945028936551,62.85541121062074,1101.8023210973965,107.2898082484847,995.1542981422674,7006.147400826937,19287.632796972295,1180.0150842412943,1016.4709717051813,77.2326840277457,392.37911817706345,709.7354792332486,1192.4442554956886,415.42959500010693,91.35432926295171,29.318827521712418,326.50981285309024,0,1110.0714982021589,572.7232490384943,754.9758068299407,128.70156601623728,100.00429569807409,160.32545219501975,538.2854381940696,591.1634992374302,231.15285027290062,57.184666899163695,26.15028422329757,23.796073592017624,15.998930461389037,7.028924737013912,6.2702095126362565,49.21517861582663,7.0416445213341765,581.3814306180997,670.7358376388883,356.81357786797304,2176.0982434767907,9626.717682638951,3390.6543910065734,4440.435029569252,975.8850929156312,7.898855270671104,61.22474759249716,9.177504032324237,0.25057131856986964,110.25364669193205,2.641893852512201,1117.7875526182106,885.1440425028353,144.21475132638773,48.500133738823514,27.176318393172657,170.52579094325066,111.81361996646326,693.5826277008052,132.70061871406512,5.156579106604726,65.7412853141313,187.12252528455966,496.2127640370096,461.33213716391367,475.72345884542983,239.10195511890132,10.731760778827734,148.60546364464375,567.930431104755,141.52774612172325,20.269691218038822,4.933819445957296,18.25581466502887,57.668097159493726,1002.989367897163,1193.9692243523061,2718.9821004971986,2066.7814182422553,1507.2170751273645,1126.925468070536,75.23342212474356,229.0262210010547,784.2368404260864,1495.0321107163634,529.6090705291411,305.4873815618933,93.55551767237759,40.34970153875564,25.00823892777716,250.50772223286762,4340.245089009735,1315.2120495470392,268.6127843747778,3176.654271340106,3751.3981547674316,966.3507836953452,3630.75724833435,319.5551247585841,171.20061239011312,175.24796612314242,0.12927738432293914,66.71277162792785,48.592685726807325,0.1674757373146445,0.09886564588437019,2.372540726396507,3.8011001549476333,24.821727040276908,8.421884004639042,26.45453711128853,167.9634319345927,293.30281918458854,831.1073964885057,1028.1688792188547,84.55763044839684,534.013251663482,3141.2986504314586,2823.320339069698,632.3478983536846,187.57313169169967,17.552075353588197,14.133841558549044,1.4900793674968997,51.392237767361394,15.104924383658494,735.6674375037287,915.0852282119686,524.4717101096687,404.00819024404484,233.82206709480238,1035.9787259584753,376.11736805944884,106.47839322424421,1312.7766267363722,184.35676321811792,2.27397863244482,41.434259430508,68.36234058982305,17.55203411294518,4.812727053501503,22.326761469503413,27.937425970821348,4206.581980041942,95.91192137283764,23.924126203654026,4.8263763444180965,21.224069139789695,947.2371891002718,1502.0556918917396,157.11641507407708,35.26931561965112,30.373764165543655,163.56802952572843,110.02574033760305,659.4399973514128,73.65914784583505,1009.5538608531798,60.73166315073835,1102.4578086169372,2804.435092720048,3208.012475679933,2434.232912534039,316.18053291478077,101.07236206143575,38.587131042447474,40.26579222416212,1046.9820814085251,74.64411435788634,107.69968509280534,76.3990038313378,877.2508022208538,285.30093267887656,620.8864885676528,42.10096705689715,596.7290386693302,851.8191379101411,226.16353521103755,35.99994481994937,60.347224479081234,1436.479737887615,561.2834620059896,615.8555422040263,258.13047556831276,204.31781323277048,106.16711446547372,115.48794023736382,8.170979556070412,12.975087011152647,32.49030073481436,2.9389030320939225,19.721144685699496,535.7553322915011,1141.4486012642526,108.56821922505137,830.53296485322,54.83425352712926,4.810167658705977,100.45397444246218,0,0,0,0.00877843503227256,0.17514447704153616,0.0176894709061373,0.4848760371899719,0.03572555806044534,0.025271079148089775,0.06143692870267804,0.0660982560898225,0.24468537829086554,0.09478485856415997,0.12109832966975224,0.0399763761949049,0,0.04055930503504532,0.2479443654147612,0,0.008190036127413128,0.022651979805403028,0,0,0,1.9035445131748578,3.4381724866218386,4.819677300587135,1237.4733175600497,1331.5318547833692,87.37043413046977,15.532547718872763,83.64491537418442,49.91980750896733,67.65913369470454,2.78811910424607,2.0641067449207737,3.014233974967918,2.520756518596547,2.728278820481312,482.11509483907065,776.7622499333236,1338.6371827947114,7.495011142366458,77.77506948022828,1204.7007984892489,1081.336360925227,1910.0123981386148,677.2822154621315,2474.7975856478215,831.0806500246957,66.8623435061113,2.8189006877181018,34.75756825156479,33.47760101061349,41.424034298204134,56.78901816761989,150.5890984711369,234.6719305355003,55.58076624216089,32.27944673239603,1.0475686876000885,43.750831402898946,106.16500516586947,1.6712740374358075,2.622185542866917,2.6587073475756386,4.810910461435028,0.6650648643055441,3.2181305353031884,1.3498423285389431,0.43786020618846766,0.48512863233221315,89.15327616577412,10.475071890941372,918.5592780770226,97.38937132544922,327.89071083622787,19.054982188095497,26.847302630286713,589.7046359988559,166.3092134030321,3052.9820977511017,184.26594385215313,1642.6452968228236,9438.72817034252,1549.3330691986218,35.50948617526748,0,112.13110486468915,0.13249725823153735,0,0,0,0.01481186514464384,0,0,0,0,0,0,0,0,0,0,0,0,0,0,0,0,0,0,0,0,0,0,0,0,0,0,0,0,0,0,0.02991723197633518,2.4358307757856723,68.01943028015059,0.7690448520735744,174.67229360326044,1.1415610022134932,0,0,0,0,0,0.2063717819981932,0,0,0,0,0,0,2.4704800666696416,60.28225810485794,17.68892813480999,109.07425641940992,57.60140086716485,609.565891283008,2554.908195272799,1848.6582305190145,1282.2967334982156,462.3859002505129,248.24447291422436,1232.409665819654,2158.113018851248,1948.706528068829,6108.827881064862,0,0,2763.775504316378,3285.853412847344,608.4907334748508,1762.9747047964747,2455.5015535774714,2060.4744768172523,1917.350364149832,1883.4657602939965,0,0,0.05105755831114353,0,0.15769159931976665,0.01949114922035245,0.01288038942428575,0.049192381564252714,0,0,0,0.05833950409757464,0.17990426716368832,0,0.16345909091022454,0,0.29348343856985987,0.037294751573322765,0,0.3940167326646321,0.05422084154755292,0,0.04050609611613891,0.031072666256747296,0.05659833730177356,0.029804433885687386,0.016011139723988176,0.33443647968217194,0.1171692589931317,0.07711910470423171,0.11376303948654858,1.0601129286012547,0.5748994779335348,0.012117603594947447,0.07115129313703213,0.08419063811382357,0.06736258956930838,4.582818938152755,7.078352376414727,8.883205449004356,82.02748194384674,50.87052018654985,173.57134355919504,9.089919278369194,15.451272291177922,28.70875803869662,1140.2343109557676,0,1088.664842537113,302.7956581795309,32.81883138212181,1037.4792641586903,455.4078712482018,1245.4634284146484,743.1242186735981,675.6150467255139,355.23152021909425,33.06899630547423,17.90603652454102,204.06690722444225,26.67386065188955,10.379800085095011,82.63423281104795,9.396377008806917,133.69875468608035,29.055843467772167,59.274362778940855,95.68977642501429,120.06420922179444,6.831252538086563,4.8223574879871975,14.941621360907249,17.001363091490212,25.605197187696973,24.689795092035883,32.89141831858656,115.39255795691815,38.155033355744216,18.79463769225448,14.145845564786738,64.50017934933456,358.43493861552616,481.58897004043257,805.858085494511,359.2268275078726,176.8921204130329,564.1991281197264,516.3220684002124,690.0409637977036,401.79383111145216,10.207325315705917,14.501021167254354,4.805590441220699,7.68175411680661,24.12211716738955,69.26550555767383,39.27511480953241,20.329764696006514,16.184404685894094,8.943256226438779,31.030270255494504,19.71097905645747,169.1553266470332,52.83620834849966,377.4673900459087,22.274623954685396,129.36828000920056,149.59454370899303,78.96035016363105,47.98255525057355,0,0,0,0,0.08735155428559421,0,0,0,0,0,0,0,0,0,0,0,0,0,0,0,0,0,0,0,0,0,0,0,0,0,0,0,0.549666090645301,0,0,0,0,2.070567521287928,0,0,0,0,0,0,9.688321710547608,2.7333613916890283,2.7692974937745296,0,0,0,0,0,0,0,0,0,0,0,0,0,0,0,0,0,0,0,0,0,0,0,0,0,0,0,0,0,0,0,0,0,0,0,0,0,0,0,0,0,0,0,0,0,0,0,1.1406841811165047,0,1.6682730131935635,0,4.042045301299986,0.28047062760291125,0,0,0,0,0,0,0,0,0,0,2.4029050599892745,0,31.674568790054977,0,0,20.332675422624504,44.122495743508956,1.1316764234170087,4.303787100111878,16.52984064476313,178.37032486115277,44.73769888510831,85.49268529458602,67.1093503379422,82.33739416828918,45.369007689317556,313.7233588856673,268.8791714578361,369.4653195769214,344.9681917581682,228.54513942415045,320.0023442514125,1089.1538868594348,478.2765490711186,548.0676385037563,1479.398004986087,342.34042314009986,134.72008302063333,0,0,0,0,0,0,0,0,0,0,0,0,0,0,0,0,0,0,0,0,0,0,0,0,0,0,0,0,0,0,0,0,0,0,0,0,0,0,0,0,0,0,0,0,0,0,0,0,0,0,0,0,0,0,0,0,0,0,0,0,0,0,0,0,0,0,0,0,0,0,0,0,0,0,0,0,0,0,0,0,0,0,0,0,0,0,0,0,0,0,0,0,0,0,0.14307417094040153,0,0,0,0,0,0,0,0,0,0,0,0,0,0,0,0,0,0,0,0,0,0,0,0,0,0,0,0,0,0,0,0,0,0,0,0,0,0,0,0,0,0,0,0,0,0,0,0,0,0,0,0,0,0,0,0,0,0,0,0,0,0,0,0,0,0,0,0,0,0,0,0,0,0,0,0,0,0,0,0,0,0,0,0,0,0,0,0,0,0,0,0,0.020501262928377433,0,0,0,0,0,0.013064818145892703,0,0.11765716637949945,0.12849427586831197,0,0.0151270966955683,0,0,0,0,0.017131304653524356,0.0998978919423588,0,0,0,0.05571079341425303,0,0,0,0,0,0,0,0,0,0,0,0,0,0,0,0,0,0,0,0,0,0,0,0,0,0,0,0,0,0,0,0,0,0,0,0,0,0,0,0,0,0,0,0,0,0,0,0,0,0,0,0,0,0,0,0,0,0,0,0,0,0,0,0,0,0,0,0,0,0,0,0,0,0,0,0,0,0,0,0,0,0,425.19257435563355,1847.8478903249345,68.65393720935778,0,0,0,0,0,0,0,0,0,0,0,0,0,0,0,0,0,0,0,0,0,0,0,0,0,0,0,0,0,0,0,7.867777713850492,12.754671934577768,0,0,0,0,0,0,0,0,0,0,0,0,61.2215999311987,148.51249880837304,33.31691360708575,113.3004403875696,44.510362722935355,122.1513623867929,17.56535610349416,403.8993354793948,43.03218722119951,63.444187287071635,145.86957975513553,79.92431902390413,7.496853375248914,25.438561051964836,8.856142294413846,11.832482171468907,0,8.197037678427158,4.130318150102454,15.181234102064755,186.368989760468,44.94923590193063,4.441697923139378,0,0,2.109550223964717,8.715195528153018,3.8748336160474843,0,2.1535749966034654,81.31815155130485,56.326207104781226,31.35900181848829,87.61966652502296,17.665724081713453,181.26120694016583,6.888939569072536,25.684200172116768,56.1147158299752,6.509092366219205,0,231.776871046928,157.56066380845473,10.792111552820517,0,41.06990670440644,47.548855370819894,572.5963964651371,1316.0758490057906,24.613288964271675,0,16.832277610536973,0.21461426371697354,94.09336946521157,1189.4673594796182,476.2917924025053,0,17.669291556286893,0,0,111.83458429148384,0,8.533957242855333,182.08107060579232,174.27573067729543,8.926258443156959,0,0,0,0,0.006642857396714684,0,8.832703981349518,2.185119228979118,8.247617733893872,0,0,0,0,0,11.579081346204427,9.312259451999125,0,0,0,0,0,0,0,0,0,0,0,0,0,0,0,0,0,0,0,0,0,0,0,0,0,0,0,0,0,0,0,0,0,0,0,0,0,0,0,0,0,0,0,0,0,0,0,0,0,0,0,0,0,0,0,0,0,0,0,0,0,0,0,0,0,0,0,0,0,0,0,0,0,0,0,0,0,0,0,0,0,0,0,0,0,0,0,0,0,0,0,0,0,0,0,0,0,0,0,0,0,0,0,79.36487311308701,0,0,0,0,0,0,0,0,0,0,0,0,0,0,0,9.184312881009332,0,0,0,0,0,0,0,0,0,5.820382312092644,79.33330109598656,212.81850044200684,288.20246319198094,1483.3573523408352,452.6355554007194,112.97272965530564,8.398926920232428,61.60759230643095,11.445657098444011,25.628794768218327,8.925172404329919,35.620724007341835,25.648687219870013,33.01761981827936,50.336732733223045,16.136099236203318,9.928828942683445,216.57477873115846,31.92409526570088,1419.5289842203786,2729.586085227359,20.137609418710245,507.7507179349339,61.26009059965345,464.3526904847523,674.9809344746521,10.132234137947897,1431.1802641167728,1289.4446369514535,500.5574054370376,612.6019302096144,1343.2238183158904,3388.246772529461,2924.296789624364,4773.518929898137,1772.361497194562,1396.5406708055848,853.2674088926008,300.51884321130234,26.72121501165603,1060.4237533594614,9.99366828014022,32.071643400958806,9.84016063757487,5.672384965945164,20.14626446347967,13.33072845116522,54.358418536644365,9.938550141465974,535.9300736538755,278.36719606483325,356.61108874984836,189.63336445874097,487.25432407053574,843.9236064631773,337.67433725974627,950.6933348714114,198.4127250064673,421.64477684254456,1877.558633328457,404.581102619536,653.0217358171526,1489.124169120368,3212.4793650184342,1370.8347591674126,2256.7199111022323,2406.57520981389,3141.0764881961913,1753.5950007492422,3996.981503831388,2515.089946577085,10376.007220743752,11012.621856714528,8645.140524232587,4974.491488727802,2381.677941731687,1212.2764063356997,526.8333621305371,0,355.84066485747815,392.8449046909192,2709.434114279826,1424.950919268315,2664.0497170419726,2176.0734313086555,346.32530628413224,1104.3447001517877,537.0173687799003,224.40951965417818,607.9360054977876,1015.1903662996242,884.3910820997124,1427.4499078053764,2594.75767536483,3748.2840171396374,3803.5845519067143,1591.1549057610275,854.5953504836692,1609.2026546779543,891.57982037818,3415.531555713499,1416.2794896238986,910.5219945468278,1018.7423374687259,1386.3451846043833,313.2086462849781,65.39448632902312,161.33407035175622,160.1072272143378,512.4974136504046,168.93187566308498,544.3299973345469,79.37117688942352,437.8160929214717,1575.6880604518135,661.9683378933726,1554.251712786613,468.1483433541382,229.38117311998604,1091.0741244448504,451.90931658038846,1876.5010749792289,1949.6369868397114,2210.6940217059137,1663.1308840803028,1227.536704902481,1302.913531121576,85.55576153602823,1401.7067168973717,108.27719076413184,1331.4168002621934,1819.8951841103317,796.832786995103,474.4774515749112,722.125283930012,1878.3807065506985,421.05192646831483,2291.125829687762,2798.127269075318,746.1239356000373,609.6330533208088,495.4581452375504,184.21078294345043,5092.0779766892765,1764.9383809757317,214.06819192754097,5.244631721153158,183.36046084911914,30.913098714299387,111.0065486717728,33.106753377920995,25.718101965705383,33.22792513931681,607.7300838464938,1089.8935943780568,64.53424737928009,665.4028344765499,79.06373617969889,22.904295002699953,799.2152136855302,34.12151484818896,870.7572527625443,692.7556819048498,62.32158889306341,741.962039769931,699.3809080862688,1199.7361556153737,1173.8187637237786,587.8698518252913,149.12014473483242,27.386843527128196,7.578662096331379,755.047860474678,1844.483917994373,1886.2250330000118,81.10785826850794,24.777178067471112,20.210589529158717,14.954004892335059,18.620384508513744,15.271937064925433,797.0691774813994,180.20325074015108,50.7712234709499,16.09104934360592,26.434803139254527,15.282462697534667,15.289110304790627,86.30564740027206,437.6046764793997,18.264261194672738,84.50467424077348,256.34234371997104,422.40165750676243,993.568621026644,883.9748111029515,604.0173645523956,332.13716187012056,7.488898341321489,353.34521948464607,39.1751808346246,40.04962923927298,43.21684142393941,98.2974172470259,46.6695144527142,1063.9874047965934,40.19091274047283,10.378863192381834,8.889405602797451,768.4774917908674,3051.8430477426314,2767.497663416687,3032.975760039737,439.1499675435781,11.059989245809728,4.545258194360078,900.8503496359964,789.0797376238153,344.0137814469711,435.7062175167901,482.45052294388836,306.5792450939325,450.0503288634746,629.8480554070499,0.46253396225836674,1.1105026594615475,0.6194805579564061,35.12535541037811,113.20738111498497,0.08617365408168082,4.287948051214887,18.153333022320133,1.5454426014698635,0.9207664776802502,76.73663379593778,7.467066346147812,10.029318544791664,115.02430479588692,163.1589943217564,2.5905593186129545,49.1956279666635,48.522562432457704,77.1298831738733,536.2551225065565,9.615608758653904,113.50080876584093,217.17865443590486,110.27182102720217,107.40842909136032,6572.844144852898,1518.8326951338568,873.1072100705794,172.50364477468491,211.58865928460904,7.5994021400725575,40.341078613175924,13.070628108793462,0.9477620741053239,0.7071254143970068,0.8180490509960899,0,368.5276450244295,7204.13260567631,0,0.9890684790135329,410.1819895540597,278.0362394711974,778.2483393420472,311.88967672355744,510.30360377035583,215.16733557971762,1.8017386496821817,15.80707341842623,39.48648145133694,3.9363195558484345,4.96487935226616,45.495581536955825,21.795217689117262,2.1350009262963296,2.7476904041759767,2.2561192026321586,14.966611114122571,20.529773488010395,101.43497753925871,6.472881547901223,31.613066811457678,133.65313171022075,9.546895037263452,31.482340379140133,87.6555843010397,4.558513853138499,3.2864530386639403,4.623386551953133,9.143574734913635,5.822260822294123,5.944176420672982,5.8448718830866255,11.586422546538978,192.28927835415712,9558.10465677692,153.1551394488609,21.295070126408174,172.47623129244806,10088.730509502388,2517.17066922239,328.5947868128537,231.86889105330474,292.69955969541496,197.35769247154673,1670.1248621900102,8562.695130808945,659.0822979104072,257.3769485553821,7700.871573098825,326.61015942919073,224.6267265368414,49.492581980680434,45.46079977841867,297.2585395135252,46.79093631903054,28.439565382727814,0,4.2001571664160116,10.362802531873294,1.4584737386028952,0,1.5837061866792002,1.725835114726478,36.07737131472364,1.7894316753246986,1.619806164253327,30.296835418456837,10.342342041445917,63.36964231295521,118.52906140739461,1608.9414323803942,358.97120275127304,24.415054795002217,3.1067219824476426,21.545660177090884,48.607913309806406,32.43375616296833,4.633706077172289,64.45626929116504,50.727856272153346,47.07503547778711,39.064891730712766,22.42459508184209,12.163630420832336,11.11497745507443,45.16611930896325,7.780789965902499,2.953475347428103,0.8817201298655043,12.768918758832092,2.297889099858122,42.08764136550675,14.791208776671734,42.61832758785821,14.575347064159113,41.3587853995249,32.08214185961177,23.13351914940936,7.301967339064204,22.29860562788255,10.75062327111498,16.992347923871215,18.814533210868728,11.8602140412477,6.3628503075033125,25.215957050474284,40.289501174238296,74.31815849371674,50.47873724044239,12.23957747806776,9.56241105592092,123.36819759892091,1.2369492017662662,1.064126289652373,1.4950546185271578,15.422951494314711,0,1.2630302696854374,0,0,0,1.7494186738232786,1.0128768290841208,2.1082235433009684,68.77285711578102,23.71968231368924,18.476999159922055,211.25858664912568,1.4272980457108218,2.084723429905075,5.607413749450813,257.5802052873957,8.611846521893037,105.63756561167862,59.375479620814446,113.9179417361024,170.69225416893238,353.3984637832811,161.83020526074753,249.64164439888117,302.68323946981945,338.3921524277824,260.3959525988302,210.34619723586283,223.64945886683486,223.9912739519274,193.76704938849875,230.1336617968132,486.7792743144577,386.71516190235013,183.99359290571704,27.776817398050696,86.80070717903482,39.27593767179711,69.54636889912582,103.82953063054859,227.2266498937735,166.63867488925175,146.2147644492412,92.92543874627277,63.91579660508939,57.123354011817526,34.719439339986764,72.38654848692862,8.97478632467735,100.12728343166611,234.39643162749127,305.8555453457287,335.88783350772457,82.3805611845336,198.7554080312704,115.98481973797553,49.0020626317686,63.23068570655499,0,0,0,0,0,0,0,0,0,0,0,0,0,0,0,0,0,0,0,0.20674309874060823,0,0.09744269197909586,0,0,0,0,0,0,0,0,0,0,0,0,0,0,0,0,0,0,0,0,0,0,0,0,0,0,0,0,0,0,0,0,0,0,0,0,0,0,0,0,0,0,0,0,0,0,0,0,0,0,0,0,0,0,0,0,0,0,0,0,0,0,0,0,0,0,0,0,0,0,0,0.4860861653504329,0,0,0,0,0,0,0,0,0,0,0,0,0,0,0,0,0,0,0,1.5011151530268858,93.14549432581543,0.5481460463711824,0,0,0,0,0,0,0,0,0,0,0,0,0.32356428120516717,3.6490226448733964,50.615571708915894,0.15113143799547898,0,0,0,0,0,0,0,0,0,1.0773077810034195,109.43596745440249,24.06783151312231,169.33530773285548,0,0,0,0,0,0,0,0,0,0,0,0,0,0,0,0,0,0,0,0,0,0,0.9899524512866026,0,0,0,0,0,0,0,0,0,0,0,0,0,0,0,0,0,0,0,0.6174989838547613,0,0,0,0,0,0,0,0,0,0,0,0,0,0,0,0,0,0,0,0,0,0,0,0,0,0,0,0,0,0,0.010184962304818931,0,0,0,0,0,0,0,0,0,0,0,0,0,0,0,0,0,0,0,0,0,0,0,0,0,0,0,0,0,0,0,0,0,12.88544887990648,0,0,0,0,0,0,0.1314411981460466,0,0,0,0,0,0,0,0,0,0,73.840856269094,0,0,0,0,0,0,0,0,0,0,0,0,0,0,0,0,0,0,0,0,0,0,0,0,0,0.2084799786925043,0,0,0,0,0,0,0,0,0,0,0,0,0,0,0,0,0,0,0,0,0,0,0,0,0,0,0,0,0,0,0,0,0,0,0,0,0,0,0,0,0,0,5.982352212485024,0,0,0,0,0,0,0,0,0,0,0,0,0,0,0,0,0,0,0,0,0,0,0,0,0,0,0,0,0,0,0,0,0,0,0,0,0,0,0,0,0,0,0,0,0,0,0,0,0,0,0,0,0,0,0,0,0,0,0,0,0,0,0,0,0,0,0,0,0,0,0,0,0,0,0,0,0,0,0,0,0,0,0,0,0,14.950516634965071,55.001606068107854,34.67971615892879,10.052626125864895,29.127929800361777,41.43097582083307,23.081454274532863,40.751861864472026,81.45531566046382,44.97112436327614,85.20894248627675,44.80630819033681,228.16958942872552,143.18825309554197,108.46213356467582,46.75222484046868,54.20039110348403,19.519095864760292,120.82428612610087,276.56134075014506,116.4311729936825,152.27424013190483,14.34496914564627,10.45761052887721,147.45992729098924,230.22693222241122,106.59698570507011,294.88657088100825,182.94595586911566,477.07399344783585,176.55644361168348,101.68672677633636,4.54993884353342,41.60462768232756,187.30073736131965,127.37790728278817,344.90976905623216,118.07246635265713,448.8911912162624,185.71453225088064,752.8318499474917,755.411750567745,464.4486970327257,281.9352443029282,152.37998601885835,152.3688238971383,306.8862594934657,672.7291961818796,1592.1107875375455,1936.6451369128379,4652.244794325626,104.18848782882458,361.89237390952087,465.3303033064583,542.9450086704138,927.7039811418871,1712.0006044792342,60.36231320318285,67.78300210984276,13.647057398670364,48.228222697330594,264.48148123521,102.83503397824886,1096.2590373780677,41.16922151039387,15.86647494596026,23.014357782394008,16.576972445657397,168.3242193727518,96.42502757562617,5.904716368425437,1.6621042953470166,8.994525425142594,69.9537480520667,9.249883583264591,52.542985164664124,53.48587248690425,128.23393375097282,184.30212370686434,447.0672186127024,871.8198718910083,1807.8971812051716,2688.0370796510915,3503.7092374874483,1995.7503984556893,1104.2970831621287,269.439603553806,192.46864925273266,38.64295554557826,27.34640371078502,9.567735323607643,364.8706268529179,346.31968592201963,23.0287972939377,91.63829368334933,199.2364836080388,4.803800804839463,71.46810844577004,102.35468462511625,35.380119867987986,12.62751566386595,41.63611777608279,43.07047726343376,23.897197150605226,20.660921538060922,10.713677910581811,90.5610047293075,35.35955440184106,13.046918563142752,13.74602337849141,498.47472748274254,11.57860240857463,8.1922390215595,9.81161962986265,19.8924537226182,3.263971706988042,3.1683362564183986,96.72876066057597,2.007815110390717,2.391759457752432,3.2927319113001907,13.510000335526552,27.751699311280518,366.04819605435836,216.2655646750081,165.33910950346348,26.52275666655194,18.189760096470135,4.883057952663373,105.88104085652833,706.4603266497328,263.569381890621,12.228138590530197,12.17761029493352,762.3662995577016,17.19013908703284,1616.3523328392337,437.63988993167357,1811.1263857721785,16.746658577462412,26.89004873772511,3.09862891333262,1.4832092301626911,165.12205551415175,2.458265114144879,22.23417461470316,8.87286378419021,7.511974258819547,127.93714523134413,527.0474416619929,1185.9382066729665,1054.1135701994533,155.20720512846677,500.52448256103474,0,1.1433575197830292,0,1.144160425808604,1.1681677566359658,1.1407125825779874,1.2126435106825655,0,0.033582623153306596,0.45064991634861223,11.054804329871226,30.493637228986017,7.229344922308712,2.0980725237356137,1.4084339194104238,0.5565048052590775,0.02754885072415795,233.90577816267535,3.444809858587389,62.55428755320418,779.6090129791654,2.685657528458997,5.254795576930222,4.0328239275365,386.2824808360924,565.9978931290541,709.3513706157987,273.5449551320785,99.89951330488921,222.02984430604053,873.0406076301637,48.62886592488302,699.7832891358364,141.71123263025166,882.9859756897393,1126.5551294418767,862.478282378947,1332.087427294558,534.487272426741,544.237381580719,193.42945665545153,1918.8266670352712,7318.956397327553,23460.87725834102,1777.057649394837,66.97794475605832,108.7851205545361,8.94943945605547,12.271683708067414,75.35459583058616,47.07758670290948,172.833949106874,255.90059674556042,263.1085324984731,33.40474245692622,111.27125980630134,1575.993076399585,19.08095317890542,41.97115093974891,7.196447544291874,44.02678880248969,196.25722261114896,216.21596878411637,99.25408161860896,32.97358119425673,19.29415525232805,106.26431340366139,43.29022671761009,101.07771482621345,26.527399061123702,10.129509231840592,161.65792615598204,7.628112608547296,18.322627604457608,45.843771391548884,41.80596133503098,10.411855411636711,17.171343860477414,57.071462932032006,31.926862064708992,387.2868177537814,76.7793515492979,31.392486445113548,76.56689966198901,133.66526786475927,27.933796861179662,2.3446332337843416,2.3866624408511528,2.9179787734972287,3.052111157522582,8.913078546844758,28.10476568790732,13.925517265620703,83.18023387506685,16.862463194915257,12.030134893207013,11.97691538695993,11.974843735060253,11.220000398082545,8.760583398860657,62.281096000062234,58.02178938567747,6.157287626700255,1.2798377907919485,0,2.022165683373702,11.863202930934468,55.88179182433697,39.59962706282804,15.165235012399805,9.58861998995064,15.331548808200052,32.078297114752345,27.725167450631588,9.681377123625959,9.467692034819917,10.382941005830576,8.879480335434671,9.335976042359897,0,0,9.177030466726519,9.298511859857538,9.55856346637016,9.521988228479938,9.529516903818765,9.2502857073207565,14.187701124276227,0,0,0,0,0,0,0,0,12.971997748531859,0,0,0,13.154406525978105,11.369899363420563,13.390264766882655,13.574859840115497,14.527513779341813,11.12668381075511,12.896358993463569,13.286934155666229,7.615418558765523,7.60666221501642,8.313584921495758,10.415514065104393,5.920040830308387,9.754821214102563,9.680887950516569,3.576502844783972,8.425962668967028,0,9.369600039656808,10.047352030868518,0,14.007860106486154,8.846432098889926,0,13.19244255510019,13.857745448034873,13.513505078743243,13.496126659885688,13.309245568744618,15.945829386895232,13.76741772368716,14.232821877160422,14.109817055846788,14.242720667221109,11.504636910027076,11.946703931256707,14.136769669598445,0,18.487738525728492,0,0,16.470113369441908,15.87591628646088,17.21911726228764,0,0,13.343657870999284,11.699185845959507,0,13.96580317180884,13.556161637976755,12.960769555580645,0,13.904439956570087,13.25720224952141,13.032313569077733,12.858263254072831,13.260275369609035,13.260275369609035,0,0,13.215142632976741,13.225581031813574,13.096671195087223,16.537813368890294,0,1106.255104008862,12.794653562852723,33.109503329380786,95.156009416304,13.649911032343681,14.332170303162199,14.18909534158623,13.7673259247143,12.13964086171648,12.311428892311286,12.45581719572713,12.391323428163602,12.451127163370113,0,12.097202150892038,12.447250565174263,11.954329533599228,12.514999901088808,12.236152064393764,11.806457983062229,0,28.208572528962772,11.856418404446657,11.86338063430682,12.061658978125859,11.91027041215213,12.257198320737277,10.93910762279208,12.429052781404712,12.94294201968959,12.290991098825769,12.682111163577364,12.656726259678864,12.296104339751917,12.125569579123887,12.582093435971306,13.903284638977961,44.18227075338681,83.06930833635283,18.631689086783595,25.209688405391837,351.0215200014806,73.50865000802644,1.3105749453399775,4.413449691260373,147.88100873733606,81.24508274363961,170.70972476882537,46.37222141229437,68.34795033671332,45.698463451193554,338.7359596893249,68.86819741461703,84.16984199020172,1146.8066145743244,1590.823850170704,22.02307890866402,108.69583075986216,205.17423598994225,12.60994152608745,6.784446993490593,59.15862113056004,19.219650840223988,36.790635752991236,13.68336104821859,1.7342735375951126,0.6403360308896902,3.7947856083908915,10.261991116741983,84.91453466455043,2.0826291230632057,0.08160881832741847,9.058187173215927,0,59.418100608833825,907.0341549598916,92.71941042830109,0,0,211.64262616313485,85.8807319028058,766.6381964772316,726.2017246639136,310.6763602245293,1214.1797063405943,755.8755385092098,295.8660076906095,110.54991224541409,80.59980469816246,224.90213623451749,2055.1974667493632,1341.6070281648529,290.8925229250448,0,1193.6464424736591,185.87199926746857,107.24996529293423,50.017756883459384,177.39897302249418,8.366017143700626,327.3075339279175,304.0885989275072,348.6555555137991,119.01126688908857,100.3178445890601,83.49557886997995,106.10410910248704,479.7389440151536,121.66814812683982,81.80799149154647,121.50717178175361,360.6820557858476,830.3753132691783,1219.4419891289945,202.25086706613362,116.6195325823241,333.00285415545363,784.1485471278955,240.98173282755695,103.82736706503623,158.7215505715017,1111.8111863610256,158.2772507185673,295.71408264987525,22.415189490384027,138.78836528063545,105.04592292105373,41.258012431120065,267.6296675268253,30.020669719908454,112.79784612580298,63.57559835536887,166.6636473404397,358.41698018215106,1185.3558334150293,14.88690945871521,110.7837965474159,132.99793948147845,167.49444692580568,309.19463963838183,135.3428837145614,130.14529635258373,120.47052264817584,157.36666577440005,361.80336304656083,386.75222379406586,1034.5267141228294,332.9884883759363,164.98477138874668,214.0695353677778,142.9317196203697,672.5200930280015,743.7416668646206,80.22039767329957,761.9569529742639,1611.0396776360865,654.4372629138677,1576.803624696892,1859.1522875748065,671.5828306434224,159.98756680337328,930.914771715415,832.9426674566655,736.9130597126328,28.832604650548927,777.9432936849474,210.39641763865183,327.85170273598044,1448.1007267675345,478.21082378084606,582.9811984004604,1497.5119736345373,329.71920801698303,210.00380639635148,106.94616525353388,382.95179645952425,226.41180125579012,48.44012653777784,50.31473938874639,284.07361311863895,311.8997679895855,147.09366711866886,114.08475239769805,546.0632309317468,948.2246345512087,83.7319360394157,67.36713110273816,314.63284469726136,451.0493435361737,372.0260332846527,272.16729030325064,845.5813557179786,146.63667184898094,673.7203648075237,213.10348697776806,29.454283966896313,0,301.5293987620111,285.9655299136835,211.52656847358003,122.98040046405963,64.931935810631785,178.06291687793663,189.89939835467607,106.43065679399821,51.86980563422404,301.31023309705733,1090.4959954780556,209.11909869015588,658.2394481594989,145.86497693389512,176.49841294512953,360.59873913339055,199.9371781748739,317.31763265223435,432.5365311358537,102.90049686248607,380.4026259069115,165.3588787157092,122.62427436392998,34.95414960108441,31.44302812713086,174.21189722282224,2.2076909580861237,126.31496623121727,133.8816282070882,235.34866608071758,354.1373647354055,48.03789021677125,595.0449156324906,635.0746691951005,189.2174627337258,108.75095331740158,148.2157186031345,60.345467321745446,16.731164254662367,11.157805192244878,32.42848686482536,19.619550283259688,121.79727348882531,51.64170598254304,99.99237038685916,63.56684989447274,302.68015951113296,490.0317419164338,72.82832618149858,93.03035552074951,219.14081324211597,30.71453836859246,214.29022040026342,143.156835652535,10.481738186442493,2.2017742761187344,27.227123084344456,36.7659743907162,617.685860930505,2292.191910329333,0,833.9922799964058,228.16173903666265,27.125635565211304,825.1312930622584,0,627.6462443478885,70.7644120902559,52.53065407892536,0,0,105.55559059281202,58.95036106346214,9.540079644953435,5.88156922374327,48.06789699406804,104.28981842467212,1.0822234191354274,0,0,0,0,0,0,0,0,0,0,0,0,3.8400702150675388,5.661310366594266,5.77434421596383,5.676387678724488,5.661310366594266,4.495847556996891,6.034043733288438,6.395239115771601,6.118399647630265,6.393184462790991,6.909819936258955,0,47.797889502569184,15.050234589926557,0,4.0171144310160605,0,8.982091089290785,23.442632491485405,28.01558610656199,23.362722950139414,23.627215959985307,0,0,6.700250676523822,6.63135776558303,7.895999715239067,9.986768685707947,8.411344632793275,3.7906432367764156,0,20.777732630114606,20.0740908623774,0,0,24.724547003894514,18.249785112863012,0,6.134683773376088,0,8.501107381515174,5.025852965273303,10.081082788207663,7.035617846252221,4.35925567622619,4.0054307311224475,3.414269150174855,3.701902144190793,5.799693458761568,3.413216363116636,3.366222106584168,4.0557381199680895,3.1690256287917666,3.944604794751094,59.66210758877319,0,0,0,0.057371812220421134,2.9581981021388923,2.9604402294682934,0,9.776237073656565,4.930824789312396,8.835982863587155,4.807105925140999,4.914628043706187,0,27.856315036160392,0,0,0,0,0,0,0,0,0,0,5.682754426323174,3.8939375072694165,0,5.763342681478229,6.557589600285858,0,0,5.016305466217714,0,4.546083159360293,0,3.684137146721493,12.774052511169653,5.202998386047186,5.579567960991887,5.382223328170647,4.015743901216896,4.044119626088884,24.910275384631134,5.416886915109776,6.204127095814019,0,2.1556928021191486,0,3.294823369980794,0,0,3.2937248208736483,3.4590798402881835,32.131810483228506,0,38.9020245383434,0,0,5.352928079268708,10.216703999060563,0,72.28311592500869,0,12.863464859995082,5.413586660531986,5.759104632990586,0,7.0925750741770965,0.5030266773936569,0,0,4.960926773784004,0.472262679040344,0,13.754966480979853,0,0,0,0,9.172916150850542,58.76920072035021,0,3.857939923224201,12.861880119875819,0,0,7.274153517783964,98.63335724778442,0,0,6.850446406014028,9.517328972662105,42.08580293464236,39.048303413952986,36.249328349343145,1.5221569158496653,26.173187294219876,12.123216139227143,0,0,0,6.8404100699497095,0,28.583244785604467,6.87159513260272,11.9411324657483,78.34908705848878,53.77701045878312,102.76174107047719,12.928190837209499,12.11821795019382,13.895114763258203,5.8373203587045035,14.294236373063255,0,8.995695932821047,0,6.890492469639017,5.104831691496376,6.288131833349389,6.115142922975579,6.36427200045535,11.003072300549492,60.479471169382066,60.032863948683676,130.84394933545437,72.90509846386084,198.57626490576328,0,131.05149177128715,79.57743918256365,4.693510393808189,10.760229257587602,112.63609485188823,9.548226109592754,50.151457988312984,8.556193937507585,0,8.976919223524632,117.98506300828367,8.144115944390371,9.539291391201168,0,10.541017507399642,9.478962330424809,111.28435335844839,10.25303465714906,0,170.69720848950405,7.101632784234749,284.7551331993266,10.518405746545193,106.85673447595171,9.771390821092435,99.21557228250771,99.42046910483586,283.30928981332636,53.71254736661528,34.986299956014975,11.332189399065209,9.55720546489817,10.702062753516453,8.181359443741737,7.436469529379486,0,0,0,0.9029327742186385,0,0,10.839778985458874,0,9.127154280055658,8.393266414712025,8.893104771306701,0,21.09647123465216,0,4.145693213591454,100.55662698558757,115.7731979864007,0,107.47251556833201,124.72501519787284,0,120.49618857452185,111.65653939238014,8.766097429062821,99.35650556195368,109.89935303799598,100.59576196447156,0,107.74794070507117,11.558120840841772,101.08890153099186,8.755584764236593,11.817019053447995,19.589175986006463,0,8.896406535958844,15.570233171380961,18.032575707261454,8.84926074559325,14.575144698533927,107.44238344454429,0,10.699513734764244,0,0,0,0,8.791496428680423,0,9.102386564645036,0,5.835106588856973,11.965674796382823,9.952914312379534,9.425966398542545,0,0,9.586040042777993,10.463670362037265,0,7.949294751662024,12.560467230089033,0,5.218096605342057,9.904838019401021,0,6.993167830888781,9.755716170737891,0,76.20188249862557,73.25497613203899,6.228080308185071,0,0,0,0,7.900541203098174,0,0,0,0,0,49.1166776064523,0,0,0,60.22405363652287,0,0,0,0,63.36623226242175,0,0,0,0,0,0,0,0,0,0,1.4404083933764502,0,0,20.84968312771652,0,6.268310730581432,0,4.376703011182861,4.062588854398886,4.179474807847835,0,0,3.9538385114092534,47.827166199545715,3.456399593248442,10.825969305716233,2.4013162659777585,0,3.080750800912949,0,0,3.3566616004037093,2.868780315913962,3.019637937324126,0,2.8183602660044325,0.6691690704373943,3.030717866393813,0.5394816480952384,0,16.913452120739173,0,2.8602483289500276,0,104.43620273721336,24.308403767144586,76.76759975218891,23.25789954939985,61.75285523799738,12.863609835183047,0,18.880860569381536,0,0,0,21.752435797201848,22.017177229531953,17.526815543573697,37.69299247619808,0,0,0,67.92579966106801,0,0,0,0,0,0,0,0,86.46251186196777,0,0,0,0,0,0,0,18.129225870122433,0,0,0,13.0131590311519,0,0,0,0,0,0,17.832379246005388,0,0,0,0,0,13.793798145324553,0,0,0,0,14.31860370295246,0,0,117.6121441530183,0,0,0,0,0,0,0,0,0,0,0,0,0,0,0,0,0,0,0,0,3.4939232684374972,0,3.647171925596549,2.518167435955731,3.497213561219502,0,0,3.7473216592232177,4.117105094578803,0,0,0,0,3.446258198243885,6.279828749886099,3.2770420415209585,2.427505198634375,3.662362689107899,3.262809773442458,3.4954924561489915,3.1049798599759,4.305926306073728,0,0,4.579210763599931,0,12.51457789553701,11.588771751369375,0,5.914485461676322,7.846914487040835,5.676993829661037,7.448230089437956,3.507780570665101,0,0,1.772269683242237,2.198511840881999,2.8380297046682332,3.488842470152205,2.9953400900554374,3.467476001318624,0,0,3.788411195735369,3.2654034820183013,3.4840709543417105,8.268820491625,3.7185476358622567,3.287435770548036,0,2.3918176247931746,0,3.088346453842873,4.05805916652959,2.2762542145504563,0,0,0,0,3.2103242572576414,0,5.89373497632747,37.32303598310797,16.669934938595198,4.947703354802486,0.9760470423368698,5.766815081346342,13.871138821047472,2.4213182368867936,0,11.084012451302357,4.289808324463148,26.215331873125177,13.601809754361163,5.197902335118137,0,10.09539634894059,9.267525500247402,7.267325149572994,110.62374761116136,7.39502355777375,7.175588297944526,5.532787079002498,6.798175045928062,5.336350299243451,4.086720048386306,5.998075053219343,6.160813524833096,0,5.470822198561334,6.386610291436739,2.956315167972181,7.066573071116163,0,5.7570498465417295,4.839154792305171,2.8966684316531284,5.586037435501325,0,2.7370325839232197,17.213931323817043,15.60133757156582,0,0,3.8798193501018563,6.074300332576062,14.197820970062931,13.98303074196694,13.13725570072099,22.460978527511852,32.992757522209345,0,36.54665263809107,4.38517228229669,8.212467142438042,4.915720522743789,4.978242288102111,3.816149465024321,0,4.702255574103979,6.029295705939932,5.033368707249022,3.979521694763707,5.026163909352109,4.583865130849125,0.39336543587430023,11.28269121476182,0.013320847712609728,13.702864691783704,14.476361924352737,14.671945357797165,14.506984023885439,14.506984023885439,0,0,14.541328347945246,14.587862722681445,130.86171538966195,0,13.608316322324495,0.6634824351891727,13.764632190071787,8.648470573467952,13.52340026364348,4.405915387262898,3.9719426253236656,13.280669668968114,3.966979397807154,3.0693588614676766,4.3126491201500174,16.075823018936877,3.6741222886648774,0,3.796503169692101,3.2887863676695606,1.2680759709738667,13.454299441139229,9.3365850965600945,3.152196022408676,3.138152762933029,10.31140230895868,3.209441219641612,2.1526565767164634,2.989827145907232,2.9783588470458655,2.5279085218771744,2.8780982552386747,2.7891869040122503,2.6239346342158525,2.625929340883361,2.647711638908309,0,2.89392817530669,2.8831075497218186,0,0,2.818336867230182,9.361319806054512,2.9536353143867116,1.7083938053902805,1.8657387901566456,2.982591697555759,13.80478137717457,17.205487303474516,0,13.673000234366565,8.880670815502814,2.415099663161139,9.575412788821618,2.234342130632657,14.007678825158637,2.7913957255676967,2.226669956623875,2.217349523567191,12.283690712918649,2.2387841680370664,2.4812092603478666,9.739773418580116,0.9869803455369173,2.2630418157903267,2.0168120299291044,2.130798976210358,2.0221212237055997,1.7054145875399662,2.0175944005072286,0,2.1501803683309713,2.1048531027310102,2.673620151681088,0,177.19083862748084,0,0,0,0,2.060612754869705,2.180721264390108,2.1853012869704633,0,2.175310954185123,3.0797668057105563,1.8208786166364785,0,2.4430914094299174,0,2.4653295344621253,0,1.8626079018915598,0,0,2.1737922258740303,0,0,0,0,0,1.836983552269246,0,0,0,2.6620532805519397,0,0,1.481446497229412,1.6867897604452604,0,0,0,0,0,0,0,0,0,0,0,1.1140273427719019,0,0,0,0.2546314550139242,0,4.378693135544691,1.5801368990356213,2.384109873854372,1.1565455945724006,0,4.877632866110703,5.661438159052943,0,0,0,8.570978570387608,3.5260881912104813,5.8493240344255515,1.8489160830634506,6.151008520678065,2.086699255357023,6.063735326120448,3.93186145467283,3.675004684619091,0,4.721714691269457,0,1.5406899180729559,4.011897363565396,4.331381937623462,5.497938315024215,1.6653899313055696,0,5.2872815640761,5.453115226908146,0,1.8963270456249988,6.962199771933151,5.83110124678712,5.812096122016027,0,6.156238104896149,0,0,5.519335770169937,6.101575497418994,6.147702343819794,0.9420256475607801,5.480618480497371,3.7929971246537537,3.869172255497127,1.730320774583108,0,1.7040251046624848,0,0,1.6865421491614554,5.29270992408914,3.8275636173784258,4.29381377443155,0,0,4.108548122029646,4.186913254707904,1.0262579857681968,4.264845235399626,4.3683865253513705,4.605775009833967,3.1928485721617483,0.2080613783227693,0,0.21433518761216427,4.0745625373283385,4.779285292308587,2.2560569197403026,3.5172007165529324,3.9301874553497353,0.2949725328578092,6.598157210411654,0,0,4.116510859948955,0.5294142775105064,0.26356949587076334,0,0.9137729148437359,0,0,0,4.909606616105373,4.580238330036723,0.7744622840006179,0,6.78482708058157,3.9135229994142158,0,0,0,4.006840275070703,0,0,0,0.4983260426500391,0,0,6.867938095120659,4.0083339209928335,0.24311644355831388,0,5.533476102027199,0.5229137872316967,0.30522024046137225,4.9819303369084365,0,0,2.048344944198275,5.189871145914249,2.446610604267474,0,0.8292025030349591,13.479547488490418,0.7837067270708792,9.623675576696892,0.8039864460276627,25.22827027600067,1.0077745853030236,0,5.219551798267363,8.540427540843352,0,0,0,0.7854471190771987,0.7910352084862645,0,7.595221641721615,0,0.8244061496215978,0,1.072245215046837,0,8.491481367107847,0,0,0,0.9991157606660239,7.728320248087032,0,0,8.503669085330023,6.523597186572108,0,0,1.169543447276757,0,6.952714232120099,0.6586947270394502,0,0,0,0.8061679925343701,0,0,0.6865538426350709,0,8.217018540087828,0,0,0,2.372308249752328,0,9.808858924671286,0,10.401169500020448,8.64309216461001,0,0,0,8.66202520863576,0.545580119038132,0,0,0,0,0,0,0,10.149064234817768,2.655374578705599,0,9.119988431917948,8.567158257229716,1.395151576489641,8.250806883293741,2.62557199392544,0,9.12569260859117,2.754548332271277,20.253455062382212,9.309000273473835,7.343146695216582,8.161025169238467,8.938377778574734,1.6797560063471397,2.918051328645594,16.676066168185084,18.474715201936874,19.452270734093123,18.064064486790382,12.891719317949844,12.747843724217638,5.739914489125065,12.747843724217638,14.479986745698563,0,12.796095824593907,9.200834552396664,0,24.94406974303294,5.029628746358916,5.353311717947311,4.2161276116742386,12.719030354813125,1.8017552948993514,12.719030354813125,33.21466774608328,0,1.6425708305567142,4.700795943695597,0,0,0.3013202447116114,28.640127682817983,26.518135123777594,0.29772085963090095,10.76694017849468,0,0,0,0,0,0,0,9.640197820390373,0,0,7.332981415563372,0,0,0,0,0,0,0,0,0,7.377583266717875,7.133091269673083,5.575615190187058,10.69111940050838,11.168019433115441,11.47299077878017,7.557391327795122,6.504624804599144,7.557391327795122,6.3067152382715985,7.557391327795122,8.010909010291346,7.025960557445028,8.357388235044764,0,8.357388235044764,8.947621596950471,11.570026767682197,8.545327551496678,1.8078217180557543,0,1.3340759400188245,0,1.029666666795456,2.1310679925831275,0,1.7604867691985504,0,0,0,0,0,0,0,0,0,0,0,0,0,0,0,0,0,0,0,0,0,0,0,0,0,0,0,0,0,0,0,13.677709858180643,0,5.101713021698641,8.70586053681455,0,0,0,0,0,0,0,0,0,0,0,0,7.67529036394054,18.588413912254484,23.83540329432089,14.071681717867536,3.6327718441545547,0,15.254477403953402,18.175231246128234,12.255672078799876,11.808224917148793,16.99638689956539,17.61603003300534,16.378437309800468,16.70906637158536,17.26186165416402,22.051494212248624,19.194559821800148,23.618489349688705,0,0,0,0,0,0,0,0,0.6297225401640216,0.8049869021082611,1.512566872899303,0.6498999908204632,0,0.6038148665517742,0,0,0.7782106286182002,0.08756275646657156,1.3934804982553122,1.630554541892098,0.10250311844161926,0.946368750908243,1.7402857263517726,0.3270087148863598,0,1.5331150158639995,0.7037675084211439,0.7705036052325962,0.7492985275142169,0,0.6840302976004969,0.7091366563606394,0.8647521437666822,1.354522929060364,1.0430246669621714,0.7939385946902561,0.7942718264746587,0.7807848984020271,0.7530731049535123,0,0.9334721461771042,0.5518127064691114,0.5460833850086654,0,0.5817011501924052,0,0.4583413452530023,0,0,0,0,0,0,0,0,0,0,0,0,0,34.64055458212134,0,0,32.60046116297086,36.26104570788171,31.210197726860798,31.078763536100016,24.687712651039156,26.560651283697336,0,0,42.8427861577623,37.282157145105145,0,35.33636602881551,33.615832176121835,0,0,34.742892187118535,0,0,32.269401654270105,31.358679128456433,0,0,0,0,0,1.3763830547448153,1.1578516722809664,0,1.2738090962432582,0,0,0,0,1.104013314145867,12.141791868310504,0,0,0,0,0,0,0,0,0,0,0,0,0,0,14.200893013738032,14.632717422531814,14.545802244967351,0,0,0,13.825696952072414,12.964787390629311,13.083237188409566,0,0,14.369102769452896,0,13.939071304602615,0,13.059428019407889,0,12.724954897782453,0,0,14.666830553298558,9.923350495667508,0,13.532292144690226,11.820233964710717,9.098598638861569,10.35519412114412,11.51896076641479,9.201441924245543,10.546742063280423,13.136525956824247,7.675609779467424,37.36776784811649,9.872683740416047,0,9.615888834552077,11.504257365985644,9.125417667527074,16.93195605743681,9.734300638999986,10.486590174674424,14.691039682550779,12.257340257208247,0,0,9.940203336096891,12.387562425498919,11.328337256127673,9.167278909890188,11.81959557105745,10.390175539773061,0,2.3190407143498906,14.092256606465122,9.898792546439365,5.691409060937153,9.648510312698212,0,5.691409060937153,15.466745303978398,0,9.202369382225314,5.691409060937153,5.691409060937153,5.691409060937153,7.7805146731177715,0,5.691409060937153,11.150487940394854,5.691409060937153,5.691409060937153,5.859249046977175,5.790629718912413,9.57908749550238,5.691409060937153,0,5.796835029453228,5.272575184732013,5.802783893410364,8.601662625675681,15.454497347826527,0,9.259979953258371,0,10.14137576611497,9.105693718631821,0,0,0,8.238519828187924,0,0,0,9.03742554259359,0,0,0,4.9389678397033014,0,0,0,0,0,0,0,0,0,0,0,0,16.810916649822317,22.343145540109127,0,0,16.810916649822317,19.384127054782045,20.547095581866813,23.29498243850386,0,0,0,0,0,0,0,0,0,0,0,10.849415595898721,0,12.717068333114515,0,24.3112440885782,25.8242630838264,41.6154094088417,55.289438709437825,48.96769972095604,24.442455000174952,0.7614457352314753,8.022708361493008,0,7.53598716336035,0,0,37.316430614547684,0,0,0,0,204.24963724238697,915.7542782808656,175.15249680381183,4.999177421386193,1.1220401093397414,0,242.42537005889886,28.350481933193656,292.73191151887914,993.2516802596591,74.92218595311203,3372.493899199508,225.97930983502184,3907.593219800428,140.17464762678966,1110.3462671030418,934.053505584667,16.752584600792694,13.919775764656,7.619315700286935,53.955508917170235,10.623568372459054,31.488953357412008,34.29458141048102,99.75620660717813,1.5753669666885837,9.944912458669823,31.27624858209215,180.79677715772348,7.145142960180745,4.787741024305358,14.208954754989938,11.413955602287652,14.752611177661429,126.66067960150846,116.47170804628175,56.05607947931765,26.076539050274068,61.942309094826705,201.77519778799228,127.20569827112678,57.38499456021197,28.966089688922104,62.657731969285514,355.8979142295755,113.93859475878956,102.74240834031826,255.23440692838403,209.61641281763394,121.2407532344177,106.10490859727437,74.008090049064,235.60182892432294,29.380686085131643,158.12775379145674,121.3031494467487,337.5793017725497,49.009011870769186,66.96842249639185,255.63421684849294,11.399899127075486,126.01067432516469,166.38849304769008,32.587659959777426,116.5210488157432,247.68419995434732,134.38179727420663,118.81434645026506,219.98451946943248,300.716673357583,443.4637187139845,594.1618528152476,1273.8633805018028,52.498386264650534,212.283664420688,254.0211314577072,478.7071592908651,710.8285493229286,16.24972160195327,84.57580911564986,265.5437776713266,157.0837587142506,172.96311659169402,99.71339552965004,148.75262374774934,272.0366675582318,229.70412530340334,10.031432160049915,9.817807130011609,50.264631620768455,225.39010126663695,74.32509028628981,11.634746966642593,80.34285764122146,1715.3377736737855,503.27679587687504,58.740044408580985,177.84734898000397,533.1781921619606,511.54073070214145,821.2829140761271,200.13667783266493,3546.856851670364,8943.847571765147,13030.746615537346,2266.947950046423,306.7300660957136,36.27008808602702,157.2170374118057,87.04412606739776,525.2361144043327,322.43596198308774,420.58608597919937,1965.019162829487,13.96865627252924,23.134770263912326,5.270627712383428,3.9052909380903618,24.46686623803979,70.26185525673402,61.518535995126705,64.68118114784828,34.44393842678151,14.656687017890562,81.52659991295941,19.804334599841162,10.056513884327748,10.707322132433132,20.767329148680865,67.92169527502503,12.994365936481701,49.72586325684412,847.453541396876,9.699578735892466,13.797967854562181,41.47010172212876,6.153115396579643,54.78948725380248,62.851524593680466,381.3011081416422,2758.3830663289395,197.6757389810398,12.041377929558015,9.889098160778019,28.924279460987517,13.13679432820952,60.29203438992354,29.76297708499934,70.8121280940442,56.577701727764335,43.37899827289416,31.239590141984294,178.39320116035734,23.284002965412686,3.684764367463628,22.359709835483763,75.65166190306738,1.4548169371040265,6.362248590215293,387.43913043013026,3.875721884685431,1.374681901825806,1.9603396969830122,34.40955203357703,1.5155330546197217,3.4610888564682782,23.417215307611794,2.777561308142586,1.5657244270370863,20.313643015803862,54.362389462421966,27.183979407543035,9.132875991049541,16.040502739334435,30.862858719595597,51.17388597466887,2.413483341148663,20.209375156887802,56.015867198985546,4.2105855321176495,25.292125369681465,1.986318762631626,51.11994218973962,132.0785784282666,104.52775134105606,2.548408366395613,82.24905619912053,150.99721267328005,148.9619224818089,183.1191491272086,203.97599773544516,231.75467079990602,165.21844092316263,121.14395269951599,17.883778660927824,14.172697889757364,52.70646181665291,65.65892982374434,8.006266878278678,8.22228948061101,56.98869542537325,103.779118533201,14.552462649415617,9.865454293569833,185.1563591160919,236.99497879396,360.1010998986464,8.403736134441372,1889.1230813878115,5.718521763416021,14.762590203257563,13.045193611760773,259.2395294114676,35.500711930122705,27.546963410643677,43.61014395760535,32.82777338703599,4.128451205677352,7.613950052574296,3.742873298829201,0,0,638.1874562973788,13.137075459178126,10.489355867677734,945.4564336707095,2609.8342089249936,1719.8928784771877,5811.5526795708965,9216.210892182295,12537.748001187316,1213.0022667707872,7417.057739964616,7336.764797259776,2417.2298015313095,0,644.6337387508427,0.09747439587747608,8.624801676226696,26.56233756591647,10.938237294233408,21.239903716784156,32.261836876441436,45.2103820581992,14.195362188739638,10.741447849937426,19.22662708205822,20.177900616806987,50.01267631138026,108.68432458450651,27.66459220039522,141.77836453886675,23.174644507376684,20.89944930656208,17.937812507064113,32.44944240867063,19.090164285059533,20.965425206336924,18.418621128130884,22.03116930510157,20.23175372826518,17.718173418399257,21.80890152656613,24.257414198645808,53.605433203421406,20.327347548366923,21.985976346756452,24.438995095903337,26.48866412970494,27.227505567605423,180.40161928750112,3957.1745089333467,160.7555403342501,11.919267952802176,7.668032927936643,26.800260738399984,204.8364103761864,41.05457557365547,40.40414841353796,570.1294993768989,1742.234880535694,11933.405922381442,537.0959605657957,6718.054105214655,96.45928215962913,24.060361667325715,91.81994937127197,25.156669462032156,27.12109474174619,30.516012729473427,160.9555887669308,15.517375156631221,19.671877648836485,27.23033018008875,25.806888207559965,25.82885107164132,27.005672759494782,39.11575482976321,32.412530562533256,150.92503256285065,2680.4614327883637,684.9757661650236,63.57723081300095,17.195716351280307,28.347176023480895,15.58922389692595,10.945060970159602,72.63137210431742,102.7715666015554,629.9677518875777,341.9645234503938,7.549692913376187,61.0216318020132,9.612320159175985,239.44490746981157,31.103761751042974,50.86593776286506,1.073514500323901,1.3891460484169178,1.0066228550595104,0.507920700483164,463.00272515738044,17600.698630814415,129.25920528311556,11.191637738741607,709.5266445509642,465.34717184011896,0.3993756313562002,98.9704002575194,350.5415688420888,470.64321966515263,240.5649890639588,167.05725242945263,40.33698930190299,0,1.2051540133397574,2.792178195147849,4.77454823856455,5.924648895920961,3.174968354071119,38.840371379052584,10.245153229217491,4.8064393204155165,3.4085985282203386,3.273096968481013,6.897550432988993,3.5234986752626543,64.24529536456575,5.374947060476573,5.541781520811123,5.8324461993163625,5.669555199335776,2.3648702488990594,2.299362889756042,1.804076825669971,31.3378848660327,44.69484023759322,81.82682544912058,204.5049196118725,1423.908916213357,16.27535950402284,124.09041561008975,16.53012439914886,105.74377190057778,269.80335194120306,436.7829451832513,220.12593709299358,238.8683320384264,156.3572642568753,195.75973738265637,112.79960132731368,29.764741954061616,105.36201176148629,775.9050218128004,35.96353716003292,750.9281270169988,415.93201252736554,662.0671357420509,24.217533930295495,1011.013246844437,125.68284260988999,462.10958423837445,2890.6205541207587,992.6974782782853,1417.9044680961385,7225.991345552153,5761.150073695927,2130.964942673358,885.6608237167463,812.4137319712052,273.9343202023188,178.56134645477775,365.05161247913844,13949.796921821451,29394.52935038014,818.0558503440798,1890.3444396019033,27627.675581552958,484.31189769185346,140.63113902060593,80.817107715737,238.2337193640614,27.97331311665065,23.491865266147265,83.90568543458205,1818.225350689297,317.03928715610147,1207.2101811045175,22.34769861800446,15.620414954323113,11.991225687755584,151.20724346270873,206.19021387183437,213.46684948421918,313.4216119496681,554.4488399877187,321.76143083913064,2676.17838006898,511.5240693454346,472.56798701006915,79.30045153801633,462.94426171724916,96.42045550188034,1215.2322952516872,1765.9126132661097,1092.8882887449233,443.1155687542082,2524.3220169341234,1227.8959900817708,1719.5620281464414,4483.922190926043,2940.2647614830735,9810.990386669562,6524.800784494688,1192.4652302574584,1136.1057471871375,777.6682878576198,1648.044387800718,1041.122043272561,3011.5340569103732,433.7892756063344,2762.1854015249833,2326.22282109716,2079.5636112226484,5840.673560850436,2016.4238570120747,5581.16590663715,3189.597550253674,588.8517485753913,1642.7237738396966,755.468492389181,1374.9652582709139,3295.5596134572224,2361.3086543828144,3506.823262076746,1690.9179080428648,436.561042887075,969.3884084461704,1803.2542823200702,2272.338716589763,3980.9769051970793,38.35834208636053,305.4216929709771,324.0318254536648,470.4086139459152,93.24934352713873,377.0323578986129,75.0718915163922,296.77013509534834,3246.116930883264,871.8368026863068,1209.7610602425489,576.2302094500412,1760.3116802536492,729.1853530971646,1729.1975471429143,1576.9956265903952,3094.1655730977172,1308.6134431625217,2921.9647867177678,576.1668290064791,1722.603925676668,1711.7601138406403,23028.302984197875,1810.9554347816013,107.84299537601869,538.7149790225357,42.38077813370436,142.99494702667732,1934.0251443133184,103.66151740384713,33.23367497302502,81.2309208120805,40.7389603789214,773.7844772641176,271.9569178310689,25.775281155431806,476.34501179796354,328.08197943350456,1573.1892653302727,251.52101302927193,185.54016082752764,464.1620884190823,1166.5683283363678,338.1259887000873,28.7230895421058,493.35409905898615,275.63975137249935,767.854204860761,550.453786617226,174.41729957910005,1430.774273161259,2331.243552146723,518.6156072820273,1759.7805242617899,563.3628537254649,2529.9870883359986,5637.105357804125,1310.6052219628198,587.3833274793573,201.7993807991256,1003.8900275202518,5617.600556974062,10426.849114700271,8198.466875093503,1070.1955832798144,686.5335082774651,430.39001319451125,341.768951685691,1738.0461955070264,193.86135679383946,1601.1757958908381,1517.1878961253399,1018.0500883517332,327.0439765448791,128.72177747191478,498.57657597430966,27.166201632563844,77.6865419701894,489.65010223600723,30.925854457916085,114.39390474553527,23.78572632568921,233.6800047079392,215.95845008249606,164.3638080820161,263.81287061008726,78.83491400935343,54.454071226765755,260.3519826989245,1969.2469679583648,494.3787891002973,89.78478071276014,830.4464310759976,561.6508259538595,1807.3571257881265,712.54325426905,1267.9093131327509,1822.7331559979584,2334.1033076159315,267.21240802737674,43.73181014638304,120.85303984101738,710.5710019788532,167.14055268528907,40.59285718236749,135.97396599780302,27.289765145568214,23.93795180228388,21.231616042153608,84.579731975099,1.9149681717352514,0.26505383570701485,0,46.47935095608838,0,119.94132365926862,197.88663975714047,30.796065783036184,119.51414965133645,0,13.588388386870275,0,0,0,118.57686740185606,161.49567444715166,0,8.768512190977273,0,139.45100829287662,0,110.45972767734395,0,524.6955424656686,18.67906962137235,201.52366132514217,118.99257915971916,27.353909035787694,24.363440936379707,6.412001392156219,26.20188157550271,46.66746090735256,10.30142081341101,48.69789968389389,58.81755989464618,6.312949940483636,699.212028689223,5.445868170937545,1.4483421761751873,20.486583755253054,12.649429226032439,3.0384200731283157,11.801122729723001,8.383769437102409,234.54095770649099,5.100045951943686,6.02269096459765,9.111714845517172,18.996526638291627,54.008465156122114,5.328981007102119,10.59483274201184,7.578117228894318,35.25594634976396,12.726175416894684,43.846200359304305,508.7241090286841,11.472971153245457,35.13498459956877,36.945298439981876,87.91453017423203,1082.6257243699702,62.71754234059703,9.561830811390202,4.026428815914224,24.334312956399838,4.263158951814722,1.2666972817392004,23.838514769802135,32.36534016292066,24.583194412102436,14.766028553758902,24.037900768711843,0,1.949262346361522,0,1.8945634319367113,1.049733622276663,2.5585986088589583,2.483853138806912,2.979211308370246,1.774666447057412,3.395515129890036,23.957445006755776,44.142357637915275,7.229613884065871,3.5176811614720185,915.577413374093,19.88660247341032,4.984443529732577,1988.759456191208,3.465347655432425,0,40.80074804836633,6.519449192302105,5.228261716956195,3.9192149946751558,3.1736431380354237,10.627845652531155,20.615038699277278,11.609683354878833,1.2862529214979384,10.658894766478316,6.2194259161147905,10.929906352529605,2.71519919549654,0,76.02044573330363,123.901673322367,976.7851855577965,5.464237770085577,965.965389848461,5245.940782861768,30.013742544465426,18206.345198786454,50.84501612244117,5868.175549443221,969.7988659491492,2137.0844467040297,253.82228425129128,624.8264361349517,841.5006633840796,406.98418620078553,1246.2935735789827,1854.9450431768864,68.29819712123016,2082.0480922437914,3039.4960263773014,830.6916882443669,438.35358668228474,182.0126363259722,951.9381288311356,859.5974921500698,3490.405783081421,934.2691660546724,497.6429767329633,636.2964820725352,272.68823964429714,223.56076513209126,6006.723741975524,434.957377456462,685.311753645163,53.532697695347025,59.279091824919156,105.83891821815219,51.00475986509761,62.280346236629214,2141.124516379601,5018.363852012381,7420.8294165310635,4019.324514083589,63.854585909561926,440.4578001110603,798.3788462197369,332.4119781524686,2210.472244301309,1899.199281766835,548.1567907189229,692.5455096784685,1516.5724704034153,590.2997222667689,364.0988353124666,320.7612943139764,493.93093297250124,291.34215441298824,3.30872761241883,1.2024039812862246,25.22580010576456,106.91321150903346,21.974636854042995,128.00040661461645,3.0651032980767052,8.250794975680646,2.3229150569180157,1.159100655790945,1.1159542263719937,0.1581120378127976,0.2854587543419562,0.1510359352535084,5.200737824947276,9.800260841517018,5.660589294358801,0.974166320282368,3.4615661219675813,1.898752876317957,440.5246793172264,6.1639153441275205,15.015277547944617,2.092407355328204,3.493536503277659,33.669769803267585,111.84633126644187,277.55071080225304,273.93932209379835,10.105476393342558,23.51885951288309,12.525983398350002,58.440662430143504,2.792270868349306,106.05835379492729,31.836846408018552,0.14196076456353218,0.9542491248519571,0.35714300119773923,0.7968082900913102,1.663886828356795,14.931068704531999,29.5395787406979,3.485463359795967,1.1835506699575196,1.8453379115707076,0,213.27319762169077,675.037165239266,3328.3128653277045,40.658766578568404,0,396.9318715781951,217.1469067587884,4.790448731876716,994.1068233205184,36.323635897014846,20.585675049402596,3.0742518877132827,2549.6281307338313,276.3274086933123,250.3489031591371,1288.7810498482424,26.946141091659594,720.5654770700683,3719.998478770165,28.114289561381234,930.4171359412502,85.89308165690129,955.1865826208203,26.884910530700886,1.3696288266085295,3.510647841505512,6.558361430285152,0,6.876692870639395,0.9162017211862165,11.39805543382113,10.733746798840254,1.1721950670161148,7.07793797274348,4.27517439783023,29.411417650463505,5.621896239476841,13.177006122397719,4.951219641748079,7.746448496490694,14.70997554922565,36.801973581945454,31.103301829965172,5.499108103798495,28.468801693023547,28.184988025470002,28.296215887726664,18.83246887931462,8.71187793762423,26.947607258676538,26.527043065826035,42.57653734903127,1.5779209309355542,2.5696032692112545,1.5937862567413268,20.611148146994008,29.318723770330756,15.018347179990554,25.162124805234455,6.17294617106335,7.461554994464506,7.254206937908607,9.101630987774975,5.438417449649418,3.6679849421006816,7.2081328562214,6.495305372440077,7.242845757753556,5.9095012789472,7.082443160885703,7.007006780078402,7.465078577196894,6.399346084844816,5.5590204720133665,0,7.226766818204376,6.951895563796005,7.4716515779433825,8.109348471839281,7.828397678019698,3.5088640791582546,2.979083716604576,11.552790709526796,6.366263932330904,12.343539585927616,4.767066450428706,9.209508630574776,6.5566663277104515,8.056567033708841,6.60075107758031,9.765005022744777,8.757968419750375,11.319472691703945,10.569792141588806,17.2912361412926,8.196748657769605,11.237974100393336,0,8.603865385899631,12.493209909489307,12.264132227455413,9.593793412002293,11.756080769926035,19.143835701593833,11.600355501690531,7.945975441145456,11.318547295911818,12.865870479508896,9.195381015916192,3.773579771781464,11.268379534072869,5.947141272509936,2.4526967480413826,5.540577339015191,177.88129675074327,11.045091967793033,14.569630109737867,19.150176575983878,12.404568591205484,18.218360099479035,14.366030736110794,6.227049149900126,10.427418490102399,8.076626027341756,1.9425292514973607,4.513163022469492,2.3251232415243166,1.674359398717937,4.404441353122092,2.482340334961633,1.3646917274259522,0.5291002737871185,1.1850061667631633,1.6366276108882902,0.04629593964977195,7.072545408155454,7.682344247414723,1.9159354703685048,322.6815741562724,16.9653026001576,2.7274036554207246,5.36532910060137,29.353101022228177,0.9698075651075608,2.744574437079829,0.12905574125206412,0.05883465382518654,0.08763482438849479,0.277676924369521,0.22526330741592518,0.28332416522038156,0.29037405503559766,3.4411285535008673,0.1454465470675823,0.38658524924165005,3.5566477966471006,0.9323405017346088,0.36461300010746983,11.818236006486888,0.19507045610572402,0.12517065414000314,1.1516646249973257,0.34085253875053695,0.19831144405406154,0.02322801343587876,0.03357626080681074,0.17561803789876748,0,2.799311192003903,0.24421889931838806,3.6595102395848964,0.2715516884227354,0.10054373502999762,0.1050237497749324,0.6079019013612286,0,0,0,0.04322407465379812,0.21711883378589755,45.71475894797447,0,0,0.2098942753016544,0.12693574890364384,0.1804972358997491,0.032432019506961125,0.011527622161004853,1.9083759943425291,0,3.1316663560220395,2.4164987557678956,4.2944474372926855,0,0.7679671998153738,1.8649652593949395,2.6292837108803893,3.8760521965112202,1.8618319827665932,1.703449374086886,6.160650699106744,3.697403638684317,1.124251219399054,5.867230292150245,10.698041282007283,10.672823835046291,0,3.52094441556887,0.4751260776983619,1.078353219061615,81.50020243848999,2.6853113859798987,99.97169943973492,0.5038023252966208,0,0.8598455287894681,2.144730837317348,0,2.9989382801754054,0.05491760652764456,0.02568443449560135,0,0,0,0.12748102418362262,0,2.0469140839190207,3.810011290352124,34.723478477285106,4.859973487553465,3.6188743820657923,3.652667025431041,26.0000077073743,56.3304471525378,155.00073635863322,216.96338718810074,21.378146575416316,18.36678109335048,22.995420092050505,25.859007471936735,16.984565564349257,30.97118433505512,301.4641422341764,612.5172931990156,6833.685475060567,875.22577692801,52.08494494503789,23.051097611599054,61.66099043267949,62.34954687737376,10.519036284579274,11.967015255849066,73.31603689169634,16.70358415589942,12.41574592642801,3.5564586811231056,3.398426330788666,5.121945009051839,5.480144102417792,5.347413788629287,78.01567600231796,3.725394292283424,1.786529389034655,1.7593546950495997,1.314516839319047,7.335936109821559,6.423998845442813,15.244921515244167,5.966800206845353,29.170322537780756,144.5098621955801,21.81066229705295,334.8803722921714,75.33520664486906,0,0,4.2672821374602155,6.0627554120988405,2.3646828722459947,49.45212268309414,28.29323910584241,144.87206296333733,2.5840693264237653,3.7707737659845875,2.5397767038506704,4.3489387826598485,2.02809532877506,4.376935438267301,17.88401159888513,108.17350610192864,24.3865080831412,6.598145054047415,3.7077291240947954,0.9782272794401917,0.8290585563660209,1.7617554448479844,1.6509253474567138,1.351297703732153,1.0168909545567275,0.1929577703906666,1.0043132472191492,10.504404653046306,16.362539770326123,53.59643142719011,314.5354226234124,10.973808828555818,2.265786530164448,28.24850326900604,55.99722086037522,31.391114199218027,42.50892286362212,55.02879921079312,20.982842496008793,33.717871004610764,108.89807616348463,733.1577851105571,374.1297865772398,57.76205476068844,91.64720517384707,38.439378666698786,95.47654497998316,170.89079493777137,162.5877291853017,17.637774278835103,257.10878555650635,2416.401384343472,1123.7017462453475,269.9298482195566,41.92114590529874,146.2321918733539,95.73616503734688,11.142987601559708,8.259421213646103,5.4126629350436914,62.85505081625679,344.46193627907815,465.22202259757665,1024.8146009651753,3028.1188525521575,2512.8287252502587,1443.8869923195866,1742.5557507548706,2400.5388355959835,4868.118446887542,10200.288432614974,5843.64501033205,4249.236795508006,1483.0343757910728,540.2922855341523,113.6392480201462,139.44908452849953,276.0954284724382,183.16567264888707,281.5030410207099,324.6235553434856,225.07554340856527,411.4509598482942,379.71878875333573,168.2846625161827,38.36282475560648,80.240495049762,36.3748057528014,3.2051071293618634,6.545312517744747,7.23543188104457,184.23205502196208,1238.7904759903572,160.90966752716523,135.28809034944732,147.3722171460405,76.14559573322067,159.88621444542815,734.5371366905547,2011.4536198685955,1692.7097681001162,1500.638570695991,863.8792708733051,258.0788360752674,85.82480561507631,39.143274040492486,14.212467601882212,126.91166386616538,65.53983745682514,155.3312396249347,127.97610186113027,158.1667360477525,62.14808657015143,104.75695881955167,24.4739363760029,23.237616788064972,14.69311577162454,65.57577151791116,80.44995287357732,230.8618149211486,290.53698284938804,256.6791197909728,213.5118130905512,319.9676332912643,194.03807392836325,501.7959499860521,290.0657247088813,153.13867331268094,340.2525198833418,88.365797981277,84.82567717449037,80.86940143468418,52.86486239825347,210.6648618075968,261.8013806036424,223.9029769616149,237.35314192850214,189.53702660916528,256.3286045112062,47.05127929892086,318.0650586201277,44.87762153260196,75.85439727738687,198.73385382749453,136.3850888631985,162.51306786982906,250.4115488093908,166.91524000182403,379.73948178974763,275.33706048585526,870.4183483003275,849.5713978992715,381.9659191951524,599.8019382494707,63.01900598932891,29.57516784822584,263.5366613063123,45.172487739430636,54.38448601399197,71.54490781318076,433.33989471349435,356.1453899345536,27.347043812462218,15.186456719481702,122.16516425902125,788.9865803981296,173.50190945869002,235.21623692667816,334.32702603356546,186.53217899821905,110.5175929908849,195.37026211379685,156.74871417635882,236.27429341767257,135.0568673164506,667.7472555615769,157.20672407596464,143.44805173017897,317.3444548630235,400.5985456053449,176.99163678464507,109.3981580246581,71.42890320124545,123.21736091686617,108.30848192109366,141.53398717782463,37.99652907161589,28.989076798421777,17.756715944730143,27.058084556455512,77.06475790041998,375.4525427074479,357.0755085883756,447.9868151502414,312.04197538406413,350.7600069692782,354.1242957517323,293.4120746584878,516.8667874622101,437.37177658907285,88.52153629159297,26.702588508299698,840.6876036168661,403.18108741447577,674.9960973812,326.58784825380735,1.3678016511314623,97.80847094109632,184.03257284091256,22.551862428827153,0,28.5256244227817,25.849467713931144,27.792732394549553,8.76165289532422,0,11.39638627186119,11.742514386025665,8.774467108193258,0,18.639258992862327,648.8029776268669,12.569190027296695,15.402429959251068,25.27853012694142,7.898716559573898,25.96902561760943,54.46164205920723,29.78643704806009,34.390024475309914,43.54348193980477,20.51320004985655,1.3226727442974036,0,11.569357049022955,11.464651584721764,10.361116379870525,9.651619406264018,12.910607992086586,39.30760038977324,41.269551113197856,2.693041896486848,1.343722670872842,2.779494661010224,2.586023399380099,0,1.3073274403043937,1.2122843757565502,1.3843023574903879,43.34508472863188,4.049430010594225,4.662613845810197,71.82358944822894,106.13772439529988,371.5876447396785,112.43310918142689,119.8614602801428,19.100575213296967,31.219748088075562,60.988156302563624,7.587000871356209,12.524356126111995,8.257482641752791,9.767875685711527,14.3814596544746,14.079587225898335,23.941689698200012,186.629023463535,100.24538332884048,14.750961782596717,43.254619154967905,100.14172949160314,50.464911287089606,293.73273389855655,93.29599378094679,55.78134993258298,69.43042424587858,186.4161222495264,264.3891854971667,162.67777211839797,242.65118466242143,81.7502178476742,11.33159338234551,18.304042284370688,84.28688804727211,333.15477055855087,192.77461319104998,19.455219812156358,58.550027152112,438.9741694951053,68.66453082087695,85.76750814828652,1171.8648076488178,2483.6746478123414,2783.7160749095942,506.37335488348896,175.14366413088362,84.79016903164361,63.641651234278754,197.5457427118027,30.01612585311842,482.77822744489265,397.34928254904446,793.022979680956,1441.6469898921216,581.5363512221205,404.5807765906791,103.5755395485699,52.19791506646677,61.01943626882895,463.3749151744237,253.74939277164097,126.17131459630585,418.1227615653087,501.0269471518559,939.2177434343376,477.8831108141307,4255.616219608563,289.0009293724067,103.79368564372508,47.52777437643509,74.62382118877915,54.68169765968829,2167.3359215729565,913.7384863024843,247.4707976081082,577.7113188797642,497.1245940890091,318.1028495637281,274.3737407033984,154.58576490398767,71.96707808833352,93.4563303901277,15.47137378019686,4.659977405963363,21.140143892065414,4.920673814652138,40.42777988776704,148.39742290359214,64.80962981441985,10.568811595408055,14.886142119284308,4.94863733181584,17.60440747872788,238.3349132737071,7.5742932238716225,798.2707731207795,3.7523132222367015,4.711754811141583,10.221987573593735,7.027620121651527,1.5329213114489673,2.936197408229143,21.120375409135843,21.212125529172862,18.355029942999447,8.306774399859632,0,2.611421721077955,0.7042253845747513,7.297555480325063,22.371648319397472,23.42132111877566,5.737911817141524,21.545110663453606,146.5273190170571,218.61495790763465,182.7580445616321,2381.9832696910353,244.51587315182337,149.8372270637987,179.95703629872742,25.052793688879024,6.352226739742984,0.1995607559014796,38.42403823825822,582.9562205352302,1062.0488607397565,1198.893599288178,162.60458395684142,109.71097537622522,291.55519077524053,64.15530335870264,284.6751804005454,503.891675022934,935.8615926653093,941.2648583110093,141.13964006163835,7.0957620048798695,0,23.374411750522043,15.811735714794736,140.80647626063273,81.06528035397093,8.044040006636205,2.26877458898753,22.12674366165546,30.246260138348255,0,0,127.88129492903205,105.63312012593653,95.03902624210286,7.867443010280768,2417.2364464866546,2852.5057923409195,632.297713940894,0,339.8045153288236,6.394524257134804,4.787235772425505,8.854708120627837,127.21125797599261,9.201522337381508,9.0926844695093,1053.4740010969372,807.3902013518158,715.7662644575095,4.969747479475193,6.119136191299453,369.79831040850473,117.0886094036621,47.94735975600074,70.68862673487084,819.5833024096836,158.49570830454778,49.781032664985325,260.76459751358317,138.5737272038832,160.4955284160032,10.142526560068992,10.975553521907448,180.22708348875307,20.13383446662673,298.17492596020503,4.352521525635532,1.544777966096253,1760.1731199213878,1033.3913733317186,3679.9374011417244,4646.822920777212,2176.754348732967,293.8888648765855,122.47073014072456,110.06753569664185,214.23947528517013,191.6198798832599,87.49663750404726,272.3569585612885,314.2384171109631,1995.8508410381662,3451.7796700810845,841.9806321787822,405.85192765162657,1042.7395280570167,108.41726267737458,59.16314251413008,230.05119179669995,4727.088168350398,1383.2023913838902,186.09085500649803,267.1127180810724,699.85052290309,799.371672968584,0.7856359254803807,0.08490063870588073,0.21842589121067738,1.139267655766434,3.2915444170487795,267.4850454168068,15.782511519371223,40.63490351212169,47.69184062747192,37.88005804330106,49.72452085603622,150.42424097927784,1055.709293629875,179.66215697175886,155.81424375639781,726.0363875777691,1059.0123090340214,3616.6057058101983,2325.1760469510164,458.4667466377396,326.2568957809006,255.09938553879763,19.557343288685185,384.5276543099363,16.55302233269726,14.634790797374473,2212.1165412001014,8541.09287813006,583.1519820883283,28.22894379198344,485.18575896314707,7011.512615933395,6258.906137388473,169.1203016050591,0,0,1.2739727557659364,2415.8922069120936,8.60065016673764,4.309303278126559,7.652355536605652,247.7911204554461,103.36048705230026,7.0033778187281,489.6411403944397,3.8093817848530107,35.12622708169606,40.58348017285364,110.42869768327179,0,184.59881212400387,48.131507855463454,258.3692915010414,30.816151015101994,0,12.81009583148973,0,0.035216515969640205,200.10611337138258,309.5829670108553,82.71704213032484,162.57110964883947,4.132929528403435,153.04499873380362,14.658755364919967,893.3592438305253,646.7027296728995,445.86198326388046,263.86044168833104,248.70967538078736,106.55963782942361,37.01557315864884,1.0178960569393063,136.31734195865073,262.7891923474642,460.3299304775166,279.6573674846518,102.51117387379844,14.369434834463867,137.3008811787609,153.5709058973836,280.6561648886585,219.67442307965237,2.0126853625729595,2415.359245031106,3245.411120120809,10677.784494884041,11755.829373420733,9150.49408111807,0.7811277317269996,0.5039116451984327,1.857336981090332,403.9183223901197,25.323443570227997,785.3114013846315,293.5005269061622,612.9588434689853,2514.653467640592,197.10042122468533,17.376711405845672,2.27362187562262,512.3820735577973,58.122966643261776,19.314151054265338,9.63790891653663,1.8145587970759018,1.7809789410271493,1.9511916180750042,2.053820164740591,4.079627065434186,1.80493873148973,3.0828732249650224,2.9171084048807243,6.196635797675121,3.3067819597863157,103.9582778111475,19.120661425344853,8.634343731839254,10.113959998861148,76.22352688666263,510.5691354236577,14.751474662311711,9.7738581345919,7.9760972946533215,23.641407089000907,580.6991583535247,13.533483053138346,61.91895564334838,57.70026864884842,109.96732519349086,14.510820111098415,18.663292902335265,18.750735779123513,6.69033614259764,9.255422692813527,45.35050799570223,9.805863007464572,656.5622957181652,9.248817164821133,121.09493768884913,7.861071221304857,11.97610225789499,799.3433339641523,5.729942444808667,32.122311049384706,75.1974874545643,2.8365225857327756,33.19033297773995,7.440741687516803,42.84944064376599,18.979040989785148,1403.4537699669324,187.26481739126416,4665.879576017503,4734.407202240015,3111.8472215491306,1088.7294258006452,2033.6404472072072,4.443914098838032,2.3942166871964314,2.247830000461498,6.354715016704666,431.63513395676154,466.8195868934521,22.38095437816945,15.363458361667282,1.4008036515683222,5.758585548056968,146.166210413855,428.32424058070995,62.6923792929423,47.37331811396393,4.557691181849112,7.548318985933335,68.40312178227356,78.669539032591,659.4333797034122,23.095721125222603,105.01601951831006,97.48130577107928,27.884312027339146,111.16778961253503,3.7372248745299186,3.6104923808814666,6.163183440968425,1.52192756755821,143.0722552703457,7.007095730320651,387.81742351776313,137.5309667341055,254.96572578679817,132.55698834795228,538.1153150134793,2280.4139477146887,1500.3149209096962,902.1967603245079,314.2729557744055,141.2608174171912,488.33416620673717,186.4897745981454,393.5396585162575,1106.8760790027857,799.8168800385649,2448.138261563187,1477.6661117738197,435.94411850900235,324.2218185247714,330.1099785515911,204.8189860378905,24.711302147045686,185.38033290602834,99.34988315114317,49.35380814530197,362.6046330538971,2380.6959634090676,920.9918685973595,115.1703273270783,1634.684134776348,818.0789828851391,185.21618604877088,19.3335410072143,429.55129928970945,870.7521841819222,1769.3327885616645,291.18221601187116,165.02255529361548,229.06526355426462,222.67073351458993,695.3943947392668,257.078811190713,20.634800489413355,133.1739349588203,371.7300936533945,957.7837158826522,863.3959470900742,870.9669677652126,1861.436478989719,2381.4187574676603,3927.3426982649007,2552.0719108523276,954.5135857564129,790.2389795994899,5959.681400379634,2380.1997519970787,616.2343704664507,31.04789505502887,39.00524795745545,57.5005077347515,524.3864071580618,61.03028553674295,366.2625251769762,622.2094303638338,34.414291952932786,269.71104705294715,75.78627071854362,377.2836477985356,1134.922106640654,1118.0139768160816,43.72793767357692,10.575755205551179,7.461798800610947,33.8490270762452,43.55108658507986,49.29655231926695,54.27815065436201,60.691547710967136,439.16530251264004,2278.2153014720516,1488.0353043153807,513.694889456332,257.9401251718143,34.27850081945068,346.0011109304853,0,0,993.6571059937852,0,380.56321968754577,0,446.4388549922127,359.41457111561476,1416.1214450020716,373.0526785435369,0,258.7649573104018,208.92019718694274,1094.6782306465911,605.1248179147525,636.2962864743783,1033.9428729013573,240.22207476706637,3986.3528801605253,1136.8663794806955,268.4871382913019,753.017622543732,717.2892921974895,820.6742576752044,507.6168554182374,2447.9694933962337,798.171804923625,1220.8392607390983,0,1372.1148993388388,1290.2188204818588,418.81966724181484,605.6233212277889,428.53352863894355,561.010470760347,585.9664536132187,0,644.0648456165324,512.6717803981572,0,374.3318894249852,3259.52067564757,670.9973084502968,1046.0517335069824,243.09798255858252,578.8434499462759,191.64877094429085,0,764.7739682023596,1647.2287379409886,896.2793780114813,1414.2953072277594,0,1362.2735759109853,1261.4495798349442,507.86820914727866,14.56536753405792,1092.8523692569318,0,1056.9399542099486,1090.1973087595156,564.8231222407261,485.2215151712034,492.8169648586092,986.8244834679759,1178.0781467719826,624.9411037515345,657.1623634932738,0,497.07061111081237,522.2088360444038,1112.7504099905793,339.0278424572047,854.794674838911,670.2712524956477,454.72704488081,720.5201004560552,767.1190391006564,0,513.1830626949734,0,1483.0931497002625,16.124368904270202,1281.488451612544,1.30130818171291,924.5758223022347,21.69069598899792,1065.6267795510555,823.2622858381093,1063.2218583728668,777.4071080434559,232.30781767290438,1052.4148298422206,668.1595005818552,650.0494794632299,0,597.8218853131336,738.2618241001463,450.6689611799683,0,0,514.4051184676206,654.9459733479594,690.6586903586089,404.251024053584,1022.7604270432352,632.298656709373,894.6631398204654,604.3781051260494,546.2229497319545,633.7952242904882,540.2159300833076,517.3381529176518,732.4943546932524,724.2837072198154,827.212806124379,721.7850584781479,537.1196144655247,511.36292698303276,1206.7319508036144,1417.9086809543135,830.9201566292314,841.9477873610308,780.8852571203063,398.99563896160726,492.10768560185664,861.7365079740579,1070.895509383619,739.7197309038002,753.5393400469709,1100.3780486064547,752.9969091994257,753.7571783349271,909.2902668996697,486.9746926118857,1131.592821871788,1117.6700691212243,0,1025.0114216958036,974.9134194525118,0,953.1184069370989,1194.517958739913,1508.743925036431,1766.0185790016283,1155.773207620725,1449.240037897049,1428.5287289911853,1321.1763801465333,1144.5746569684914,2675.745554717496,1239.7804594761162,1132.8721420289553,1192.8344814367347,0,1788.7840038218123,2335.434385994265,0,24.09982452986751,0,566.335214626636,1491.2565248347257,979.2293897707018,906.7388582476336,958.9684604033307,1590.2018476515518,932.3637142029496,617.067897043637,528.0541110083121,506.43841712809586,1275.9671486455711,753.82477010345394,950.716800473349,763.0347624557269,898.8316691064456,864.0131318241095,830.4478593301324,664.781006571027,1057.4274267639385,3177.840457216386,5374.544323836815,1088.9297689448797,719.6115610085435,668.7782101988339,552.2211292676881,8308.740763803458,585.0326659500778,1305.4887960677984,589.2279207202714,591.709972270167,621.295631243596,507.5866987221348,637.6418407210666,288.0623958984423,766.0458520263759,632.8029469182142,0,1279.2294375481688,620.9878129578831,607.7009812362528,0,306.80690062450367,0,490.5090698427929,466.43018548631164,701.1620649960187,549.8577543833991,550.1165029837188,759.4071106809293,517.8345127902165,758.5712450750631,820.598193213702,636.2927742647076,879.9668564283885,749.3290412363967,649.504838980611,0,501.5104864049972,0,1196.5770740396097,626.89692236833,739.6766275129786,765.6324356636864,643.6010012607145,389.89383826532327,0,0,424.6283245308389,413.4092719902561,416.88580058914005,0,423.14856777188487,382.247901798055,404.27034504179284,414.8624979166636,402.1808609101811,413.05508739901717,426.30975533804167,0,438.4645671185777,436.49646278255864,466.9002274960427,0,67.97498098336298,0,0,143.06767389053084,1052.139097084709,0,977.7756004024578,505.645074871897,180.83018822711867,457.64979885294525,651.7234683946467,1972.4742855109473,787.1287636942329,4.98172054251014,458.30526210173076,51.708649257148174,793.3691443594282,460.29734798293714,777.0354644929729,364.0711129274846,0,692.8632681198131,426.981825733182,502.1093843170288,610.238617353483,371.30903955624893,705.5134058212512,396.03809757476307,662.3367405850407,550.410239958814,715.3988872414168,518.3330402403212,518.3330402403212,514.4832236251041,402.6121970762152,556.2350342633591,420.87824103934764,432.4138589551652,391.7545187647843,556.3880534121635,367.82554346882955,467.26599011632806,371.55539343231624,580.0777041211724,524.4688654007626,442.38449219831205,436.80506855282067,577.4294514109203,373.4251909680981,414.41782216743894,623.0707885620382,0,446.99958970452855,430.52941998771587,370.88998790972704,464.29979806996124,553.0881910715602,477.262071647929,407.9504051965257,644.2335727020053,562.0524680508503,401.53570755901546,952.0789721538863,417.77061661608,356.72625139772595,362.35130160433204,624.0754500799454,588.1555998536746,364.46360553525585,357.10622212137343,371.02475979843723,354.783925867389,545.8374494099586,0,0,0,0,0,534.7576141558559,523.2063295384078,519.4633209485687,271.7772566552305,217.51173266961212,0,0,856.058784186093,736.8140381331275,531.32395836095,0,589.397395503366,596.6743464161162,436.75182956538595,810.7270410158987,660.0920654614115,679.956969544609,509.48708008870005,245.513727408474,0,723.0693846152953,256.09699999958184,1600.1151133243022,640.564181926461,1879.4502519931193,978.1361966797069,1152.165041133873,1049.5015169790881,292.86798027699797,0,280.1018516388192,618.8437791626665,282.11535342366085,233.6085140951394,266.9509089821998,609.8995393846666,364.0290347721539,333.18225163240925,310.54752748624685,402.2442282696323,1187.5174923135255,359.2458588239245,265.915683039721,0,319.71737795707213,512.4364980282212,1234.6098614052326,748.6827519444267,2220.127868617965,1233.3691450477609,483.9480178792263,1507.4833118292777,335.3051747005435,395.8057265557591,1946.6758024108724,439.88760683447856,346.69516574784507,363.23084669252177,406.32688081486583,321.5826185129221,293.440546724315,279.7982744899812,254.9904678605774,47.984182612686084,0,1718.8095067003853,1879.4787113503464,0,794.128332406777,1663.5952965293347,1420.7920839666208,825.7776888267085,1553.1614089764525,1029.9942764495822,0,1.573271311338678,0,0,0,0,0,0,0,0,0,0,0,0,0,0,45.44519415241495,0,0,0,0,0,0,0,0,0,0,79.52813691727559,178.51413490255047,32.939979256580855,28.211833066926935,9.137390845672023,210.1257571110687,1188.4396112977095,1379.3453652108901,150.99648288989414,768.4233925411619,0,185.53260604573939,55.806187707826595,49.25359084956794,55.07099177272012,457.8658291286757,25.347229756798566,146.05400280926386,27.112128081724862,77.21850003867388,57.965173472828056,140.31792210162058,139.03584201975875,199.5794509422134,0,0,298.34552249941635,50.14813889143287,2515.9597341500335,149.08525506095359,207.569884165167,50.77266674125177,1100.5475759810204,50.52217631809206,50.74703990665252,99.487112233699,0,0,30.539869737612452,47.74750413490138,82.72935046590905,23.559469004487468,212.31184015251532,37.45830326788878,11.768250012131318,36.69545683816179,39.04804594868103,36.76179727526407,18.30620123829842,36.02826744417819,19.719692345069475,30.50979003608808,20.462230013347842,21.718802402636555,31.562960430922654,27.4452281438625,28.836234926278152,50.61225022340264,33.22652688786314,34.61275252196629,23.62648118438618,27.937851799388373,27.419731243956726,168.27586865818813,54.06218343005439,40.52160405222763,24.196874640332627,247.47066219605279,204.0115589832704,53.15888983830888,688.5120619149386,314.88738708928986,139.57762462593732,387.01684231154223,391.3640693238318,200.87269838651886,78.3778506477818,174.46251652336812,53.86548946250392,245.3877896622874,0,14.17219811584686,1.1232289155959068,0,0,0,0,0,13.06773444733236,1089.4133086940428,77.54443739445924,1.881819983960329,78.28985142299157,508.7785739476187,201.656536989877,2999.5674000908,3073.6512284242144,1252.6405542394273,48.19897621074202,0,0,0,0,0,0,0,0,0,10.023145739999062,0,0,0,0,3.247179167293984,13.02580233894859,0,0,0,0,2.693678159777203,0,0,0,55.65350382568974,0.5048639830716026,55.019453911695464,37.63782980998744,39.65631361654476,0.8464265684107342,111.54100031729834,57.214254949095775,219.12695068246967,38.29848376243986,40.710770675868346,80.55989785655017,149.75614563764034,298.44040706478563,140.87877272813247,5.939175777006691,0,5.102416430085853,83.69992666500153,1.7199539365724812,0.3845903876284731,0.04672756550442849,66.00151203468938,37.455490207277926,0,41.0254168205586,495.47374197926473,102.6373738343563,16.8315509554173,11.414915356023135,5.307075084717285,28.240845012714754,7.604806356868784,25.043365619467384,7.030914456665954,0.14441066497456492,0.2980199198460215,225.9505977264048,69.09715079487835,92.34438025984849,7.044339729993521,37.407990615580985,95.38530095434946,0.6806156039187408,49.65720649935035,21.396129116982568,59.02866748834603,1326.5749691267363,4232.61002762166,5840.960702993804,178.23851761764863,117.52333675298415,8.605732053112536,162.7748697883484,94.98464221845614,805.4001386834323,191.19997056155646,62.47731376155784,1.2248500377740534,545.2178172924108,301.5237137766485,336.86200931235163,110.13939055783857,0.03941723790697225,1.8785964358423355,0.04686049369919262,55.09942972035999,0,0,57.60885001176383,57.3449699035867,14.527537448422468,0,0,0,0,0,0,0,0,0,0,0,0,0,1.3895344540058414,1.4776353349809477,0,153.16229255078005,2.6059035027287645,2.531506577435994,2.510674138168659,2.4936483455096283,0,51.54394181852887,51.806628838872214,51.388608531636606,51.44543916466098,51.75438180643079,48.213569105302525,0,0,0,0,0,0,59.928209629634885,51.649732780311275,0,137.45409182648038,60.815354849080734,0,46.41427383367809,51.148860758288144,56.317727779342974,2.026358873114029,0,0,53.64556102340174,76.89297952149647,19.329037037315864,61.07149106128391,40.85895142862671,52.58291380957256,57.80574826277083,64.51024171386642,63.900186821904,43.31765596248942,61.019366927960654,61.019366927960654,2.9719080371102526,2.9719080371102526,53.53598655612414,50.03175432411712,49.7887133840032,51.828015520878296,12.563017676320941,36.86590068988075,2.1656155424104284,0.915201707572781,36.5310067544456,29.178133572979494,0,0,26.170063171201846,0,41.13361702342635,0,71.67806994512262,0,41.151442759264064,353.4079196758819,51.43792559853626,71.80920550739545,34.52807093029563,76.57588718326053,37.430414967452926,85.37961049191317,51.58265941769349,2.651404265056757,51.039249777816856,5.652959052466594,46.94767032015145,52.435036776226646,35.98031765635205,31.809449631052967,38.26158448425864,48.44533967514298,30.345542745335738,45.148054134883,82.24586180380031,65.92645755902659,0,24.95435322207812,45.85940320122941,28.858798869363454,54.942620830515544,48.923662068043825,60.71713401437595,0,80.09869689400037,52.556257926752835,45.88132424909446,58.59649719601388,96.80064249202071,50.79537191576525,138.35222230499446,55.01303619966468,62.88826879479434,2.02132574939775,576.54152395983715,132.87799260460383,84.67278435208588,122.5317789751631,53.15394782858446,235.00690448985267,146.0539531629161,482.9342522611136,475.2102349261676,373.72669866885116,80.86093456253018,5.061643317169441,146.12049585008134,226.13115004574337,430.0879448597198,1167.480319536606,3175.8885411001156,531.3808649493233,3261.321061191502,51.5103838530075,3196.924930123906,414.91708411222254,431.99994064410834,104.7051015296418,94.12111589223181,282.48736640789974,41.324788326448676,15.561507791796604,4.666655707997269,344.78802584866827,103.05011694745554,0.1980224498907536,39.68948383297368,0,0,0,0,13.365154240917157,467.68181490370097,7559.726031084576,14718.029801415834,8426.149272580393,77.65622990963737,2.0869421662647927,221.08810248189147,116.78128424079371,1452.587677160992,197.47797735980322,650.1056097772399,2081.2153884526338,102.29910304029968,395.9170910427255,193.86182314979973,78.65561418781908,27.752313048832516,1.5763583480195076,586.7468911721968,942.9199941724436,1377.987977139297,561.4088894888682,1.6914532743311192,29.843860914625402,14.773009472449948,492.94860131036205,18.83202503236526,17.96359162809328,542.375310987755,4726.258332275748,360.8539636869957,33.492358253181685,99.48116109519476,38.012856554563264,426.917678713813,337.2920444351622,29.398118005183328,1983.0774999865043,498.1098675207796,87.90632882392352,10.388871690335385,170.16194410762864,273.1083094947751,5.416268209092482,3.8832519713455484,83.82886023573641,4.840220013194334,1.9969003092244104,8.614390888129924,152.72705998296317,23.69330202722317,17.319546760294752,4.5090218135281335,9.293406251823102,14.70058642982846,9.11822282193368,4.890845347855614,31.377883027607336,4.149732758889812,4.526720882851339,4.471836343466146,4.619307874049691,4.339654740476745,4.500302950691319,1.018918544463356,2.11584993389481,30.66815762750333,24.960956437777575,374.42205137998536,462.0517060761044,16.307622390034876,16.431479982720685,13.881403712221367,94.63870871538572,1277.4469764073658,9.27336414331817,590.534392605207,19.845453859423408,88.17237906601393,175.04051134280107,3.767188179927544,3.801383191808062,4.519174092270344,112.56111784080925,2.015257656560638,8.655446732636934,14.364173885428746,28.06482013279974,18.297058289935404,41.280754709681815,12.200254199110976,17.92943503462564,12.901317158896648,565.2974414296788,6868.564572506313,308.4374763730985,1194.0541517685965,11744.273387352509,2261.293913930823,58.711037138230495,21.26985097020362,11.794150852133399,51.83441355169411,76.03409309100557,211.18226199950453,164.25022102039284,902.6091892637575,1336.0196484489252,188.3021949596167,12.449629214472756,328.81164151841733,289.7102890624885,48.330339105955915,73.15440577387085,3.9687902112046123,2.338574100751425,53.06845467384337,49.06807031187111,2.0271883126877146,1.7890783331331597,16.710272480695377,0,0,0,0,0,0,0,0,0.2373281674263411,0,57.473054579618726,77.27108230485487,0,0.8783088954284776,0,1.7573578176979994,570.9446230930776,176.94814322187062,0.16502258319985894,98.53527240090575,518.8465515976923,263.3584944803668,882.7517574385625,495.9482849274307,365.65629057307456,307.2457693264883,431.1576449181922,583.4994892638103,500.4800396445344,588.4832606451657,93.37168076914746,848.824257769137,1495.0330867815917,945.8778714783116,3264.8468216938095,2430.6486038140615,1037.7607293232595,549.3505737768446,513.8580568056638,823.3967820135451,365.2668810803274,976.1465152917525,872.1466649129837,243.94342380621688,154.78354485329177,0.64245860963497,163.59254302959118,73.9777804010869,133.02479504114092,427.279355102386,142.51085521111764,136.46531021316247,212.50223811753415,279.7343361110365,605.4506876945717,461.6194236463964,597.750723079361,302.1358823245408,107.54684746110104,603.5036227558928,593.97468528712,82.73355317053583,48.0499241594701,422.8349846094616,283.7715579803107,332.6792044392805,799.4837979709531,1076.0158301026686,1531.4520995032613,1791.0682056171804,1274.1895446871958,828.4893101440721,1025.8070499470896,1463.3728466425314,2498.899084470624,2529.5295925666787,5578.609392847354,2256.6291992879455,1014.5457420142266,601.1173832568716,493.9837485782638,865.9519159119874,514.833653527286,218.46236591641147,145.22977234759554,606.9091404912062,244.75019350612664,273.1662952824815,142.69054231955863,452.23923237112626,1824.6242391193332,303.7344453452666,203.9383707901586,212.75404508933633,297.3456023504378,214.5038800597132,871.0280000038665,146.25053547961133,91.85356068120493,137.22135986470093,410.7471416438693,236.54602724689585,323.52195135594064,48.367542094131636,229.62015152170378,661.5329834644156,111.2069215000463,154.9756096586479,297.4412792656323,471.0725368383689,337.4879631457818,448.8223465119702,294.1146863422888,315.3281794303294,481.014220894902,438.56817250037074,20.371756194683655,401.4459550555971,55.071017066940236,583.3665192154355,7.398910205452272,1054.8852976442688,1817.7989646152396,1344.6343010109726,3808.7468018049403,2562.0524735839385,1262.7215453033402,457.7598896655309,463.9423002518269,843.4378021178227,527.2216358886322,86.63350277089431,304.7417971038177,1333.8986193388532,905.7165357861678,554.8237825684647,1129.3298677712196,1581.328078959615,237.12450667277133,110.37742076780775,264.4702010433996,391.75790943873346,335.21251114446443,333.5441135503793,503.62198128532873,303.3651563387172,40.21731487569135,44.462157385751205,14.484171543782221,14.603172497887018,15.999442851351718,18.65158999882993,0,0,18.534948306500674,1.8385793302442048,0,0,69.17188985080095,569.4229303225198,178.90258978182538,29.07570565335127,291.44371217359515,209.31498065276884,34.96413205897362,67.93923325409727,0.6664378442693449,21.64322513402312,2.320043830071894,91.14599282761984,5.3564091124301845,397.97544288533277,1657.4944904168347,339.82979648462907,221.15609017298178,14.442256689981315,0.6336333642209662,0.46345968618871153,30.850884520963735,110.08661410940603,0,0,0,0,0,2.8642170065399966,173.82543522834004,101.6775157859099,928.4880460079837,1109.2096456472343,228.89995928549703,752.287275931291,16.190318888666692,96.75540100198285,37.72783535007017,131.13438633782283,35.56174018996632,162.7489325491715,11.093845126757987,22.02750479267559,9.914764026840773,151.06703963510387,6.362313442520173,0.7603473613867412,1.703443169942664,202.09484396636714,25.034916845411605,36.62584213294606,206.4389510325162,686.437461055829,444.7554731787119,655.8496420588388,431.1719740767434,196.40403476315055,114.3312952042275,6.972863673247608,130.46890783108356,1126.6061669109833,2204.058747490333,2798.488986309332,2504.9703959525677,1568.851568283358,167.22705064531542,6.452885285126654,0.014712624133369484,1.3872155119479457,85.75804276374029,423.5007934481434,13.622800704941321,147.0126067655198,8.579622761694475,3.9172527139860627,15.102075480626374,59.15443658825656,8.144876869753201,0.010201264259724634,0.4456843511023396,190.71384911623812,14.328425800484082,172.8507770739849,227.48384804522018,3.3105050353289824,162.93490402897837,0,22.418351073196572,0,0.9125714985097533,0,0,6.3599895701519635,0,4.98998183818276,107.58197918227837,52.09953725608254,115.5893722074784,74.59894760705426,118.14392668214349,0,71.8397351074717,102.33416596636373,0,99.74682281355132,0,0,53.616723483327355,97.29783587085626,100.44601074519059,0,0,0,10.5896498425116,27.016175186105656,34.76819958393197,178.74124053977008,17.968879179117756,0,34.86191475123641,4.743489101736503,13.909085710114143,389.83699737636493,545.5262799208314,536.1404757269693,495.7148486027161,361.60148332941094,301.0935412895623,83.57599867703766,160.54079288435693,276.8801367250699,65.93778866988589,152.67710124801116,108.9615513130495,43.19324715632212,0.6673366833735948,10.569949483146738,0.025358614390301265,0,3.6170466301794706,0,0,0,0,0,0,0,0,0,0,0,0,0,0,0,0,0,0,0,0,0,0,0,0,0,0,0,0,0,0,0,0,0,0,0,0,0,0,0,0,0,0,0,0,12248.202933330589,52842.0099383059,30820.362033588324,41.427471410585945,1713.096890533395,65.78670319151152,50108.30509343255,33.54073303226828,402.33630866339956,32.83689752779744,39.73172742184401,53.63463572483681,72.68284814085116,84.36195511076772,44.71189515959919,545.8731143003847,7476.161740549439,1240.6603645614475,8999.812882476914,1062.1146608001065,2446.3920537019544,1748.7048250045502,3802.564299372307,719.2160955923134,187.85921975492687,82.24739477284537,64.40811234263886,1586.6704733578129,2323.502606781794,106.4683938507076,124.73247926191593,231.992231941983,105.71353419992418,226.54430406047538,186.92219220412738,171.5900163986547,105.90538202399637,127.56134493064394,248.80804547925155,392.6395753868122,329.9239969266491,8030.754670148364,4285.143482293211,81.01262879592865,68.58281989974981,76.98621643804688,1518.3036694969358,1469.2429940628658,129.3589272024179,189.52531108308585,161.53162880880058,0.6146129740908696,1.0288401387475583,0.01119232910516514,6.290843189393048,5.315889954100148,9.211867496339252,0,0,1.7322941158293332,9.421557836107397,232.73906892665582,93.2456948119244,43.6832012779177,182.36476986303182,370.92148271068515,395.77514177986814,59.01792299634742,68.68996782735735,16.309923473720083,346.86372907234625,129.4114989320187,0.00737149827270987,0.007553329996660604,10.693436545052938,7.157638414943632,64.57736583899049,3.2109112541423324,0.7552933126516288,88.79664892794345,11.189789020330094,1.2862517831873348,3.7597269179378476,186.6612460689915,55.25677439073568,155.02590811154712,405.1191054411928,553.3622595908815,915.2592399988473,847.912097011075,476.89160268639466,423.76790944199706,1223.198537826696,802.5012337247709,882.4171787043613,889.1744102976522,493.3701056080635,524.3629154297182,898.8312501573886,277.64245469643976,1069.379538167318,73.99865812525188,132.5417251431024,0.17333840106472947,128.10612196217463,31.45349659973158,8.831778865057782,395.3028019670694,88.18492994506038,87.06958626583398,293.9663934566049,421.34074237467064,737.6289024764139,783.8568450537189,67.1808186414622,1613.3923670073445,256.5579168572623,16.90166706981327,7.757860722285933,93.5293052161995,391.00290373821827,621.0898450973847,136.8616951412278,45.90243424382192,121.6911687506127,992.0207063943294,396.15038421879194,453.66616892578963,246.39502512060724,478.0242460062594,274.0513349524659,359.9881992067169,596.1300491489762,1436.2943531326769,670.7843405919728,1619.99020699119,1725.4596073745358,2034.6543723526443,1264.1175799602468,718.6091727811562,1448.9793995095436,816.3824899163656,632.0480103178943,627.7831521921103,539.9868820608602,756.3630213651182,310.0918529577654,188.61832351420074,0,0,0,293.4490393433582,17.540479255960612,617.4779811801259,186.42973458321015,130.80502595349736,462.91546885912726,79.37422357473494,134.34038020898953,763.7090551336898,1014.170697292899,858.4194315671803,865.7533443515972,807.3406918539864,492.68720776763104,90.2930842903733,91.02017138245978,255.76823221891098,0,201.78037243012056,2.5073451937722755,0,0.7473967011163188,26.505664969522773,236.4304013312125,8.299179840338331,0,0,0,0,0,0,0,0,0,0,0,0,0,0,0,0,0,0,0,0,0,0,0,0,0,0,0,0,0,0,0,0,0,0.19786378560974613,0,0,0,0,0,0,0,0,0,0,0,0,73.95359490995666,0,0,66.25576320979725,0,38.91599445263461,0,2.9647370073035897,10.945954400900778,18.311343060143823,0.006447394173568445,0,0.13214863571278698,0,0,0.01047647065741723,0,5.074417480189931,0,0,0,61.400534357387464,0,0,325.05608268159557,0,0,0,0,0,0,0,0,0,0,0,0,0,0,0,0,0,0,0,0,0,0,0,0.1531414320710103,0,0,0,0,0,0,0,0,0,0,0,0,0,0,0,0,0,0,0,0,0,0,0,0,0,0,0,0,0,0,0,0,0,0,0,0,0,0,0,0,0,0,0,0,0,0,0,0,0,0,0,0,0,0,0,0,0,0,0,0,0,1.047871770316361,59.5489946365422,1.67345922302036,0,0,0,0,0,0,2.209667590117032,4.112890248525749,7.398657683735745,39.645559550451665,425.9452082478393,368.1271450772035,462.36632586261555,825.8823788242382,69.86376497647487,290.6807810032534,415.69355694406624,79.1161072125259,139.8613928448474,105.20262585851765,147.54918451494615,9.324480515389554,2.75913529691549,2.4230840390185326,5.774550857266919,2.412892858080141,2.11256551145974,2.1198537099507546,1.8926610018904648,2.1485313284464396,282.84640347099713,7131.884891940692,3500.863755564147,2.777364054177321,1175.6365932039926,34148.62722300981,20764.105865566326,10072.209052419952,2.6005817305289156,7.860923662316287,1.6715783380287705,7.701373999553753,2.8331737711252454,6.57086741469425,6.270314703333944,5.24840775982312,624.0743307230516,10.251275087399296,52.22775838803304,51.80157565337199,7.09958059001042,17.695320727696227,1.5241977625383927,0.029353016235411103,2.861402473943943,168.01967228781157,23.980008338843316,321.77950136053727,21.24361313000526,138.3778417304077,44.064518931087235,7.614921559461764,965.5777018964822,107.95448091154375,2462.3148408620755,1897.2284997861375,550.544032291363,58.303021827514094,0.0658025976666307,0.09256646063904188,0.1543644285914486,0,1.1134201053696529,34.53015201522667,1.4267705461982592,1.2509203034085608,1.8748323197174992,1.2375033300847083,1.1875207499122455,84.10421551050375,5.661070586450092,4.811358202586662,0.9145939960125427,9.224044197638179,0.013219608594759548,1.0141423112157553,1.713094805092062,1.8882657264370264,52.14862487732853,2.246071258101486,2.3355008313564958,2.331037508001398,101.78431450836335,33.84513639952902,72.44327536564782,0.019673550838939773,1.8912053215614404,1.1755645552692622,7.484851986303135,1.1855132032920574,82.21447653500013,1.1757793727333739,1.1683605724560653,1.176017751536734,1.1861065501269572,2.2447161942647726,1.1831241010390383,3.441142171179802,3.183963220544296,3.347791459805984,25.05894583678933,0.09172928288234225,1.0403660317397623,1.1775130088269667,1.1521978599813283,1.154061333672389,1.1493430198587358,1.303682436902858,1147.254894485733,3879.2667320506657,2264.2736134236793,17.00097808979285,3117.5741923668056,657.9333749678166,1.1788361404250172,1.178666564952904,0,0,0,5.5122628667470295,2.3497494533336,2.1982602737207864,3.4628794918830335,2.319537739328225,1.698696782051604,1.3966607491661496,2.317230546916659,2.3217475148820976,2.3226069547662718,11.601531731302474,2.779586395100296,4.369576470602549,4.5777790620173,34.11682358123859,2.320488323078009,2.3670638066177805,2.322240468606312,149.07021851590378,2.349800107565007,2.396162171290501,3.5848500417425178,3.5572777730116756,2.3182365994540377,3.588498594956733,3.456817216300948,3.5520600844411923,2.313617816979067,2.3123679367995056,3.4350864243571695,3.602714025466186,5.638844006515517,3.5535534108791214,5.828939268712056,36.29428702739385,5.966351933240803,3.5558339934313548,46.570512362132995,0.1213029217088978,3.5079312178496775,3.3116799974001276,2.2120402009784,4.142680573132376,0,0,0,0,0,0.05320450015834521,229.5899431753477,159.30098482141895,585.2882467568799,9.960955690049788,6.66821980684119,109.97267927091885,93.76379594156644,77.29101599112023,434.15521209902624,8138.918832856339,8662.910360359263,523.8410643025667,19.29009601873462,88.43954089524746,153.75415184105782,157.65392559323465,23.01453474219569,7.203306272145339,12.853994561302153,0,35.05864295338602,19.86412473258406,8.122521832745582,5.914336017504258,5.549186297254945,15.201860679393038,33.161559294042995,17.75693563149474,13.337596094811575,22.690238621821514,272.4072027333819,1876.1030496639503,739.5518399146961,39.108928964728904,41.20595305201982,43.983009237723294,23.54659977696755,1100.0710945276521,2921.2914510072815,67.05071545609226,34.65512451174609,790.1218782806685,31.78735235696221,25.519940621793513,45.26954449732585,27.5753595811666,11.092941496784523,22.59058991068246,14.766348799095526,119.58823406829255,526.5674706303785,132.32272394452863,802.6405495315827,11.690741394827024,78.75428894473774,2154.795731526507,1113.9054121972672,1714.5525108888523,2406.3623395685904,4710.987978265843,10594.402227092383,12.92792344974454,11.122670712671257,43359.8116879385,41853.65638294512,202.43643826665595,10337.986751758415,16.797743678192646,5.169270219208626,46.46306942913892,48.482808910738214,354.7157715381703,1219.1298822630567,478.0327043669254,157.9981513224456,49.288375021510035,153.9779665409084,557.3036774612522,1751.901937379507,33.796151202233524,600.2565895205893,31.63585471162723,33.967391787742756,27.50227188095359,28.4852799815928,21.996846616675338,7.512991980421301,16.36257910110321,262.4003534766667,32.05400908930479,23.326859793546454,17.596600033242172,24.014022014931147,49.53259384251725,31.199436861581123,19.527718073463273,177.02558689448813,30.291622000663995,277.35433190661973,45.92833362320121,26.400536706211643,41.78498739231458,336.3517358233079,53.463318691588185,77.89182740200792,353.4868761553616,18.032056153477928,107.48728931001216,37.94103141451656,654.9938328578626,395.3645428596699,46.33788131266107,32.79187509086113,57.71543605735651,202.7137815355181,218.37751826331757,139.52451898298676,38.5679281366394,36.48285703736504,43.257608993714804,38.36253010182629,45.815593649168825,41.78378405921808,49.07826820341848,40.973763003053875,238.36249394769953,120.75835787273174,131.50410099348167,298.4318976312014,146.89805284019855,3.827677139977877,18.29811803436131,8.902371097520064,3.5323790464693015,5.556800585296206,10.41323452608098,527.7745349450814,231.95744197555908,24.104709933509806,6.017801302781722,20.33727898462675,21.106780950405913,20.94900791320063,6.5390558589675285,12.779704668602305,17.18286816064463,35.2771118248413,144.8090068230241,136.76488184167363,15.156133477478035,55.83922656691546,23.557079971510724,187.24730696939707,3.6255803686099326,10.711736256665917,29.220901975615863,30.74274082697464,18.805480539587517,13.497572476118135,24.776789038664372,28.906099512904728,32.265937716802355,30.610156133711197,16.63748522353557,34.90118071157333,10.399660438878353,26.315814342841584,32.17082373847871,34.129523902296334,35.63690919526565,28.218177902087593,25.51963574118668,816.2841452928491,160.80188154673672,73.17533391075948,44.35490785409777,34.594918134108916,36.07011058860096,30.606589101662685,60.83375145420785,40.13806215935772,24.13180691043697,30.15204142809818,27.750210097335103,36.26030622240488,63.659868577091416,26.643652724070645,1715.1371028617089,934.349739015456,1005.1355627158389,165.66805113781942,586.7115211371408,22.646425156440976,30.02628278703975,43.914328699242866,32.82228150678146,30.71575036473814,45.357680940005764,1820.1495330763094,34.82105961951961,43.38312824955585,36.21173814664686,14.916791323320304,31.615762700019143,264.65698006132493,1185.2134250696042,551.3146232487006,44.808250603894116,54.280626837704936,39.499195463474734,986.0390932853853,8672.37457739042,3801.8725784003636,2253.529183683718,1735.3334530737898,1875.6594638251952,106.67970115479677,57.76201303070471,42.56481026414359,65.52321731866843,72.39546361622776,83.16776736811887,117.59423434433732,280.12713583961346,2986.775726685052,380.5764814395535,84.93464405172566,110.86630743792176,70.17008720697275,70.03258662365859,39.69018426325767,1363.064326371403,1295.9958361721415,34.12200271498148,24.329075919267115,21.975587080282708,22.9867897909094,23.623046824875082,25.76774724477326,38.03882542133388,35.858151131110795,36.57573650624566,82.26161260080329,35.642729636511696,26.208641620842517,731.7605815365049,248.70842823526831,90.14992760001965,29.714193294699125,25.329903986760886,46.97383754775394,24.92858565311478,168.84379060451394,714.4183306825677,55.245169635147825,42.09787757867217,86.15020955821763,13.151643358612871,162.49654220685665,17.846077604890123,19.16591553017587,18.68968445839042,101.01204187533165,41.58497055430518,135.77367862998165,26.31505329097984,28.750551616079107,31.36641111931394,33.43967356934995,36.3694772175454,66.31727651447896,38.444243690777036,135.48159295437645,31.93548128068065,342.55506281429393,437.9707712717219,87.17568171385228,38.020099114958306,28.02408151508548,34.7860599336248,56.71219615097748,735.6021450293792,623.7612409564808,370.1199735869514,28.040581595736363,33.04756505184499,379.92012065927815,12.74394010036064,23.450449414748046,29.1635317342422,237.27900621120716,18.667617514920504,335.82533182583234,14.955994385234995,22.747465513092745,27.043395589364884,27.31798367958885,35.588053495340525,25.670270554889445,28.192498281959363,29.28949644202224,91.34070516873514,50.45711842562551,14.18135100965889,20.293612940015876,14.498905500998978,39.61751012019272,37.72833536371566,27.21310556043521,271.9514965883522,670.0483418370939,41.42002462066211,28.603837022251035,359.65494914226207,1394.6802875736103,92.36979653245841,12.133574866998819,20.087333866612024,15.789530043947517,16.66253985707584,17.645606373471306,18.357553455277177,15.26389354732024,542.5625437284043,65.80016018395165,38.535650062028324,245.44873256786,45.183541709020695,326.81484770209585,49.724016434358504,73.00330329366837,69.52667044314828,62.94160143869303,38.86967075847085,27.570268977840225,474.10538948527267,33.62366512169751,82.08659543004765,29.780733722139285,29.64251938556881,111.6494739858825,19.097383182754132,19.448901852283175,26.474559788507808,463.01830987381067,230.91155024683096,117.21421643797233,26.19587143743086,32.960386697103864,57.19999316875881,36.767212879095304,1080.050006454122,1833.8533435292904,62.75450290416617,31.28722743430896,420.94351641988317,4754.430349525103,443.78220051201964,30.898792011588707,29.53793002060542,37.89849385063791,42.60042558223551,22.857089903020015,26.109472446685192,24.898310668271765,35.386732100860605,30.628546266183886,27.11788798024024,28.84728575035787,28.245386041727468,82.48414236301,27.021254916781825,32.360276179497355,26.724164496143345,34.39991230687796,1552.2470086899752,260.40960604094823,35.13281036449357,30.952255570689527,37.21833410866617,29.227240044151124,38.217943399307025,33.80235983797665,34.466704453735225,31.68843062707882,181.96796314680896,1255.2338147821806,648.2133276856332,32.04355667823944,42.621527569453804,95.42047172450766,32.70522793467259,30.402833195846885,30.869388175954285,22.430325646503125,21.587797012368092,34.01656215831963,117.65755658496944,289.5782296112292,29.45536522666439,347.6899083522078,305.38507009468145,46.21231485086125,23.941721116445073,27.26337358155777,21.712216369131013,24.903470516380423,45.55308227831896,28.54898273853522,64.33905314147684,30.669988923271944,37.64156171057719,33.34118222166461,100.77853818574043,36.95993876008765,139.67103024257224,28.516000902438897,57.023088236727865,22.131558318753,42.679678955664734,25.078996736338656,89.24378398968304,34.106268155111366,49.58373406540671,32.62727646855747,25.364344964021935,31.34140472988157,142.9882177634092,166.51968116967464,45.10461373469923,20.906427109778797,26.705212804878457,20.396849422115416,33.12375387129485,27.44983874302929,29.252617795765516,13.422319191615543,29.209304905606317,189.38179900116302,17.005698379793746,16.888443068118352,22.089448801231264,28.31977334930693,17.262662292595234,36.13561423206614,14.67185684206869,20.02440754307883,29.17301856383379,15.11784798805919,19.48376135890778,20.47840979971373,236.42912267087823,397.43709768351704,386.02527278545637,75.29312682672273,109.8283689117481,677.9331159351935,441.4462577522598,70.66126269187819,88.65436523760195,96.268067201896,3.499754229449627,2.8166396389086477,4.152142957619365,7.621124031170368,441.34156841981803,282.7435300038873,152.32068735834255,40.90103224215969,40.99642050299964,334.9657648070651,192.90232766753792,171.81764665491323,461.3302037855435,648.5201318175858,863.0585199381524,3221.5264100020604,2482.786893407507,738.7427520321793,874.9449148132525,661.0618531748185,415.39196304434375,166.32765218179586,389.4023081830137,233.0761893901379,21.074012615972094,15.439194813959697,23.6846162664279,123.77507112210156,89.36658382166999,57.853464382154364,19.63368251306354,153.71244517627235,122.21903165508863,84.18364928016021,380.01777146662886,239.2309388300309,74.29623034684667,31.838977016931743,123.16224657790117,77.71663372133318,145.0357280441727,2102.696572409641,3250.1236513618524,1843.9990583925005,401.258173913005,288.9686024540317,131.30906067040033,57.758380722789,2592.9421433997627,871.954176581056,799.9405937340762,416.71476456597577,1518.4871287403764,3889.08921428278,2211.830424907828,3420.4528001144163,943.8502188251581,3260.122540442695,1700.9789962630703,1289.7233425541451,444.2158084033726,66.39242625250245,2.647518047451484,1.920315946295318,1.7111838069330936,39.549439070660526,72.2828094035844,17.520437138229155,28.20736014632946,156.54454825588974,89.82613253981388,95.70823565192639,82.83286312711974,122.06235743157842,220.9327130083631,175.0447959109281,149.8236938645382,34.591178758263496,256.83709929791746,116.5156358203199,0,207.9021431429538,10.537752548981475,170.19516450889424,3.1164354912139145,3.916707983616596,163.77937764059584,136.15104054408863,308.69023869373336,166.0758546030672,135.76529639701045,208.5324904138827,202.37316237370402,177.67543360909772,516.9922983327941,795.3888505689674,322.22243758835134,444.77854501482267,42.6210640218192,5.586595888934131,647.1909668135106,192.00979769028734,330.3573403632088,312.17537342951175,813.552108580492,162.35717623186534,73.60559794569771,122.33677956789604,110.41175613312284,82.42845618153157,81.05797174163176,96.3423132102897,119.55529430281824,333.27067607731465,148.03447062272267,136.55040963690547,72.57365593540494,97.36309655803392,396.4045199535069,124.45017255676952,167.6146927187847,137.72366130379643,169.06509652641893,425.06039076945893,315.7570447882678,353.16307763207215,333.8135544630134,299.35487334064976,334.8821103159708,169.21755964939652,94.05808451358583,210.17291226217162,21.41094099473982,0,169.7665193867228,1638.759244220888,405.8065326772604,67.77587779447154,1.407749623291918,1.4348883941354116,4.340088598553883,0,345.8139132336414,135.67587031434985,13.163066797616976,2.03085591788421,2.3712225534049107,18.100044585516272,1.4435511491899378,0,0,0,0,0,0,0,0,0,0,0,0,0,0,0,0,0,0,0,0,0,0,0,0,0,0,0,0,0,0,0,0,0,0,0,0,0,0,0,0,0,0,0,0,0,0,0,0,0,0,0,0,0,0,0,0,0,0,0,0,0,0,0,0,0,0,0,0,0,0,0,0,0,0,0,0,0,0,0,0,0,0,0,0,0,0,0,0,0,0,0,0,0,0,0,0,0,0,0,0,0,0,0,0,0,0,0,0,0,0,0,0,0,0,0,0,0,0,0,0,0,0,0,0,0,0,0,0,0,0,0,0,0,0,0,0,0,99.69635563732119,0,0,0,0,0,0,0,0,0,0,0,0,0,0,0,0,0,0,0,0,0,0,0,0,0,0,0,0,0,0,0,0,0,0,3.47120347402564,0,2.950419072041637,6.085060188018549,0,0,1.721194988723195,75.62948495665022,11.833003710845572,120.56973221659737,8.72283458465221,38.985346948045645,0.0832934375762139,0,0,0,2.019336979973085,4.853356592614396,18.519216735236498,19.49939918445611,12.518567605296246,76.08085947733086,6.114160605694285,0.9202371135820518,0.45947590053972204,0,0.011381749070123926,0,0,0,0,0,0,0,0,0,0,0,0,0,0,0,0,0,0,0,0,0,0,0,0,0,0,0,0,0,0,0,0,0,0,0,0,0,0,0,0,0,0,0,0,0,0,0,1.472253394380201,5.997653688248903,24.6446245518395,48.7819824866101,55.62309196342525,177.74511106032693,59.3044203141513,138.0452863891685,249.98953778408222,34.129673348305275,98.32204507509205,100.27774781024499,47.22557760899867,112.95375784547468,34.71164628649766,81.67346066137361,6.470632133793998,7.468326052094061,77.14885930395141,3.5908732609394507,0,0,0,0,0,3.54524753741818,3.0729666402302906,0,0,0,0,0,0,0,0,46.126821511867185,47.617613806599735,0,0,0,0,0,0,0,0,0,0,0,0,0,0,0,0,0,0,0,23.824896472264353,530.6981540641389,12.263711175481726,0,0,0,0,0,0,0,0,0,0,0,0,0,0,0,0,0,0,0,0,0,0,0,0,0,0,0,0,0,0,0,0,0,0,0,0,0,0,0,0,0,0,0,0,0,0,0,0,0,0,0,0,0,0,0,0,0,0,0,0,0,0,0,0,0,0,0,0,0,0,0,0,0,0,0,0,0,0,0,0,0,0,0,0,0,0,0,0,0,0,0,0,0,0,0,0,0,0,0,0,0,0,0,0,0,0,0,0,0,0,0,0,0,0,0,0,0,0,0,0,0,0,0,0,0,0,0,0,0,0,0,0,0,0,0,0,0,0,0,0,0,0,0,0,0,0,0,0,0,0,0,0,0,0,0,0,0,0,0,0,0,0,0,0,0,0,0,0,0,0,0,0,0,0,0,0,0,0,0,0,79.58958482686351,0.10209869900059054,1.8355827250444727,0,0,0,0,0,3.8256588871814023,0,0,0,0,53.09731369578579,370.5114175587011,68.20153813126743,226.93240794250053,102.3101145530547,434.3306376202023,28.154073010075862,15.710052833815583,877.6520603682072,41.47744337236909,111.88784071652388,1301.9115870499456,5.821381550846831,169.85601482740384,195.18022974513232,38.8865860500664,284.6102874756965,306.458767282929,129.37796115532606,111.52739316336631,60.95967690345386,1531.4939542563532,17.619908731360454,145.26907792743077,20.617403179497703,344.1932540331458,65.8394474251091,32.22823075092751,56.83175610282409,59.0644784451247,0,0,0,0,0,0,0,0,0,0,0,0,0,0,0,0,0,0,0,149.22463826171082,197.01804843744955,769.2938787981566,930.3640449484569,894.8494296179783,406.41979465363596,62.67911295343897,25.275518216794413,0.18988915218614713,179.10234048352237,1.9877371865392455,123.09709744122904,2.659815667822717,257.26002514302775,20.467305287317906,104.43604121950034,18.525424993031468,5.407241122196281,24.047966745450378,10.255116035928939,41.144792713991436,133.9052578478469,2.2295522789335447,69.3839268058212,60.85484672634253,23.801281537848322,194.2937145366324,214.15847782491988,106.38611456325579,39.08823449209655,10.775312868936837,9.085358750892235,102.39759647231358,0,0,0,0,0,0,0,0,0,0,0,0,0,0,0,0,0,0,0,0,0,0,0,0,0,0,0,0,0,0,0,0,0,0,0,0,0,0,0,0,0,0,0,0,0,0,0,0,0,0,0,0,0,0,0,0,0,0,0,0,0,0,0,0,0,0,0,0,0,0,0,0,0,0,0,0,0,0,0,0,0,0,0,0,0,0,0,0,0,0,0,0,0,0,0,0,0,0,0,0,0,0,0,0,0,0,0,0,0,0,0,0,0,0,0,0,0,0,0,0,0,0,0,0,0,0,0,0,0,0,0,0,0,0,0,0,0,0,0,0,0,0,0,0,0,0,0,0,0,0,0,0,0,0,0,0,0,0,0,0,0,0,0,0,0,0,0,0,0,0,0,0,0,0,13.717881467641586,49.85322339121058,111.81409813596797,128.80773310728273,0.4785604881605514,0.4144505561497033,0.1142833070297054,0.15903329802052216,58.345437586080735,4.247515851464731,0.4516323746870668,143.95893815597765,0.9556077886973594,3.0415622126810766,48.6195782412361,7.218496995883035,1199.9513042999515,2950.7992778519,244.3510102120556,2.5287098462481974,2.6757512009314115,5.034515941850948,3.83537429302834,2.0510679757610646,16.655144606034643,146.85164514887376,0,0,0.35439760090490763,348.9053209232441,1.140782540699068,46.61425440742754,40.89930457143388,9.042561065694978,9.36776244548163,190.8613470667419,11.741824667301243,47.16208629854288,87.64243131008324,14.669188273261007,10.762847289840884,603.5981650282278,769.8170012436369,205.57677929028918,106.29636636850333,12.258943461906826,13.51814593889963,25.457719900809696,16.428050941350172,661.7463987224329,10.871704028857128,11.426702401277694,62.211914079389395,301.3484792168754,2537.232228526295,700.7769760577555,1588.7576851584286,25896.07469135675,2148.329350501183,542.0373091091944,31.59115677908041,232.59879206486406,43.473768800821645,381.84201097934357,70.92002872742273,26.57817586993222,16.465584082271178,0,396.3626546086589,56.00182101323772,1347.5829312188223,1586.112329457797,13204.133267827556,1165.0186456167598,44.20167691951453,20.403977564334905,12.702418367328134,87.73620648088368,2814.151226945439,3736.6983934922528,1966.6949905891386,129.4081998607011,170.16456678204594,958.6640599089583,20.260875700010203,20.06423880291588,20.461577550060355,20.657588583954475,11.403455140349063,20.956056115499248,20.310846218169342,20.86084297843101,20.894669614374486,6.589247423636661,59.03422957905528,8.450348166138019,9.34307585335842,60.502302841046564,70.89513517224047,27.523881160518243,5.968525250533081,54.12259666968626,47.841035896783076,16.748065199029984,50.47576865821837,39.04700007753781,34.54710141099082,51.369709327133734,38.25507727916411,19.47978144210329,44.27998960216615,10.923999920296854,42.13099314437291,32.9016944486946,33.855959347708136,29.607612979938626,34.904653521477634,5.759483616637151,37.3976043799647,0,30.539354132681616,29.364553757187984,27.82733997489646,27.072441590856442,33.70483670868323,29.52532058381956,0,33.80224156665442,32.7150923385382,148.25579369493605,3.8620244985343324,4.637778286068378,136.15772901482833,10.386356336416474,13.082893608276171,3269.530087026796,750.0221312108312,80.53388996435243,1.8642355116405873,1.288100192404645,0.016548171620454643,0,1.2705421230993725,0.08963487063127168,0,0,6.741005634344416e-4,0.21325186997685655,1.3114343096370749,1.959252295714434,0.41882216637800046,0.002882686164119296,1.0523662655177763,2.546057070592777,2.7759236121431226,0.5732561460494169,0.0609761822661648,0.09202363551611778,0,0,1005.3429605308902,2034.3221491675126,0,0,0.40594471314620767,3.5189007314960854,5.184569429649051,8.000909272850368,5.151570221219096,0.4225230873328073,0.03876580425137266,0.012869610654619537,0.5499549623166753,0.6680801479983975,0.2312586696110988,29.87572728671221,171.0891779572554,3017.1984469391327,4702.445076491606,2383.9114941723583,4745.923057443706,434.790254042665,146.1106298770794,20.83301119603256,4.335454676458019,82.77721840517464,63.71359833954129,1.3086495047372613,15.867434621194327,758.6105777232558,0.7156576241631443,0.5723380986885678,8.563431226005553,16.85028233362817,6.144572153720284,236.32893578116594,212.93526695534294,9.6637413776348,13.13450225725713,123.67992208313849,108.97039030443268,782.8247246392452,2809.128593347318,146.02076864697455,103.14771194062709,65.98564376013637,0,177.64399013540515,169.5580504479706,2307.0337824124335,1683.4640697535326,1142.92927932485,240.92942846833736,250.54529632206072,143.25930943060985,322.939694166503,251.3784809260749,752.4870924776138,309.94514599888174,259.60259099676557,216.7984254675006,239.37084103218237,724.8762103829832,891.9446194435372,137.6936878442352,646.3179742972469,181.85434412337347,589.6579764884967,629.4601154843843,55.12092313616532,81.18675261512469,193.914765530215,214.80458548536052,47.35421535682201,86.33468876408445,22.42787710024527,10.603850483231728,55.62274196498505,105.51478171828323,551.4022706851846,1408.2909332182032,657.962383569984,1254.5396534011288,1064.9529387092566,18.430848737183833,125.5914926353314,258.5449936717061,84.7297112560509,126.13540295024167,919.6989601019951,376.39970664962794,378.5750696255025,335.1490692103072,18.62008870075723,344.95307352797204,394.4210128654643,553.324694411391,685.6973819399784,387.3075124119476,158.93579929362127,321.34905772230536,152.3205162962626,99.85298483490877,55.52956043411896,414.9485822859817,1888.3527648442894,234.9123555163979,469.5565076290095,568.9613281516195,681.0799899372437,391.287122752087,52.220730249052224,155.14884642983213,76.2791187568401,16.48160136061333,114.97577402361824,77.5419805374997,60.235722528098954,218.04521114502356,178.59651943450314,20.101768556418662,140.07162658940894,21.642124969503183,76.81638692066439,213.1744416703096,640.2301965037483,328.5215253489239,235.61485368190134,116.93862225115627,64.32757224946128,381.7642153344664,50.82616158901863,424.75965609706026,87.64027626388179,1002.5058585972802,349.9201279983974,96.57527670000539,42.895719634240386,60.24404033354173,62.75774611654444,172.44829853587373,220.08749896846427,281.98226239447513,569.6189303905265,164.9631809994346,42.21797049863025,118.86368603501685,61.841102678644795,143.81255006217555,66.38914661994704,69.81475658580976,84.36938903675673,28.178756025294895,55.827702102544215,34.61716623850234,213.8806362914934,372.35174497425186,308.52413299157155,242.75554146001568,343.4949930049956,435.08393752365566,630.2091152477193,221.5147731667597,150.92571487042292,515.2761100002775,431.71765541934644,246.2931710456399,465.8475566404343,222.48746579914013,431.3082378637758,95.63238616888106,256.9216204568591,287.62325605980186,669.8125937694059,660.289444746657,1236.8634297389278,276.5212501244813,176.3153925577421,306.9334347124824,2263.9201710191132,523.8995964845586,735.8006466981648,740.9164484511431,228.21153869207987,121.85769958125421,21.523490793089678,105.79016171669075,163.61290140789342,9.058931001777323,43.262778866225354,80.25696762025835,22.112802782427384,408.5538921516049,541.0513321611162,339.32534512418636,121.87367394220456,50.06488191754814,84.26896212846518,273.17710587650004,796.651656532375,321.9596951247291,5758.052089727176,1170.2332015100021,907.9765208599802,776.2407724792218,252.13124276971942,281.68877048215654,204.25393490945524,315.477656051134,245.55093543566937,351.56348771904993,359.29821820489707,491.73121619687845,601.7516983453926,514.8112578601306,130.47037063404628,92.12900555244305,202.0153056569516,122.5550828365389,120.95523048228321,72.63408715988487,109.42612772277519,123.87591089004616,5.336720740447996,247.46978059136703,120.30385206244962,4.264152560321288,6.246965300397527,280.72190064683275,160.54813669759432,215.6649884938955,210.06365085337077,557.9471055731212,1494.1600897370051,1305.6807101548152,1608.914377432513,1159.2263950245278,230.56785662268277,324.0029862202138,490.0368404280453,776.674630537389,1373.5463388593969,529.9565580887332,276.461406800261,15.743035433848716,122.07679664290832,475.6934486762863,94.03469553592933,205.6854501069384,863.6954815700146,210.4299128324991,8.855572181678946,180.0395602455933,1427.274019809821,410.02246782648444,66.30082900564581,39.084661491838965,569.1229002683178,193.54965332639844,83.81053049608649,105.45738255200651,326.05648757836127,76.06988636469447,113.31715890234504,338.2884999208093,286.0013575776844,624.1564228613748,1209.3698958548775,1054.4051782935464,3.8540613677024704,8.906249745645608,6.727098071433625,48.59622859174681,6.569756593730911,6.534337138857459,51.54165920265627,345.4609919634558,876.7753731808561,1702.6619662711141,4133.129386408412,955.0852602855238,7.188642166213787,514.4251249473822,13.93135706234346,631.1572525428509,43.60527578555657,331.14023198087244,48.04431109356087,73.19570543374574,142.66688543141927,13.284230396176381,21.962494905128747,184.56778389066704,84.69257973473464,219.5680230683854,144.72020145666298,153.94518583057376,160.28730032968858,11.35718454322499,9.240526967276177,90.25315448615238,0,0,0,0,0,12.628303149367897,2.5129200422690174,5.850517382382269,3.1677394434885606,18.28876690740519,490.12718541765634,47.298391545553805,87.13698147483103,8.646714652988958,126.55616186667801,35.65034394956937,306.2789582531274,2359.6913240283507,1128.9045242117845,1236.7461099290188,818.62707035717915,742.86517333983,263.57185706411224,241.96575484715586,424.2387546224371,389.7352557561393,288.6653808623541,606.6896808838464,561.637451421851,87.45344883879945,493.229666379846,1335.9539271302995,794.1580084734811,96.29182328374294,71.14605203124462,69.01617026982099,78.52848590796447,37.11513335802198,76.12162930078023,34.050325504469214,78.12616304033108,71.11274990745758,107.4682174825992,95.25680050948668,230.92779462925245,1713.298890184894,2243.6915635325217,2817.265001184019,855.8641811022297,763.982159701905,310.2510855588602,273.1953507022593,1686.429669979836,1228.0791207475907,1662.6763186738385,223.01907240190334,156.66159225718602,154.2995720354792,90.60870422715784,930.6404928390622,235.28156609070683,117.56593587769261,181.83466271958417,591.3453932341763,175.47037509460858,736.02413616440106,354.90745925119893,146.21565307431015,2430.714499851174,1144.165338160415,1347.5144336148255,1300.1122717087846,923.7576643995362,2058.909456212002,935.1419288188354,463.78986868547065,922.7585557068066,3987.0043239679894,891.3533706077551,574.4519504208664,11.497862287580988,45.76017570064965,55.051972072786405,36.1330720857271,41.395087858178755,35.91928455811726,20.991477925696984,7.9655436535515065,143.349564930977,4.2334300767237005,30.922091949584654,4.980610588175866,222.54638021215973,667.8736749901741,3342.084470179205,4.392720700744234,23.205920700641006,1.984450485665784,39.90307757769691,759.9016981739488,988.8424464935497,891.9249870375409,403.00611337769607,371.07697301292734,22.88277751078716,556.9582513855328,1183.4170745625972,756.0162947799142,2574.166112841082,1253.5771015404684,2077.8239050307193,655.1577517236402,1019.4065209162985,1043.0349625633303,1737.2411391107498,2728.932779269132,574.304056922288,592.094339485218,2952.4602897581103,1794.297594747491,599.6367102458706,1682.98375765488,1819.2410394302651,1045.8294346802165,1976.081805541907,3098.3790592515434,468.14712348495715,5001.696790703973,3990.6294506329937,58.52187167212592,2038.791420183274,829.0968028238632,37.588138756135315,1581.2504345587975,1755.1171909812201,1330.3565461148744,455.36985730790315,53.964441735800456,180.0595099690607,151.23802822927604,24.06235860050377,71.32757173436096,561.2127364237358,1258.9321660230978,875.7281395245581,22.951226949964216,426.8752915087669,8.07874538590779,6.479833187991887,5.64094095492214,5.690354803764301,6.110532026989816,5.575728383113343,9.21504125927974,19.369865223006983,22.320016013775138,16.028278465676724,12164.68638891245,676.1903820766278,3281.501111210632,591.9186354552793,6.9228739386009535,61.95717127051868,116.74520681253638,130.61199859255888,14.464210829417418,603.5253345983723,3695.016111815496,5223.797605318904,476.2909849525345,78.97699520413941,105.28985666516202,2480.7706143606115,12539.823044210229,114.53973275563372,2596.743017241879,721.0634160063247,803.630924650483,830.6485735231669,33.51732395164419,411.5184487832668,56.46535073583145,156.60688734366155,10.130530240439871,324.90553795952275,8.587466256741951,4.97175622598045,4.9318949762359114,15.196415718385948,1.6432591449669463,11.302280167878145,40.93323651082796,21.405670669653297,68.18235651104561,21.911469056361973,69.31578352988342,684.8600892400979,81.89890126124713,59.788775896464955,582.7406070030445,19.752858120703433,21.612549408868322,372.03317519828505,738.7307736313165,200.11737451816987,21.53702089093143,134.53309643672503,156.60074869180582,41.910149382297085,52.83711435246165,456.4770483472089,79.19497764563536,198.45754681500955,24.897556573442525,54.53037905096902,147.66508632382477,271.7823711081095,25.41771274679416,27.16146129507918,26.506228521626166,30.89572119682349,161.5325872423486,288.15194602585774,224.36466901402414,20.557477489346507,268.71660547977007,36.028059355064855,68.97251036002378,98.22189503757411,478.16665488887344,339.9536779166437,6.670692327347637,31.55961877990673,95.41541081545063,35.38615042775176,5.890645815245176,26.378114120468556,124.41328938624126,272.67767144705675,84.21355859318297,182.69815528695565,318.56128378678414,1189.242774485009,5365.283485536663,15761.751795138089,4572.9680477217835,464.0152082671664,529.4879182919934,473.04602889687425,138.4058075082972,194.40717219994548,199.0489659981547,244.79019111992218,130.52933043507545,68.88609613964567,49.66355731412475,231.76449292700906,205.1201838141864,99.19158649480616,20.219023347634202,42.01003348357023,2.3069803737194414,3655.3326921011535,7.66010858097489,4.740129335179164,609.4972166569501,56.710130552548975,43.08445475127733,43.47987620376546,0,19.494609260340408,0,37.38483107698881,5.266236389690114,22.312142240424894,23.61070093395872,21.674726881872168,22.891880762302492,21.175719163704645,23.532501917382035,0,0,0,149.21767731059106,49.75669009291105,204.52979074551558,262.05450866829153,122.90000391039007,55.34954049804698,54.52103178691564,259.1962878382205,247.89830945759226,354.9559115257426,322.8726450618,206.1347008070812,90.09734623172017,55.174422414648326,77.65759929340268,124.89633556540952,158.42706507966986,82.55367679259795,141.40315370018496,134.813113776326,483.4626927557397,776.7388318075244,138.2126466640986,421.7508954288159,22.442314458492532,119.25519643682158,610.3182788434287,140.3676509673472,174.90875082393373,819.5993670725878,148.17862794602718,716.7032890960041,833.1637694131682,835.0550560941051,1095.4944680231852,2891.681345028669,1297.2859018846807,3582.3400506812213,767.3803483522601,507.9086163149488,294.24636938501396,873.5589404093433,377.23172592659927,1506.1374376575623,0,9.04276763245368,9.809208956540374,42.85804895171479,25.96249482470016,629.7974378585858,40.17519398082032,34.594366558977,22.029242479451007,163.34344292681482,686.856125233485,536.423207724836,740.7671250507677,2421.214899916019,2566.908448338633,14.608862131722233,65.93270200576698,82.07076772655878,18.25813228688078,92.15093516234272,168.88802386905735,66.33368151572498,141.21100837887886,174.54150034526808,184.63162833299717,106.01327809309367,313.24225979095536,69.10593069732408,111.1773490836655,17.807823165245445,8.716187025049383,3.2210380401179357,50.093056755112976,13.756440846436087,3.3248603080708836,126.26900259167614,5.586551527729525,242.7948945096979,25.353070815263184,42.33240899981577,4.789464831168335,0.29462300976458033,2265.6378789156747,2276.9527953160605,493.24645892665956,549.155507217997,109.93542777583109,1237.4775680399398,1110.715413249097,644.2269998659009,332.56487178423095,112.90549997314235,109.4957272803957,111.04879831007183,28.908155285043165,36.39073196394417,45.2865925173822,27.78194090550139,27.412958503986285,63.334674389767265,62.791866226217934,89.41141604273336,416.7553351179486,1120.4179163572278,367.4121188671488,113.38800140848089,22.61683406489817,19.505595140103953,56.423966628116595,54.430587911473765,22.59644721562744,540.2667334189834,212.64769574992405,75.57563736158215,49.12835145597656,36.66827538963857,340.95531524183264,294.53454615537174,623.601931023241,648.7863227496736,185.2756402350481,151.2585062318936,294.8744732016826,311.2646562499706,531.9503799429789,179.98779847967896,4.6010412850871285,4.390381811911155,240.65121442884623,132.28979217165207,0,44.966012511214494,1.9938354653780643,3.2669660333954944,59.77777847478408,489.9849259537852,1199.8771952306367,1297.9629239790952,74.47852008329394,77.29553970102921,25.78560997325948,93.96797974185586,372.4143906775305,121.72283130886622,448.9105660032779,64.62485543162549,65.25367711993248,196.80682502241638,418.2581749731998,70.28165668019976,58.68624632392969,3.6014599129014027,2.1245042030154546,1.7930053336247185,6.21823018349014,1.9143047955488097,146.74701838809224,103.42067032040302,3.3494779957111835,4.387554989331066,12.525284602122492,6.812707736059391,20.034976772453817,192.85339594859624,473.34766414906255,11.145877186784666,116.63698956409107,96.81549218107786,5.362384958670312,96.89385998079965,0,0,23.206105780258763,208.37166481239908,125.77817748041572,6.248782481198793,469.871704296682,273.33616350801196,51.170013470346255,8.140273413965502,4.906625305268978,29.554629066155318,2.8907366349216983,40.2262161014242,3.4826244223682896,1.7713738908482162,3.0305373377737683,1.9857463423677502,3.138414773438125,1.71858446736796,11.11763708561763,231.5979429390995,1.68976074938037,0.5730877492433653,114.17229921769496,554.3244299496845,410.35096701903416,20.11722185425173,144.32342626119296,201.13656798983496,164.47346458423644,319.5722707678253,158.95732580648573,207.93877554415943,28.229350411680873,57.902856370978945,1234.5709658729322,887.5605646877584,3413.1014809196076,2538.4497409104524,2050.2946590349866,2338.9362635424695,1157.5644035291357,732.4686792092484,3.6445739297211155,0,0,0,0,775.5318548314605,0,0,0,0,0,391.22871847776764,0,0,0,0,0,0,0,0,0,0,0,0,35.61559810836149,55.80380507631136,0,0,0,0,0,0,0,0,0,0,0,0,0,0,0,0,0,0,0,0,0,0,0,0,0,0,0,0,0,0,0,0,0,0,0,0,0,0,0,0,0,0,0,0,0,0,0,30.456441431859588,59.92929719026521,32.203090014575906,47.81076891763338,0,0,88.59943939752024,0,0,0,1.0778155450059106,0,0,13.499353234055011,0,0,0,33.21792420065295,42.21400969873649,0,0,0,0,0,182.78964782692438,3.1394175921083023,37.024923659387625,7.8437280397410625,0,18.76914455274412,20.909814656346636,13.667975657497122,12.56394991918757,80.42316997141955,23.000491279525658,329.1836942762402,213.48095268313568,100.38261749774108,62.81926423104921,125.24252425969891,173.7616548374744,0,352.62146948166645,21.237451374206294,183.19085322635271,232.6596030164253,1514.6353241009958,117.79735340826016,0.7604473165496773,90.60228498721871,139.0247225046854,132.42602200764432,98.97880899513132,110.28811857625833,78.54340395922283,86.31987900112098,179.93592228508004,7.503742433471463,115.85403943495483,120.1269909640125,112.60771468247479,4.124593363794145,151.4179079142429,57.047784115846184,5.926684971899607,4.241827686607997,116.5747794121673,12.617525211340315,614.3416276928448,442.298373441727,18.76798130795777,413.97477587747795,320.1705956538219,581.4012812146673,133.4803149647939,568.7265366915304,160.40112237046807,520.715780026681,118.21867087250325,274.07548743999496,427.018739283716,41.74111518129408,690.286079250011,367.7880484376693,37.406672127789484,190.38677511370975,27.006722645231697,15.173118372728148,57.76752199875357,380.30975624744167,393.51856068301026,849.1530047042397,425.7430839160949,482.67614312952395,594.2499409607068,34.9768539363125,0,0,0,0,0.12831721023536086,0,0,0,0,0,0,0,0,17.36146418064241,94.05094567593271,121.80571673808663,280.7077888218046,0.2556041057928137,683.6533951400457,373.11245142414464,178.59078314637642,0.29690752730061876,0.3792252581875634,0,48.3545465014291,38.14789653886338,68.57815457259662,68.95671828064928,401.0152256942554,311.6086473753178,112.3795003857821,378.08381629495483,214.40971456758965,562.0451296728322,765.0391312059584,1735.3169019161842,1923.2354590767518,1345.0252839002128,2100.9331552095173,1330.1366160508423,239.54842480399412,1323.968154645859,1482.8980332882666,1502.4350381901722,809.3770393200926,1717.94717692195,0.21448153260787522,34.65754946561795,361.29833739607886,353.7886022722698,802.0240256917343,894.2201273390519,643.2150993593162,7.184084815872541,36.16083023713643,39.625423009563946,20.312573466718323,7.893146759231803,52.83649411084684,0.798888377031847,3.1024955200164173,15.025629589540282,167.64497944065172,335.90329137673916,56.04903267439638,135.77024674190147,981.4019377655095,123.20593226836156,595.2229208685826,1174.0760817757634,40.62172746103237,0.977243221020125,723.4438110235678,258.19440124976944,573.5807278688732,238.8809639703121,274.7217245253856,347.32344040033695,203.57980898633036,107.77300860419346,843.1877237855315,673.3180481150612,775.7626530637942,1217.612256966518,375.4304716217238,129.53222407773924,295.89653348640564,46.14090320812642,163.64208432735862,709.1787255472304,653.8606069881815,598.8440989149387,455.1492049649015,661.6128954441965,356.9198528372107,344.1889305376957,230.71228386328775,410.14514241013825,851.7587499899872,1202.1069616041964,1084.258370845734,751.3761633091373,415.27838971575665,178.70121905301744,330.88394713021347,125.95436411527092,558.0162058729574,393.5149478895235,978.7696904226291,163.6679793120794,0.616038965402338,0.09077303124696136,5.425185991944908,26.590127302981024,39.79978781482319,1211.6047392833618,3203.5815137973896,2768.59499444178,164.66079363577458,448.87413313647005,1584.55390171987,1442.6354812403492,188.34825491598656,484.1565371229569,505.02849128177553,423.8782228103947,194.8557659891998,1482.7997549605223,947.6858574904257,128.88200572511704,102.4091979093301,1239.576868768179,311.7694200965259,413.912915469802,381.26964540657633,781.1372605208222,266.74524815775914,207.04824222590332,228.3314575181934,194.4764461435882,794.4862869437617,398.28503567473814,313.35041160434815,319.54231243812944,324.377782107922,156.11138945725025,163.631114848468,485.5312637690099,96.2475133838854,262.86222853026595,411.0357929256742,162.1553203740118,206.65302814928143,556.0670255056485,1109.651562318841,133.97053002775678,657.0307957100208,45.93901246246716,1305.571006193858,1088.324200274049,172.66178794613012,274.8103378692272,270.3452111160431,1053.3115384769758,1173.9150665241718,1100.6810826529334,703.9662872565902,64.13530177012143,121.58224152247749,912.857738948842,297.90788680783834,56.26139323702095,249.82104879796623,819.8569684327867,4.634679691729745,1264.8227812143189,266.1856077120949,186.59741936696676,703.6459571343424,690.1192647868085,116.62469355480209,331.833194960726,485.6042865916703,250.2805477031017,709.1072487334962,309.6302673383498,2.0067428018169235,195.36770386604647,130.80744563796335,130.77976590443876,167.55049194111666,394.4034457829576,360.56400680890596,744.7763668643488,334.2956907896331,588.945064219129,379.70999107217847,168.6625713572143,4.975652819091026,552.799788808637,225.34006246378982,924.6082946942965,1243.5007450328712,1292.2728915589694,511.50623279361696,341.55130133773054,419.3406506503659,835.310292470488,466.24218772602376,457.1003020469315,0,2.005345819440582,114.41119622182786,49.55233224085493,0,0,24.975202426274276,0,6.303519262090054,0,0,0,0,667.5504070075572,0.01402370579063585,0,734.0619384686881,1056.3470389667111,1696.578333082079,1301.2842080863518,1170.09459487551,1555.475162008341,692.5045126858618,1188.4970384272644,0.34910942764569564,666.1159031851455,0,36.44711601509064,0,312.7302375691433,36.87370398211978,649.9177159713431,0,0,0,0,0,0,0,0,0.21763331393198942,0,0.014168528949623204,0.007927711432652286,0.03922748736350486,0,0.049488138850063625,0.07993317710466548,0.0037369588982623975,0.01595804223700799,0.02418408197670836,0.04021993844548961,0.03406311618046422,0,0.04199557289685077,0.07599000640998259,0,0.01916279195592758,0,0.045012113219149795,0,0.17661323670812293,0.03506781668075534,0.16737777771836332,0.011696070103832364,0.037485250874712585,0.051622552104078345,0.02488371407300503,0.2821333933479615,0.022316081828812236,0.09005014897018308,0.0129994527663413,0,0.004505864052483675,0.011351293965274864,0.0307023574105406,0.012607052639622425,80.07873324634177,238.59520479291035,689.6480977700606,161.85793857274,1045.2359944415598,37.47488755367417,53.60392567038576,3.346804611996118,0.24959210275331262,0,0,0.09522257560760564,0.036883871523375994,0.36095165072166713,0.04442862969703891,1532.13741546025,756.159005325325,208.53211500500146,85.38934599146297,444.8192459415404,57.916422569803565,55.35745483890079,278.6589888017717,50.86139769176158,142.51217118433274,187.62095860180315,70.14381871623053,419.86367342195814,181.54981188508987,607.4297328273788,1444.6015872484393,271.98666358281247,157.02429018080747,796.4306126498492,668.7603318301527,226.14854055130093,571.3532935780519,1771.8825019326646,1921.024560182916,1138.8924414670616,704.1468147468264,405.4634156941766,273.3385137445937,194.84282359029564,152.2929154107297,848.4158360646223,1111.636922793379,749.0965691689879,1840.0788463321494,763.5523761424379,1088.583738296086,1163.426804669725,1135.0148264821605,1425.6481440936138,2047.2874019572123,978.5228867164898,3086.239805698077,1894.6266806514739,274.6551900826815,1046.5656817046076,267.3178443563044,192.83026269631077,164.23621033522772,0.7804303192733945,33.51252030878592,24.66838714368628,37.730589828528984,18.94415515145368,6.282170041954447,82.1180797337489,30.932099943234427,84.02863956554269,2.525120055374879,16.64215535734748,310.55448369080693,22.417335162479723,100.75156324664981,22.15952971070538,210.5451997224166,14.421836892479645,25.58524090837585,41.56862251305185,169.6379414428421,87.52819183702921,107.65340793616174,3597.6662021754723,686.1372048315515,701.8736768957009,935.6104868221913,566.1145025565975,318.01451634360416,1946.0731946734184,1272.0470963038333,477.1052460099905,307.9840809213024,815.8310829200402,1388.0381680396115,1360.846062360846,4419.798523976444,3641.192136652193,1198.1252016117808,2427.303300787141,2075.1003056087834,5826.262928192434,6349.652492400434,2558.1502421727523,1747.2465194880936,1648.2625738034073,1943.139233960301,2288.266979941921,1206.8239774626866,1646.5849765866944,930.6896538287049,1770.722910366452,1589.495981527002,1681.285185053053,1563.9765300115457,1962.5427948456195,4233.461108507193,4306.958714317831,2827.857883352489,4020.816901837359,2405.1837399547767,1945.6765197594916,1069.104414901223,300.17097345682913,911.9826560254654,739.7903902533113,1020.9427401084713,193.9431828417184,332.397583061887,469.95712910526316,481.95690375466836,112.00352327548515,269.66932350020824,195.53817816194783,212.41657309847744,285.10575604310446,570.2369693669235,107.08273499149368,4.1371273269996225,14.53696743056356,255.3050517023845,240.38675521627266,228.89078860677947,103.76015209760662,384.23911191996274,149.60735479451702,62.92644916163819,282.739997421615,406.96172111716425,243.83831546210226,611.8563209659251,136.6670037367254,0,21.743866247085364,166.57451035090676,28.610882807205485,104.02263753054041,143.46466884280778,345.16305803004536,432.988815866728,834.742070908082,290.5705306467578,1345.1024736934698,504.3960223058405,2171.701017289125,347.1492153661435,540.459470198162,911.9060480738632,3641.711805578031,6703.51481034261,8659.947365465747,7030.055048131971,6707.678544529654,8108.652779761441,5950.052500078763,8984.153774434026,7119.947843543457,4946.571235708205,2649.5058038431994,336.2057605279209,624.6701874129031,2068.1387292848913,2283.6657653349394,1606.6513777071953,390.93320413476414,210.17911349512156,462.79500524394047,181.67968074312904,122.43482996605674,1665.1173692412492,892.4484343924613,1292.112443577321,1460.9806755183765,3457.041682521934,3759.8275552994737,5003.006752706428,3458.899311256456,3524.780182945929,2052.9097015472366,3806.692406113944,4233.0011038287075,2195.5753818010435,1974.800586671932,4311.833687848725,2983.797604710935,2745.5531027783645,3244.0143023177056,4575.839512009098,2375.07789300239,2040.4644512188463,910.5763502182189,7.772077733237648,248.49006478045712,73.70205399757373,43.5664462178891,99.35582769183154,240.97101510373525,352.7700338285785,293.2060813001757,233.64102730596937,185.58433217118733,341.4490983975616,353.698626224601,314.33904583852905,1049.0947877070255,267.6404847028427,234.537706691842,688.4190062317339,624.4497882795615,812.8319764815764,940.1062095849004,390.0644792420175,1713.392925175651,430.50188851475343,2051.1705359676403,1185.8644701068883,585.0063989537547,368.5956734664943,636.7018506422504,437.670895406281,324.70340669470755,167.8684974886662,874.335256063312,409.0025951459257,235.84052906995746,172.88033441008116,422.40535040095887,368.7383698882955,347.3695158553466,604.3926607503018,394.87481479586637,245.21370997681183,255.65097802661828,190.2879338897947,246.20364092997394,3415.6053941183955,1114.2388961897757,512.8760923816079,687.670796715745,1358.7702039927378,1376.5925147256114,940.811476381958,1289.1877158149805,497.2342774021177,266.26648994899745,372.556651181002,106.30611279849447,122.80134191408155,340.1782471578765,88.84184380601063,304.7761661917134,337.74860668450935,236.75969790910062,291.0191744364867,1086.9219211239708,440.5054911004575,337.3659742928657,1206.8997290583598,626.4789496256254,859.2864433639041,1074.9278787002688,1154.1835440752902,1114.0965637181312,647.1150568860578,1076.5879723923638,1521.9448021691437,1013.8768935235263,741.9554489580889,1017.5159467345799,1049.055379685976,310.42433205656357,315.21867566680913,169.67563525396665,158.48810324555507,152.81007169774992,100.34938240764586,112.74475269843144,156.32222616275533,927.085118785916,413.2615550903769,54.626073680567494,344.9349571882886,419.0738350094228,1018.8684959682989,1708.3072861590047,1301.576510907332,1243.5436115561924,2140.3762167695986,1852.907596404056,7936.181528188355,1151.49024468487,1289.9179481137428,521.7309668086226,334.1157758854937,1107.8146659289785,2681.9551686664645,3462.745755570621,5248.298161674404,9412.77449025999,4769.940095094106,3627.81103149945,2850.018559163604,1990.8815808691575,3943.4898032054903,1649.629661902293,2448.170790181116,3761.730459786673,15729.302391768533,834.7444450210431,1121.1744165955865,982.300847928251,1068.940235897392,1338.875542023796,585.8203781857472,270.88193877387903,439.7655392704788,1120.9813172510599,1351.7983856958786,1235.8787388267838,1014.358651025391,878.4826450772847,663.9773320919963,180.86508815196058,19.727892689460038,275.2833485581793,309.3519224217865,266.11495139996856,36.462851309436196,49.68063946866556,0.292501185236086,235.6676256694116,162.37981141442015,3149.6172536891063,2623.8260484459033,3238.896852061731,3929.6545738499685,1490.2700674482412,2479.129590777619,2029.9265184751857,1275.782229375511,1054.2861223555178,705.64035750855885,790.8009915352668,525.0523590032863,789.7540819402686,702.8764833657623,795.1615934721502,642.6727209440749,216.5950918688956,708.9500588630806,236.61098877936928,303.6241294570683,212.40631469070377,365.4775697821345,572.5907895756903,346.76707708143744,75.46181952159941,71.074346922249,56.48403199731955,636.5713627424567,73.73725337994611,481.5583097345503,386.23768884752883,272.3219336769934,527.8375472668786,311.7601071650644,388.08069847140695,701.618261628419,959.3795429483786,1931.825145713709,1777.2757947392865,1832.2752359593119,3436.829580987836,607.1461928657875,866.7343771956622,677.5705477368474,762.0944450392342,709.4018415494845,141.33575648607444,74.26952771657236,136.6148323938255,90.62864903453597,83.85835989613332,67.24841418591737,140.93130231879874,2.331812417583038,1204.6259787263064,190.41686289726093,145.22024894520032,46.32035174178994,55.20725523565192,2035.9961960064797,953.3266627940721,1683.425145205358,776.4317451839319,202.80368661276478,195.42744440931742,619.1569162935468,438.541439695619,771.4525076253642,1043.1972898444026,288.978550407975,975.185731995364,1430.4675800197188,1826.0788777880584,1124.3891331576815,1033.5239903928573,934.2322730884221,482.98022596867406,944.3984034393885,1133.776705527365,2407.076904655886,761.1783009256817,329.48363155915683,86.28766663162844,58.649693014423434,45.96199095010901,231.40419218593786,77.50397351478965,71.35781240757314,2686.981963829233,3266.1399069822173,1864.1716834290348,734.0973596679847,1512.0067934545639,1160.3313187282533,86.02326968488349,134.4412312414264,974.3683864869657,817.0289725173662,1915.55949831369,2647.060833030565,1622.5545618428007,781.0218423137036,771.8783133132735,488.9345177382613,280.15562760416316,63.920838367543226,260.816817362169,751.8869076691776,1022.3348961423404,1046.5560747474387,1563.9818947438862,1749.9958287063253,1220.6077074373568,103.07961717028165,1646.8913679961836,3100.2566737297734,784.6575371175327,26.252577634861435,21.998801862170485,90.40295824511836,18.34907641070158,18.46280538829173,29.376423889892763,22.900600774955528,854.3922018817459,3.9461655954235826,571.7860203932793,35.86593649882607,664.9844735455479,39.9842694324308,50.12450176163538,25.258360715852575,232.31916554410938,34.70620402319845,172.87756977351177,79.06152795737083,91.44018369275015,127.39633330377931,401.81671037882603,118.37364150917752,203.2042888579329,58.251844255085764,200.01485223562236,470.36389164054066,286.08508328699736,347.7181327374017,312.95800483581013,555.5667812830915,117.42645053098325,201.3670664012339,56.994644286445705,224.69024895987607,17.233062373314308,35.80182965105266,63.9744187492088,84.68810246387605,73.59430767694059,445.4093864713657,238.5048963138407,142.5394548784546,113.66337664904205,66.663497040813,66.96093155622353,59.78449490640122,60.16203019682477,65.68872019784295,166.68536742655238,52.09187635614816,57.101362340411484,235.0763605974326,56.19829632907222,158.52873513927452,240.76939855408256,564.2017699027307,1814.471176493236,2171.6068698538666,1741.9573694478202,1287.160511714844,181.50492081928465,215.89530865577433,69.00177493147295,209.4016462630915,489.57824001880704,401.36815808066876,170.3552549956768,583.8758091536002,188.39425517344105,543.5973807860116,591.0520516631818,219.6051126573867,524.8359332639714,547.0392815396776,153.735362801113,559.2917781234056,202.76709932909424,179.21694576768408,23.32358989449782,273.3258875954825,190.96848358311289,406.9719313071878,712.130780783424,549.3479667903886,117.41554366255598,384.02368553876073,118.6316265831004,95.92558119973899,331.8770804806356,263.3384530787107,520.3078088176462,514.3646542883791,275.45227220798586,279.238439156283,116.58561971030349,143.40888161440057,64.51472534059178,505.31323507723766,878.5506657379722,1466.642898287509,906.3825744408125,1208.0107467973985,1772.8671115031932,2201.3768518193265,3944.180723281021,2266.7536693117268,87.70746938538407,190.58523787712795,302.45230630247676,635.3165181801576,271.53161214158405,287.9761146340311,292.5041388610713,387.69541488057956,696.7192172911099,310.9677818333997,314.87339168002967,299.3157473130285,1382.4731197425367,341.6653702062292,134.99426420213007,394.8988475723843,752.4575327449481,430.22180373556375,86.31047912915852,188.4397766606938,24.64475787883142,251.36287132958347,678.9219457973943,979.1519908201466,664.96247667521,668.6080938662732,575.2424904454473,985.1268842738598,366.10135385990026,83.54908447379854,292.9468742835018,318.7816670636395,111.03724008335162,197.0923833129635,117.58856534739151,321.5997310543829,387.07638183538774,682.7509798043595,416.499974018884,361.21010726794515,276.8592101236093,57.86214345737383,1499.7140918876166,2150.534142833868,1506.553094759825,1246.398937251621,2042.3979668136228,1788.8312326722591,1346.7748684622718,2014.7408041217313,1443.7781958361836,2181.915251879188,815.3150611304194,607.2282328396808,237.85953194341496,897.5183896621878,45.0664884860279,485.9732094193323,706.5626387342967,655.9463930939153,1028.036573520045,809.2907137032659,38.14281924727434,270.1694143908736,55.51313419707532,137.53357155168402,352.91755007524756,302.3046871360314,348.89655291372515,81.48819170944002,6.539495986842495,27.172230868000227,42.18831667938685,129.32609240901525,664.259973903017,121.54199776575886,748.4257326976364,798.1335264609728,231.16744391699177,131.67536323816617,687.3256116599425,182.8853618233354,61.290187919279006,42.54093722219192,315.5095335364968,621.3754154985139,259.8364926996649,168.32044669978356,103.57878147141805,173.3004285785063,72.21662006627533,80.42241811975279,126.69484271189263,206.9174228038297,329.0604952386086,310.5636223875084,205.09488858258115,726.888881739504,691.8946002978352,46.51950485875504,79.91179348560823,212.17526424478189,346.117107960509,106.92479410319798,245.7402715242454,220.11486441412453,81.67366379223796,90.67462145498955,83.48740928158571,263.681296114657,516.0629300669319,84.56707756974686,162.13002623056897,608.6473769797869,1747.4459607368706,141.115668478557,244.9610759348275,507.3127999028773,350.59144085022587,49.88270212683778,55.20419171769049,248.8309006173767,409.9899537978664,80.29718687403107,203.3248297257587,400.4166934032976,191.31294497714902,783.8397203206475,1126.6018452828987,1071.8367503253116,1468.2698905543286,324.9108342926635,516.2477221110445,354.34885461420095,146.39338353187182,164.82026277180213,667.220256585139,733.5380127060414,131.4429896115876,26.176005919648368,41.163215723847834,101.78451007455068,30.389172933849604,70.1526479719837,9.809098935552518,43.56668237803144,116.61620681411956,139.79461957355133,466.91347700330346,178.06073664634226,263.2041211450107,589.7290769573094,211.65796618837732,12.544577670831831,212.67441628772167,0,0,0.06448375009013338,0,0,0.004425520886724336,0.09937856439761827,0.1704255461964594,0,0,0.02166705346604503,0,0,0,0,0.05709269652617639,0,0,0,0,0.0029634936878138026,0.11883738293939941,0.6498614660264048,0,0,0.0022806262054107735,0,0,0,0,0,0,2.7533467206755993,0,0,0,0,0,0,0,0,0,0,0,0,0.7243186646330685,369.5185735918152,1.6381063745911724,117.10991248515602,4.142898108298074,0,0,0,0,0,0,0,0,0.10066039639020119,0,0,0,0,0,0,0,0,0.06550136348087159,0,0,8.247314142888845,9.87293011799733e-4,0.7439227771066194,0.8845673647271993,0.4222768744017156,0,0,0.352544414099421,0.007586016364868002,0,0,0,0.33385306897212336,1.040436133028339,1.1457328891215928,0,0.007283716437957175,0.573682901092948,0.005254446315480583,0,0,0,0,0,1.0714519168203709,0.044429416504698636,0.08787620632430027,0,0,0,0,0.0630810087116478,3.878052043423415,9.78551816109623,2.4434990448075835,0.34359183430811224,1.173817498724174,7.957450867360914,0.5695498875393691,0,0,64.81215279832539,83.2920352509001,53.24843279976562,39.44945754681536,54.14804358477391,1365.2656938942464,1168.6638414097415,1628.9273738130903,384.36831362877575,1398.8743622693435,1245.7273010615768,565.1998078351684,369.181171110444,620.8560166749625,2787.3423681041295,1525.9666815420187,1488.129922702327,2.7359817745596025,14.300244895305541,3.0760952246949658,8.380923218159674,8.362730715082128,101.06129595043215,110.56244921742709,425.1695968644907,66.03577481596395,0,135.20704265797946,536.3702495836458,166.42210678190153,89.90201203516756,133.4523325146284,526.1503915524535,432.0249974797688,1380.3446797672052,883.3346766401556,1654.0398901026247,7.28123673689713,97.60215803688101,19.256435058293523,0,0,23.350616856696934,58.388062530388595,1.0180695061541398,0,0,0,0,413.0601863227658,0,0,7.336306992508607,0.11333176448765278,307.9284360922843,1360.095003941673,64.19330853286021,1312.3079037493833,313.46143678236274,1319.9098169115534,1393.8308684118645,650.8898521843817,224.5954040867403,0,987.7507362485981,523.192741195852,187.51764371922425,53.54824725691522,35.838805684672366,286.8262528421827,170.19639341701955,361.93519969136617,37.06913633636659,53.26281436446796,197.15626031338084,532.1398117474939,1191.0016406040309,35.46106345471174,6.55644719451438,257.48035218162283,334.92337859972,175.6380904130526,442.1874342982777,158.28276713770975,2085.3461835500266,3002.0441851147084,2808.524046257215,10003.805614914221,2387.056303643527,10090.951055304236,3366.607982111987,3310.976420059509,1485.2771547086656,2896.1421757916837,1785.6824451201876,2003.6037012575457,2658.573065569997,1060.0739166548708,1475.1679301459037,2314.9337564911298,1573.6494948539398,855.2208355155443,345.77245164804407,304.71001154487107,277.1465670665366,420.2669193671454,1301.1366963158785,861.0678191200093,2128.1308698228304,1089.3631136987942,2209.886704818981,2168.61337521668,2579.2870124444394,1846.38903666947,6353.427530640642,2939.0128530100837,13136.684467877989,5963.737536912902,13752.69553268114,455.6421470708396,13.101171920591302,396.7477864655649,52.49615667568461,1881.4072507309254,294.7072726684118,1.0076006044750685,560.2401368532649,221.3145607269891,550.4326493123399,1.7750043835847553,395.5803875287526,386.6331488767181,215.45751143428538,369.5614220156558,267.9781345536317,385.85136219484934,228.96037713243263,492.37005567093945,464.34676948776774,79.91033615428046,615.7583067951674,315.5909355273234,270.1198972551497,262.5815266758106,1.2214641821442045,0,0,38.167122206934,11.657387836224478,25.424794431729588,0,0.7773844745626229,5.442414653164882,3.7792390148611075,774.2143200836254,360.51486637460704,334.01240408249464,12.32939392332659,31.62248721455874,45.15078088610253,5.711222162231164,87.17275289958877,59.784689060677366,110.20988562857299,448.658767939005,97.03293196362148,43.42257693438242,144.19224674606016,281.11059193602915,783.5295388866466,607.7207821042324,922.1246863218689,775.7403318820157,1296.7282282914446,297.01896608354,255.8337903858117,1329.905680234576,939.7364019043318,585.3585392802175,103.17954235715,173.03016818106516,394.7644452144086,141.32940272939086,9.038833734039441,28.627410723996373,123.67881750648719,19.960427493802047,4.228520514134462,11.096286106954805,4.421832327315352,12.558792609059628,143.21684546094866,754.0650501288121,334.15345425991546,111.57370508918288,32.12603070946785,5.933887411775219,14.782280326863043,26.630974333010034,29.004857826571246,13.830708422137953,29.154844677960188,29.42055932299982,27.34260250860524,0,0,0,28.38098381869027,44.83642093150961,59.080773154479886,46.22586349739335,46.87270828660264,44.60826228024581,0.9496741087705198,0.953364765134488,2.0160733238660247,156.39361199358004,1364.4442887517157,1725.6100716503709,77.39752007923788,5.90252216168151,46.781149281275624,21.639988705130364,22.402836215095636,1088.0866371919453,3746.4415131685464,167.4770143308903,601.7429588488072,164.87187958509702,4.494877368313486,295.11166745261363,7.444074087498734,74.04508652628247,20.45044246646895,0,0,38.86569762985378,105.35177553252677,1325.3683977880787,1496.2917922958545,1176.8503641328193,480.57433972269405,810.2489353509775,340.0172462523907,236.05463933062535,213.46702024559127,1975.9805894656383,34.57132791461637,37.937832150630804,38.29680497680721,9.261784372328425,91.96415522870403,770.2998400287781,619.146298358233,822.074691603247,125.57359923457894,110.13694254572442,209.3688108209935,40.438336507401736,13.742608022672265,79.47598188929805,2.2860483538655627,1.95802306291517,0,0,602.2869028764034,1100.0895950309682,1212.4602227523949,656.414573920934,286.7565181031841,0,0,0,0,0,0,0,8.59943739612982,1106.439931859724,3825.127795674097,435.5949329568549,9.238927756423601,24.564153422483564,47.16379906738035,49.099054392572995,149.37748914279652,9459.682785584913,8983.199282179354,5063.8292239618595,11.606621729965964,22.34327700665883,661.7529386627149,214.3350740544925,12.501134028907082,18.467377245651413,16.355800163588437,13.374997078192859,19.555974857793114,50.459606750301944,16.667238536456498,87.39730526627956,756.329250661688,22.709484620548977,111.58466148588,1095.3807861151356,40.5944676870263,388.5760954768103,383.63534455607464,191.15647257541343,24.116581727729123,48.38087975083061,913.5829503704747,334.67192624625864,494.6736865048452,268.9283805043847,149.6481651603624,226.97818813834783,73.56144709358189,2369.5280092983253,37.94192852170221,4293.587919130566,3503.4917849711533,6823.896223747324,1577.858207203276,134.64367544989582,576.3382515257732,608.6969931098837,310.7580729299596,2040.3299487175675,436.1581030346491,335.4380075110501,20.916366108102725,15.040292615133998,11.424245866740684,294.37934169272074,5.935600223313111,9.406159535290714,356.5785251787747,120.56460848233571,348.1845518591602,30.656778004852878,4.277434731571411,1613.594383740788,10.609543889735606,20.486405127579715,495.5925289110209,13.198289598905985,427.5392739606221,537.2193968071937,9.245353699480413,457.40087374427094,10.975110986785207,9.336161064482644,17.43857259472943,29.2276887980605,402.218719134943,912.2272305797235,70.85968764032135,750.7605785857513,37.105390821462805,797.9167880450102,263.9500731751648,31.64931417023498,21.239371642140142,28.17338936376253,18.346237822037807,12.648811557651953,40.90082064065045,509.393545739302,19.95645522498235,296.6640457748636,12.222447469179603,22.44627967948883,523.6767459297744,3137.3608188183516,205.97117054606758,1153.3546049693207,136.31591472694706,17.77456801732041,11.899732264491263,17.196646072381014,92.07700290233575,835.371783927657,6.908158886682142,32.56025880365626,2093.208298259529,2772.945085216636,56.89738492468434,1053.8127220628005,20.18148573580953,16.423327963984146,16.366533013709514,14.96854633389289,64.3315198024955,38.57023660025301,14.910363171469239,13.826853803781844,14.525485520788523,34.91591189008692,13.488560685822858,117.13293941770831,659.5438726149663,42.76261436298525,37.6145099350504,26.378232067001996,65.31121497885574,76.15889556117429,1747.429910130854,1300.0169242705726,64.26969247216097,510.12673163046185,265.19518051049806,78.55309119030137,86.528690473341,625.666361435472,641.5723431493236,958.9665156003728,57.41772518958756,2593.32959635776,859.1807486118449,3971.2813103198664,858.926433702159,339.1436505001534,3817.1520322092283,105.46408150698392,12.184654927589074,13.789618498614722,4.936718240102655,923.5408913597295,733.6902384960342,630.1014720984567,352.11259625201694,347.3412145162723,260.0281990710259,302.74731511100737,164.1080877498963,7.7652399838990025,144.87057671047438,240.15449002634352,18.49516982571612,171.11313531704468,0,171.11313531704468,104.35108717170067,258.7957269251435,103.94547950527414,118.78139882214808,228.1568819940238,314.08646115794585,120.44332439024438,392.95570678007346,129.51760540646205,126.24113019481855,410.8951163818004,24.13839622215821,208.66204573828966,131.15457248672033,165.3074107875539,1799.4130404541702,87.85619916484255,0,0,0,0,0,0,0,17.224553912798807,0,0,0,0,12.779029565847168,21.838855218211155,29.229174856574872,96.86770178123055,273.4125230032186,5832.674771443506,2964.499594490885,228.78255355811365,14.031487565109972,4.913247451966282,3.473370519281719,6.371244523638856,6.058948809844398,18.48608197109114,28.480745855303848,2116.2060253659874,5220.712743099331,2692.386285798575,732.4052160444845,492.48615370166954,443.7542686389577,9.721073190174675,8.223158073162674,5.349817374023814,3.692359597638076,3.67521873510995,2.451174613016811,2.4743825484328195,2.506562323972034,2.462418932744709,2.685012772165555,564.1314229559871,669.7864728618247,2.4446247501701173,2.3291379191377177,0.37125866463556806,0,0.4706173495481272,1.1617645123520934,0.34593301772322027,0,0.12019752330413523,5.82845162494292,37.03280625770174,3.26072945946307,3.6382374491115645,3.6184114140675874,3.6205334281225836,3.6288142486204005,3.5928805118946676,43.35516924203877
